<TICKER>,<PER>,<DATE>,<TIME>,<OPEN>,<HIGH>,<LOW>,<CLOSE>,<VOL>,<OPENINT>
ATA,5,20250707,090000,16.3532,16.4426,16.3532,16.4426,1702.0714284990001,0
ATA,5,20250707,090500,16.1298,16.1298,16.1298,16.1298,2.238095238,0
ATA,5,20250707,091000,16.1298,16.1298,15.9064,15.9511,2517.85714275,0
ATA,5,20250707,091500,16.3085,16.3085,16.3085,16.3085,3.3571428570000004,0
ATA,5,20250707,092000,16.2638,16.2638,16.2638,16.2638,78.33333333,0
ATA,5,20250707,092500,16.2191,16.2191,16.2191,16.2191,12.309523809,0
ATA,5,20250707,093500,16.1745,16.2638,16.1745,16.2638,318.928571415,0
ATA,5,20250707,094500,15.9957,15.9957,15.9957,15.9957,55.952380950000006,0
ATA,5,20250707,100000,16.0851,16.0851,16.0404,16.0404,328.99999998600003,0
ATA,5,20250707,101000,16.0851,16.0851,16.0851,16.0851,5.595238095,0
ATA,5,20250707,101500,16.0851,16.0851,16.0851,16.0851,61.547619045000005,0
ATA,5,20250707,102500,15.9957,15.9957,15.9957,15.9957,3.3571428570000004,0
ATA,5,20250707,103000,16.0404,16.0851,16.0404,16.0851,55.952380950000006,0
ATA,5,20250707,105000,16.0404,16.0404,16.0404,16.0404,22.38095238,0
ATA,5,20250707,105500,16.0404,16.0404,15.9957,15.9957,712.833333303,0
ATA,5,20250707,113000,16.0851,16.2191,16.0851,16.2191,156.66666666,0
ATA,5,20250707,125000,16.1745,16.1745,16.1745,16.1745,23.499999999,0
ATA,5,20250707,130000,16.1745,16.1745,16.1745,16.1745,16.785714285,0
ATA,5,20250707,130500,16.1745,16.1745,16.1745,16.1745,120.85714285200001,0
ATA,5,20250707,132000,16.2191,16.2191,16.2191,16.2191,1.119047619,0
ATA,5,20250707,132500,16.2191,16.2191,16.2191,16.2191,8.952380952,0
ATA,5,20250707,134000,16.1745,16.1745,16.1745,16.1745,55.952380950000006,0
ATA,5,20250707,135000,16.1745,16.1745,16.1745,16.1745,6.714285714000001,0
ATA,5,20250707,140000,16.1745,16.1745,16.1745,16.1745,298.785714273,0
ATA,5,20250707,142500,16.1745,16.1745,16.1745,16.1745,250.66666665600002,0
ATA,5,20250707,151500,16.1745,16.1745,16.1745,16.1745,11.19047619,0
ATA,5,20250707,153000,16.1745,16.1745,16.0404,16.0404,249.547619037,0
ATA,5,20250707,154000,15.9957,16.0851,15.9957,16.0851,120.85714285200001,0
ATA,5,20250707,154500,16.0851,16.0851,16.0851,16.0851,11.19047619,0
ATA,5,20250707,163000,15.9957,15.9957,15.9957,15.9957,111.90476190000001,0
ATA,5,20250707,163500,15.9957,15.9957,15.9511,15.9511,187.999999992,0
ATA,5,20250708,090000,16.1745,16.3532,16.1745,16.3532,335.7142857,0
ATA,5,20250708,091500,16.0851,16.0851,16.0851,16.0851,55.952380950000006,0
ATA,5,20250708,092000,16.1745,16.1745,16.1745,16.1745,2.238095238,0
ATA,5,20250708,093000,16.1745,16.1745,16.0851,16.0851,199.190476182,0
ATA,5,20250708,093500,16.2191,16.2638,16.2191,16.2638,202.547619039,0
ATA,5,20250708,095000,16.2191,16.2191,16.0851,16.0851,7.833333333000001,0
ATA,5,20250708,095500,16.0851,16.2191,16.0404,16.2191,386.071428555,0
ATA,5,20250708,100000,15.9957,15.9957,15.9957,15.9957,19.023809523,0
ATA,5,20250708,100500,16.0404,16.0404,16.0404,16.0404,55.952380950000006,0
ATA,5,20250708,101500,16.1298,16.1298,16.1298,16.1298,463.285714266,0
ATA,5,20250708,102000,16.0851,16.0851,16.0851,16.0851,11.19047619,0
ATA,5,20250708,104500,16.0404,16.0404,16.0404,16.0404,895.2380952000001,0
ATA,5,20250708,105000,16.1298,16.1298,16.1298,16.1298,5.595238095,0
ATA,5,20250708,105500,16.1298,16.1298,16.1298,16.1298,1.119047619,0
ATA,5,20250708,110000,16.0404,16.0404,16.0404,16.0404,335.7142857,0
ATA,5,20250708,113500,16.0404,16.0404,16.0404,16.0404,5.595238095,0
ATA,5,20250708,122000,16.0851,16.0851,15.9957,15.9957,685.976190447,0
ATA,5,20250708,133500,16.1745,16.1745,16.1745,16.1745,111.90476190000001,0
ATA,5,20250708,140000,16.1745,16.1745,16.1745,16.1745,111.90476190000001,0
ATA,5,20250708,141000,16.1745,16.1745,16.1745,16.1745,55.952380950000006,0
ATA,5,20250708,141500,16.1745,16.1745,16.1745,16.1745,113.02380951900001,0
ATA,5,20250708,145500,16.1745,16.1745,16.1745,16.1745,179.04761904,0
ATA,5,20250708,152500,16.1745,16.1745,16.1745,16.1745,369.28571427,0
ATA,5,20250708,154000,16.1745,16.1745,16.1745,16.1745,16.785714285,0
ATA,5,20250708,155000,16.1745,16.1745,16.1745,16.1745,110.78571428100001,0
ATA,5,20250708,155500,16.1745,16.1745,16.1745,16.1745,5.595238095,0
ATA,5,20250708,161000,16.1745,16.1745,16.1745,16.1745,111.90476190000001,0
ATA,5,20250708,162000,16.1745,16.1745,16.1745,16.1745,548.3333333100001,0
ATA,5,20250708,162500,16.1745,16.1745,16.1745,16.1745,61.547619045000005,0
ATA,5,20250709,090000,16.1745,16.2191,16.1745,16.2191,1076.523809478,0
ATA,5,20250709,091000,16.1745,16.1745,16.1745,16.1745,55.952380950000006,0
ATA,5,20250709,091500,16.2191,16.2191,16.2191,16.2191,67.14285714,0
ATA,5,20250709,092000,16.1745,16.1745,16.1745,16.1745,2.238095238,0
ATA,5,20250709,093000,16.2191,16.2191,16.2191,16.2191,3.3571428570000004,0
ATA,5,20250709,093500,16.2191,16.2191,16.2191,16.2191,22.38095238,0
ATA,5,20250709,095000,16.2191,16.2191,16.2191,16.2191,11.19047619,0
ATA,5,20250709,100000,16.2191,16.2191,16.2191,16.2191,16.785714285,0
ATA,5,20250709,101000,16.2191,16.2191,16.2191,16.2191,16.785714285,0
ATA,5,20250709,102500,16.2191,16.2191,16.2191,16.2191,128.690476185,0
ATA,5,20250709,103000,16.1745,16.1745,16.0851,16.0851,22.38095238,0
ATA,5,20250709,104000,16.2191,16.2191,16.2191,16.2191,565.119047595,0
ATA,5,20250709,104500,16.2191,16.2191,16.2191,16.2191,55.952380950000006,0
ATA,5,20250709,112000,16.1745,16.1745,16.1745,16.1745,223.80952380000002,0
ATA,5,20250709,113000,16.1745,16.1745,16.1745,16.1745,3.3571428570000004,0
ATA,5,20250709,114500,16.1745,16.1745,16.0851,16.0851,138.761904756,0
ATA,5,20250709,115000,16.0404,16.0404,15.9957,16.0404,559.5238095,0
ATA,5,20250709,120000,16.0851,16.0851,16.0851,16.0851,5.595238095,0
ATA,5,20250709,120500,16.0851,16.0851,16.0851,16.0851,21.261904761,0
ATA,5,20250709,121000,16.0851,16.0851,16.0851,16.0851,55.952380950000006,0
ATA,5,20250709,123000,16.0851,16.0851,16.0851,16.0851,4.476190476,0
ATA,5,20250709,124500,16.0851,16.0851,16.0851,16.0851,111.90476190000001,0
ATA,5,20250709,131000,16.0851,16.0851,16.0851,16.0851,31.333333332000002,0
ATA,5,20250709,131500,16.0851,16.0851,16.0851,16.0851,22.38095238,0
ATA,5,20250709,132500,16.0851,16.0851,16.0851,16.0851,72.738095235,0
ATA,5,20250709,135500,16.0851,16.0851,16.0851,16.0851,15.666666666000001,0
ATA,5,20250709,140500,16.0851,16.0851,16.0851,16.0851,119.73809523300001,0
ATA,5,20250709,143500,16.1298,16.1745,16.1298,16.1745,896.357142819,0
ATA,5,20250709,144500,16.1745,16.1745,16.1745,16.1745,6.714285714000001,0
ATA,5,20250709,152500,16.1745,16.4872,16.1745,16.4872,2704.738095123,0
ATA,5,20250709,154500,16.3979,16.3979,16.3979,16.3979,3.3571428570000004,0
ATA,5,20250709,163500,16.3532,16.3532,16.3532,16.3532,62.666666664000005,0
ATA,5,20250709,164000,16.3532,16.3532,16.3532,16.3532,49.238095236,0
ATA,5,20250710,090000,16.3979,16.4872,16.3979,16.4872,1456.999999938,0
ATA,5,20250710,090500,16.5319,16.5319,16.5319,16.5319,2.238095238,0
ATA,5,20250710,091500,16.5319,16.5319,16.5319,16.5319,11.19047619,0
ATA,5,20250710,093500,16.3979,16.3979,16.3532,16.3532,349.142857128,0
ATA,5,20250710,094000,16.4872,16.4872,16.4872,16.4872,6.714285714000001,0
ATA,5,20250710,095000,16.4426,16.4426,16.3085,16.3085,318.928571415,0
ATA,5,20250710,100000,16.4872,16.4872,16.4872,16.4872,6.714285714000001,0
ATA,5,20250710,100500,16.4872,16.5319,16.4872,16.5319,164.49999999300002,0
ATA,5,20250710,102000,16.5319,16.5319,16.5319,16.5319,849.357142821,0
ATA,5,20250710,102500,16.5319,16.5319,16.4872,16.5319,148.83333332700002,0
ATA,5,20250710,105500,16.5766,16.6213,16.5766,16.6213,260.73809522700003,0
ATA,5,20250710,110000,16.666,16.666,16.666,16.666,118.61904761400001,0
ATA,5,20250710,110500,16.7106,16.8447,16.7106,16.8,870.619047582,0
ATA,5,20250710,111000,16.8,16.8447,16.8,16.8447,382.714285698,0
ATA,5,20250710,112000,16.7106,16.7106,16.7106,16.7106,33.57142857,0
ATA,5,20250710,113000,16.7106,16.7106,16.7106,16.7106,55.952380950000006,0
ATA,5,20250710,113500,16.8447,16.8447,16.8447,16.8447,363.690476175,0
ATA,5,20250710,114000,16.8447,16.8447,16.8447,16.8447,78.33333333,0
ATA,5,20250710,115000,16.8,16.8894,16.8,16.8894,1219.76190471,0
ATA,5,20250710,115500,16.8894,16.8894,16.8894,16.8894,276.404761893,0
ATA,5,20250710,120000,16.8447,16.8447,16.8447,16.8447,1.119047619,0
ATA,5,20250710,122000,16.7553,16.7553,16.7553,16.7553,32.452380951,0
ATA,5,20250710,125500,16.8447,16.8447,16.8447,16.8447,22.38095238,0
ATA,5,20250710,130000,16.8,16.8,16.8,16.8,31.333333332000002,0
ATA,5,20250710,131500,16.8,16.8894,16.8,16.8894,161.142857136,0
ATA,5,20250710,132000,16.8,16.8894,16.7106,16.8894,2071.357142769,0
ATA,5,20250710,133000,16.8894,16.8894,16.8894,16.8894,58.190476188000005,0
ATA,5,20250710,141000,16.8894,16.8894,16.8894,16.8894,111.90476190000001,0
ATA,5,20250710,142000,16.7553,16.8894,16.7553,16.8894,5595.238095000001,0
ATA,5,20250710,143500,16.7106,16.7106,16.7106,16.7106,805.71428568,0
ATA,5,20250710,145000,16.7106,16.7106,16.7106,16.7106,167.85714285,0
ATA,5,20250710,154000,16.7553,16.7553,16.7553,16.7553,5.595238095,0
ATA,5,20250710,154500,16.7106,16.7106,16.6213,16.6213,3180.333333198,0
ATA,5,20250710,155500,16.666,16.7106,16.666,16.7106,591.976190451,0
ATA,5,20250710,161500,16.5319,16.5319,16.4426,16.4426,913.1428571040001,0
ATA,5,20250710,162500,16.666,16.666,16.666,16.666,11.19047619,0
ATA,5,20250710,163000,16.4426,16.4426,16.4426,16.4426,180.16666665900001,0
ATA,5,20250710,163500,16.4426,16.4426,16.4426,16.4426,29.095238094000003,0
ATA,5,20250710,164500,16.4872,16.4872,16.4872,16.4872,40.285714284,0
ATA,5,20250711,090000,16.666,16.7106,16.666,16.7106,332.357142843,0
ATA,5,20250711,090500,16.6213,16.6213,16.6213,16.6213,1458.1190475570002,0
ATA,5,20250711,091500,16.666,16.7106,16.666,16.7106,238.357142847,0
ATA,5,20250711,092500,16.6213,16.7106,16.6213,16.7106,22.38095238,0
ATA,5,20250711,093000,16.6213,16.6213,16.6213,16.6213,223.80952380000002,0
ATA,5,20250711,093500,16.7106,16.7106,16.7106,16.7106,1.119047619,0
ATA,5,20250711,094000,16.7106,16.7106,16.7106,16.7106,22.38095238,0
ATA,5,20250711,094500,16.7106,16.7106,16.7106,16.7106,2.238095238,0
ATA,5,20250711,095000,16.7106,16.7106,16.6213,16.6213,581.90476188,0
ATA,5,20250711,100000,16.6213,16.8,16.4872,16.8,1696.4761904040001,0
ATA,5,20250711,101000,16.7553,16.7553,16.7553,16.7553,16.785714285,0
ATA,5,20250711,102000,16.7553,16.7553,16.7553,16.7553,29.095238094000003,0
ATA,5,20250711,103000,16.7553,16.7553,16.7553,16.7553,559.5238095,0
ATA,5,20250711,104500,16.7106,16.7553,16.7106,16.7553,279.76190475,0
ATA,5,20250711,105000,16.7553,16.7553,16.6213,16.6213,313.33333332,0
ATA,5,20250711,105500,16.7553,16.7553,16.7553,16.7553,12.309523809,0
ATA,5,20250711,110500,16.6213,16.6213,16.6213,16.6213,232.76190475200002,0
ATA,5,20250711,111000,16.8,16.8,16.6213,16.6213,121.97619047100001,0
ATA,5,20250711,111500,16.7106,16.7106,16.6213,16.6213,590.857142832,0
ATA,5,20250711,112000,16.7106,16.7106,16.6213,16.6213,675.9047618760001,0
ATA,5,20250711,112500,16.7106,16.7553,16.7106,16.7553,6.714285714000001,0
ATA,5,20250711,113500,16.7106,16.7106,16.6213,16.666,41.404761903,0
ATA,5,20250711,114500,16.6213,16.6213,16.6213,16.6213,33.57142857,0
ATA,5,20250711,115000,16.5319,16.5319,16.5319,16.5319,11.19047619,0
ATA,5,20250711,115500,16.6213,16.6213,16.5319,16.5319,165.619047612,0
ATA,5,20250711,120000,16.5319,16.7106,16.5319,16.7106,325.642857129,0
ATA,5,20250711,120500,16.666,16.7106,16.666,16.7106,111.90476190000001,0
ATA,5,20250711,121000,16.5766,16.5766,16.5766,16.5766,22.38095238,0
ATA,5,20250711,121500,16.5766,16.5766,16.5766,16.5766,63.785714283000004,0
ATA,5,20250711,122000,16.7106,16.7106,16.7106,16.7106,25.738095237,0
ATA,5,20250711,122500,16.7106,16.7106,16.7106,16.7106,121.97619047100001,0
ATA,5,20250711,123000,16.7106,16.7553,16.7106,16.7553,396.142857126,0
ATA,5,20250711,124000,16.7553,16.7553,16.7553,16.7553,435.309523791,0
ATA,5,20250711,124500,16.7553,16.7553,16.7553,16.7553,44.76190476,0
ATA,5,20250711,125500,16.5319,16.5766,16.5319,16.5766,947.833333293,0
ATA,5,20250711,131000,16.4872,16.4872,16.4872,16.4872,1.119047619,0
ATA,5,20250711,134500,16.4872,16.4872,16.4872,16.4872,3.3571428570000004,0
ATA,5,20250711,135000,16.4872,16.4872,16.4872,16.4872,5.595238095,0
ATA,5,20250711,140000,16.4872,16.5319,16.4872,16.5319,22.38095238,0
ATA,5,20250711,140500,16.5319,16.5319,16.5319,16.5319,276.404761893,0
ATA,5,20250711,141000,16.5319,16.5319,16.5319,16.5319,11.19047619,0
ATA,5,20250711,143000,16.5319,16.5319,16.5319,16.5319,3.3571428570000004,0
ATA,5,20250711,143500,16.5319,16.5319,16.5319,16.5319,3.3571428570000004,0
ATA,5,20250711,144500,16.5319,16.5319,16.5319,16.5319,30.214285713000002,0
ATA,5,20250711,145000,16.5319,16.5319,16.5319,16.5319,279.76190475,0
ATA,5,20250711,151500,16.5319,16.5319,16.5319,16.5319,2.238095238,0
ATA,5,20250711,154000,16.4872,16.4872,16.4872,16.4872,587.499999975,0
ATA,5,20250711,154500,16.4872,16.5319,16.4872,16.5319,258.499999989,0
ATA,5,20250711,155000,16.5319,16.5319,16.5319,16.5319,105.190476186,0
ATA,5,20250711,161500,16.6213,16.6213,16.6213,16.6213,22.38095238,0
ATA,5,20250711,162000,16.7106,16.7106,16.6213,16.6213,134.28571428,0
ATA,5,20250711,163000,16.7553,16.8,16.7553,16.8,317.809523796,0
ATA,5,20250711,163500,16.8,16.8,16.8,16.8,55.952380950000006,0
ATA,5,20250711,164000,16.8,16.8,16.8,16.8,33.57142857,0
ATA,5,20250711,164500,16.8447,16.8447,16.8,16.8,1378.666666608,0
ATA,5,20250714,090000,17.5,17.5,17.1,17.1,1989,0
ATA,5,20250714,090500,16.85,17,16.8,17,186,0
ATA,5,20250714,091000,17,17,17,17,44,0
ATA,5,20250714,092000,16.75,17,16.5,16.8,741,0
ATA,5,20250714,092500,16.95,17,16.95,17,240,0
ATA,5,20250714,093000,17,17,17,17,231,0
ATA,5,20250714,094000,17.1,17.1,17,17,430,0
ATA,5,20250714,095000,17.3,17.35,17.3,17.35,25,0
ATA,5,20250714,100000,17.35,17.35,17.35,17.35,13,0
ATA,5,20250714,102000,17.25,17.25,17.25,17.25,25,0
ATA,5,20250714,102500,17,17,17,17,57,0
ATA,5,20250714,103500,17.25,17.25,17.25,17.25,1,0
ATA,5,20250714,104000,17.25,17.25,17.25,17.25,2,0
ATA,5,20250714,110500,17.25,17.25,17.25,17.25,40,0
ATA,5,20250714,111000,17.25,17.25,17.25,17.25,5,0
ATA,5,20250714,111500,17.05,17.05,17.05,17.05,1,0
ATA,5,20250714,115000,17.25,17.25,17.25,17.25,10,0
ATA,5,20250714,120000,17.25,17.25,17.25,17.25,17,0
ATA,5,20250714,120500,17.25,17.25,17.25,17.25,3,0
ATA,5,20250714,121000,17.25,17.3,17.25,17.3,137,0
ATA,5,20250714,121500,17.3,17.3,17.3,17.3,160,0
ATA,5,20250714,123500,17,17,17,17,183,0
ATA,5,20250714,133500,17.3,17.3,17.3,17.3,2,0
ATA,5,20250714,134000,17.3,17.3,17.3,17.3,27,0
ATA,5,20250714,134500,17.3,17.3,17.3,17.3,6,0
ATA,5,20250714,140500,17,17,17,17,5,0
ATA,5,20250714,141000,17.3,17.35,17.3,17.35,40,0
ATA,5,20250714,142500,17,17,17,17,300,0
ATA,5,20250714,143500,17.35,17.35,17.35,17.35,4,0
ATA,5,20250714,144500,17.35,17.35,17.35,17.35,10,0
ATA,5,20250714,151000,17.35,17.35,17.35,17.35,133,0
ATA,5,20250714,153500,17.25,17.25,17.2,17.2,87,0
ATA,5,20250714,160500,17.2,17.2,17.2,17.2,104,0
ATA,5,20250714,161000,17.2,17.2,17.2,17.2,15,0
ATA,5,20250714,163000,17.2,17.2,17.2,17.2,17,0
ATA,5,20250714,164500,17.2,17.2,17.2,17.2,147,0
ATA,5,20250715,090000,17.2,17.2,17.2,17.2,202,0
ATA,5,20250715,090500,17.2,17.2,17.2,17.2,1,0
ATA,5,20250715,092500,17.2,17.2,17.2,17.2,10,0
ATA,5,20250715,094000,17.1,17.1,17.1,17.1,2,0
ATA,5,20250715,100500,17.1,17.1,17.1,17.1,198,0
ATA,5,20250715,103000,17.1,17.1,17.1,17.1,280,0
ATA,5,20250715,103500,17.2,17.2,17.2,17.2,582,0
ATA,5,20250715,104000,17.2,17.2,17.2,17.2,600,0
ATA,5,20250715,104500,17.1,17.1,17.1,17.1,590,0
ATA,5,20250715,110500,17.2,17.2,17.2,17.2,5,0
ATA,5,20250715,112500,17.2,17.2,17.2,17.2,700,0
ATA,5,20250715,114500,17.2,17.2,17.2,17.2,58,0
ATA,5,20250715,122000,17.2,17.2,17.2,17.2,100,0
ATA,5,20250715,124500,17.2,17.2,17.2,17.2,10,0
ATA,5,20250715,130500,17.2,17.2,17.2,17.2,106,0
ATA,5,20250715,131500,17.2,17.2,17.2,17.2,80,0
ATA,5,20250715,133500,17.2,17.2,17.2,17.2,10,0
ATA,5,20250715,140000,17.2,17.2,17.2,17.2,800,0
ATA,5,20250715,141000,17.2,17.2,17.2,17.2,2,0
ATA,5,20250715,142000,17.2,17.2,17.2,17.2,1,0
ATA,5,20250715,144500,17.15,17.15,17.05,17.05,15,0
ATA,5,20250715,151500,17.05,17.05,17,17,173,0
ATA,5,20250715,152000,16.65,16.65,16.6,16.6,172,0
ATA,5,20250715,155000,17.15,17.15,17.15,17.15,1,0
ATA,5,20250715,160000,17.1,17.1,17.1,17.1,2,0
ATA,5,20250715,162500,17.1,17.1,17.1,17.1,26,0
ATA,5,20250715,164500,17.1,17.15,17.1,17.15,100,0
ATA,5,20250716,090000,16.75,16.75,16.6,16.6,190,0
ATA,5,20250716,102500,17,17,17,17,74,0
ATA,5,20250716,110500,17,17,17,17,1,0
ATA,5,20250716,123500,16.75,16.75,16.7,16.7,300,0
ATA,5,20250716,124000,17,17.2,17,17.2,466,0
ATA,5,20250716,144000,17.15,17.15,17.15,17.15,26,0
ATA,5,20250716,162500,17.15,17.15,17.15,17.15,35,0
ATA,5,20250717,090000,17.15,17.15,17.15,17.15,5,0
ATA,5,20250717,093500,16.75,16.75,16.75,16.75,50,0
ATA,5,20250717,100000,16.7,16.7,16.7,16.7,10,0
ATA,5,20250717,110000,16.7,16.7,16.7,16.7,110,0
ATA,5,20250717,111500,16.7,16.7,16.7,16.7,110,0
ATA,5,20250717,113000,17.1,17.1,17.1,17.1,10,0
ATA,5,20250717,140000,17.1,17.1,17.1,17.1,3,0
ATA,5,20250717,161000,17.1,17.1,17.1,17.1,1,0
ATA,5,20250717,164500,16.8,16.8,16.8,16.8,100,0
ATA,5,20250718,090000,17,17,17,17,76,0
ATA,5,20250718,090500,16.7,16.8,16.7,16.8,214,0
ATA,5,20250718,092000,16.7,16.7,16.7,16.7,337,0
ATA,5,20250718,102000,16.8,16.8,16.8,16.8,5,0
ATA,5,20250718,104000,16.8,16.8,16.8,16.8,1,0
ATA,5,20250718,123500,16.8,16.8,16.65,16.65,71,0
ATA,5,20250718,140500,16.8,17,16.8,17,100,0
ATA,5,20250718,143000,17,17,17,17,1,0
ATA,5,20250718,163000,16.9,16.9,16.9,16.9,2,0
ATA,5,20250721,090000,16.9,16.9,16.9,16.9,81,0
ATA,5,20250721,090500,16.9,17,16.9,17,69,0
ATA,5,20250721,091000,17,17,17,17,31,0
ATA,5,20250721,091500,17,17,17,17,129,0
ATA,5,20250721,092000,17,17.05,17,17.05,5,0
ATA,5,20250721,103000,17,17,17,17,90,0
ATA,5,20250721,104000,16.8,16.8,16.8,16.8,1,0
ATA,5,20250721,104500,16.8,16.8,16.8,16.8,4,0
ATA,5,20250721,115500,17,17,17,17,14,0
ATA,5,20250721,120000,16.8,17,16.8,17,89,0
ATA,5,20250721,120500,16.8,16.8,16.8,16.8,18,0
ATA,5,20250721,121500,17,17,17,17,3,0
ATA,5,20250721,122500,17,17,17,17,14,0
ATA,5,20250721,123000,17,17,17,17,2,0
ATA,5,20250721,125500,17,17,17,17,1,0
ATA,5,20250721,132000,16.8,16.8,16.8,16.8,450,0
ATA,5,20250721,132500,16.8,16.8,16.8,16.8,750,0
ATA,5,20250721,140500,17,17,17,17,50,0
ATA,5,20250721,141000,16.95,17.05,16.95,17.05,200,0
ATA,5,20250721,141500,17.05,17.15,17.05,17.15,198,0
ATA,5,20250721,164500,16.9,17.15,16.9,17.15,34,0
ATA,5,20250722,090000,17.15,17.15,17.15,17.15,53,0
ATA,5,20250722,093000,17.15,17.15,17.15,17.15,2,0
ATA,5,20250722,103000,17.15,17.15,17.15,17.15,29,0
ATA,5,20250722,103500,17.15,17.15,17.15,17.15,10,0
ATA,5,20250722,105500,17.15,17.15,17.15,17.15,200,0
ATA,5,20250722,111500,17.15,17.15,17.15,17.15,112,0
ATA,5,20250722,113500,17.15,17.15,17.15,17.15,23,0
ATA,5,20250722,114000,17.15,17.15,17.15,17.15,30,0
ATA,5,20250722,123000,17.1,17.1,17.1,17.1,35,0
ATA,5,20250722,130000,16.9,16.9,16.9,16.9,10,0
ATA,5,20250722,132000,17.1,17.1,17.1,17.1,25,0
ATA,5,20250722,135000,16.9,16.9,16.9,16.9,35,0
ATA,5,20250722,140500,17.1,17.1,17.1,17.1,20,0
ATA,5,20250722,141000,17,17,17,17,100,0
ATA,5,20250722,141500,17.15,17.15,17.1,17.1,100,0
ATA,5,20250722,164000,17.1,17.1,17.1,17.1,100,0
ATA,5,20250722,164500,16.9,16.9,16.85,16.85,346,0
ATA,5,20250723,090000,16.85,16.85,16.85,16.85,89,0
ATA,5,20250723,100000,16.85,16.85,16.85,16.85,2,0
ATA,5,20250723,102000,16.85,16.85,16.85,16.85,62,0
ATA,5,20250723,104500,17.05,17.05,17.05,17.05,12,0
ATA,5,20250723,113000,17.05,17.05,17.05,17.05,50,0
ATA,5,20250723,125000,17.05,17.05,17.05,17.05,11,0
ATA,5,20250723,143000,16.8,16.8,16.8,16.8,100,0
ATA,5,20250723,152000,17.05,17.05,17.05,17.05,163,0
ATA,5,20250723,152500,17.05,17.05,17.05,17.05,64,0
ATA,5,20250723,153000,17.05,17.05,17.05,17.05,80,0
ATA,5,20250724,090000,17.15,17.15,17.15,17.15,60,0
ATA,5,20250724,092000,17.15,17.15,16.8,16.8,30,0
ATA,5,20250724,104500,16.8,16.8,16.8,16.8,1000,0
ATA,5,20250724,110000,17.05,17.05,17.05,17.05,6,0
ATA,5,20250724,124500,17.05,17.05,17.05,17.05,2,0
ATA,5,20250724,142000,17.05,17.05,17.05,17.05,8,0
ATA,5,20250724,160000,17.05,17.25,17.05,17.25,1760,0
ATA,5,20250724,160500,17.2,17.2,17.2,17.2,20,0
ATA,5,20250724,161000,17.2,17.5,17.2,17.5,2831,0
ATA,5,20250724,163500,17.2,17.2,17.2,17.2,100,0
ATA,5,20250724,164000,17.2,17.2,17.2,17.2,100,0
ATA,5,20250725,090000,17.2,17.2,17.2,17.2,300,0
ATA,5,20250725,105000,17.1,17.1,17.1,17.1,60,0
ATA,5,20250725,111500,17.1,17.2,17.1,17.2,80,0
ATA,5,20250725,112000,17.3,17.4,17.3,17.4,120,0
ATA,5,20250725,120000,17.05,17.4,17.05,17.4,25,0
ATA,5,20250725,124500,17.4,17.5,17.4,17.5,3397,0
ATA,5,20250725,131000,17.5,17.5,17.45,17.45,201,0
ATA,5,20250725,134500,17.45,17.45,17.3,17.3,16,0
ATA,5,20250725,144000,17.4,17.45,17.4,17.45,30,0
ATA,5,20250728,090000,17.45,17.5,17.45,17.5,2307,0
ATA,5,20250728,090500,17.5,17.5,17.5,17.5,2,0
ATA,5,20250728,091000,17.5,17.7,17.5,17.7,10,0
ATA,5,20250728,091500,17.7,17.7,17.7,17.7,1,0
ATA,5,20250728,092500,17.7,17.7,17.7,17.7,20,0
ATA,5,20250728,093500,17.7,17.7,17.7,17.7,580,0
ATA,5,20250728,100500,17.15,17.55,17.1,17.55,260,0
ATA,5,20250728,103500,17.15,17.15,17.15,17.15,30,0
ATA,5,20250728,112500,17.2,17.2,17.2,17.2,2,0
ATA,5,20250728,131000,17.2,17.2,17.1,17.1,120,0
ATA,5,20250728,131500,17.1,17.1,17.1,17.1,100,0
ATA,5,20250728,141000,17.1,17.1,17.1,17.1,30,0
ATA,5,20250728,145000,17.4,17.4,17.4,17.4,3,0
ATA,5,20250728,152000,17.3,17.3,17.1,17.1,17,0
ATA,5,20250728,153500,17.4,17.4,17.4,17.4,47,0
ATA,5,20250729,090500,17.15,17.15,17.15,17.15,1,0
ATA,5,20250729,091000,17.15,17.15,17.15,17.15,1,0
ATA,5,20250729,092000,17.15,17.15,17.15,17.15,31,0
ATA,5,20250729,103500,17.15,17.15,17.15,17.15,50,0
ATA,5,20250729,104000,17.15,17.15,17.05,17.05,411,0
ATA,5,20250729,132000,17.1,17.1,17.1,17.1,1,0
ATA,5,20250729,144000,17.1,17.1,17,17.05,4399,0
ATA,5,20250729,150500,17.05,17.05,17.05,17.05,221,0
ATA,5,20250729,155500,17.25,17.25,17.25,17.25,3,0
ATA,5,20250729,162500,17.05,17.05,17,17,479,0
ATA,5,20250729,164000,17.25,17.25,17.25,17.25,1,0
ATA,5,20250730,090000,17,17.2,17,17.2,65,0
ATA,5,20250730,101000,17.2,17.2,17.2,17.2,2,0
ATA,5,20250730,123500,17.2,17.2,17.2,17.2,12,0
ATA,5,20250731,090000,17.15,17.15,17.15,17.15,190,0
ATA,5,20250731,111500,17.15,17.15,17.15,17.15,3,0
ATA,5,20250731,155000,17,17,17,17,414,0
ATA,5,20250731,160000,17.15,17.15,17.15,17.15,1,0
ATA,5,20250801,090500,17.2,17.2,17.2,17.2,120,0
ATA,5,20250801,091000,17.3,17.3,17.3,17.3,5,0
ATA,5,20250801,095000,17.3,17.3,17.3,17.3,15,0
ATA,5,20250801,100500,17.2,17.2,17.2,17.2,30,0
ATA,5,20250801,104500,17,17,17,17,1,0
ATA,5,20250801,105000,17,17,17,17,91,0
ATA,5,20250801,105500,17,17,17,17,180,0
ATA,5,20250801,110500,17,17,17,17,25,0
ATA,5,20250801,112500,17,17,17,17,30,0
ATA,5,20250801,113500,17,17,17,17,54,0
ATA,5,20250801,114000,17,17,17,17,19,0
ATA,5,20250801,120000,17,17,17,17,5,0
ATA,5,20250801,121000,17.1,17.15,17.1,17.15,68,0
ATA,5,20250801,121500,17,17,17,17,1131,0
ATA,5,20250801,131000,17,17,17,17,80,0
ATA,5,20250801,133000,17,17,17,17,100,0
ATA,5,20250801,134000,17,17,17,17,80,0
ATA,5,20250801,143000,17.2,17.2,17.2,17.2,240,0
ATA,5,20250801,144000,17.2,17.2,17.2,17.2,60,0
ATA,5,20250801,150000,17,17,17,17,80,0
ATA,5,20250801,151000,17,17,17,17,80,0
ATA,5,20250801,163500,16.95,17,16.95,17,112,0
ATA,5,20250804,091500,17.15,17.15,16.95,16.95,372,0
ATA,5,20250804,100500,16.95,16.95,16.95,16.95,128,0
ATA,5,20250804,113000,17.15,17.15,17.15,17.15,30,0
ATA,5,20250804,115500,17.1,17.1,17.1,17.1,20,0
ATA,5,20250804,123500,17.1,17.1,17.1,17.1,10,0
ATA,5,20250804,142500,17.1,17.1,17.1,17.1,15,0
ATA,5,20250804,143500,17.1,17.1,17.1,17.1,140,0
ATA,5,20250804,163000,16.95,16.95,16.95,16.95,195,0
ATA,5,20250805,090000,17.25,17.25,17.25,17.25,4,0
ATA,5,20250805,091000,17.25,17.25,17.25,17.25,2,0
ATA,5,20250805,091500,17.25,17.25,17.25,17.25,6,0
ATA,5,20250805,094000,17.05,17.05,17.05,17.05,30,0
ATA,5,20250805,102000,17.05,17.05,17.05,17.05,147,0
ATA,5,20250805,110000,17.05,17.05,17.05,17.05,2,0
ATA,5,20250805,111500,17.05,17.05,17.05,17.05,2,0
ATA,5,20250805,112000,17,17,17,17,3,0
ATA,5,20250805,113000,16.95,17,16.95,17,385,0
ATA,5,20250805,134000,17,17,17,17,25,0
ATA,5,20250805,155000,17,17,17,17,100,0
ATA,5,20250805,155500,17,17,17,17,15,0
ATA,5,20250805,160500,16.95,16.95,16.95,16.95,20,0
ATA,5,20250806,091000,17.25,17.25,17.25,17.25,15,0
ATA,5,20250806,093500,17.05,17.05,16.95,16.95,65,0
ATA,5,20250806,111000,16.95,16.95,16.95,16.95,427,0
ATA,5,20250806,114500,16.95,16.95,16.95,16.95,500,0
ATA,5,20250806,121000,17,17,17,17,10,0
ATA,5,20250806,121500,17,17,17,17,6,0
ATA,5,20250806,124000,16.95,16.95,16.95,16.95,10,0
ATA,5,20250806,142000,16.95,16.95,16.95,16.95,100,0
ATA,5,20250806,144000,16.95,16.95,16.95,16.95,10,0
ATA,5,20250806,144500,16.95,16.95,16.95,16.95,10,0
ATA,5,20250806,150500,16.95,16.95,16.95,16.95,10,0
ATA,5,20250806,151000,16.95,16.95,16.95,16.95,10,0
ATA,5,20250806,151500,16.95,16.95,16.95,16.95,10,0
ATA,5,20250806,163500,16.95,16.95,16.95,16.95,30,0
ATA,5,20250806,164000,16.95,16.95,16.95,16.95,10,0
ATA,5,20250806,164500,16.95,16.95,16.95,16.95,340,0
ATA,5,20250807,091000,17,17,17,17,476,0
ATA,5,20250807,092500,17,17,17,17,10,0
ATA,5,20250807,094500,17,17,17,17,160,0
ATA,5,20250807,100000,17,17,17,17,28,0
ATA,5,20250807,101000,17,17,17,17,40,0
ATA,5,20250807,101500,17,17,17,17,30,0
ATA,5,20250807,103500,17,17,17,17,30,0
ATA,5,20250807,104500,17,17,17,17,220,0
ATA,5,20250807,105000,17,17,17,17,250,0
ATA,5,20250807,110000,17.05,17.05,17.05,17.05,23,0
ATA,5,20250807,111000,17,17,17,17,250,0
ATA,5,20250807,111500,17,17.05,17,17,270,0
ATA,5,20250807,112000,17,17,17,17,5,0
ATA,5,20250807,112500,17,17,17,17,148,0
ATA,5,20250807,114000,17,17,17,17,15,0
ATA,5,20250807,122500,17.05,17.15,17.05,17.15,250,0
ATA,5,20250807,124000,17,17,17,17,100,0
ATA,5,20250807,140000,17,17,17,17,6139,0
ATA,5,20250807,143500,17,17,17,17,5,0
ATA,5,20250808,090000,17,17,17,17,17,0
ATA,5,20250808,093000,17,17,17,17,10,0
ATA,5,20250808,104000,17,17,17,17,28,0
ATA,5,20250808,110000,16.95,16.95,16.95,16.95,82,0
ATA,5,20250808,121000,16.95,16.95,16.95,16.95,73,0
ATA,5,20250808,122000,17,17,17,17,32,0
ATA,5,20250808,123000,16.95,16.95,16.9,16.9,287,0
ATA,5,20250808,125000,16.85,16.85,16.8,16.8,56,0
ATA,5,20250808,132000,16.95,16.95,16.95,16.95,94,0
ATA,5,20250808,135000,17,17,17,17,100,0
ATA,5,20250808,144000,17,17,17,17,5,0
ATA,5,20250808,154000,16.9,16.9,16.9,16.9,200,0
ATA,5,20250808,161500,16.85,16.85,16.5,16.55,1191,0
ATA,5,20250808,162000,16.9,16.9,16.9,16.9,99,0
ATA,5,20250808,162500,16.9,16.9,16.9,16.9,1,0
ATA,5,20250808,163500,16.6,16.6,16.6,16.6,20,0
ATA,5,20250808,164500,16.9,16.9,16.9,16.9,100,0
ATA,5,20250811,090000,16.55,16.55,16.45,16.45,333,0
ATA,5,20250811,092500,16.85,16.85,16.85,16.85,10,0
ATA,5,20250811,094500,16.75,16.75,16.75,16.75,18,0
ATA,5,20250811,095000,16.75,16.75,16.75,16.75,6,0
ATA,5,20250811,095500,16.75,16.75,16.5,16.5,318,0
ATA,5,20250811,101000,16.7,16.7,16.7,16.7,18,0
ATA,5,20250811,103000,16.5,16.65,16.5,16.65,988,0
ATA,5,20250811,103500,16.65,16.65,16.65,16.65,114,0
ATA,5,20250811,104000,16.7,16.75,16.7,16.75,586,0
ATA,5,20250811,105000,16.65,16.65,16.65,16.65,100,0
ATA,5,20250811,105500,16.55,16.55,16.5,16.5,309,0
ATA,5,20250811,111000,16.5,16.5,16.5,16.5,50,0
ATA,5,20250811,113000,16.5,16.5,16.5,16.5,300,0
ATA,5,20250811,114500,16.5,16.5,16.45,16.45,1101,0
ATA,5,20250811,115000,16.4,16.4,16.4,16.4,126,0
ATA,5,20250811,120500,16.15,16.15,16,16,773,0
ATA,5,20250811,121500,16.2,16.2,16.2,16.2,10,0
ATA,5,20250811,123000,16.2,16.2,16.2,16.2,190,0
ATA,5,20250811,125000,16.4,16.4,16.4,16.4,2,0
ATA,5,20250811,131000,16.4,16.4,16.4,16.4,2,0
ATA,5,20250811,131500,16,16,16,16,1,0
ATA,5,20250811,132000,16.4,16.4,16.4,16.4,2,0
ATA,5,20250811,133500,16.4,16.4,16.4,16.4,9,0
ATA,5,20250811,143500,16.25,16.25,16.25,16.25,1,0
ATA,5,20250811,145000,16.25,16.25,16.25,16.25,60,0
ATA,5,20250811,160500,16.25,16.25,16.25,16.25,55,0
ATA,5,20250812,090000,16.2,16.2,16.1,16.1,64,0
ATA,5,20250812,090500,16.2,16.2,16.2,16.2,1,0
ATA,5,20250812,093000,16.1,16.1,16,16,196,0
ATA,5,20250812,093500,15.95,15.95,15.9,15.9,1100,0
ATA,5,20250812,094000,15.7,15.9,15.55,15.55,1709,0
ATA,5,20250812,095000,15.6,15.6,15.55,15.6,77,0
ATA,5,20250812,095500,15.75,15.75,15.75,15.75,300,0
ATA,5,20250812,100000,15.75,15.8,15.75,15.8,330,0
ATA,5,20250812,101000,15.75,15.8,15.75,15.8,406,0
ATA,5,20250812,101500,15.8,15.8,15.8,15.8,250,0
ATA,5,20250812,102000,15.8,15.8,15.8,15.8,190,0
ATA,5,20250812,102500,15.8,15.8,15.8,15.8,75,0
ATA,5,20250812,103500,15.8,15.85,15.8,15.85,336,0
ATA,5,20250812,104000,15.8,15.8,15.8,15.8,15,0
ATA,5,20250812,111000,15.6,15.6,15.6,15.6,58,0
ATA,5,20250812,112000,15.6,15.6,15.6,15.6,100,0
ATA,5,20250812,113000,15.6,15.6,15.6,15.6,31,0
ATA,5,20250812,115000,15.6,15.6,15.6,15.6,11,0
ATA,5,20250812,123000,15.75,15.75,15.75,15.75,5,0
ATA,5,20250812,124000,15.75,15.75,15.75,15.75,190,0
ATA,5,20250812,130500,15.6,15.6,15.55,15.55,200,0
ATA,5,20250812,131500,15.7,15.7,15.7,15.7,60,0
ATA,5,20250812,133000,15.55,15.55,15.55,15.55,210,0
ATA,5,20250812,135000,15.55,15.55,15.55,15.55,64,0
ATA,5,20250812,140500,15.55,15.55,15.55,15.55,4,0
ATA,5,20250812,142000,15.6,15.6,15.6,15.6,180,0
ATA,5,20250812,142500,15.6,15.65,15.6,15.65,111,0
ATA,5,20250812,144500,15.8,15.8,15.8,15.8,5,0
ATA,5,20250812,145000,15.8,15.8,15.8,15.8,1,0
ATA,5,20250812,152500,15.75,15.75,15.75,15.75,20,0
ATA,5,20250812,155500,15.7,15.7,15.7,15.7,1,0
ATA,5,20250812,161000,15.7,15.7,15.7,15.7,170,0
ATA,5,20250812,161500,15.6,15.6,15.6,15.6,6,0
ATA,5,20250812,163000,15.7,15.7,15.7,15.7,20,0
ATA,5,20250812,164500,15.75,15.75,15.75,15.75,70,0
ATA,5,20250813,090500,15.8,16.35,15.6,15.6,5249,0
ATA,5,20250813,091000,15.85,15.85,15.5,15.5,700,0
ATA,5,20250813,093500,16,16,16,16,3,0
ATA,5,20250813,095000,15.6,15.6,15.6,15.6,3,0
ATA,5,20250813,101000,16,16,16,16,500,0
ATA,5,20250813,111000,16,16,16,16,6,0
ATA,5,20250813,122000,15.8,15.8,15.8,15.8,20,0
ATA,5,20250813,143500,16,16,16,16,10,0
ATA,5,20250813,144000,15.8,15.8,15.5,15.5,350,0
ATA,5,20250813,150000,15.6,15.95,15.6,15.95,3,0
ATA,5,20250813,150500,15.85,15.85,15.85,15.85,100,0
ATA,5,20250813,151000,15.95,15.95,15.95,15.95,31,0
ATA,5,20250813,153500,15.95,15.95,15.95,15.95,67,0
ATA,5,20250813,154000,16,16,16,16,10,0
ATA,5,20250814,103000,16.25,16.25,16.25,16.25,21,0
ATA,5,20250814,104000,16.25,16.25,16.25,16.25,4,0
ATA,5,20250814,113000,16,16.05,16,16,30,0
ATA,5,20250814,120000,16.25,16.25,16.25,16.25,7,0
ATA,5,20250814,121000,16.25,16.25,16.25,16.25,1,0
ATA,5,20250814,122500,16.25,16.25,16.25,16.25,20,0
ATA,5,20250814,125500,16.3,16.3,16.25,16.25,34,0
ATA,5,20250814,130500,16.3,16.3,16.3,16.3,30,0
ATA,5,20250814,142000,16.25,16.25,16.25,16.25,3,0
ATA,5,20250814,144000,16.15,16.15,16.15,16.15,500,0
ATA,5,20250814,150000,16.15,16.15,16.15,16.15,100,0
ATA,5,20250814,163500,16.1,16.1,16.1,16.1,2,0
ATA,5,20250818,090000,16.1,16.1,15.5,15.5,1100,0
ATA,5,20250818,090500,15.6,15.6,15.5,15.5,61,0
ATA,5,20250818,091000,15.5,15.5,15.5,15.5,61,0
ATA,5,20250818,091500,15.6,15.6,15.6,15.6,2,0
ATA,5,20250818,094000,15.7,16.3,15.7,16.1,728,0
ATA,5,20250818,095500,16.3,16.4,16.3,16.3,102,0
ATA,5,20250818,100000,15.75,15.75,15.7,15.7,201,0
ATA,5,20250818,100500,15.75,15.75,15.7,15.7,727,0
ATA,5,20250818,101000,16.3,16.3,16.3,16.3,52,0
ATA,5,20250818,105000,16.15,16.15,16.15,16.15,2,0
ATA,5,20250818,114000,16.1,16.1,16.1,16.1,1,0
ATA,5,20250818,120000,15.8,16,15.8,16,5,0
ATA,5,20250818,120500,15.8,15.8,15.7,15.7,261,0
ATA,5,20250818,122500,15.65,15.65,15.65,15.65,450,0
ATA,5,20250818,124000,15.8,15.8,15.8,15.8,88,0
ATA,5,20250818,150000,16.25,16.25,16.25,16.25,11,0
ATA,5,20250818,151500,15.65,15.65,15.65,15.65,1,0
ATA,5,20250818,152000,16,16,16,16,50,0
ATA,5,20250818,152500,16.2,16.2,16.2,16.2,58,0
ATA,5,20250818,153500,16,16,16,16,1,0
ATA,5,20250818,162500,16.2,16.2,16.2,16.2,25,0
ATA,5,20250818,163500,16.2,16.2,16.2,16.2,275,0
ATA,5,20250819,091000,15.65,16.15,15.65,16.15,34,0
ATA,5,20250819,094000,16.15,16.15,16.15,16.15,50,0
ATA,5,20250819,100000,15.7,15.7,15.55,15.55,300,0
ATA,5,20250819,101000,16,16,16,16,3,0
ATA,5,20250819,113000,16,16,16,16,100,0
ATA,5,20250819,120000,15.9,15.9,15.9,15.9,9,0
ATA,5,20250819,120500,16,16.1,16,16.1,62,0
ATA,5,20250819,121000,16.1,16.1,16.1,16.1,800,0
ATA,5,20250819,123000,16,16,16,16,59,0
ATA,5,20250819,125500,16,16,16,16,47,0
ATA,5,20250819,135500,16,16,16,16,1,0
ATA,5,20250819,144000,16,16,16,16,200,0
ATA,5,20250819,145500,15.9,15.9,15.55,15.55,115,0
ATA,5,20250819,152500,16,16,16,16,93,0
ATA,5,20250819,161500,16.1,16.1,16.1,16.1,32,0
ATA,5,20250820,090000,16,16,15.5,15.5,940,0
ATA,5,20250820,092000,16,16,16,16,35,0
ATA,5,20250820,092500,16,16,16,16,1,0
ATA,5,20250820,094000,15.65,15.65,15.65,15.65,6,0
ATA,5,20250820,094500,16,16,16,16,10,0
ATA,5,20250820,102500,15.7,15.7,15.3,15.3,3000,0
ATA,5,20250820,110000,15.5,15.5,15.5,15.5,100,0
ATA,5,20250820,110500,15.5,15.5,15.5,15.5,30,0
ATA,5,20250820,112500,15.5,15.5,15.5,15.5,100,0
ATA,5,20250820,113500,15.8,15.8,15.8,15.8,100,0
ATA,5,20250820,114500,15.55,15.55,15.5,15.5,100,0
ATA,5,20250820,121000,15.8,15.8,15.8,15.8,3,0
ATA,5,20250820,133500,15.6,15.6,15.6,15.6,190,0
ATA,5,20250820,135500,15.6,15.6,15.6,15.6,2,0
ATA,5,20250820,150000,15.6,15.8,15.6,15.8,311,0
ATA,5,20250820,151000,15.8,15.8,15.8,15.8,100,0
ATA,5,20250820,155000,15.8,15.8,15.8,15.8,63,0
ATA,5,20250820,155500,15.8,15.8,15.8,15.8,1,0
ATA,5,20250820,161000,15.85,15.85,15.85,15.85,3,0
ATA,5,20250820,161500,15.8,15.8,15.8,15.8,200,0
ATA,5,20250820,162000,15.8,15.8,15.8,15.8,225,0
ATA,5,20250821,090000,15.8,15.8,15.8,15.8,1,0
ATA,5,20250821,101500,15.75,15.75,15.75,15.75,7,0
ATA,5,20250821,103000,15.75,15.75,15.75,15.75,4,0
ATA,5,20250821,113500,15.75,15.75,15.75,15.75,120,0
ATA,5,20250821,115500,15.6,15.6,15.6,15.6,900,0
ATA,5,20250821,122500,15.55,15.75,15.45,15.75,11,0
ATA,5,20250821,140500,15.75,15.8,15.55,15.55,701,0
ATA,5,20250821,143500,15.55,15.55,15.5,15.5,100,0
ATA,5,20250821,144500,15.75,15.8,15.75,15.8,300,0
ATA,5,20250821,162000,15.8,15.8,15.8,15.8,1050,0
ATA,5,20250821,163500,15.55,15.55,15.55,15.55,76,0
ATA,5,20250822,090500,15.6,15.6,15.6,15.6,58,0
ATA,5,20250822,092500,15.75,15.75,15.75,15.75,31,0
ATA,5,20250822,094000,15.75,15.75,15.75,15.75,1,0
ATA,5,20250822,101500,15.6,15.6,15.6,15.6,234,0
ATA,5,20250822,110000,15.75,15.85,15.75,15.85,244,0
ATA,5,20250822,111000,16,16,16,16,12,0
ATA,5,20250822,112000,16,16,16,16,1,0
ATA,5,20250822,123500,15.6,15.6,15.6,15.6,500,0
ATA,5,20250822,132000,15.65,15.65,15.65,15.65,101,0
ATA,5,20250822,132500,15.6,15.6,15.6,15.6,125,0
ATA,5,20250822,134500,15.6,15.6,15.6,15.6,28,0
ATA,5,20250822,164500,15.85,15.85,15.85,15.85,2,0
ATA,5,20250825,092500,15.7,15.7,15.7,15.7,200,0
ATA,5,20250825,100000,15.8,15.85,15.8,15.8,340,0
ATA,5,20250825,115000,15.85,15.9,15.85,15.9,32,0
ATA,5,20250825,130000,15.9,15.9,15.9,15.9,2,0
ATA,5,20250825,163000,15.85,15.85,15.85,15.85,55,0
ATA,5,20250826,090000,15.9,15.95,15.9,15.95,125,0
ATA,5,20250826,090500,15.95,15.95,15.95,15.95,3,0
ATA,5,20250826,094500,15.95,15.95,15.95,15.95,4,0
ATA,5,20250826,095500,15.95,15.95,15.95,15.95,86,0
ATA,5,20250826,103500,16,16,16,16,1424,0
ATA,5,20250826,104000,16,16,16,16,2000,0
ATA,5,20250826,105500,16,16,16,16,100,0
ATA,5,20250826,123000,16,16,16,16,225,0
ATA,5,20250826,124000,16,16,16,16,100,0
ATA,5,20250826,125000,16,16,16,16,314,0
ATA,5,20250826,130000,15.95,15.95,15.95,15.95,224,0
ATA,5,20250826,131500,16,16,16,16,10,0
ATA,5,20250826,133500,16,16,16,16,2,0
ATA,5,20250826,134500,16,16,16,16,26,0
ATA,5,20250826,143500,16,16,16,16,1094,0
ATA,5,20250826,155000,15.95,16,15.95,16,80,0
ATA,5,20250826,161500,16,16,16,16,250,0
ATA,5,20250826,162500,16,16,16,16,7,0
ATA,5,20250826,163500,16,16,16,16,513,0
ATA,5,20250826,164000,16.1,16.2,16.1,16.2,365,0
ATA,5,20250827,090500,15.9,15.9,15.9,15.9,143,0
ATA,5,20250827,092500,15.9,15.9,15.9,15.9,357,0
ATA,5,20250827,100000,16.15,16.15,16.15,16.15,1,0
ATA,5,20250827,101500,15.85,15.85,15.85,15.85,11,0
ATA,5,20250827,105500,15.65,15.65,15.65,15.65,523,0
ATA,5,20250827,112500,16.15,16.15,16.15,16.15,7,0
ATA,5,20250827,122000,16.15,16.15,16.15,16.15,20,0
ATA,5,20250827,123000,16.15,16.15,16.15,16.15,2,0
ATA,5,20250827,141500,16.15,16.15,16.15,16.15,50,0
ATA,5,20250827,142000,16.2,16.2,16.2,16.2,274,0
ATA,5,20250827,144000,16.2,16.2,16.2,16.2,1,0
ATA,5,20250828,090000,16.15,16.15,16.15,16.15,70,0
ATA,5,20250828,090500,16.2,16.2,16.2,16.2,5,0
ATA,5,20250828,091000,16.15,16.15,16.15,16.15,280,0
ATA,5,20250828,091500,16.15,16.15,16.15,16.15,100,0
ATA,5,20250828,092000,16.15,16.15,16.15,16.15,40,0
ATA,5,20250828,113500,16.15,16.15,16.15,16.15,42,0
ATA,5,20250828,115000,16.15,16.15,16.15,16.15,5,0
ATA,5,20250828,123000,16.2,16.2,16.2,16.2,1,0
ATA,5,20250828,125000,16.2,16.2,16.2,16.2,1,0
ATA,5,20250828,132500,16.15,16.15,16.15,16.15,86,0
ATA,5,20250828,133500,15.8,15.8,15.8,15.8,1,0
ATA,5,20250829,110000,16.1,16.1,15.85,15.85,4,0
ATA,5,20250829,132000,15.85,15.85,15.7,15.7,108,0
ATA,5,20250829,142000,16,16,15.7,15.7,780,0
ATA,5,20250829,150000,16,16,16,16,6,0
ATA,5,20250901,090000,15.5,15.5,15.5,15.5,366,0
ATA,5,20250901,093000,16,16,16,16,1,0
ATA,5,20250901,104000,16,16,16,16,13,0
ATA,5,20250901,121000,16,16,16,16,86,0
ATA,5,20250901,121500,16,16,16,16,350,0
ATA,5,20250901,131000,16.15,16.15,16.15,16.15,29,0
ATA,5,20250901,135500,16.15,16.15,16.15,16.15,2,0
ATA,5,20250901,145000,16.15,16.25,16.15,16.25,18,0
ATA,5,20250901,151500,15.85,15.85,15.85,15.85,1,0
ATA,5,20250902,090500,16.15,16.15,16.15,16.15,1,0
ATA,5,20250902,092500,16,16,16,16,2,0
ATA,5,20250902,095500,16,16,16,16,91,0
ATA,5,20250902,120500,15.85,15.85,15.85,15.85,1,0
ATA,5,20250902,124000,16.1,16.1,16.1,16.1,71,0
ATA,5,20250903,090500,16.1,16.1,16.1,16.1,1,0
ATA,5,20250903,093500,16.05,16.05,16.05,16.05,34,0
ATA,5,20250903,095000,16.05,16.1,16.05,16.1,119,0
ATA,5,20250903,100500,15.9,15.9,15.9,15.9,24,0
ATA,5,20250903,102500,16.1,16.1,16.1,16.1,1,0
ATA,5,20250903,103500,16.1,16.1,16.1,16.1,204,0
ATA,5,20250903,120000,16.1,16.1,16.1,16.1,34,0
ATA,5,20250903,150500,16.1,16.1,16.1,16.1,1,0
ATA,5,20250903,155500,16.1,16.1,16.1,16.1,128,0
ATA,5,20250904,091500,16.1,16.1,16.1,16.1,3,0
ATA,5,20250904,093000,15.9,15.9,15.9,15.9,30,0
ATA,5,20250904,095500,15.9,15.9,15.9,15.9,15,0
ATA,5,20250904,100000,16.1,16.1,16.1,16.1,21,0
ATA,5,20250904,100500,16.1,16.1,16.1,16.1,1,0
ATA,5,20250904,113000,15.9,15.9,15.9,15.9,46,0
ATA,5,20250904,113500,15.85,15.85,15.85,15.85,154,0
ATA,5,20250904,122000,15.85,15.85,15.85,15.85,10,0
ATA,5,20250904,122500,15.85,15.85,15.85,15.85,65,0
ATA,5,20250904,153000,16.05,16.05,16.05,16.05,1,0
ATA,5,20250904,154500,16.05,16.05,16.05,16.05,1,0
ATA,5,20250904,155500,16.05,16.05,16.05,16.05,5,0
ATA,5,20250905,122000,16,16,16,16,204,0
ATA,5,20250905,151000,16,16,16,16,1,0
ATA,5,20250905,153000,16,16,16,16,95,0
ATA,5,20250908,090000,16.1,16.1,16.1,16.1,50,0
ATA,5,20250908,090500,16.05,16.1,16.05,16.1,9,0
ATA,5,20250908,091500,16.1,16.1,16.1,16.1,5,0
ATA,5,20250908,093000,16.1,16.1,16.1,16.1,1,0
ATA,5,20250908,095000,16.1,16.1,16.1,16.1,6,0
ATA,5,20250908,101000,16.05,16.05,16.05,16.05,3,0
ATA,5,20250908,111500,16.1,16.1,16.1,16.1,3,0
ATA,5,20250908,112500,16.05,16.05,16,16,204,0
ATA,5,20250908,114500,15.9,15.9,15.85,15.85,4,0
ATA,5,20250908,115000,16,16,16,16,65,0
ATA,5,20250908,121000,16,16,16,16,20,0
ATA,5,20250908,121500,16,16,16,16,52,0
ATA,5,20250908,123500,16,16,16,16,1,0
ATA,5,20250908,145000,16,16,16,16,1,0
ATA,5,20250908,150500,16,16,15.85,15.85,67,0
ATA,5,20250908,152000,15.85,16.1,15.85,16.1,701,0
ATA,5,20250908,162500,16.05,16.05,16.05,16.05,8,0
ATA,5,20250909,100000,16.05,16.05,16.05,16.05,150,0
ATA,5,20250909,104000,16.1,16.1,16.05,16.05,15,0
ATA,5,20250909,145500,16.1,16.1,16.1,16.1,25,0
ATA,5,20250909,150500,16.1,16.1,16.1,16.1,6,0
ATA,5,20250909,161500,16.05,16.05,15.8,15.8,300,0
ATA,5,20250909,162500,15.85,15.85,15.8,15.8,74,0
ATA,5,20250909,163000,15.8,15.8,15.8,15.8,80,0
ATA,5,20250910,090000,16.2,16.2,16.2,16.2,1,0
ATA,5,20250910,094000,16.2,16.2,16.2,16.2,1,0
ATA,5,20250910,101000,16,16,15.7,15.7,300,0
ATA,5,20250910,101500,16.15,16.15,16.15,16.15,298,0
ATA,5,20250910,103000,16.1,16.1,16.1,16.1,16,0
ATA,5,20250910,105000,16.1,16.1,16.1,16.1,1,0
ATA,5,20250910,114000,15.75,15.75,15.75,15.75,1,0
ATA,5,20250910,123000,16.05,16.05,16.05,16.05,10,0
ATA,5,20250910,140000,16.05,16.05,16.05,16.05,3,0
ATA,5,20250910,144500,16,16,16,16,1,0
ATA,5,20250910,145000,16,16,16,16,172,0
ATA,5,20250910,155000,15.95,15.95,15.95,15.95,62,0
ATA,5,20250910,163000,15.95,15.95,15.95,15.95,2,0
ATA,5,20250911,090000,16,16,16,16,62,0
ATA,5,20250911,092500,16,16,16,16,96,0
ATA,5,20250911,094000,16,16,16,16,60,0
ATA,5,20250911,095500,16,16,16,16,10,0
ATA,5,20250911,100000,16,16,16,16,1,0
ATA,5,20250911,105500,15.95,15.95,15.95,15.95,1,0
ATA,5,20250911,115500,15.95,15.95,15.95,15.95,36,0
ATA,5,20250911,121500,16,16,16,16,100,0
ATA,5,20250911,133000,16,16,16,16,10,0
ATA,5,20250911,152500,16,16,16,16,50,0
ATA,5,20250912,103000,16,16,16,16,35,0
ATA,5,20250912,112500,15.9,15.9,15.7,15.7,258,0
ATA,5,20250912,113000,15.65,15.65,15.5,15.5,1742,0
ATA,5,20250912,113500,15.5,15.5,15.4,15.4,1000,0
ATA,5,20250912,114000,15.4,15.4,15.4,15.4,479,0
ATA,5,20250912,114500,15.4,15.4,15.4,15.4,2,0
ATA,5,20250912,115000,15.35,15.35,15.3,15.3,519,0
ATA,5,20250912,115500,15.4,15.4,15.4,15.4,190,0
ATA,5,20250912,120000,15.4,15.4,15.4,15.4,810,0
ATA,5,20250912,131500,15.8,15.8,15.8,15.8,2,0
ATA,5,20250912,133000,15.8,15.8,15.8,15.8,10,0
ATA,5,20250912,160000,15.8,15.85,15.8,15.85,20,0
ATA,5,20250915,090000,15.7,15.7,15.65,15.65,8,0
ATA,5,20250915,091000,15.5,15.5,15.5,15.5,10,0
ATA,5,20250915,092000,15.55,15.65,15.55,15.65,7,0
ATA,5,20250915,092500,15.55,15.55,15.55,15.55,21,0
ATA,5,20250915,095500,15.7,15.7,15.7,15.7,39,0
ATA,5,20250915,102500,15.55,15.55,15.55,15.55,2,0
ATA,5,20250915,115000,15.7,15.7,15.7,15.7,5,0
ATA,5,20250915,124000,15.7,15.7,15.7,15.7,17,0
ATA,5,20250915,153500,15.6,15.6,15.6,15.6,15,0
ATA,5,20250915,154500,15.7,15.7,15.7,15.7,191,0
ATA,5,20250915,162000,15.9,15.9,15.9,15.9,2,0
ATA,5,20250916,090000,15.95,16,15.9,15.9,300,0
ATA,5,20250916,090500,16,16,16,16,10,0
ATA,5,20250916,093500,16,16,16,16,2,0
ATA,5,20250916,104000,16,16,16,16,5,0
ATA,5,20250916,104500,15.65,15.65,15.6,15.6,5,0
ATA,5,20250916,114500,15.95,15.95,15.95,15.95,2,0
ATA,5,20250917,091000,15.7,15.7,15.7,15.7,20,0
ATA,5,20250917,101000,15.7,15.85,15.7,15.85,70,0
ATA,5,20250917,114500,15.7,15.7,15.7,15.7,12,0
ATA,5,20250917,135500,15.95,15.95,15.95,15.95,35,0
ATA,5,20250917,155000,15.75,15.75,15.75,15.75,100,0
ATA,5,20250917,163000,15.9,15.9,15.9,15.9,27,0
ATA,5,20250918,090000,15.9,15.9,15.9,15.9,40,0
ATA,5,20250918,091500,15.8,15.8,15.8,15.8,140,0
ATA,5,20250918,123500,15.95,15.95,15.95,15.95,15,0
ATA,5,20250918,135000,16,16,16,16,1,0
ATA,5,20250918,154000,15.8,15.8,15.75,15.75,160,0
ATA,5,20250919,090500,15.75,15.75,15.75,15.75,1,0
ATA,5,20250919,113000,15.85,15.85,15.85,15.85,1,0
ATA,5,20250919,121000,15.7,15.7,15.7,15.7,60,0
ATA,5,20250919,123000,15.7,15.7,15.7,15.7,60,0
ATA,5,20250919,124000,15.7,15.7,15.7,15.7,281,0
ATA,5,20250919,132000,15.65,15.65,15.6,15.6,554,0
ATA,5,20250919,152500,15.85,15.9,15.85,15.9,293,0
ATA,5,20250919,153500,15.9,16,15.9,15.95,201,0
ATA,5,20250919,160500,15.9,15.9,15.9,15.9,200,0
ATA,5,20250919,162000,16,16,16,16,4,0
ATA,5,20250922,090000,16,16,16,16,70,0
ATA,5,20250922,093500,15.65,15.65,15.65,15.65,3,0
ATA,5,20250922,111000,15.65,15.65,15.65,15.65,102,0
ATA,5,20250922,111500,15.6,15.6,15.6,15.6,104,0
ATA,5,20250922,113000,15.6,15.6,15.6,15.6,51,0
ATA,5,20250922,120500,15.6,15.6,15.6,15.6,1000,0
ATA,5,20250922,124500,15.65,15.65,15.65,15.65,64,0
ATA,5,20250922,141000,15.6,15.6,15.6,15.6,91,0
ATA,5,20250922,141500,15.65,15.65,15.65,15.65,19,0
ATA,5,20250922,155000,15.65,15.65,15.65,15.65,200,0
ATA,5,20250922,161000,15.65,15.65,15.65,15.65,3,0
ATA,5,20250923,091500,15.6,15.6,15.6,15.6,10,0
ATA,5,20250923,115000,15.85,15.95,15.85,15.95,150,0
ATA,5,20250923,130500,15.65,15.65,15.65,15.65,200,0
ATA,5,20250923,162500,15.9,15.95,15.9,15.95,133,0
ATA,5,20250923,163000,15.95,15.95,15.95,15.95,1,0
ATA,5,20250924,110500,15.7,15.7,15.7,15.7,90,0
ATA,5,20250924,130000,15.9,15.9,15.9,15.9,13,0
ATA,5,20250924,133000,15.75,15.75,15.75,15.75,2,0
ATA,5,20250924,135000,15.75,15.75,15.7,15.7,17,0
ATA,5,20250924,143500,15.7,15.7,15.7,15.7,100,0
ATA,5,20250924,163000,15.7,15.7,15.7,15.7,6,0
ATA,5,20250924,164000,15.9,15.9,15.9,15.9,2,0
ATA,5,20250924,164500,15.7,15.7,15.7,15.7,20,0
ATA,5,20250925,091000,15.9,15.9,15.9,15.9,55,0
ATA,5,20250925,123000,15.9,15.9,15.9,15.9,1000,0
ATA,5,20250925,124000,15.7,15.7,15.6,15.6,19,0
ATA,5,20250925,155500,15.85,15.85,15.85,15.85,10,0
ATA,5,20250926,090500,15.85,15.85,15.65,15.65,3,0
ATA,5,20250926,130500,15.95,15.95,15.95,15.95,1,0
ATA,5,20250926,152000,15.75,15.75,15.65,15.65,150,0
ATA,5,20250926,155000,15.95,15.95,15.95,15.95,1,0
ATA,5,20250929,090500,15.6,15.6,15.6,15.6,6,0
ATA,5,20250929,112500,15.65,15.65,15.6,15.6,71,0
ATA,5,20250929,114000,15.6,15.6,15.6,15.6,276,0
ATA,5,20250929,115500,15.6,15.6,15.6,15.6,85,0
ATA,5,20250929,120000,15.6,15.6,15.6,15.6,127,0
ATA,5,20250929,123000,15.6,15.6,15.6,15.6,10,0
ATA,5,20250929,151000,15.5,15.5,15.45,15.45,40,0
ATA,5,20250929,155500,15.5,15.5,15.5,15.5,45,0
ATA,5,20250929,164000,15.5,15.55,15.5,15.55,279,0
ATA,5,20250930,104000,15.45,15.45,15.45,15.45,2,0
ATA,5,20250930,105500,15.45,15.45,15.45,15.45,60,0
ATA,5,20250930,111500,15.5,15.5,15.5,15.5,60,0
ATA,5,20250930,112000,15.45,15.45,15.45,15.45,349,0
ATA,5,20250930,113000,15.45,15.45,15.45,15.45,2,0
ATA,5,20250930,124500,15.4,15.4,15.4,15.4,250,0
ATA,5,20250930,133000,15.45,15.45,15.45,15.45,149,0
ATA,5,20250930,145500,15.5,15.55,15.5,15.55,440,0
ATA,5,20250930,154000,15.45,15.45,15.4,15.4,5,0
ATA,5,20250930,155000,15.6,15.6,15.4,15.4,148,0
ATA,5,20250930,155500,15.35,15.35,15.35,15.35,39,0
ATA,5,20250930,163000,15.4,15.4,15.4,15.4,1,0
ATA,5,20250930,164500,15.4,15.4,15.4,15.4,2,0
ATA,5,20250930,165500,15.5,15.5,15.5,15.5,50,0
ATA,5,20251001,090000,15.35,15.35,15.35,15.35,211,0
ATA,5,20251001,091500,15.35,15.35,15.35,15.35,240,0
ATA,5,20251001,092500,15.3,15.3,15.3,15.3,291,0
ATA,5,20251001,094000,15.35,15.35,15.35,15.35,10,0
ATA,5,20251001,100500,15.35,15.35,15.25,15.25,612,0
ATA,5,20251001,101000,15.25,15.25,15.25,15.25,300,0
ATA,5,20251001,103500,15.25,15.25,15.25,15.25,147,0
ATA,5,20251001,105500,15.25,15.25,15.25,15.25,153,0
ATA,5,20251001,110000,15.25,15.25,15.25,15.25,47,0
ATA,5,20251001,111500,15.25,15.25,15.25,15.25,65,0
ATA,5,20251001,113500,15.2,15.2,15.2,15.2,150,0
ATA,5,20251001,114000,15.25,15.3,15.25,15.3,65,0
ATA,5,20251001,115000,15.3,15.3,15.3,15.3,123,0
ATA,5,20251001,120500,15.4,15.4,15.4,15.4,3,0
ATA,5,20251001,122000,15.4,15.4,15.4,15.4,3,0
ATA,5,20251001,124000,15.3,15.3,15.3,15.3,27,0
ATA,5,20251001,130000,15.3,15.3,15.3,15.3,200,0
ATA,5,20251001,151000,15.4,15.4,15.4,15.4,100,0
ATA,5,20251002,090000,15.3,15.3,15.3,15.3,451,0
ATA,5,20251002,103000,15.4,15.4,15.2,15.2,49,0
ATA,5,20251002,103500,15.4,15.4,15.4,15.4,10,0
ATA,5,20251002,122500,15.4,15.4,15.4,15.4,7,0
ATA,5,20251002,124500,15.4,15.4,15.4,15.4,124,0
ATA,5,20251002,133500,15.45,15.45,15.45,15.45,150,0
ATA,5,20251002,164000,15.45,15.45,15.45,15.45,27,0
ATA,5,20251003,090000,15.45,15.45,15.45,15.45,23,0
ATA,5,20251003,090500,15.5,15.5,15.5,15.5,10,0
ATA,5,20251003,101500,15.5,15.5,15.5,15.5,35,0
ATA,5,20251003,104500,15.5,15.5,15.5,15.5,6,0
ATA,5,20251003,113500,15.5,15.5,15.5,15.5,1,0
ATA,5,20251003,114500,15.5,15.5,15.5,15.5,100,0
ATA,5,20251003,122000,15.5,15.5,15.5,15.5,195,0
ATA,5,20251003,125000,15.65,15.65,15.65,15.65,20,0
ATA,5,20251003,140500,15.65,15.65,15.65,15.65,1,0
ATA,5,20251003,161500,15.65,15.65,15.65,15.65,2,0
ATA,5,20251006,090000,15.85,15.9,15.85,15.85,65,0
ATA,5,20251006,090500,15.85,15.9,15.85,15.9,47,0
ATA,5,20251006,091000,15.85,15.9,15.85,15.9,201,0
ATA,5,20251006,092500,15.85,15.9,15.85,15.9,451,0
ATA,5,20251006,093500,15.95,15.95,15.95,15.95,553,0
ATA,5,20251006,110500,15.8,15.8,15.75,15.75,2,0
ATA,5,20251006,113000,15.5,15.5,15.5,15.5,2,0
ATA,5,20251006,141000,15.75,15.75,15.75,15.75,6,0
ATA,5,20251006,152500,15.75,15.75,15.75,15.75,200,0
ATA,5,20251007,090000,15.95,15.95,15.95,15.95,250,0
ATA,5,20251007,100000,15.65,15.65,15.65,15.65,25,0
ATA,5,20251007,101000,15.65,15.65,15.6,15.6,60,0
ATA,5,20251007,104000,15.85,15.85,15.85,15.85,3,0
ATA,5,20251007,105500,15.85,15.85,15.85,15.85,6,0
ATA,5,20251007,120500,15.8,15.8,15.8,15.8,18,0
ATA,5,20251007,123000,15.8,15.8,15.5,15.5,287,0
ATA,5,20251007,151000,15.8,15.8,15.8,15.8,1,0
ATA,5,20251007,160500,15.55,15.55,15.55,15.55,2,0
ATA,5,20251007,161000,15.8,15.8,15.8,15.8,6,0
ATA,5,20251007,161500,15.8,15.8,15.8,15.8,2,0
ATA,5,20251007,163500,15.5,15.5,15.5,15.5,1,0
ATA,5,20251008,090000,15.55,15.55,15.55,15.55,1,0
ATA,5,20251008,150500,15.5,15.5,15.5,15.5,6,0
ATA,5,20251008,151500,15.5,15.5,15.5,15.5,68,0
ATA,5,20251008,164000,15.5,15.5,15.5,15.5,6,0
ATA,5,20251008,164500,15.5,15.5,15.5,15.5,100,0
ATA,5,20251009,094500,15.5,15.5,15.5,15.5,1,0
ATA,5,20251009,095500,15.5,15.5,15.5,15.5,98,0
ATA,5,20251009,102500,15.5,15.5,15.5,15.5,2,0
ATA,5,20251009,120000,15.85,15.85,15.85,15.85,9,0
ATA,5,20251009,125000,15.8,15.8,15.8,15.8,2,0
ATA,5,20251009,131000,15.8,15.8,15.8,15.8,10,0
ATA,5,20251009,155000,15.6,15.6,15.6,15.6,2,0
ATA,5,20251009,155500,15.75,15.75,15.75,15.75,100,0
ATA,5,20251010,100000,15.75,15.75,15.75,15.75,3,0
ATA,5,20251010,102000,15.6,15.6,15.6,15.6,1,0
ATA,5,20251010,103500,15.7,15.7,15.6,15.6,133,0
ATA,5,20251010,120500,15.6,15.6,15.6,15.6,4,0
ATA,5,20251010,122000,15.6,15.6,15.6,15.6,14,0
ATA,5,20251010,130500,15.65,15.65,15.65,15.65,2,0
ATA,5,20251010,143000,15.65,15.65,15.65,15.65,155,0
ATA,5,20251010,150000,15.65,15.65,15.65,15.65,1,0
ATA,5,20251010,160000,15.6,15.6,15.6,15.6,2,0
ATA,5,20251010,160500,15.6,15.6,15.6,15.6,161,0
ATA,5,20251010,163000,15.75,15.75,15.75,15.75,1,0
ATA,5,20251010,163500,15.75,15.75,15.75,15.75,304,0
ATA,5,20251013,122000,15.7,15.7,15.7,15.7,25,0
ATA,5,20251013,132500,15.7,15.7,15.7,15.7,1,0
ATA,5,20251013,140500,15.7,15.7,15.7,15.7,1,0
ATA,5,20251013,153000,15.55,15.55,15.55,15.55,1,0
ATA,5,20251014,110500,15.6,15.6,15.6,15.6,100,0
ATA,5,20251014,112000,15.7,15.7,15.7,15.7,40,0
ATA,5,20251014,141500,15.6,15.6,15.6,15.6,644,0
ATA,5,20251014,151000,15.55,15.55,15.55,15.55,2,0
ATA,5,20251014,164500,15.55,15.55,15.55,15.55,64,0
ATA,5,20251015,093000,15.55,15.55,15.55,15.55,2,0
ATA,5,20251015,115500,15.5,15.5,15.5,15.5,50,0
ATA,5,20251015,120000,15.5,15.5,15.5,15.5,507,0
ATA,5,20251015,122000,15.45,15.45,15.4,15.4,598,0
ATA,5,20251015,131500,15.65,15.65,15.65,15.65,50,0
ATA,5,20251015,132000,15.65,15.65,15.65,15.65,57,0
ATA,5,20251015,155500,15.5,15.5,15.5,15.5,1,0
ATA,5,20251015,160000,15.5,15.5,15.5,15.5,100,0
ATA,5,20251016,090000,15.7,15.7,15.7,15.7,3,0
ATA,5,20251016,105500,15.65,15.65,15.65,15.65,8,0
ATA,5,20251016,114000,15.65,16,15.65,16,3706,0
ATA,5,20251016,114500,16,16.05,16,16.05,470,0
ATA,5,20251016,115000,16,16,16,16,103,0
ATA,5,20251016,115500,16,16,16,16,78,0
ATA,5,20251016,120000,16,16,16,16,48,0
ATA,5,20251016,123000,15.7,15.7,15.7,15.7,35,0
ATA,5,20251016,124000,15.65,15.65,15.65,15.65,4,0
ATA,5,20251016,130000,15.65,16.15,15.65,16.1,3000,0
ATA,5,20251016,134500,15.95,15.95,15.95,15.95,2,0
ATA,5,20251016,145500,15.9,15.9,15.9,15.9,4,0
ATA,5,20251017,090000,15.9,15.9,15.9,15.9,1,0
ATA,5,20251017,090500,15.9,15.9,15.9,15.9,5,0
ATA,5,20251017,092000,15.7,15.7,15.7,15.7,65,0
ATA,5,20251017,093000,16,16,16,16,307,0
ATA,5,20251017,095500,15.9,15.9,15.9,15.9,1,0
ATA,5,20251017,104000,15.7,15.7,15.7,15.7,50,0
ATA,5,20251017,112000,15.7,15.7,15.7,15.7,14,0
ATA,5,20251017,112500,15.7,15.7,15.7,15.7,50,0
ATA,5,20251017,114000,15.7,15.7,15.7,15.7,4,0
ATA,5,20251017,120000,15.7,15.7,15.7,15.7,400,0
ATA,5,20251017,121500,15.7,15.7,15.7,15.7,240,0
ATA,5,20251017,130000,15.65,15.65,15.4,15.45,200,0
ATA,5,20251017,132000,15.7,15.7,15.7,15.7,1,0
ATA,5,20251017,150500,15.7,15.9,15.7,15.9,109,0
ATA,5,20251017,151000,15.8,15.8,15.8,15.8,1,0
ATA,5,20251017,160500,15.5,15.5,15.5,15.5,1,0
ATA,5,20251017,161500,15.5,15.5,15.5,15.5,6,0
ATA,5,20251020,090000,15.85,15.85,15.85,15.85,471,0
ATA,5,20251020,090500,15.85,15.85,15.5,15.5,555,0
ATA,5,20251020,105500,15.85,15.85,15.85,15.85,5,0
ATA,5,20251020,111500,15.85,15.85,15.85,15.85,2,0
ATA,5,20251020,114000,15.85,15.95,15.85,15.95,150,0
ATA,5,20251020,115500,15.95,15.95,15.95,15.95,100,0
ATA,5,20251020,124000,15.8,15.8,15.8,15.8,90,0
ATA,5,20251020,132000,15.65,15.65,15.6,15.6,9,0
ATA,5,20251020,142000,15.6,15.6,15.6,15.6,270,0
ATA,5,20251020,151500,15.9,15.9,15.9,15.9,31,0
ATA,5,20251020,155000,15.6,15.6,15.6,15.6,2,0
ATA,5,20251020,155500,15.9,15.9,15.9,15.9,69,0
ATA,5,20251020,160000,15.95,15.95,15.95,15.95,89,0
ATA,5,20251021,090500,15.85,15.85,15.85,15.85,25,0
ATA,5,20251021,095000,15.85,15.85,15.85,15.85,6,0
ATA,5,20251021,101000,15.85,15.85,15.85,15.85,59,0
ATA,5,20251021,101500,15.85,15.85,15.85,15.85,66,0
ATA,5,20251021,105500,15.85,15.85,15.85,15.85,10,0
ATA,5,20251021,110000,15.7,15.7,15.7,15.7,3,0
ATA,5,20251021,122500,15.85,15.9,15.85,15.9,860,0
ATA,5,20251021,123000,15.95,15.95,15.7,15.7,54,0
ATA,5,20251021,130000,15.7,15.7,15.7,15.7,29,0
ATA,5,20251021,140000,15.95,15.95,15.95,15.95,15,0
ATA,5,20251021,142500,15.8,15.8,15.8,15.8,39,0
ATA,5,20251021,145500,15.8,15.8,15.8,15.8,161,0
ATA,5,20251021,155000,15.7,15.7,15.7,15.7,2,0
ATA,5,20251022,090000,15.9,15.9,15.9,15.9,33,0
ATA,5,20251022,101500,15.9,15.95,15.9,15.95,35,0
ATA,5,20251022,121000,15.85,15.85,15.85,15.85,100,0
ATA,5,20251022,122000,15.95,15.95,15.95,15.95,3,0
ATA,5,20251022,123500,15.85,15.85,15.85,15.85,35,0
ATA,5,20251022,131500,15.85,15.85,15.85,15.85,16,0
ATA,5,20251022,134500,15.95,15.95,15.95,15.95,2,0
ATA,5,20251022,143000,15.95,15.95,15.95,15.95,74,0
ATA,5,20251022,152500,15.95,16,15.95,16,173,0
ATA,5,20251022,155000,15.85,15.85,15.85,15.85,2,0
ATA,5,20251023,090000,15.95,15.95,15.95,15.95,35,0
ATA,5,20251023,091500,15.95,16.15,15.95,16,200,0
ATA,5,20251023,092000,16.1,16.2,16.1,16.2,600,0
ATA,5,20251023,092500,16.2,16.2,16.2,16.2,500,0
ATA,5,20251023,093500,16.15,16.2,16.15,16.2,500,0
ATA,5,20251023,104000,15.85,15.85,15.85,15.85,1,0
ATA,5,20251023,110000,15.85,15.85,15.85,15.85,100,0
ATA,5,20251023,114000,16.1,16.1,16.1,16.1,3,0
ATA,5,20251023,115000,16.1,16.1,16.1,16.1,18,0
ATA,5,20251023,124000,16.1,16.2,16.1,16.2,200,0
ATA,5,20251023,134500,16.2,16.2,16.2,16.2,150,0
ATA,5,20251023,144500,16.2,16.2,16.2,16.2,30,0
ATA,5,20251023,151500,15.95,15.95,15.95,15.95,1,0
ATA,5,20251024,090000,15.8,16.1,15.8,16.1,80,0
ATA,5,20251024,091000,16.1,16.1,16.1,16.1,2,0
ATA,5,20251024,095500,16.05,16.05,16.05,16.05,61,0
ATA,5,20251024,115000,16.05,16.05,16.05,16.05,101,0
ATA,5,20251024,141000,16.05,16.05,16.05,16.05,3,0
ATA,5,20251024,141500,16,16,16,16,20,0
ATA,5,20251024,151000,16,16,16,16,1,0
ATA,5,20251024,153500,16,16,16,16,106,0
ATA,5,20251027,090000,16,16,16,16,35,0
ATA,5,20251027,092000,16,16,16,16,50,0
ATA,5,20251027,113000,15.85,15.85,15.85,15.85,4,0
ATA,5,20251027,134500,15.95,15.95,15.95,15.95,1,0
ATA,5,20251027,143000,15.85,15.85,15.85,15.85,1,0
ATA,5,20251027,143500,15.85,15.85,15.85,15.85,50,0
ATA,5,20251027,153000,15.95,16,15.95,16,5,0
ATA,5,20251027,153500,16,16,16,16,3,0
ATA,5,20251027,155500,15.85,15.85,15.85,15.85,130,0
ATA,5,20251028,090000,16,16,16,16,1,0
ATA,5,20251028,095500,16,16,16,16,200,0
ATA,5,20251028,105000,15.95,15.95,15.95,15.95,350,0
ATA,5,20251028,112500,15.95,15.95,15.95,15.95,15,0
ATA,5,20251028,144000,15.95,15.95,15.95,15.95,1,0
ATA,5,20251028,155500,15.85,15.85,15.65,15.65,245,0
ATA,5,20251028,160000,15.9,15.9,15.9,15.9,118,0
ATA,5,20251028,161000,15.95,15.95,15.95,15.95,1,0
ATA,5,20251029,090000,15.7,15.7,15.7,15.7,70,0
ATA,5,20251029,092000,15.95,15.95,15.95,15.95,1,0
ATA,5,20251029,110000,15.7,15.7,15.7,15.7,225,0
ATA,5,20251029,113500,15.9,15.9,15.9,15.9,3,0
ATA,5,20251029,124500,15.8,15.8,15.6,15.6,140,0
ATA,5,20251029,130000,15.9,15.9,15.6,15.6,4,0
ATA,5,20251029,133000,15.9,15.9,15.9,15.9,6,0
ATA,5,20251029,135000,15.8,15.8,15.5,15.5,245,0
ATA,5,20251029,140000,15.9,16,15.9,15.95,314,0
ATA,5,20251029,141500,15.55,15.55,15.55,15.55,1,0
ATA,5,20251029,155000,15.95,15.95,15.95,15.95,100,0
ATA,5,20251030,090000,15.45,15.45,15.45,15.45,600,0
ATA,5,20251030,091000,15.65,15.65,15.6,15.6,100,0
ATA,5,20251030,094500,15.6,15.6,15.6,15.6,215,0
ATA,5,20251030,105500,15.9,15.9,15.9,15.9,11,0
ATA,5,20251030,110000,15.9,15.9,15.9,15.9,22,0
ATA,5,20251030,114500,15.9,15.9,15.9,15.9,1,0
ATA,5,20251030,124000,15.7,15.7,15.55,15.55,150,0
ATA,5,20251030,125500,15.85,15.85,15.85,15.85,10,0
ATA,5,20251030,135000,15.85,15.85,15.85,15.85,15,0
ATA,5,20251030,140500,15.85,15.85,15.85,15.85,3,0
ATA,5,20251030,143500,15.9,15.9,15.9,15.9,19,0
ATA,5,20251030,144000,15.85,15.85,15.85,15.85,89,0
ATA,5,20251031,090000,15.9,15.9,15.9,15.9,19,0
ATA,5,20251031,090500,15.9,15.9,15.55,15.55,98,0
ATA,5,20251031,101500,15.8,15.8,15.8,15.8,1,0
ATA,5,20251031,121000,15.8,15.8,15.8,15.8,52,0
ATA,5,20251103,090000,15.6,15.6,15.6,15.6,30,0
ATA,5,20251103,092000,15.8,15.8,15.8,15.8,30,0
ATA,5,20251103,101000,15.8,15.8,15.8,15.8,10,0
ATA,5,20251103,122000,15.8,15.8,15.8,15.8,5,0
ATA,5,20251103,124000,15.8,15.8,15.8,15.8,1,0
ATA,5,20251103,125000,15.8,15.8,15.8,15.8,3,0
ATA,5,20251104,090000,15.8,15.8,15.8,15.8,70,0
ATA,5,20251104,101000,15.6,15.6,15.6,15.6,47,0
ATA,5,20251104,113000,15.6,15.6,15.6,15.6,115,0
ATA,5,20251104,121500,15.8,15.8,15.8,15.8,60,0
ATA,5,20251104,122000,15.8,15.8,15.8,15.8,100,0
ATA,5,20251104,134000,15.6,15.6,15.6,15.6,25,0
ATA,5,20251104,155500,15.65,15.65,15.5,15.5,934,0
ATA,5,20251105,092000,15.55,15.55,15.5,15.5,500,0
ATA,5,20251105,104500,15.75,15.75,15.75,15.75,6,0
ATA,5,20251105,113500,15.75,15.75,15.75,15.75,44,0
ATA,5,20251105,115000,15.75,15.75,15.75,15.75,150,0
ATA,5,20251105,121000,15.75,15.75,15.5,15.5,476,0
ATA,5,20251105,121500,15.5,15.85,15.5,15.85,100,0
ATA,5,20251105,122500,15.85,15.85,15.85,15.85,50,0
ATA,5,20251105,140500,15.5,15.5,15.45,15.45,1000,0
ATA,5,20251105,141500,15.8,15.8,15.8,15.8,50,0
ATA,5,20251105,142000,15.7,15.7,15.7,15.7,110,0
ATA,5,20251105,153000,15.8,15.8,15.8,15.8,3,0
ATA,5,20251105,154500,15.8,15.8,15.8,15.8,20,0
ATA,5,20251106,090000,15.55,15.8,15.55,15.8,100,0
ATA,5,20251106,092000,15.8,15.8,15.8,15.8,10,0
ATA,5,20251106,092500,15.8,15.8,15.8,15.8,10,0
ATA,5,20251106,093000,15.85,15.85,15.8,15.8,50,0
ATA,5,20251106,094000,15.75,15.85,15.75,15.85,39,0
ATA,5,20251106,095000,15.85,15.85,15.85,15.85,25,0
ATA,5,20251106,120000,15.85,15.9,15.85,15.9,117,0
ATA,5,20251106,123500,15.85,15.85,15.85,15.85,2,0
ATA,5,20251106,145500,15.7,15.85,15.7,15.85,14,0
ATA,5,20251106,151000,15.85,15.85,15.85,15.85,30,0
ATA,5,20251106,151500,15.85,15.85,15.85,15.85,6,0
ATA,5,20251107,090000,15.8,15.85,15.8,15.85,91,0
ATA,5,20251107,090500,15.85,15.85,15.85,15.85,106,0
ATA,5,20251107,091000,15.85,15.85,15.85,15.85,6,0
ATA,5,20251107,102000,15.85,15.85,15.85,15.85,13,0
ATA,5,20251107,145500,15.85,15.85,15.85,15.85,13,0
ATA,5,20251107,152500,15.85,15.85,15.85,15.85,13,0
ATA,5,20251107,160500,15.65,15.65,15.65,15.65,2,0
ATA,5,20251107,163500,15.85,15.85,15.85,15.85,1,0
ATA,5,20251110,090000,15.85,15.9,15.85,15.9,82,0
ATA,5,20251110,090500,15.9,15.9,15.9,15.9,700,0
ATA,5,20251110,094000,15.7,15.7,15.7,15.7,41,0
ATA,5,20251110,100500,15.9,15.9,15.7,15.7,17,0
ATA,5,20251110,103000,15.85,15.85,15.85,15.85,25,0
ATA,5,20251110,111500,15.85,15.85,15.85,15.85,950,0
ATA,5,20251110,123500,15.9,15.9,15.9,15.9,8,0
ATA,5,20251110,131500,15.9,15.95,15.9,15.95,100,0
ATA,5,20251110,132500,15.95,15.95,15.95,15.95,81,0
ATA,5,20251110,140000,15.8,15.8,15.8,15.8,400,0
ATA,5,20251110,145500,15.95,15.95,15.95,15.95,7,0
ATA,5,20251110,160500,15.8,15.8,15.8,15.8,1,0
ATA,5,20251110,163000,15.8,15.8,15.8,15.8,90,0
ATA,5,20251110,164500,15.95,15.95,15.95,15.95,450,0
ATA,5,20251112,090000,15.95,15.95,15.95,15.95,69,0
ATA,5,20251112,090500,15.95,15.95,15.95,15.95,40,0
ATA,5,20251112,093000,15.95,15.95,15.95,15.95,31,0
ATA,5,20251112,101000,15.95,15.95,15.95,15.95,200,0
ATA,5,20251112,112500,15.9,15.95,15.9,15.95,60,0
ATA,5,20251112,113500,15.85,15.95,15.8,15.95,202,0
ATA,5,20251112,114000,15.7,15.7,15.5,15.5,1801,0
ATA,5,20251112,114500,15.5,15.85,15.4,15.85,340,0
ATA,5,20251112,115500,15.5,15.5,15.5,15.5,51,0
ATA,5,20251112,120000,15.45,15.45,15.45,15.45,74,0
ATA,5,20251112,120500,15.85,15.85,15.85,15.85,50,0
ATA,5,20251112,122500,15.5,15.5,15.5,15.5,3,0
ATA,5,20251112,124000,15.85,15.85,15.85,15.85,2,0
ATA,5,20251112,130000,15.7,15.7,15.4,15.4,249,0
ATA,5,20251112,133500,15.45,15.45,15.4,15.4,293,0
ATA,5,20251112,134500,15.4,15.4,15.4,15.4,304,0
ATA,5,20251112,143000,15.4,15.4,15.4,15.4,379,0
ATA,5,20251112,143500,15.35,15.35,15.2,15.2,318,0
ATA,5,20251112,144000,15.25,15.25,15.25,15.25,6,0
ATA,5,20251112,144500,15.2,15.2,14.8,14.8,2611,0
ATA,5,20251112,145000,14.85,14.85,14.85,14.85,31,0
ATA,5,20251112,153500,15.55,15.55,15.55,15.55,1,0
ATA,5,20251112,154500,15.3,15.3,15.25,15.25,40,0
ATA,5,20251112,160000,15.25,15.25,14.95,14.95,1000,0
ATA,5,20251112,160500,14.95,14.95,14.8,14.85,650,0
ATA,5,20251112,161500,15.45,15.45,15.4,15.45,37,0
ATA,5,20251112,162000,15.5,15.5,15.5,15.5,2,0
ATA,5,20251112,163000,15.5,15.5,15.5,15.5,12,0
ATA,5,20251112,164000,15.5,15.55,15.5,15.55,200,0
ATA,5,20251113,092500,15.3,15.3,15.3,15.3,30,0
ATA,5,20251113,093500,15.3,15.3,15.3,15.3,50,0
ATA,5,20251113,094000,15.3,15.3,15.3,15.3,6,0
ATA,5,20251113,095000,15.3,15.3,15.3,15.3,5,0
ATA,5,20251113,110500,15.2,15.2,15.2,15.2,368,0
ATA,5,20251113,111500,15.2,15.2,15.2,15.2,33,0
ATA,5,20251113,112000,15.1,15.1,15,15,640,0
ATA,5,20251113,120500,15.2,15.2,15.2,15.2,20,0
ATA,5,20251113,123000,15,15,14.95,15,183,0
ATA,5,20251113,133500,14.9,14.9,14.9,14.9,596,0
ATA,5,20251113,134500,15.15,15.15,15.15,15.15,3,0
ATA,5,20251113,140500,14.95,14.95,14.9,14.9,20,0
ATA,5,20251113,153000,15.1,15.1,14.9,14.9,232,0
ATA,5,20251113,154500,14.9,14.9,14.9,14.9,18,0
ATA,5,20251113,160000,15.15,15.15,15.15,15.15,1,0
ATA,5,20251113,162000,15.15,15.15,15.15,15.15,8,0
ATA,5,20251114,090500,14.9,14.9,14.85,14.85,300,0
ATA,5,20251114,093000,14.85,15.05,14.85,15.05,79,0
ATA,5,20251114,113000,14.85,14.85,14.85,14.85,147,0
ATA,5,20251114,115500,14.85,15.15,14.85,15.15,70,0
ATA,5,20251114,120000,15.15,15.15,15.15,15.15,1,0
ATA,5,20251114,134000,15.15,15.15,15.15,15.15,4,0
ATA,5,20251114,141500,15.15,15.15,15.15,15.15,15,0
ATA,5,20251114,154500,15.15,15.15,15.15,15.15,7,0
ATA,5,20251114,162500,14.9,14.9,14.9,14.9,1,0
ATA,5,20251114,163500,15,15,15,15,200,0
ATA,5,20251114,164000,15,15,15,15,47,0
ATA,5,20251117,090500,14.95,14.95,14.95,14.95,2,0
ATA,5,20251117,092500,14.95,14.95,14.95,14.95,5,0
ATA,5,20251117,095000,14.9,14.9,14.85,14.85,200,0
ATA,5,20251117,095500,14.85,14.85,14.85,14.85,36,0
ATA,5,20251117,102500,14.85,14.85,14.85,14.85,135,0
ATA,5,20251117,110500,14.95,14.95,14.95,14.95,1,0
ATA,5,20251117,114000,14.95,15,14.95,15,33,0
ATA,5,20251117,122000,15,15,15,15,201,0
ATA,5,20251117,143000,14.95,14.95,14.95,14.95,33,0
ATA,5,20251117,144000,14.95,14.95,14.95,14.95,1,0
ATA,5,20251117,145000,14.85,14.85,14.85,14.85,25,0
ATA,5,20251117,162000,14.95,15,14.95,15,487,0
ATA,5,20251117,162500,15.15,15.45,15.15,15.45,500,0
ATA,5,20251117,163500,15.4,15.4,15.4,15.4,50,0
ATA,5,20251117,164000,15.3,15.3,15.3,15.3,100,0
ATA,5,20251117,164500,15.4,15.4,15.4,15.4,50,0
ATA,5,20251118,090000,15.4,15.4,15.4,15.4,236,0
ATA,5,20251118,093000,15.4,15.4,15.4,15.4,2,0
ATA,5,20251118,094500,15.3,15.3,15.25,15.25,18,0
ATA,5,20251118,101000,15.4,15.4,15.4,15.4,5,0
ATA,5,20251118,101500,15.4,15.4,15.4,15.4,99,0
ATA,5,20251118,102000,15.45,15.5,15.45,15.5,407,0
ATA,5,20251118,102500,15.45,15.45,15.45,15.45,9,0
ATA,5,20251118,103000,15.5,15.5,15.5,15.5,5,0
ATA,5,20251118,105500,15.45,15.45,15.45,15.45,15,0
ATA,5,20251118,111000,15.45,15.45,15.45,15.45,67,0
ATA,5,20251118,111500,15.5,15.5,15.5,15.5,174,0
ATA,5,20251118,113500,15.5,15.5,15.5,15.5,2,0
ATA,5,20251118,121000,15.5,15.6,15.5,15.6,111,0
ATA,5,20251118,123000,15.55,15.6,15.55,15.6,79,0
ATA,5,20251118,142500,15.5,15.5,15.5,15.5,23,0
ATA,5,20251118,161000,15.4,15.4,15.4,15.4,1,0
ATA,5,20251118,163000,15.5,15.5,15.5,15.5,199,0
ATA,5,20251118,164500,15.5,15.5,15.5,15.5,1,0
ATA,5,20251119,090500,15.45,15.45,15.05,15.05,2,0
ATA,5,20251119,094000,15.55,15.6,15.55,15.6,32,0
ATA,5,20251119,095500,15.65,15.65,15.65,15.65,1,0
ATA,5,20251119,140000,15.5,15.5,15.5,15.5,5,0
ATA,5,20251119,145500,15.5,15.5,15.5,15.5,7,0
ATA,5,20251119,153000,15.5,15.5,15.5,15.5,43,0
ATA,5,20251119,164000,15.4,15.4,15.4,15.4,1,0
ATA,5,20251120,090000,15.1,15.1,15.1,15.1,1,0
ATA,5,20251120,095000,15.25,15.25,14.85,14.85,800,0
ATA,5,20251120,095500,14.85,14.85,14.85,14.85,400,0
ATA,5,20251120,104500,15.1,15.1,15.1,15.1,3,0
ATA,5,20251120,121500,15.1,15.1,15.1,15.1,25,0
ATA,5,20251120,163500,15.1,15.1,15.1,15.1,2,0
ATA,5,20251120,164000,15,15,14.9,14.9,13,0
ATA,5,20251120,164500,15.2,15.2,14.9,14.9,49,0
ATA,5,20251121,094000,14.95,14.95,14.9,14.9,2,0
ATA,5,20251121,111500,14.9,14.9,14.9,14.9,116,0
ATA,5,20251121,113000,15,15,15,15,50,0
ATA,5,20251121,144500,15,15,15,15,130,0
ATA,5,20251121,153000,15,15,15,15,1,0
ATA,5,20251124,090000,15.15,15.15,15.15,15.15,150,0
ATA,5,20251124,092000,15.2,15.2,15.2,15.2,1,0
ATA,5,20251124,103500,15.2,15.2,15.2,15.2,1,0
ATA,5,20251124,140500,15.2,15.45,15.2,15.45,330,0
ATA,5,20251124,160500,15.15,15.15,15.1,15.1,26,0
ATA,5,20251124,164500,15.4,15.4,15.4,15.4,12,0
ATA,5,20251125,114000,15.1,15.1,15.1,15.1,1,0
ATA,5,20251125,121000,15.4,15.4,15.4,15.4,32,0
ATA,5,20251125,135500,15.1,15.1,15.1,15.1,20,0
ATA,5,20251125,162500,15.4,15.45,15.4,15.45,57,0
ATA,5,20251125,164500,15.2,15.2,15.2,15.2,36,0
ATA,5,20251126,110500,15.2,15.2,15.1,15.1,11,0
ATA,5,20251126,154000,15.25,15.25,15.25,15.25,17,0
ATA,5,20251126,163500,15.25,15.25,15.25,15.25,3,0
ATA,5,20251127,102500,15.2,15.2,15.2,15.2,1,0
ATA,5,20251127,162000,15.1,15.1,15.1,15.1,1,0
ATA,5,20251128,104000,15.2,15.2,15.2,15.2,32,0
ATA,5,20251128,142000,15.1,15.1,15.1,15.1,120,0
ATA,5,20251128,144000,15.1,15.1,15.1,15.1,1,0
ATA,5,20251201,090000,15.1,15.1,15.1,15.1,56,0
ATA,5,20251201,091500,15.1,15.1,15.1,15.1,50,0
ATA,5,20251201,093000,15.1,15.1,15.1,15.1,2,0
ATA,5,20251201,101000,15.1,15.1,15.1,15.1,2,0
ATA,5,20251201,135000,15.1,15.1,15.1,15.1,5,0
ATA,5,20251201,141500,15.1,15.1,15.1,15.1,100,0
ATA,5,20251201,142000,15,15,15,15,33,0
ATA,5,20251201,144000,15.1,15.1,15.1,15.1,5,0
ATA,5,20251201,152000,15.1,15.1,15.1,15.1,4,0
ATA,5,20251201,161500,15.1,15.1,15,15,101,0
ATA,5,20251202,104000,15.2,15.2,15.2,15.2,10,0
ATA,5,20251202,155000,15.05,15.05,15.05,15.05,1,0
