<TICKER>,<PER>,<DATE>,<TIME>,<OPEN>,<HIGH>,<LOW>,<CLOSE>,<VOL>,<OPENINT>
SIN,5,20250707,103500,0.0638,0.0638,0.0638,0.0638,160,0
SIN,5,20250707,110000,0.06,0.06,0.06,0.06,1000,0
SIN,5,20250707,112500,0.0638,0.0638,0.0638,0.0638,10,0
SIN,5,20250708,090000,0.0638,0.0638,0.0638,0.0638,1000,0
SIN,5,20250708,090500,0.0638,0.0638,0.0638,0.0638,1000,0
SIN,5,20250708,092000,0.057,0.057,0.057,0.057,2000,0
SIN,5,20250708,092500,0.0638,0.0638,0.0628,0.0628,370,0
SIN,5,20250708,102500,0.0618,0.0618,0.0618,0.0618,200,0
SIN,5,20250708,160000,0.0618,0.062,0.0618,0.0618,40000,0
SIN,5,20250708,164500,0.062,0.065,0.0572,0.0572,4510,0
SIN,5,20250709,090000,0.065,0.065,0.065,0.065,250,0
SIN,5,20250709,094500,0.06,0.06,0.06,0.06,1000,0
SIN,5,20250709,100000,0.0572,0.0572,0.0572,0.0572,482,0
SIN,5,20250709,100500,0.06,0.06,0.06,0.06,6000,0
SIN,5,20250709,102000,0.06,0.06,0.06,0.06,3000,0
SIN,5,20250709,102500,0.0648,0.0648,0.0648,0.0648,200,0
SIN,5,20250709,110000,0.0648,0.0648,0.0648,0.0648,200,0
SIN,5,20250709,113000,0.064,0.0648,0.064,0.0648,2732,0
SIN,5,20250709,115500,0.06,0.06,0.06,0.06,11518,0
SIN,5,20250709,120000,0.058,0.058,0.058,0.058,15000,0
SIN,5,20250709,121000,0.06,0.06,0.06,0.06,100,0
SIN,5,20250709,121500,0.06,0.06,0.06,0.06,20000,0
SIN,5,20250709,122500,0.06,0.06,0.0572,0.0572,35498,0
SIN,5,20250709,125500,0.06,0.06,0.06,0.06,100,0
SIN,5,20250709,133500,0.06,0.0644,0.06,0.0644,14000,0
SIN,5,20250709,143500,0.0638,0.0638,0.0638,0.0638,200,0
SIN,5,20250709,150000,0.0576,0.0576,0.0576,0.0576,200,0
SIN,5,20250709,151000,0.0644,0.0644,0.0644,0.0644,1,0
SIN,5,20250710,123000,0.0644,0.0644,0.0644,0.0644,1473,0
SIN,5,20250710,143000,0.0644,0.0644,0.0644,0.0644,1000,0
SIN,5,20250711,112000,0.0644,0.067,0.0644,0.067,83223,0
SIN,5,20250711,112500,0.067,0.067,0.067,0.067,45000,0
SIN,5,20250711,121000,0.067,0.067,0.067,0.067,5000,0
SIN,5,20250711,124000,0.067,0.067,0.067,0.067,5000,0
SIN,5,20250711,150000,0.06,0.07,0.06,0.07,4050,0
SIN,5,20250711,151500,0.07,0.07,0.07,0.07,10000,0
SIN,5,20250711,160000,0.06,0.07,0.06,0.07,35000,0
SIN,5,20250711,160500,0.07,0.07,0.07,0.07,2000,0
SIN,5,20250714,090000,0.067,0.067,0.066,0.066,37000,0
SIN,5,20250714,090500,0.067,0.067,0.067,0.067,10,0
SIN,5,20250714,092000,0.067,0.067,0.067,0.067,5000,0
SIN,5,20250714,095000,0.067,0.067,0.067,0.067,16000,0
SIN,5,20250714,100000,0.067,0.067,0.067,0.067,20000,0
SIN,5,20250714,100500,0.067,0.072,0.067,0.072,170000,0
SIN,5,20250714,101000,0.072,0.072,0.072,0.072,10000,0
SIN,5,20250714,102000,0.068,0.068,0.068,0.068,48000,0
SIN,5,20250714,102500,0.064,0.072,0.064,0.072,71887,0
SIN,5,20250714,103500,0.072,0.0728,0.072,0.0728,51537,0
SIN,5,20250714,104000,0.073,0.073,0.072,0.072,23868,0
SIN,5,20250714,105500,0.0614,0.0714,0.061,0.0622,79001,0
SIN,5,20250714,110000,0.0714,0.073,0.0714,0.073,49999,0
SIN,5,20250714,110500,0.0728,0.073,0.0714,0.0714,40006,0
SIN,5,20250714,111000,0.0724,0.0724,0.0724,0.0724,1353,0
SIN,5,20250714,112000,0.0628,0.0718,0.0628,0.063,4001,0
SIN,5,20250714,113000,0.0716,0.0716,0.0716,0.0716,1,0
SIN,5,20250714,113500,0.0716,0.0718,0.0716,0.0718,2500,0
SIN,5,20250714,121000,0.0718,0.072,0.0718,0.072,9140,0
SIN,5,20250714,123000,0.0652,0.0652,0.0652,0.0652,600,0
SIN,5,20250714,123500,0.071,0.071,0.071,0.071,2,0
SIN,5,20250714,130500,0.071,0.071,0.071,0.071,1401,0
SIN,5,20250714,145000,0.066,0.0698,0.066,0.0698,10001,0
SIN,5,20250714,152500,0.0642,0.07,0.0642,0.07,7730,0
SIN,5,20250714,161500,0.067,0.067,0.067,0.067,20000,0
SIN,5,20250714,162000,0.066,0.07,0.066,0.07,15856,0
SIN,5,20250714,164500,0.07,0.07,0.07,0.07,2000,0
SIN,5,20250715,090000,0.071,0.071,0.069,0.069,27541,0
SIN,5,20250715,090500,0.064,0.069,0.064,0.064,1280,0
SIN,5,20250715,091500,0.069,0.069,0.069,0.069,180,0
SIN,5,20250715,095000,0.069,0.069,0.069,0.069,8000,0
SIN,5,20250715,102000,0.068,0.068,0.068,0.068,3068,0
SIN,5,20250715,112000,0.068,0.068,0.068,0.068,7264,0
SIN,5,20250715,114500,0.068,0.068,0.068,0.068,4965,0
SIN,5,20250715,132500,0.068,0.068,0.068,0.068,3000,0
SIN,5,20250715,143500,0.065,0.065,0.065,0.065,8000,0
SIN,5,20250715,144000,0.064,0.068,0.0618,0.068,25963,0
SIN,5,20250715,161500,0.0622,0.0622,0.06,0.06,49474,0
SIN,5,20250715,162000,0.06,0.06,0.06,0.06,526,0
SIN,5,20250715,162500,0.06,0.06,0.06,0.06,1000,0
SIN,5,20250715,164500,0.063,0.067,0.063,0.067,13674,0
SIN,5,20250716,090000,0.0666,0.0698,0.0666,0.0698,10800,0
SIN,5,20250716,110500,0.067,0.067,0.067,0.067,1000,0
SIN,5,20250716,125500,0.067,0.067,0.067,0.067,157,0
SIN,5,20250716,150500,0.0668,0.0668,0.0668,0.0668,1000,0
SIN,5,20250716,164000,0.0606,0.0666,0.0606,0.0666,8000,0
SIN,5,20250717,090000,0.0688,0.0692,0.0688,0.0692,13800,0
SIN,5,20250717,090500,0.0692,0.0694,0.0692,0.0694,10000,0
SIN,5,20250717,091000,0.07,0.07,0.07,0.07,7,0
SIN,5,20250717,092500,0.0612,0.0688,0.0604,0.0688,30100,0
SIN,5,20250717,100500,0.061,0.061,0.061,0.061,12000,0
SIN,5,20250717,102000,0.0686,0.0686,0.0686,0.0686,30,0
SIN,5,20250717,122000,0.0686,0.0686,0.0686,0.0686,866,0
SIN,5,20250717,164000,0.061,0.061,0.061,0.061,7156,0
SIN,5,20250717,164500,0.067,0.067,0.067,0.067,1550,0
SIN,5,20250718,090000,0.066,0.066,0.066,0.066,10000,0
SIN,5,20250718,091500,0.066,0.066,0.066,0.066,9998,0
SIN,5,20250718,092000,0.0668,0.0668,0.0668,0.0668,39993,0
SIN,5,20250718,092500,0.0668,0.0668,0.06,0.06,58007,0
SIN,5,20250718,094000,0.0616,0.0616,0.0616,0.0616,165,0
SIN,5,20250718,094500,0.0616,0.0616,0.0616,0.0616,9834,0
SIN,5,20250718,100500,0.0634,0.0634,0.0634,0.0634,5000,0
SIN,5,20250718,120000,0.0616,0.0616,0.0616,0.0616,300,0
SIN,5,20250718,121500,0.0616,0.0616,0.0616,0.0616,12710,0
SIN,5,20250718,122000,0.0616,0.0616,0.0616,0.0616,20000,0
SIN,5,20250718,124500,0.0602,0.0602,0.06,0.06,250,0
SIN,5,20250718,125000,0.0624,0.063,0.06,0.063,16400,0
SIN,5,20250718,125500,0.0632,0.0632,0.0632,0.0632,100,0
SIN,5,20250718,133500,0.0652,0.0652,0.0652,0.0652,5843,0
SIN,5,20250718,135000,0.0652,0.0652,0.0652,0.0652,1159,0
SIN,5,20250718,142000,0.0668,0.0668,0.0668,0.0668,2,0
SIN,5,20250718,163000,0.0668,0.0668,0.0668,0.0668,147,0
SIN,5,20250721,090000,0.0668,0.0692,0.0668,0.0692,8500,0
SIN,5,20250721,091000,0.062,0.0688,0.062,0.0688,3100,0
SIN,5,20250721,093500,0.068,0.068,0.068,0.068,450,0
SIN,5,20250721,122500,0.0612,0.0612,0.0612,0.0612,8843,0
SIN,5,20250721,143000,0.0648,0.0648,0.0648,0.0648,4000,0
SIN,5,20250721,143500,0.0648,0.0648,0.0648,0.0648,4443,0
SIN,5,20250721,153500,0.0648,0.0648,0.0648,0.0648,1557,0
SIN,5,20250721,160500,0.065,0.065,0.065,0.065,19545,0
SIN,5,20250721,161000,0.0678,0.0688,0.0678,0.0688,4760,0
SIN,5,20250721,161500,0.0688,0.0688,0.0688,0.0688,9,0
SIN,5,20250721,162000,0.0688,0.0692,0.0688,0.0692,29793,0
SIN,5,20250721,162500,0.069,0.069,0.069,0.069,1602,0
SIN,5,20250722,090000,0.07,0.0728,0.069,0.0728,27980,0
SIN,5,20250722,090500,0.07,0.072,0.07,0.072,3166,0
SIN,5,20250722,091000,0.07,0.07,0.07,0.07,8518,0
SIN,5,20250722,091500,0.07,0.07,0.07,0.07,1116,0
SIN,5,20250722,092000,0.07,0.0726,0.07,0.0726,40000,0
SIN,5,20250722,092500,0.0726,0.0728,0.072,0.0728,28000,0
SIN,5,20250722,093000,0.069,0.072,0.069,0.072,32340,0
SIN,5,20250722,093500,0.07,0.072,0.07,0.072,28000,0
SIN,5,20250722,095000,0.072,0.072,0.072,0.072,10000,0
SIN,5,20250722,095500,0.072,0.072,0.07,0.072,14906,0
SIN,5,20250722,103500,0.071,0.072,0.071,0.072,12285,0
SIN,5,20250722,110500,0.071,0.071,0.07,0.07,13000,0
SIN,5,20250722,112500,0.07,0.07,0.07,0.07,67449,0
SIN,5,20250722,114500,0.0718,0.0718,0.0718,0.0718,110,0
SIN,5,20250722,115500,0.07,0.07,0.0654,0.0654,3900,0
SIN,5,20250722,120000,0.0718,0.0718,0.0718,0.0718,800,0
SIN,5,20250722,134500,0.0718,0.072,0.0718,0.072,12000,0
SIN,5,20250722,142000,0.072,0.0728,0.072,0.0728,100000,0
SIN,5,20250722,150500,0.071,0.071,0.07,0.07,138522,0
SIN,5,20250722,151500,0.072,0.072,0.072,0.072,500,0
SIN,5,20250722,162500,0.072,0.072,0.072,0.072,2,0
SIN,5,20250722,163000,0.072,0.072,0.072,0.072,3,0
SIN,5,20250723,090000,0.074,0.074,0.074,0.074,500,0
SIN,5,20250723,090500,0.068,0.074,0.068,0.074,4001,0
SIN,5,20250723,093500,0.07,0.074,0.07,0.074,44954,0
SIN,5,20250723,094000,0.074,0.0744,0.074,0.0744,81335,0
SIN,5,20250723,094500,0.0744,0.0744,0.0744,0.0744,32700,0
SIN,5,20250723,095000,0.0744,0.0746,0.0744,0.0746,5000,0
SIN,5,20250723,095500,0.0746,0.0746,0.07,0.07,18858,0
SIN,5,20250723,100000,0.0746,0.0748,0.0746,0.0748,46800,0
SIN,5,20250723,110000,0.0748,0.0748,0.0748,0.0748,32480,0
SIN,5,20250723,110500,0.075,0.075,0.075,0.075,500,0
SIN,5,20250723,111000,0.0748,0.0748,0.0748,0.0748,853,0
SIN,5,20250723,112000,0.075,0.075,0.075,0.075,20000,0
SIN,5,20250723,125500,0.073,0.073,0.072,0.072,1000,0
SIN,5,20250723,132500,0.0746,0.0746,0.0746,0.0746,30,0
SIN,5,20250723,143500,0.072,0.072,0.072,0.072,95000,0
SIN,5,20250723,145000,0.0746,0.0746,0.0746,0.0746,900,0
SIN,5,20250723,150000,0.072,0.0748,0.072,0.0748,38572,0
SIN,5,20250723,151500,0.0748,0.0748,0.0748,0.0748,8,0
SIN,5,20250724,090000,0.0778,0.078,0.0778,0.078,5555,0
SIN,5,20250724,103000,0.077,0.077,0.077,0.077,3142,0
SIN,5,20250724,105000,0.07,0.077,0.07,0.077,23501,0
SIN,5,20250724,115500,0.07,0.077,0.0692,0.077,87110,0
SIN,5,20250724,150500,0.072,0.072,0.072,0.072,4800,0
SIN,5,20250724,151000,0.07,0.07,0.07,0.07,28030,0
SIN,5,20250724,152000,0.077,0.077,0.077,0.077,517,0
SIN,5,20250724,161500,0.07,0.07,0.07,0.07,1500,0
SIN,5,20250724,162000,0.07,0.07,0.07,0.07,470,0
SIN,5,20250724,163000,0.076,0.076,0.076,0.076,10,0
SIN,5,20250725,092000,0.076,0.076,0.076,0.076,10,0
SIN,5,20250725,092500,0.076,0.076,0.076,0.076,1000,0
SIN,5,20250725,100000,0.068,0.076,0.068,0.076,51668,0
SIN,5,20250725,151000,0.0718,0.0718,0.0718,0.0718,500,0
SIN,5,20250725,151500,0.0718,0.0718,0.0718,0.0718,3000,0
SIN,5,20250725,152500,0.0682,0.0682,0.068,0.068,20000,0
SIN,5,20250725,153000,0.0718,0.0718,0.0718,0.0718,1,0
SIN,5,20250728,090000,0.0718,0.0718,0.0718,0.0718,36000,0
SIN,5,20250728,090500,0.071,0.071,0.071,0.071,597,0
SIN,5,20250728,091000,0.071,0.0718,0.071,0.0718,15487,0
SIN,5,20250728,091500,0.075,0.075,0.067,0.067,52800,0
SIN,5,20250728,092500,0.068,0.068,0.068,0.068,278,0
SIN,5,20250728,094000,0.072,0.072,0.072,0.072,100,0
SIN,5,20250728,094500,0.072,0.075,0.072,0.075,2290,0
SIN,5,20250728,103000,0.068,0.068,0.067,0.067,30000,0
SIN,5,20250728,103500,0.0746,0.0748,0.0746,0.0748,310,0
SIN,5,20250728,104000,0.067,0.0748,0.067,0.0748,70004,0
SIN,5,20250728,104500,0.0748,0.075,0.0748,0.075,12000,0
SIN,5,20250728,125500,0.073,0.073,0.073,0.073,10000,0
SIN,5,20250728,140500,0.068,0.068,0.068,0.068,164,0
SIN,5,20250728,141000,0.073,0.073,0.073,0.073,90,0
SIN,5,20250728,160500,0.0682,0.0682,0.0682,0.0682,200,0
SIN,5,20250728,163500,0.073,0.073,0.073,0.073,5,0
SIN,5,20250728,165500,0.0732,0.0732,0.0732,0.0732,2300,0
SIN,5,20250729,093000,0.0682,0.0682,0.0678,0.0678,30100,0
SIN,5,20250729,094000,0.0746,0.0746,0.0746,0.0746,45,0
SIN,5,20250729,094500,0.068,0.068,0.068,0.068,25000,0
SIN,5,20250729,095000,0.0744,0.0744,0.0744,0.0744,25,0
SIN,5,20250729,122000,0.073,0.073,0.073,0.073,316,0
SIN,5,20250730,093500,0.071,0.071,0.071,0.071,408,0
SIN,5,20250730,104500,0.069,0.069,0.069,0.069,10000,0
SIN,5,20250730,105000,0.072,0.072,0.072,0.072,6000,0
SIN,5,20250730,125500,0.072,0.072,0.072,0.072,200,0
SIN,5,20250730,140500,0.072,0.072,0.072,0.072,146,0
SIN,5,20250731,091000,0.066,0.066,0.066,0.066,400,0
SIN,5,20250731,091500,0.066,0.0708,0.066,0.0708,28164,0
SIN,5,20250731,092000,0.0708,0.0758,0.0708,0.0758,580,0
SIN,5,20250731,105500,0.07,0.072,0.07,0.072,29274,0
SIN,5,20250731,110000,0.0748,0.0748,0.0748,0.0748,20,0
SIN,5,20250731,122000,0.0746,0.0746,0.0746,0.0746,10000,0
SIN,5,20250731,130000,0.0748,0.0748,0.0748,0.0748,50,0
SIN,5,20250731,131000,0.0756,0.0756,0.0756,0.0756,50,0
SIN,5,20250731,142500,0.0672,0.0672,0.0672,0.0672,304,0
SIN,5,20250731,143000,0.0672,0.0672,0.0672,0.0672,6000,0
SIN,5,20250731,150000,0.0672,0.0672,0.067,0.067,15000,0
SIN,5,20250731,151000,0.0748,0.0748,0.0748,0.0748,1,0
SIN,5,20250801,125000,0.0666,0.0666,0.0666,0.0666,300,0
SIN,5,20250801,131500,0.0746,0.0746,0.0746,0.0746,4000,0
SIN,5,20250801,141500,0.0666,0.0666,0.0666,0.0666,150,0
SIN,5,20250801,143000,0.0746,0.0746,0.0746,0.0746,1,0
SIN,5,20250804,091500,0.0664,0.0744,0.0664,0.0744,702,0
SIN,5,20250804,093000,0.0744,0.0744,0.0744,0.0744,300,0
SIN,5,20250804,135500,0.073,0.073,0.073,0.073,8608,0
SIN,5,20250804,142500,0.073,0.073,0.073,0.073,173,0
SIN,5,20250805,094000,0.07,0.07,0.07,0.07,50000,0
SIN,5,20250805,094500,0.07,0.0748,0.07,0.0748,21500,0
SIN,5,20250805,110500,0.0748,0.0758,0.0748,0.0758,10052,0
SIN,5,20250805,111000,0.076,0.076,0.076,0.076,77,0
SIN,5,20250805,111500,0.07,0.07,0.07,0.07,10000,0
SIN,5,20250805,112000,0.076,0.0788,0.07,0.0788,38848,0
SIN,5,20250805,112500,0.079,0.079,0.079,0.079,90,0
SIN,5,20250805,122000,0.078,0.078,0.078,0.078,2000,0
SIN,5,20250805,122500,0.078,0.078,0.078,0.078,4000,0
SIN,5,20250805,123000,0.078,0.078,0.0704,0.0704,22000,0
SIN,5,20250805,125000,0.0774,0.0774,0.0774,0.0774,300,0
SIN,5,20250805,125500,0.0774,0.0774,0.0774,0.0774,500,0
SIN,5,20250805,130500,0.0774,0.0774,0.0774,0.0774,10000,0
SIN,5,20250805,134000,0.0778,0.078,0.0778,0.078,1300,0
SIN,5,20250805,151500,0.0776,0.0776,0.0776,0.0776,16000,0
SIN,5,20250805,160000,0.0776,0.0776,0.0776,0.0776,170,0
SIN,5,20250805,163500,0.0776,0.0788,0.0776,0.078,67250,0
SIN,5,20250805,164500,0.0788,0.08,0.0788,0.08,9682,0
SIN,5,20250806,090000,0.08,0.08,0.078,0.078,22720,0
SIN,5,20250806,090500,0.078,0.079,0.078,0.079,4140,0
SIN,5,20250806,091000,0.0742,0.0742,0.0742,0.0742,20000,0
SIN,5,20250806,091500,0.079,0.079,0.079,0.079,24698,0
SIN,5,20250806,092000,0.08,0.08,0.08,0.08,2,0
SIN,5,20250806,093500,0.0742,0.079,0.073,0.079,28371,0
SIN,5,20250806,102500,0.079,0.08,0.079,0.08,30729,0
SIN,5,20250806,105500,0.0786,0.0786,0.0786,0.0786,300,0
SIN,5,20250806,110000,0.08,0.08,0.08,0.08,2,0
SIN,5,20250807,090000,0.08,0.0808,0.08,0.0808,74804,0
SIN,5,20250807,090500,0.0808,0.0812,0.08,0.08,20411,0
SIN,5,20250807,091000,0.081,0.081,0.081,0.081,16201,0
SIN,5,20250807,091500,0.081,0.081,0.081,0.081,14729,0
SIN,5,20250807,092500,0.0812,0.0812,0.081,0.081,5519,0
SIN,5,20250807,093500,0.0812,0.0812,0.0812,0.0812,50,0
SIN,5,20250807,100500,0.0766,0.0766,0.0766,0.0766,14635,0
SIN,5,20250807,101000,0.0812,0.0812,0.0812,0.0812,25,0
SIN,5,20250807,104500,0.0818,0.0818,0.0818,0.0818,25,0
SIN,5,20250807,105500,0.082,0.082,0.082,0.082,50,0
SIN,5,20250807,110000,0.0818,0.0818,0.0818,0.0818,1000,0
SIN,5,20250807,110500,0.079,0.079,0.079,0.079,15000,0
SIN,5,20250807,111000,0.079,0.079,0.078,0.078,7000,0
SIN,5,20250807,112500,0.0814,0.0814,0.0814,0.0814,25,0
SIN,5,20250807,114500,0.0816,0.0816,0.0816,0.0816,25,0
SIN,5,20250807,120000,0.0816,0.0816,0.0816,0.0816,10000,0
SIN,5,20250807,120500,0.0816,0.0816,0.0816,0.0816,8500,0
SIN,5,20250807,122500,0.0816,0.0816,0.0816,0.0816,7000,0
SIN,5,20250807,123000,0.0816,0.082,0.0816,0.082,15000,0
SIN,5,20250807,145000,0.079,0.079,0.079,0.079,150,0
SIN,5,20250807,145500,0.078,0.078,0.078,0.078,4047,0
SIN,5,20250807,150000,0.0818,0.0818,0.0818,0.0818,15,0
SIN,5,20250807,154000,0.08,0.0818,0.08,0.0818,249,0
SIN,5,20250807,155000,0.08,0.08,0.08,0.08,952,0
SIN,5,20250807,160500,0.0816,0.0818,0.0816,0.0818,12000,0
SIN,5,20250807,164000,0.0816,0.0816,0.0816,0.0816,1,0
SIN,5,20250807,164500,0.0816,0.0816,0.0816,0.0816,2500,0
SIN,5,20250808,090000,0.0816,0.0816,0.0816,0.0816,1027,0
SIN,5,20250808,092000,0.0816,0.0816,0.0816,0.0816,290,0
SIN,5,20250808,093500,0.0816,0.0816,0.0816,0.0816,5000,0
SIN,5,20250808,094500,0.0816,0.0816,0.0816,0.0816,18478,0
SIN,5,20250808,100000,0.082,0.082,0.082,0.082,250,0
SIN,5,20250808,100500,0.0818,0.082,0.0818,0.082,20000,0
SIN,5,20250808,101500,0.0818,0.0818,0.0818,0.0818,9400,0
SIN,5,20250808,110500,0.0816,0.0816,0.0816,0.0816,522,0
SIN,5,20250808,113000,0.0792,0.0792,0.0792,0.0792,135,0
SIN,5,20250808,115500,0.0818,0.0818,0.0818,0.0818,25,0
SIN,5,20250808,151500,0.0796,0.0796,0.0796,0.0796,10000,0
SIN,5,20250808,152500,0.08,0.08,0.08,0.08,1300,0
SIN,5,20250808,154000,0.08,0.08,0.08,0.08,2000,0
SIN,5,20250808,154500,0.08,0.0818,0.08,0.0818,1710,0
SIN,5,20250811,090000,0.0818,0.0818,0.0818,0.0818,600,0
SIN,5,20250811,094000,0.0818,0.0818,0.0818,0.0818,5065,0
SIN,5,20250811,094500,0.0818,0.0818,0.0818,0.0818,44935,0
SIN,5,20250811,102000,0.0798,0.0798,0.078,0.0782,2000,0
SIN,5,20250811,103000,0.0818,0.0818,0.0818,0.0818,50,0
SIN,5,20250811,104500,0.0782,0.0782,0.0782,0.0782,4000,0
SIN,5,20250811,110000,0.0816,0.0816,0.0816,0.0816,25,0
SIN,5,20250811,114000,0.0816,0.0816,0.0816,0.0816,14975,0
SIN,5,20250811,115000,0.0816,0.0818,0.0816,0.0818,30284,0
SIN,5,20250811,115500,0.0816,0.0816,0.0816,0.0816,10000,0
SIN,5,20250811,120000,0.0816,0.0816,0.0816,0.0816,42422,0
SIN,5,20250811,120500,0.0816,0.0816,0.0816,0.0816,12240,0
SIN,5,20250811,153500,0.0782,0.0782,0.0782,0.0782,600,0
SIN,5,20250811,154000,0.0816,0.0816,0.0816,0.0816,1,0
SIN,5,20250812,092500,0.0816,0.082,0.0816,0.082,3076,0
SIN,5,20250812,093000,0.082,0.082,0.082,0.082,1821,0
SIN,5,20250812,094500,0.08,0.08,0.08,0.08,13223,0
SIN,5,20250812,100000,0.08,0.082,0.08,0.082,40050,0
SIN,5,20250812,101000,0.082,0.082,0.082,0.082,3780,0
SIN,5,20250812,105000,0.08,0.083,0.08,0.083,87886,0
SIN,5,20250812,105500,0.083,0.083,0.083,0.083,8140,0
SIN,5,20250812,112000,0.083,0.083,0.083,0.083,5500,0
SIN,5,20250812,114500,0.078,0.083,0.078,0.083,8165,0
SIN,5,20250812,122000,0.078,0.0832,0.078,0.0832,4878,0
SIN,5,20250812,125500,0.0832,0.0832,0.0832,0.0832,14000,0
SIN,5,20250812,152500,0.0832,0.0832,0.0832,0.0832,20000,0
SIN,5,20250812,154000,0.0832,0.0832,0.0832,0.0832,10915,0
SIN,5,20250812,154500,0.0834,0.0844,0.0834,0.0844,16006,0
SIN,5,20250812,155000,0.0844,0.085,0.0844,0.085,70000,0
SIN,5,20250812,155500,0.085,0.085,0.085,0.085,4002,0
SIN,5,20250812,160500,0.085,0.085,0.085,0.085,6352,0
SIN,5,20250812,163500,0.085,0.085,0.085,0.085,40000,0
SIN,5,20250812,164000,0.085,0.0898,0.085,0.0898,21500,0
SIN,5,20250812,164500,0.0898,0.09,0.0896,0.0896,37500,0
SIN,5,20250813,090000,0.09,0.09,0.0898,0.0898,12002,0
SIN,5,20250813,090500,0.089,0.0898,0.089,0.0898,205,0
SIN,5,20250813,091500,0.089,0.089,0.089,0.089,6800,0
SIN,5,20250813,092000,0.083,0.0898,0.083,0.0898,15025,0
SIN,5,20250813,092500,0.0898,0.0898,0.0898,0.0898,116,0
SIN,5,20250813,093000,0.088,0.088,0.088,0.088,503,0
SIN,5,20250813,093500,0.088,0.088,0.088,0.088,1000,0
SIN,5,20250813,100000,0.0898,0.0898,0.0898,0.0898,15,0
SIN,5,20250813,102500,0.088,0.088,0.088,0.088,130,0
SIN,5,20250813,110500,0.0898,0.09,0.0898,0.09,8000,0
SIN,5,20250813,114500,0.088,0.088,0.088,0.088,167,0
SIN,5,20250813,123500,0.083,0.0878,0.08,0.0878,97452,0
SIN,5,20250813,124000,0.08,0.0878,0.08,0.0878,2701,0
SIN,5,20250813,124500,0.078,0.0876,0.078,0.0876,43025,0
SIN,5,20250813,125500,0.083,0.084,0.083,0.084,1362,0
SIN,5,20250813,130000,0.078,0.084,0.0712,0.078,2657,0
SIN,5,20250813,131000,0.084,0.084,0.084,0.084,25,0
SIN,5,20250813,131500,0.084,0.084,0.084,0.084,300,0
SIN,5,20250813,141000,0.084,0.084,0.084,0.084,250,0
SIN,5,20250813,141500,0.084,0.084,0.084,0.084,8038,0
SIN,5,20250813,152000,0.0834,0.0836,0.0834,0.0836,15380,0
SIN,5,20250814,090000,0.081,0.081,0.081,0.081,4500,0
SIN,5,20250814,091000,0.0816,0.0816,0.0816,0.0816,2,0
SIN,5,20250814,091500,0.0772,0.0772,0.0722,0.0722,198950,0
SIN,5,20250814,092000,0.0722,0.0798,0.0708,0.0798,13499,0
SIN,5,20250814,092500,0.0716,0.0716,0.0716,0.0716,11000,0
SIN,5,20250814,093000,0.0798,0.0798,0.072,0.072,5005,0
SIN,5,20250814,093500,0.072,0.072,0.072,0.072,50000,0
SIN,5,20250814,094000,0.0798,0.0798,0.0798,0.0798,1,0
SIN,5,20250814,142000,0.0732,0.0732,0.0732,0.0732,40000,0
SIN,5,20250814,143500,0.073,0.0776,0.073,0.0776,56000,0
SIN,5,20250814,144000,0.0776,0.0778,0.0776,0.0778,11080,0
SIN,5,20250814,152000,0.077,0.077,0.077,0.077,25000,0
SIN,5,20250814,164500,0.0776,0.0776,0.0776,0.0776,219,0
SIN,5,20250818,090500,0.0734,0.0774,0.0726,0.0726,25139,0
SIN,5,20250818,091000,0.077,0.077,0.077,0.077,2,0
SIN,5,20250818,094000,0.0716,0.0716,0.0716,0.0716,420,0
SIN,5,20250818,100000,0.0716,0.0716,0.0716,0.0716,17777,0
SIN,5,20250818,101000,0.0712,0.0716,0.0708,0.0716,93334,0
SIN,5,20250818,101500,0.0716,0.0748,0.0716,0.0748,35068,0
SIN,5,20250818,102000,0.0748,0.0748,0.0748,0.0748,700,0
SIN,5,20250818,102500,0.0748,0.0748,0.0748,0.0748,2000,0
SIN,5,20250818,104000,0.071,0.0748,0.071,0.0748,31143,0
SIN,5,20250818,110500,0.074,0.0744,0.074,0.0744,22700,0
SIN,5,20250818,111000,0.076,0.076,0.076,0.076,25,0
SIN,5,20250818,115500,0.071,0.071,0.071,0.071,500,0
SIN,5,20250818,120500,0.071,0.0758,0.071,0.0758,1192,0
SIN,5,20250818,144000,0.0776,0.0776,0.0776,0.0776,25,0
SIN,5,20250819,091000,0.0714,0.077,0.0706,0.077,9025,0
SIN,5,20250819,094000,0.077,0.077,0.077,0.077,150,0
SIN,5,20250819,100000,0.077,0.077,0.077,0.077,1000,0
SIN,5,20250819,134500,0.0722,0.0722,0.0722,0.0722,30000,0
SIN,5,20250819,135500,0.0766,0.0766,0.0766,0.0766,25,0
SIN,5,20250819,142000,0.0766,0.0766,0.0766,0.0766,25165,0
SIN,5,20250819,142500,0.0772,0.0772,0.0772,0.0772,10000,0
SIN,5,20250819,143000,0.0778,0.0778,0.0772,0.0772,12319,0
SIN,5,20250819,143500,0.0778,0.0778,0.0778,0.0778,20,0
SIN,5,20250819,144500,0.0778,0.0798,0.0778,0.0798,38440,0
SIN,5,20250819,152500,0.0752,0.08,0.0752,0.08,10500,0
SIN,5,20250820,090000,0.08,0.08,0.08,0.08,2,0
SIN,5,20250820,095500,0.075,0.075,0.075,0.075,5714,0
SIN,5,20250820,100500,0.0798,0.0798,0.0798,0.0798,25,0
SIN,5,20250820,141500,0.0752,0.0752,0.075,0.075,60000,0
SIN,5,20250820,142000,0.075,0.075,0.075,0.075,40286,0
SIN,5,20250820,143000,0.0796,0.0796,0.0796,0.0796,6,0
SIN,5,20250820,150500,0.0792,0.0792,0.0792,0.0792,28000,0
SIN,5,20250820,154500,0.0756,0.0756,0.0756,0.0756,13500,0
SIN,5,20250820,155000,0.0756,0.0756,0.0756,0.0756,26046,0
SIN,5,20250820,160000,0.079,0.079,0.079,0.079,20,0
SIN,5,20250821,091000,0.0794,0.0794,0.0794,0.0794,25,0
SIN,5,20250821,103500,0.0744,0.0744,0.0744,0.0744,50000,0
SIN,5,20250821,120000,0.0792,0.0792,0.0792,0.0792,18500,0
SIN,5,20250821,130000,0.0794,0.0794,0.0794,0.0794,3000,0
SIN,5,20250821,133500,0.0734,0.0734,0.0734,0.0734,3527,0
SIN,5,20250821,134500,0.0792,0.0792,0.0792,0.0792,25,0
SIN,5,20250821,163500,0.0788,0.0788,0.0788,0.0788,2000,0
SIN,5,20250822,110500,0.075,0.075,0.075,0.075,4150,0
SIN,5,20250822,111000,0.0706,0.0708,0.0706,0.0708,22984,0
SIN,5,20250822,111500,0.0788,0.0788,0.0788,0.0788,25,0
SIN,5,20250822,143000,0.0702,0.0702,0.0702,0.0702,116,0
SIN,5,20250822,144000,0.0738,0.0738,0.0738,0.0738,1,0
SIN,5,20250822,164500,0.074,0.074,0.074,0.074,2100,0
SIN,5,20250825,091000,0.074,0.074,0.074,0.074,13050,0
SIN,5,20250825,091500,0.074,0.076,0.074,0.076,4075,0
SIN,5,20250825,123500,0.0702,0.0704,0.0702,0.0704,8724,0
SIN,5,20250825,130500,0.0702,0.0702,0.0702,0.0702,40000,0
SIN,5,20250825,131500,0.0758,0.0758,0.0758,0.0758,25,0
SIN,5,20250825,141000,0.0754,0.0754,0.0754,0.0754,2000,0
SIN,5,20250825,152500,0.0702,0.0702,0.0702,0.0702,14000,0
SIN,5,20250825,153000,0.075,0.075,0.075,0.075,25,0
SIN,5,20250826,093000,0.0704,0.0704,0.0704,0.0704,1000,0
SIN,5,20250826,094000,0.0766,0.0766,0.0766,0.0766,1,0
SIN,5,20250827,090500,0.0704,0.0704,0.0704,0.0704,20000,0
SIN,5,20250827,091500,0.0762,0.0762,0.0762,0.0762,2,0
SIN,5,20250827,100500,0.0762,0.0762,0.0762,0.0762,4,0
SIN,5,20250827,121000,0.0762,0.0762,0.0762,0.0762,367,0
SIN,5,20250827,160000,0.071,0.0762,0.071,0.0762,4001,0
SIN,5,20250827,163000,0.071,0.0762,0.071,0.0762,22151,0
SIN,5,20250827,164500,0.0704,0.0704,0.0704,0.0704,4574,0
SIN,5,20250828,090000,0.0756,0.0756,0.0756,0.0756,25,0
SIN,5,20250828,094000,0.075,0.075,0.075,0.075,123,0
SIN,5,20250828,121000,0.0746,0.0746,0.0746,0.0746,275,0
SIN,5,20250828,122000,0.0748,0.0748,0.0748,0.0748,5,0
SIN,5,20250828,161500,0.0702,0.0702,0.0702,0.0702,4750,0
SIN,5,20250828,164000,0.0744,0.0744,0.0744,0.0744,16,0
SIN,5,20250829,100500,0.0704,0.0704,0.0702,0.0702,172685,0
SIN,5,20250829,101000,0.0702,0.0702,0.0702,0.0702,21346,0
SIN,5,20250829,101500,0.0734,0.0734,0.07,0.0734,20444,0
SIN,5,20250829,111000,0.07,0.07,0.07,0.07,90209,0
SIN,5,20250829,112000,0.073,0.073,0.068,0.068,220,0
SIN,5,20250829,113500,0.068,0.068,0.068,0.068,19000,0
SIN,5,20250829,114000,0.0726,0.0726,0.0726,0.0726,5,0
SIN,5,20250829,132000,0.07,0.07,0.07,0.07,6000,0
SIN,5,20250829,152500,0.07,0.07,0.07,0.07,26537,0
SIN,5,20250829,153500,0.0718,0.0718,0.0718,0.0718,15,0
SIN,5,20250829,164000,0.07,0.07,0.07,0.07,138842,0
SIN,5,20250829,164500,0.0718,0.072,0.0718,0.072,42040,0
SIN,5,20250901,090000,0.072,0.072,0.072,0.072,3000,0
SIN,5,20250901,090500,0.0622,0.0622,0.0622,0.0622,1,0
SIN,5,20250901,091000,0.072,0.072,0.072,0.072,10025,0
SIN,5,20250901,094500,0.072,0.075,0.072,0.075,42000,0
SIN,5,20250901,102000,0.069,0.074,0.069,0.074,26141,0
SIN,5,20250901,114500,0.074,0.074,0.074,0.074,49975,0
SIN,5,20250901,115000,0.075,0.08,0.075,0.08,57521,0
SIN,5,20250901,121000,0.076,0.076,0.076,0.076,6643,0
SIN,5,20250901,121500,0.076,0.076,0.076,0.076,10357,0
SIN,5,20250902,090000,0.0768,0.0768,0.0768,0.0768,25,0
SIN,5,20250902,093000,0.0768,0.077,0.075,0.075,51896,0
SIN,5,20250902,094000,0.075,0.075,0.075,0.075,28295,0
SIN,5,20250902,094500,0.075,0.077,0.0716,0.077,25810,0
SIN,5,20250902,103500,0.075,0.075,0.075,0.075,150,0
SIN,5,20250902,105500,0.074,0.074,0.074,0.074,24400,0
SIN,5,20250902,110500,0.075,0.075,0.075,0.075,58888,0
SIN,5,20250902,111000,0.0798,0.085,0.0798,0.085,87029,0
SIN,5,20250902,111500,0.086,0.086,0.086,0.086,13000,0
SIN,5,20250902,112000,0.088,0.0898,0.088,0.0898,107344,0
SIN,5,20250902,112500,0.0898,0.0898,0.0898,0.0898,10000,0
SIN,5,20250902,113000,0.0898,0.0898,0.0898,0.0898,20569,0
SIN,5,20250902,113500,0.09,0.09,0.09,0.09,25,0
SIN,5,20250902,114000,0.0898,0.0898,0.0898,0.0898,1111,0
SIN,5,20250902,114500,0.0898,0.0898,0.0898,0.0898,112,0
SIN,5,20250902,115000,0.086,0.0898,0.086,0.0898,1373,0
SIN,5,20250902,120500,0.0896,0.0896,0.0896,0.0896,139,0
SIN,5,20250902,121000,0.086,0.086,0.081,0.081,18627,0
SIN,5,20250902,121500,0.081,0.081,0.081,0.081,12000,0
SIN,5,20250902,122000,0.0764,0.089,0.0764,0.089,8276,0
SIN,5,20250902,125000,0.08,0.0866,0.08,0.0866,50025,0
SIN,5,20250902,131000,0.078,0.078,0.078,0.078,6349,0
SIN,5,20250902,132500,0.083,0.083,0.083,0.083,25,0
SIN,5,20250902,133500,0.0784,0.0784,0.0784,0.0784,100,0
SIN,5,20250902,134500,0.0784,0.0828,0.0782,0.0782,21375,0
SIN,5,20250902,140000,0.0828,0.0828,0.0828,0.0828,25,0
SIN,5,20250902,142500,0.0782,0.0782,0.0782,0.0782,150,0
SIN,5,20250902,145000,0.082,0.082,0.082,0.082,25,0
SIN,5,20250902,152500,0.078,0.078,0.0774,0.0774,10000,0
SIN,5,20250902,153500,0.0774,0.0774,0.0774,0.0774,1000,0
SIN,5,20250902,154000,0.0798,0.0798,0.0798,0.0798,1,0
SIN,5,20250902,155000,0.0798,0.0798,0.0798,0.0798,130,0
SIN,5,20250902,164500,0.08,0.08,0.08,0.08,4700,0
SIN,5,20250903,090000,0.0776,0.0776,0.0776,0.0776,30000,0
SIN,5,20250903,091500,0.08,0.08,0.08,0.08,25,0
SIN,5,20250903,104500,0.0774,0.0774,0.0774,0.0774,7918,0
SIN,5,20250903,105500,0.078,0.081,0.078,0.081,8500,0
SIN,5,20250903,155000,0.08,0.08,0.08,0.08,130,0
SIN,5,20250903,161000,0.08,0.08,0.08,0.08,870,0
SIN,5,20250903,162500,0.0808,0.0808,0.0808,0.0808,1,0
SIN,5,20250904,091500,0.0858,0.0858,0.0858,0.0858,99,0
SIN,5,20250904,092000,0.0774,0.0858,0.0742,0.0858,6101,0
SIN,5,20250904,093000,0.0748,0.0748,0.0742,0.0742,1100,0
SIN,5,20250904,093500,0.082,0.082,0.082,0.082,25,0
SIN,5,20250904,094500,0.0806,0.0806,0.0806,0.0806,200,0
SIN,5,20250904,131500,0.0794,0.0798,0.0774,0.0774,1002,0
SIN,5,20250904,133500,0.0774,0.0774,0.0774,0.0774,66,0
SIN,5,20250904,140500,0.0798,0.0798,0.0798,0.0798,15,0
SIN,5,20250904,145000,0.0798,0.0798,0.0796,0.0796,2000,0
SIN,5,20250904,162000,0.0798,0.0798,0.0798,0.0798,4000,0
SIN,5,20250904,162500,0.0798,0.08,0.0798,0.08,5442,0
SIN,5,20250905,093000,0.08,0.08,0.0742,0.0798,20700,0
SIN,5,20250905,093500,0.0794,0.0794,0.0794,0.0794,400,0
SIN,5,20250905,095500,0.0744,0.0744,0.074,0.074,18014,0
SIN,5,20250905,100000,0.074,0.0794,0.074,0.0794,1987,0
SIN,5,20250905,164500,0.0732,0.0732,0.0732,0.0732,3932,0
SIN,5,20250908,090000,0.0784,0.084,0.0784,0.079,4325,0
SIN,5,20250908,125500,0.077,0.077,0.077,0.077,7700,0
SIN,5,20250908,131500,0.077,0.077,0.077,0.077,3200,0
SIN,5,20250908,142500,0.0732,0.0732,0.0724,0.0724,11400,0
SIN,5,20250908,143500,0.0768,0.0768,0.0768,0.0768,25,0
SIN,5,20250908,144500,0.0724,0.0724,0.0724,0.0724,1150,0
SIN,5,20250908,145000,0.0724,0.0724,0.072,0.072,16000,0
SIN,5,20250908,145500,0.0768,0.0768,0.0768,0.0768,1,0
SIN,5,20250908,161500,0.0722,0.0722,0.0722,0.0722,1,0
SIN,5,20250908,163500,0.0768,0.0768,0.0768,0.0768,1,0
SIN,5,20250909,090000,0.0768,0.0768,0.0768,0.0768,2,0
SIN,5,20250909,094000,0.0722,0.0722,0.0706,0.0706,30000,0
SIN,5,20250909,094500,0.07,0.07,0.07,0.07,10000,0
SIN,5,20250909,100000,0.07,0.07,0.07,0.07,9270,0
SIN,5,20250909,100500,0.07,0.07,0.07,0.07,23664,0
SIN,5,20250909,101500,0.07,0.07,0.0698,0.07,23000,0
SIN,5,20250909,102500,0.07,0.0752,0.07,0.0752,9457,0
SIN,5,20250909,112500,0.07,0.07,0.068,0.07,15000,0
SIN,5,20250909,113000,0.0742,0.0742,0.0742,0.0742,801,0
SIN,5,20250909,114500,0.0742,0.0742,0.0742,0.0742,1000,0
SIN,5,20250909,115500,0.072,0.072,0.072,0.072,3333,0
SIN,5,20250909,120500,0.072,0.072,0.072,0.072,6667,0
SIN,5,20250909,134000,0.072,0.072,0.072,0.072,7000,0
SIN,5,20250909,141000,0.072,0.072,0.072,0.072,3000,0
SIN,5,20250909,152500,0.0728,0.0734,0.0728,0.0734,12079,0
SIN,5,20250909,153000,0.0754,0.0754,0.0754,0.0754,455,0
SIN,5,20250910,092000,0.0798,0.08,0.0798,0.08,4239,0
SIN,5,20250910,100500,0.0694,0.0694,0.0674,0.0674,3290,0
SIN,5,20250910,101000,0.075,0.0796,0.0676,0.0676,1381,0
SIN,5,20250910,101500,0.0794,0.0796,0.0794,0.0796,1000,0
SIN,5,20250910,103500,0.0676,0.0676,0.0674,0.0674,6000,0
SIN,5,20250910,105500,0.0778,0.0778,0.0778,0.0778,200,0
SIN,5,20250910,110500,0.0788,0.0788,0.0778,0.0788,5299,0
SIN,5,20250910,121500,0.0786,0.0788,0.0786,0.0788,200,0
SIN,5,20250910,134500,0.0782,0.0788,0.0782,0.0788,3499,0
SIN,5,20250910,144500,0.0784,0.0784,0.0784,0.0784,1000,0
SIN,5,20250910,151000,0.0782,0.0782,0.0782,0.0782,1,0
SIN,5,20250910,153500,0.0782,0.0782,0.0782,0.0782,1281,0
SIN,5,20250910,154000,0.0778,0.0778,0.0682,0.0682,13999,0
SIN,5,20250910,154500,0.0778,0.0778,0.0778,0.0778,190,0
SIN,5,20250910,155500,0.0776,0.0776,0.0776,0.0776,500,0
SIN,5,20250910,164000,0.0688,0.0688,0.0688,0.0688,200,0
SIN,5,20250910,164500,0.0766,0.0766,0.0766,0.0766,305,0
SIN,5,20250911,090000,0.0746,0.0746,0.0746,0.0746,1000,0
SIN,5,20250911,102500,0.0756,0.0782,0.0756,0.0782,7000,0
SIN,5,20250911,104000,0.07,0.07,0.07,0.07,10600,0
SIN,5,20250911,105000,0.0776,0.0776,0.0776,0.0776,450,0
SIN,5,20250911,115500,0.0702,0.0702,0.0702,0.0702,20,0
SIN,5,20250911,122000,0.0702,0.0702,0.0682,0.0686,40000,0
SIN,5,20250911,124000,0.074,0.074,0.074,0.074,25,0
SIN,5,20250911,143000,0.073,0.0742,0.073,0.0742,10500,0
SIN,5,20250911,143500,0.0742,0.0744,0.0742,0.0744,500,0
SIN,5,20250911,155000,0.0692,0.0692,0.0678,0.0678,25610,0
SIN,5,20250911,155500,0.0718,0.0718,0.0678,0.0678,2,0
SIN,5,20250911,160000,0.0718,0.0718,0.0718,0.0718,184,0
SIN,5,20250911,161000,0.0724,0.0724,0.0724,0.0724,20,0
SIN,5,20250911,164500,0.068,0.0736,0.068,0.0736,502,0
SIN,5,20250912,110500,0.068,0.068,0.068,0.068,184,0
SIN,5,20250912,113000,0.0718,0.0718,0.0718,0.0718,25,0
SIN,5,20250912,142000,0.069,0.069,0.069,0.069,1000,0
SIN,5,20250912,143500,0.0678,0.0678,0.0676,0.0676,1281,0
SIN,5,20250912,145500,0.07,0.07,0.07,0.07,4424,0
SIN,5,20250912,150500,0.071,0.071,0.071,0.071,15,0
SIN,5,20250912,161500,0.07,0.071,0.07,0.071,1500,0
SIN,5,20250915,092500,0.0678,0.079,0.0678,0.0736,77000,0
SIN,5,20250915,093000,0.0788,0.0788,0.0788,0.0788,2500,0
SIN,5,20250915,095000,0.0786,0.0786,0.0786,0.0786,19000,0
SIN,5,20250915,100500,0.071,0.071,0.0684,0.0684,8972,0
SIN,5,20250915,101500,0.0778,0.0784,0.0778,0.0784,190,0
SIN,5,20250915,112500,0.0778,0.0788,0.0778,0.0788,30502,0
SIN,5,20250915,113000,0.0788,0.079,0.0788,0.079,19106,0
SIN,5,20250915,114000,0.0788,0.0788,0.0788,0.0788,3500,0
SIN,5,20250915,120500,0.0778,0.078,0.0778,0.078,39750,0
SIN,5,20250915,125000,0.0778,0.0778,0.0778,0.0778,16343,0
SIN,5,20250915,131500,0.0778,0.0778,0.0778,0.0778,4000,0
SIN,5,20250915,134000,0.0778,0.0778,0.0778,0.0778,4500,0
SIN,5,20250915,140000,0.0712,0.0712,0.0712,0.0712,153,0
SIN,5,20250915,140500,0.0778,0.0778,0.0778,0.0778,4000,0
SIN,5,20250915,143000,0.0778,0.078,0.0778,0.078,170,0
SIN,5,20250916,090000,0.078,0.078,0.078,0.078,3000,0
SIN,5,20250916,091000,0.078,0.078,0.078,0.078,100,0
SIN,5,20250916,091500,0.078,0.078,0.078,0.078,100,0
SIN,5,20250916,100000,0.078,0.078,0.078,0.078,300,0
SIN,5,20250917,091000,0.0794,0.0794,0.0794,0.0794,100,0
SIN,5,20250917,091500,0.0794,0.0794,0.0794,0.0794,900,0
SIN,5,20250917,092000,0.0718,0.0718,0.0692,0.0692,1000,0
SIN,5,20250917,092500,0.0794,0.0794,0.0794,0.0794,100,0
SIN,5,20250917,095000,0.0786,0.079,0.0786,0.079,12625,0
SIN,5,20250917,122500,0.0704,0.0712,0.0698,0.0698,1500,0
SIN,5,20250917,125000,0.0758,0.0758,0.0758,0.0758,10,0
SIN,5,20250917,154000,0.0748,0.0748,0.0748,0.0748,178,0
SIN,5,20250918,093000,0.0748,0.0748,0.0748,0.0748,240,0
SIN,5,20250918,100000,0.0738,0.0738,0.0738,0.0738,582,0
SIN,5,20250918,111500,0.0756,0.0756,0.0756,0.0756,25,0
SIN,5,20250918,112000,0.07,0.07,0.07,0.07,178,0
SIN,5,20250918,115500,0.0756,0.0756,0.0756,0.0756,18,0
SIN,5,20250918,154000,0.0756,0.0756,0.0756,0.0756,156,0
SIN,5,20250918,155000,0.0704,0.0704,0.0704,0.0704,156,0
SIN,5,20250918,160500,0.0754,0.0754,0.0754,0.0754,1,0
SIN,5,20250919,093000,0.0754,0.0756,0.0754,0.0756,5500,0
SIN,5,20250919,103000,0.0756,0.0756,0.0756,0.0756,754,0
SIN,5,20250919,115000,0.0756,0.0756,0.0756,0.0756,700,0
SIN,5,20250919,135500,0.0756,0.0756,0.0756,0.0756,300,0
SIN,5,20250922,092000,0.0702,0.0748,0.0696,0.0748,5547,0
SIN,5,20250922,102500,0.0696,0.0696,0.0696,0.0696,600,0
SIN,5,20250922,105000,0.074,0.074,0.074,0.074,156,0
SIN,5,20250922,110000,0.0696,0.0696,0.0696,0.0696,155,0
SIN,5,20250922,112000,0.0696,0.0696,0.0696,0.0696,3445,0
SIN,5,20250922,112500,0.0694,0.0694,0.0694,0.0694,1,0
SIN,5,20250922,123000,0.0694,0.0694,0.0694,0.0694,11599,0
SIN,5,20250922,125500,0.0692,0.0694,0.0692,0.0694,9923,0
SIN,5,20250922,130000,0.072,0.072,0.072,0.072,4000,0
SIN,5,20250922,135500,0.0732,0.0732,0.0732,0.0732,25,0
SIN,5,20250922,141000,0.0732,0.074,0.0732,0.074,1150,0
SIN,5,20250923,090000,0.0694,0.0708,0.0694,0.0708,3500,0
SIN,5,20250923,094000,0.0694,0.0694,0.0694,0.0694,4000,0
SIN,5,20250923,103500,0.0704,0.0734,0.0704,0.0734,2379,0
SIN,5,20250923,104000,0.0696,0.0706,0.0696,0.0706,1001,0
SIN,5,20250923,113000,0.0706,0.0706,0.0706,0.0706,1000,0
SIN,5,20250923,122500,0.0698,0.0698,0.0698,0.0698,3291,0
SIN,5,20250923,132500,0.0706,0.0706,0.0706,0.0706,5,0
SIN,5,20250923,134000,0.0698,0.0706,0.0696,0.0706,8070,0
SIN,5,20250923,140000,0.0696,0.0696,0.0696,0.0696,263,0
SIN,5,20250923,143500,0.0676,0.0686,0.0676,0.0686,8835,0
SIN,5,20250923,151000,0.0686,0.0686,0.0676,0.0676,317,0
SIN,5,20250923,152000,0.0696,0.07,0.0696,0.07,6001,0
SIN,5,20250923,165500,0.07,0.07,0.07,0.07,1200,0
SIN,5,20250924,090000,0.07,0.07,0.07,0.07,1,0
SIN,5,20250924,093000,0.07,0.07,0.07,0.07,2999,0
SIN,5,20250924,110000,0.0676,0.0676,0.0636,0.0636,95438,0
SIN,5,20250924,113000,0.0696,0.0696,0.0696,0.0696,95,0
SIN,5,20250924,123500,0.0656,0.0656,0.0656,0.0656,9468,0
SIN,5,20250924,125500,0.065,0.065,0.065,0.065,200,0
SIN,5,20250924,130000,0.065,0.0696,0.065,0.0696,7500,0
SIN,5,20250924,151500,0.067,0.0672,0.0662,0.0662,463,0
SIN,5,20250924,160000,0.069,0.069,0.069,0.069,2992,0
SIN,5,20250924,162000,0.068,0.0698,0.068,0.0698,10001,0
SIN,5,20250925,091000,0.0652,0.0652,0.0652,0.0652,12857,0
SIN,5,20250925,092500,0.0652,0.0652,0.0652,0.0652,149,0
SIN,5,20250925,095500,0.0696,0.0696,0.0696,0.0696,5500,0
SIN,5,20250925,100500,0.0684,0.0684,0.0684,0.0684,180,0
SIN,5,20250925,115500,0.0672,0.0672,0.0672,0.0672,180,0
SIN,5,20250925,125000,0.0672,0.0672,0.0672,0.0672,11840,0
SIN,5,20250925,133500,0.07,0.07,0.07,0.07,100,0
SIN,5,20250925,134500,0.0682,0.0682,0.066,0.066,26340,0
SIN,5,20250925,143000,0.066,0.0698,0.066,0.0698,13665,0
SIN,5,20250925,144500,0.066,0.066,0.066,0.066,1340,0
SIN,5,20250925,151500,0.0652,0.0652,0.0652,0.0652,2851,0
SIN,5,20250925,152000,0.0636,0.0636,0.0636,0.0636,7649,0
SIN,5,20250925,154000,0.066,0.066,0.066,0.066,1909,0
SIN,5,20250925,154500,0.066,0.0698,0.066,0.0698,5800,0
SIN,5,20250925,164500,0.066,0.066,0.066,0.066,600,0
SIN,5,20250926,090500,0.0642,0.0642,0.0634,0.0634,19968,0
SIN,5,20250926,091000,0.067,0.067,0.067,0.067,15,0
SIN,5,20250926,094500,0.0664,0.0664,0.063,0.063,1817,0
SIN,5,20250926,095000,0.063,0.063,0.063,0.063,620,0
SIN,5,20250926,095500,0.0664,0.0664,0.0664,0.0664,11086,0
SIN,5,20250926,100500,0.0664,0.0664,0.0664,0.0664,13914,0
SIN,5,20250926,101500,0.0644,0.0644,0.0638,0.0638,169,0
SIN,5,20250926,103000,0.064,0.064,0.064,0.064,3032,0
SIN,5,20250926,104000,0.068,0.068,0.068,0.068,20,0
SIN,5,20250929,090000,0.068,0.068,0.068,0.068,4354,0
SIN,5,20250929,093000,0.068,0.068,0.068,0.068,170,0
SIN,5,20250929,120000,0.068,0.068,0.068,0.068,1000,0
SIN,5,20250929,154500,0.068,0.0726,0.068,0.0726,6958,0
SIN,5,20250930,093000,0.0684,0.0684,0.0644,0.0644,11350,0
SIN,5,20250930,093500,0.0646,0.0646,0.0644,0.0644,14000,0
SIN,5,20250930,102000,0.0696,0.0696,0.0696,0.0696,10,0
SIN,5,20250930,103000,0.0646,0.0646,0.0646,0.0646,860,0
SIN,5,20250930,111500,0.065,0.065,0.065,0.065,20,0
SIN,5,20250930,122500,0.0692,0.0692,0.0692,0.0692,216,0
SIN,5,20250930,123000,0.065,0.0656,0.065,0.065,376,0
SIN,5,20250930,131500,0.065,0.065,0.065,0.065,1,0
SIN,5,20250930,142000,0.0686,0.0686,0.0686,0.0686,153,0
SIN,5,20250930,143500,0.0656,0.0656,0.065,0.065,161,0
SIN,5,20250930,145500,0.0686,0.0686,0.065,0.065,154,0
SIN,5,20250930,150000,0.0686,0.0686,0.0686,0.0686,1,0
SIN,5,20250930,153500,0.0686,0.0686,0.0686,0.0686,1460,0
SIN,5,20250930,165500,0.0686,0.0686,0.0686,0.0686,1700,0
SIN,5,20251001,105000,0.0678,0.0678,0.0678,0.0678,1160,0
SIN,5,20251001,113500,0.065,0.065,0.065,0.065,40,0
SIN,5,20251001,120500,0.0678,0.0678,0.0678,0.0678,900,0
SIN,5,20251001,121000,0.065,0.065,0.065,0.065,20,0
SIN,5,20251001,143000,0.065,0.065,0.065,0.065,10000,0
SIN,5,20251001,144000,0.0678,0.0678,0.0678,0.0678,50,0
SIN,5,20251001,144500,0.068,0.068,0.0678,0.0678,2000,0
SIN,5,20251001,150000,0.0678,0.0678,0.0678,0.0678,251,0
SIN,5,20251001,160500,0.065,0.065,0.065,0.065,250,0
SIN,5,20251001,162500,0.065,0.065,0.065,0.065,1,0
SIN,5,20251001,164000,0.0646,0.065,0.0646,0.065,18054,0
SIN,5,20251001,164500,0.0646,0.0674,0.0642,0.0642,1255,0
SIN,5,20251001,165500,0.0672,0.0672,0.0672,0.0672,2008,0
SIN,5,20251002,090000,0.0642,0.0642,0.0642,0.0642,2001,0
SIN,5,20251002,090500,0.0668,0.0668,0.0668,0.0668,10000,0
SIN,5,20251002,094500,0.0642,0.0642,0.0642,0.0642,2160,0
SIN,5,20251002,100500,0.065,0.065,0.065,0.065,1145,0
SIN,5,20251002,102500,0.0666,0.0666,0.0666,0.0666,169,0
SIN,5,20251002,103000,0.065,0.065,0.065,0.065,2855,0
SIN,5,20251002,105500,0.0642,0.0642,0.0642,0.0642,13685,0
SIN,5,20251002,111500,0.066,0.0668,0.066,0.0668,300,0
SIN,5,20251002,122500,0.0646,0.0646,0.0646,0.0646,1600,0
SIN,5,20251002,140000,0.0668,0.0668,0.0668,0.0668,1000,0
SIN,5,20251002,150500,0.066,0.066,0.066,0.066,167,0
SIN,5,20251002,160000,0.0666,0.0666,0.0666,0.0666,39780,0
SIN,5,20251002,164000,0.067,0.067,0.067,0.067,1,0
SIN,5,20251003,091500,0.067,0.067,0.067,0.067,300,0
SIN,5,20251003,094000,0.067,0.067,0.067,0.067,1,0
SIN,5,20251003,110000,0.0646,0.0646,0.0646,0.0646,1200,0
SIN,5,20251003,111500,0.067,0.067,0.067,0.067,150,0
SIN,5,20251003,114000,0.067,0.067,0.067,0.067,13050,0
SIN,5,20251003,120500,0.0674,0.0674,0.0674,0.0674,1,0
SIN,5,20251003,125000,0.067,0.071,0.067,0.071,56137,0
SIN,5,20251003,125500,0.071,0.071,0.071,0.071,1000,0
SIN,5,20251003,153500,0.0706,0.0706,0.0706,0.0706,33661,0
SIN,5,20251003,154000,0.0706,0.0706,0.0706,0.0706,9337,0
SIN,5,20251003,161500,0.0706,0.071,0.0706,0.071,1000,0
SIN,5,20251003,164500,0.071,0.071,0.0652,0.071,310,0
SIN,5,20251006,090000,0.071,0.0786,0.071,0.0786,13510,0
SIN,5,20251006,090500,0.0786,0.085,0.0786,0.085,159086,0
SIN,5,20251006,091000,0.08,0.08,0.08,0.08,3000,0
SIN,5,20251006,091500,0.0712,0.0712,0.0712,0.0712,1,0
SIN,5,20251006,092000,0.0712,0.0798,0.0712,0.0798,20019,0
SIN,5,20251006,092500,0.0692,0.0692,0.067,0.0674,72820,0
SIN,5,20251006,093000,0.067,0.077,0.065,0.0692,69812,0
SIN,5,20251006,093500,0.0688,0.0688,0.0688,0.0688,160,0
SIN,5,20251006,094500,0.069,0.069,0.069,0.069,20400,0
SIN,5,20251006,095000,0.074,0.074,0.074,0.074,5,0
SIN,5,20251006,101500,0.0698,0.0698,0.0698,0.0698,22,0
SIN,5,20251006,102500,0.0698,0.073,0.0698,0.073,2000,0
SIN,5,20251006,104500,0.0738,0.0738,0.0738,0.0738,2,0
SIN,5,20251006,114000,0.0748,0.0748,0.0748,0.0748,5,0
SIN,5,20251006,115500,0.0748,0.075,0.0748,0.075,39000,0
SIN,5,20251006,121500,0.0774,0.0774,0.0774,0.0774,1,0
SIN,5,20251006,122000,0.077,0.077,0.077,0.077,2,0
SIN,5,20251006,130000,0.0738,0.0768,0.0664,0.0768,5001,0
SIN,5,20251006,134000,0.0742,0.0758,0.0742,0.0758,6739,0
SIN,5,20251006,134500,0.0758,0.076,0.0758,0.076,19717,0
SIN,5,20251006,142000,0.0756,0.0756,0.074,0.0754,450,0
SIN,5,20251006,144000,0.073,0.073,0.073,0.073,134,0
SIN,5,20251006,152000,0.0738,0.0738,0.0668,0.0726,2000,0
SIN,5,20251006,153000,0.0742,0.0742,0.0742,0.0742,10140,0
SIN,5,20251006,155500,0.0742,0.0742,0.0742,0.0742,200,0
SIN,5,20251006,161000,0.0742,0.0742,0.0742,0.0742,2,0
SIN,5,20251006,161500,0.0742,0.0742,0.0742,0.0742,3235,0
SIN,5,20251006,163000,0.074,0.074,0.074,0.074,2000,0
SIN,5,20251007,090000,0.069,0.0742,0.069,0.0742,26458,0
SIN,5,20251007,091000,0.0742,0.0754,0.0742,0.0754,925,0
SIN,5,20251007,091500,0.0754,0.0754,0.0754,0.0754,299,0
SIN,5,20251007,092000,0.075,0.075,0.075,0.075,700,0
SIN,5,20251007,092500,0.075,0.075,0.0694,0.0694,1298,0
SIN,5,20251007,093000,0.0696,0.0696,0.0696,0.0696,14000,0
SIN,5,20251007,094000,0.0748,0.075,0.0748,0.075,800,0
SIN,5,20251007,095000,0.0694,0.0694,0.0694,0.0694,1,0
SIN,5,20251007,100000,0.0694,0.0694,0.0688,0.0688,21381,0
SIN,5,20251007,100500,0.0746,0.0746,0.0746,0.0746,290,0
SIN,5,20251007,102500,0.0744,0.0744,0.0744,0.0744,5450,0
SIN,5,20251008,090500,0.0756,0.0756,0.0756,0.0756,100,0
SIN,5,20251008,092500,0.0744,0.0744,0.0718,0.0718,600,0
SIN,5,20251008,093500,0.0756,0.0756,0.0756,0.0756,25,0
SIN,5,20251008,112500,0.0734,0.0734,0.0734,0.0734,210,0
SIN,5,20251008,133500,0.0712,0.0712,0.0712,0.0712,134,0
SIN,5,20251008,135000,0.0712,0.0712,0.0712,0.0712,16,0
SIN,5,20251008,141500,0.069,0.069,0.069,0.069,14542,0
SIN,5,20251008,142000,0.073,0.073,0.073,0.073,25,0
SIN,5,20251008,164500,0.0714,0.0714,0.0714,0.0714,150,0
SIN,5,20251009,091000,0.0766,0.0766,0.0766,0.0766,1240,0
SIN,5,20251009,101500,0.0752,0.0752,0.0752,0.0752,2000,0
SIN,5,20251009,102000,0.0734,0.0734,0.0728,0.0728,160,0
SIN,5,20251009,102500,0.0716,0.0728,0.0716,0.0728,290,0
SIN,5,20251009,103500,0.0748,0.0748,0.0734,0.0734,600,0
SIN,5,20251009,104500,0.0712,0.0712,0.0712,0.0712,150,0
SIN,5,20251009,105000,0.0704,0.0704,0.0704,0.0704,150,0
SIN,5,20251009,113500,0.0702,0.0702,0.0702,0.0702,5000,0
SIN,5,20251009,144500,0.0698,0.0698,0.068,0.068,200,0
SIN,5,20251009,150000,0.0702,0.0702,0.0702,0.0702,1,0
SIN,5,20251010,090500,0.0738,0.0738,0.0698,0.0738,302,0
SIN,5,20251010,093000,0.0714,0.0714,0.0706,0.0706,300,0
SIN,5,20251010,094000,0.073,0.073,0.073,0.073,1,0
SIN,5,20251010,103000,0.0702,0.0702,0.0702,0.0702,150,0
SIN,5,20251010,112500,0.073,0.073,0.073,0.073,1,0
SIN,5,20251010,120000,0.0696,0.0696,0.0696,0.0696,150,0
SIN,5,20251010,123000,0.073,0.073,0.073,0.073,1,0
SIN,5,20251010,153500,0.073,0.073,0.073,0.073,299,0
SIN,5,20251010,164500,0.073,0.073,0.0694,0.073,4327,0
SIN,5,20251013,090000,0.0728,0.0728,0.0728,0.0728,5000,0
SIN,5,20251013,094500,0.066,0.066,0.066,0.066,125,0
SIN,5,20251013,113500,0.0722,0.0722,0.0722,0.0722,50,0
SIN,5,20251013,125000,0.0664,0.0664,0.0664,0.0664,299,0
SIN,5,20251013,132500,0.0724,0.0724,0.0724,0.0724,20,0
SIN,5,20251014,092500,0.0698,0.0698,0.0698,0.0698,1532,0
SIN,5,20251014,131000,0.0698,0.0698,0.0698,0.0698,530,0
SIN,5,20251014,132500,0.0698,0.07,0.0698,0.07,2865,0
SIN,5,20251014,135500,0.0682,0.0682,0.0682,0.0682,150,0
SIN,5,20251014,140500,0.068,0.068,0.068,0.068,11850,0
SIN,5,20251014,143500,0.0676,0.0676,0.0668,0.0668,530,0
SIN,5,20251014,144000,0.07,0.07,0.07,0.07,1,0
SIN,5,20251014,151500,0.0668,0.0668,0.066,0.066,11879,0
SIN,5,20251014,153500,0.066,0.066,0.066,0.066,1189,0
SIN,5,20251014,162000,0.068,0.068,0.0678,0.0678,10500,0
SIN,5,20251014,164500,0.068,0.068,0.068,0.068,1000,0
SIN,5,20251015,090500,0.068,0.068,0.068,0.068,5000,0
SIN,5,20251015,091000,0.068,0.0718,0.068,0.0718,4000,0
SIN,5,20251015,093000,0.0718,0.0718,0.0718,0.0718,3000,0
SIN,5,20251015,094500,0.0714,0.0716,0.0714,0.0716,299,0
SIN,5,20251015,102500,0.0714,0.0714,0.0714,0.0714,150,0
SIN,5,20251015,104500,0.0714,0.0718,0.0714,0.0718,3020,0
SIN,5,20251015,110500,0.0716,0.0716,0.0698,0.0708,1051,0
SIN,5,20251015,113000,0.0718,0.0718,0.07,0.07,524,0
SIN,5,20251015,114000,0.07,0.07,0.07,0.07,150,0
SIN,5,20251015,114500,0.07,0.07,0.0698,0.0698,298,0
SIN,5,20251015,115000,0.0698,0.0698,0.0698,0.0698,150,0
SIN,5,20251015,122500,0.0696,0.0696,0.0696,0.0696,148,0
SIN,5,20251015,132000,0.0682,0.0682,0.068,0.068,6000,0
SIN,5,20251015,144000,0.0698,0.0698,0.0698,0.0698,1,0
SIN,5,20251016,091000,0.0696,0.0698,0.0696,0.0698,2700,0
SIN,5,20251016,091500,0.0698,0.0728,0.0698,0.0728,10000,0
SIN,5,20251016,095500,0.0714,0.0726,0.0714,0.0726,296,0
SIN,5,20251016,100000,0.0738,0.0738,0.0728,0.0728,4000,0
SIN,5,20251016,100500,0.0732,0.0744,0.0732,0.0744,1141,0
SIN,5,20251016,103500,0.074,0.074,0.074,0.074,140,0
SIN,5,20251016,104500,0.0718,0.0718,0.0714,0.0714,282,0
SIN,5,20251016,120000,0.0736,0.0738,0.0736,0.0738,138,0
SIN,5,20251016,121500,0.0738,0.0738,0.0738,0.0738,200,0
SIN,5,20251016,122500,0.0708,0.0708,0.0706,0.0706,288,0
SIN,5,20251016,125000,0.0734,0.0734,0.0734,0.0734,1,0
SIN,5,20251017,103500,0.0688,0.0688,0.0688,0.0688,433,0
SIN,5,20251017,110000,0.0726,0.0726,0.0726,0.0726,1,0
SIN,5,20251017,151500,0.0724,0.0724,0.0704,0.0704,444,0
SIN,5,20251017,154500,0.0726,0.0726,0.0726,0.0726,432,0
SIN,5,20251017,160000,0.0728,0.0728,0.0728,0.0728,1,0
SIN,5,20251017,160500,0.0726,0.0726,0.0726,0.0726,876,0
SIN,5,20251020,090500,0.0728,0.0728,0.0728,0.0728,1000,0
SIN,5,20251020,124500,0.0704,0.0704,0.0704,0.0704,160,0
SIN,5,20251020,135000,0.0688,0.0688,0.0688,0.0688,1300,0
SIN,5,20251020,135500,0.0688,0.0688,0.0688,0.0688,24000,0
SIN,5,20251020,141500,0.0688,0.0688,0.0688,0.0688,14620,0
SIN,5,20251020,142000,0.0716,0.0716,0.0716,0.0716,1000,0
SIN,5,20251021,090000,0.0708,0.0708,0.0708,0.0708,1000,0
SIN,5,20251021,095500,0.0708,0.0744,0.0708,0.0744,76232,0
SIN,5,20251021,102500,0.073,0.0744,0.073,0.0744,31258,0
SIN,5,20251021,103000,0.073,0.0744,0.073,0.0744,14250,0
SIN,5,20251021,103500,0.0744,0.0744,0.0744,0.0744,161,0
SIN,5,20251021,104000,0.0718,0.0718,0.0704,0.0704,161,0
SIN,5,20251021,105000,0.0744,0.0744,0.0744,0.0744,353,0
SIN,5,20251021,105500,0.0744,0.075,0.0744,0.075,66099,0
SIN,5,20251021,110000,0.0758,0.0798,0.0758,0.0798,39312,0
SIN,5,20251021,110500,0.0786,0.0788,0.0782,0.0788,3,0
SIN,5,20251021,111000,0.079,0.0846,0.079,0.0846,118915,0
SIN,5,20251021,111500,0.0842,0.0846,0.0836,0.0846,4,0
SIN,5,20251021,112000,0.079,0.084,0.079,0.084,1999,0
SIN,5,20251021,112500,0.0816,0.0836,0.08,0.08,5050,0
SIN,5,20251021,113000,0.0802,0.0836,0.0802,0.0836,216,0
SIN,5,20251021,113500,0.0802,0.0836,0.079,0.079,1955,0
SIN,5,20251021,114000,0.0808,0.0836,0.0808,0.0836,400,0
SIN,5,20251021,115000,0.079,0.079,0.079,0.079,1432,0
SIN,5,20251021,120000,0.0796,0.0836,0.079,0.079,27643,0
SIN,5,20251021,120500,0.0792,0.084,0.0792,0.084,27984,0
SIN,5,20251021,121000,0.081,0.084,0.081,0.084,425,0
SIN,5,20251021,121500,0.0806,0.084,0.0806,0.084,20000,0
SIN,5,20251021,122000,0.0802,0.084,0.0802,0.084,950,0
SIN,5,20251021,122500,0.084,0.084,0.084,0.084,293,0
SIN,5,20251021,123000,0.084,0.084,0.084,0.084,375,0
SIN,5,20251021,124000,0.082,0.084,0.082,0.084,1900,0
SIN,5,20251021,124500,0.079,0.079,0.077,0.077,974,0
SIN,5,20251021,130000,0.075,0.075,0.0722,0.0722,25200,0
SIN,5,20251021,131500,0.075,0.075,0.075,0.075,35200,0
SIN,5,20251021,140000,0.0722,0.0722,0.072,0.072,45001,0
SIN,5,20251021,140500,0.075,0.075,0.075,0.075,800,0
SIN,5,20251021,152500,0.0734,0.074,0.0734,0.074,4,0
SIN,5,20251021,153500,0.0734,0.075,0.0734,0.075,25,0
SIN,5,20251021,160000,0.0712,0.0726,0.0712,0.0726,451,0
SIN,5,20251021,162500,0.0726,0.0726,0.0726,0.0726,9,0
SIN,5,20251021,164500,0.0726,0.0738,0.0712,0.0734,19453,0
SIN,5,20251022,090000,0.0734,0.078,0.0734,0.078,30371,0
SIN,5,20251022,090500,0.0734,0.078,0.0734,0.078,128,0
SIN,5,20251022,105000,0.0768,0.0768,0.0768,0.0768,180,0
SIN,5,20251022,110500,0.0768,0.077,0.0768,0.077,13000,0
SIN,5,20251022,113500,0.0722,0.0722,0.072,0.072,2865,0
SIN,5,20251022,120000,0.0766,0.0766,0.0766,0.0766,20,0
SIN,5,20251022,130500,0.0722,0.0722,0.0722,0.0722,1255,0
SIN,5,20251022,131000,0.0752,0.0764,0.0752,0.0764,7,0
SIN,5,20251022,155500,0.0734,0.0762,0.0734,0.0762,100,0
SIN,5,20251023,090000,0.0762,0.0762,0.0722,0.0722,315,0
SIN,5,20251023,092000,0.0748,0.076,0.0748,0.0758,200,0
SIN,5,20251023,092500,0.076,0.0786,0.076,0.0786,5000,0
SIN,5,20251023,115000,0.0722,0.0722,0.0722,0.0722,200,0
SIN,5,20251023,143000,0.0758,0.0786,0.0758,0.0786,11000,0
SIN,5,20251023,150500,0.0722,0.0784,0.072,0.0784,135300,0
SIN,5,20251024,092500,0.0752,0.0768,0.0752,0.0768,146,0
SIN,5,20251024,103000,0.0722,0.0722,0.0722,0.0722,85,0
SIN,5,20251024,130000,0.0742,0.0768,0.0742,0.0768,1817,0
SIN,5,20251027,090000,0.0768,0.0768,0.0768,0.0768,1400,0
SIN,5,20251027,090500,0.0768,0.0836,0.0768,0.0836,4000,0
SIN,5,20251027,100500,0.0742,0.0742,0.074,0.074,13200,0
SIN,5,20251027,101500,0.0784,0.079,0.0784,0.079,960,0
SIN,5,20251027,104000,0.0722,0.0722,0.072,0.072,1817,0
SIN,5,20251027,112500,0.0788,0.0788,0.0788,0.0788,137,0
SIN,5,20251027,114500,0.0732,0.0732,0.0732,0.0732,3000,0
SIN,5,20251027,122500,0.0732,0.0732,0.0732,0.0732,21619,0
SIN,5,20251027,133500,0.0788,0.0788,0.0788,0.0788,50,0
SIN,5,20251027,154500,0.0758,0.076,0.0758,0.076,1400,0
SIN,5,20251027,163500,0.0758,0.076,0.0758,0.076,1400,0
SIN,5,20251028,094500,0.076,0.076,0.076,0.076,131045,0
SIN,5,20251028,095000,0.076,0.076,0.076,0.076,800121,0
SIN,5,20251028,095500,0.076,0.076,0.076,0.076,542000,0
SIN,5,20251028,100000,0.076,0.08,0.076,0.08,157150,0
SIN,5,20251028,100500,0.0818,0.082,0.0818,0.082,20000,0
SIN,5,20251028,101000,0.082,0.0834,0.082,0.0834,7368,0
SIN,5,20251028,102500,0.0832,0.0832,0.0832,0.0832,2000,0
SIN,5,20251028,103000,0.0778,0.0778,0.0778,0.0778,5000,0
SIN,5,20251028,104000,0.0762,0.0832,0.0762,0.0832,1050,0
SIN,5,20251028,105000,0.0762,0.0762,0.0762,0.0762,10000,0
SIN,5,20251028,111000,0.081,0.081,0.081,0.081,20,0
SIN,5,20251028,111500,0.074,0.074,0.074,0.074,50000,0
SIN,5,20251028,113500,0.077,0.077,0.077,0.077,50,0
SIN,5,20251028,114500,0.077,0.079,0.077,0.079,60250,0
SIN,5,20251028,122000,0.079,0.079,0.079,0.079,4900,0
SIN,5,20251028,123000,0.08,0.08,0.08,0.08,80,0
SIN,5,20251028,142000,0.079,0.079,0.079,0.079,1430,0
SIN,5,20251028,143000,0.079,0.079,0.079,0.079,8000,0
SIN,5,20251029,131500,0.0726,0.0726,0.072,0.072,4200,0
SIN,5,20251029,144000,0.0788,0.0788,0.0788,0.0788,2,0
SIN,5,20251029,144500,0.0722,0.0788,0.072,0.0788,6657,0
SIN,5,20251030,094500,0.0784,0.0784,0.0784,0.0784,1000,0
SIN,5,20251030,130500,0.0722,0.0722,0.0722,0.0722,330,0
SIN,5,20251030,143500,0.0784,0.0784,0.0784,0.0784,1,0
SIN,5,20251031,090000,0.0706,0.0706,0.0706,0.0706,2702,0
SIN,5,20251031,090500,0.078,0.0784,0.0708,0.0708,1499,0
SIN,5,20251031,091000,0.071,0.071,0.071,0.071,1,0
SIN,5,20251031,092500,0.0784,0.0786,0.0784,0.0786,2769,0
SIN,5,20251031,115000,0.0756,0.0756,0.0756,0.0756,2225,0
SIN,5,20251031,115500,0.0756,0.0756,0.0756,0.0756,774,0
SIN,5,20251031,123500,0.0756,0.0756,0.0756,0.0756,1,0
SIN,5,20251031,161500,0.0758,0.0758,0.0758,0.0758,33513,0
SIN,5,20251103,090500,0.072,0.072,0.072,0.072,360,0
SIN,5,20251103,091000,0.0758,0.0758,0.0758,0.0758,2,0
SIN,5,20251103,091500,0.0758,0.0786,0.0758,0.0786,600,0
SIN,5,20251103,093000,0.0722,0.0722,0.0712,0.0712,11199,0
SIN,5,20251103,094000,0.0784,0.0784,0.0784,0.0784,2,0
SIN,5,20251103,121000,0.0716,0.0716,0.0716,0.0716,1329,0
SIN,5,20251103,135500,0.0778,0.0778,0.0778,0.0778,25,0
SIN,5,20251103,150000,0.0778,0.0778,0.0778,0.0778,3091,0
SIN,5,20251103,151000,0.0784,0.0784,0.0784,0.0784,25,0
SIN,5,20251103,151500,0.0778,0.0778,0.0778,0.0778,6909,0
SIN,5,20251104,090000,0.0716,0.0716,0.0716,0.0716,1,0
SIN,5,20251104,092000,0.0784,0.079,0.0784,0.079,26492,0
SIN,5,20251104,102500,0.0716,0.0716,0.0714,0.0714,25207,0
SIN,5,20251104,105500,0.0788,0.0788,0.0788,0.0788,50,0
SIN,5,20251104,110500,0.0786,0.0786,0.0786,0.0786,450,0
SIN,5,20251105,090000,0.0712,0.0712,0.071,0.0712,34262,0
SIN,5,20251105,090500,0.0774,0.0774,0.0774,0.0774,2,0
SIN,5,20251105,104000,0.0742,0.0742,0.0742,0.0742,500,0
SIN,5,20251105,104500,0.074,0.074,0.074,0.074,17339,0
SIN,5,20251105,105000,0.0742,0.0742,0.0742,0.0742,2660,0
SIN,5,20251105,105500,0.0768,0.0768,0.0768,0.0768,450,0
SIN,5,20251105,112000,0.0742,0.0742,0.0742,0.0742,1,0
SIN,5,20251105,133000,0.0768,0.0768,0.0768,0.0768,25,0
SIN,5,20251106,135000,0.0706,0.0706,0.0694,0.0696,30000,0
SIN,5,20251106,143000,0.073,0.073,0.073,0.073,25,0
SIN,5,20251106,164500,0.072,0.072,0.072,0.072,300,0
SIN,5,20251107,104000,0.0712,0.0712,0.0712,0.0712,21000,0
SIN,5,20251107,111500,0.072,0.0736,0.072,0.0736,1101,0
SIN,5,20251107,112000,0.0736,0.0746,0.0736,0.0746,1050,0
SIN,5,20251107,152000,0.07,0.07,0.07,0.07,2399,0
SIN,5,20251107,155500,0.07,0.0746,0.07,0.0746,2,0
SIN,5,20251110,090000,0.074,0.074,0.074,0.074,2613,0
SIN,5,20251110,094500,0.0696,0.0738,0.0696,0.0738,4205,0
SIN,5,20251110,100500,0.069,0.0738,0.069,0.0738,138,0
SIN,5,20251110,131500,0.0728,0.0728,0.0728,0.0728,576,0
SIN,5,20251110,144500,0.069,0.069,0.069,0.069,863,0
SIN,5,20251110,145000,0.068,0.0726,0.068,0.0726,4138,0
SIN,5,20251110,150000,0.067,0.067,0.067,0.067,575,0
SIN,5,20251110,150500,0.0726,0.0726,0.0726,0.0726,1,0
SIN,5,20251110,163500,0.0734,0.0734,0.0734,0.0734,1000,0
SIN,5,20251112,090000,0.071,0.071,0.071,0.071,8125,0
SIN,5,20251112,090500,0.072,0.0734,0.072,0.0734,40002,0
SIN,5,20251112,092500,0.073,0.073,0.073,0.073,1400,0
SIN,5,20251112,093000,0.073,0.073,0.073,0.073,2,0
SIN,5,20251112,093500,0.07,0.073,0.07,0.073,35002,0
SIN,5,20251112,095000,0.0692,0.0692,0.0692,0.0692,1,0
SIN,5,20251112,103000,0.0692,0.0692,0.0692,0.0692,3999,0
SIN,5,20251112,110500,0.0726,0.0726,0.0726,0.0726,50,0
SIN,5,20251112,151500,0.0672,0.0672,0.0672,0.0672,8,0
SIN,5,20251112,163500,0.0672,0.0672,0.0666,0.0666,23627,0
SIN,5,20251112,164500,0.0698,0.0698,0.0698,0.0698,2101,0
SIN,5,20251113,090000,0.0698,0.0716,0.0698,0.0716,1649,0
SIN,5,20251113,095000,0.0668,0.0668,0.0666,0.0666,10200,0
SIN,5,20251113,100000,0.07,0.07,0.07,0.07,1,0
SIN,5,20251113,111500,0.0666,0.0666,0.0666,0.0666,18105,0
SIN,5,20251113,120500,0.0666,0.0666,0.0666,0.0666,17530,0
SIN,5,20251113,125500,0.0666,0.0666,0.0666,0.0666,5716,0
SIN,5,20251113,131000,0.0666,0.0666,0.0666,0.0666,1754,0
SIN,5,20251113,151000,0.0666,0.0666,0.0666,0.0666,271,0
SIN,5,20251113,163500,0.0686,0.069,0.0686,0.069,500,0
SIN,5,20251113,164500,0.069,0.069,0.069,0.069,100,0
SIN,5,20251114,095500,0.068,0.068,0.068,0.068,1000,0
SIN,5,20251114,101000,0.068,0.068,0.068,0.068,370,0
SIN,5,20251114,114000,0.066,0.066,0.066,0.066,4444,0
SIN,5,20251114,124000,0.066,0.066,0.066,0.066,29800,0
SIN,5,20251114,142000,0.066,0.066,0.066,0.066,12000,0
SIN,5,20251114,164500,0.068,0.068,0.068,0.068,300,0
SIN,5,20251117,090000,0.066,0.067,0.0616,0.067,85385,0
SIN,5,20251117,092500,0.0662,0.0664,0.0662,0.0664,12902,0
SIN,5,20251117,102500,0.0678,0.0678,0.0678,0.0678,100,0
SIN,5,20251117,122000,0.0622,0.0622,0.0618,0.0618,10000,0
SIN,5,20251117,124000,0.0666,0.0666,0.0666,0.0666,4000,0
SIN,5,20251117,130000,0.0622,0.0656,0.06,0.0656,100001,0
SIN,5,20251117,132000,0.0648,0.0648,0.0648,0.0648,1000,0
SIN,5,20251117,134500,0.0642,0.0642,0.0642,0.0642,6000,0
SIN,5,20251117,155000,0.062,0.062,0.062,0.062,1300,0
SIN,5,20251117,162000,0.06,0.06,0.06,0.06,32900,0
SIN,5,20251117,163000,0.06,0.06,0.06,0.06,10000,0
SIN,5,20251117,163500,0.06,0.06,0.06,0.06,7100,0
SIN,5,20251117,164000,0.062,0.062,0.062,0.062,37100,0
SIN,5,20251118,091000,0.0636,0.0636,0.0636,0.0636,50,0
SIN,5,20251118,100500,0.0636,0.0638,0.0636,0.0638,1500,0
SIN,5,20251118,103500,0.0636,0.0636,0.0636,0.0636,1000,0
SIN,5,20251118,123500,0.061,0.061,0.061,0.061,48228,0
SIN,5,20251118,125500,0.0592,0.0592,0.0592,0.0592,4000,0
SIN,5,20251118,130000,0.0636,0.0636,0.0636,0.0636,50,0
SIN,5,20251118,133500,0.0592,0.0626,0.0592,0.0626,3000,0
SIN,5,20251118,163500,0.06,0.06,0.06,0.06,1000,0
SIN,5,20251118,164500,0.0628,0.0628,0.0628,0.0628,160,0
SIN,5,20251119,090000,0.0628,0.0628,0.0628,0.0628,6371,0
SIN,5,20251119,091000,0.0644,0.0644,0.0644,0.0644,2,0
SIN,5,20251119,100000,0.0602,0.0602,0.0602,0.0602,10000,0
SIN,5,20251119,101500,0.064,0.064,0.064,0.064,1,0
SIN,5,20251119,103000,0.0602,0.0602,0.0602,0.0602,2000,0
SIN,5,20251119,103500,0.064,0.064,0.064,0.064,3,0
SIN,5,20251119,111000,0.0602,0.0638,0.06,0.0638,60050,0
SIN,5,20251119,112500,0.06,0.06,0.06,0.06,540,0
SIN,5,20251119,120500,0.0636,0.0636,0.0634,0.0634,20000,0
SIN,5,20251119,134500,0.0636,0.0638,0.0636,0.0638,2001,0
SIN,5,20251119,143500,0.0602,0.0602,0.0602,0.0602,2229,0
SIN,5,20251119,165500,0.0638,0.0638,0.0638,0.0638,158,0
SIN,5,20251120,090000,0.0604,0.0604,0.0604,0.0604,2000,0
SIN,5,20251120,090500,0.0634,0.0634,0.0634,0.0634,1,0
SIN,5,20251120,112000,0.063,0.063,0.063,0.063,110000,0
SIN,5,20251120,112500,0.063,0.063,0.063,0.063,200000,0
SIN,5,20251120,113000,0.063,0.063,0.063,0.063,500000,0
SIN,5,20251120,120500,0.063,0.063,0.063,0.063,1989,0
SIN,5,20251120,135000,0.063,0.063,0.063,0.063,2500,0
SIN,5,20251120,154500,0.0634,0.0634,0.0634,0.0634,3000,0
SIN,5,20251121,090000,0.0634,0.0636,0.0634,0.0636,19970,0
SIN,5,20251121,123500,0.0592,0.0592,0.0592,0.0592,1,0
SIN,5,20251121,150500,0.0634,0.0634,0.0634,0.0634,1,0
SIN,5,20251121,152000,0.0634,0.0636,0.0634,0.0636,1000,0
SIN,5,20251121,155000,0.0636,0.0636,0.0636,0.0636,15000,0
SIN,5,20251124,090500,0.0634,0.0634,0.0634,0.0634,2,0
SIN,5,20251124,111500,0.062,0.062,0.062,0.062,23400,0
SIN,5,20251124,112000,0.0634,0.0634,0.0634,0.0634,1,0
SIN,5,20251124,113500,0.0592,0.0592,0.0592,0.0592,2,0
SIN,5,20251124,114000,0.0632,0.0632,0.0632,0.0632,1,0
SIN,5,20251124,150500,0.0608,0.0608,0.0608,0.0608,1450,0
SIN,5,20251124,151500,0.0632,0.0632,0.0632,0.0632,1,0
SIN,5,20251125,090000,0.0632,0.0632,0.0632,0.0632,7,0
SIN,5,20251125,092000,0.063,0.063,0.063,0.063,1670,0
SIN,5,20251125,102000,0.0602,0.0602,0.06,0.06,400,0
SIN,5,20251125,102500,0.06,0.063,0.06,0.063,32737,0
SIN,5,20251125,132500,0.0602,0.0602,0.06,0.06,20000,0
SIN,5,20251125,140000,0.06,0.06,0.06,0.06,200,0
SIN,5,20251125,144500,0.06,0.06,0.06,0.06,3000,0
SIN,5,20251125,151500,0.062,0.062,0.062,0.062,13273,0
SIN,5,20251126,091000,0.063,0.063,0.063,0.063,2,0
SIN,5,20251126,132000,0.0628,0.0628,0.0628,0.0628,20200,0
SIN,5,20251126,132500,0.063,0.063,0.063,0.063,2,0
SIN,5,20251127,090000,0.0592,0.0592,0.0592,0.0592,300,0
SIN,5,20251127,094000,0.062,0.062,0.062,0.062,3,0
SIN,5,20251127,101000,0.062,0.062,0.062,0.062,400,0
SIN,5,20251127,115000,0.062,0.062,0.062,0.062,3000,0
SIN,5,20251127,124000,0.06,0.06,0.06,0.06,26000,0
SIN,5,20251127,135500,0.06,0.06,0.06,0.06,25000,0
SIN,5,20251127,140500,0.06,0.06,0.06,0.06,2000,0
SIN,5,20251127,151000,0.0592,0.0592,0.0592,0.0592,2230,0
SIN,5,20251127,154000,0.06,0.06,0.06,0.06,8705,0
SIN,5,20251127,162500,0.06,0.0622,0.06,0.0622,34205,0
SIN,5,20251128,090000,0.059,0.059,0.059,0.059,25000,0
SIN,5,20251128,093000,0.059,0.059,0.059,0.059,11000,0
SIN,5,20251128,093500,0.059,0.059,0.059,0.059,9300,0
SIN,5,20251128,095500,0.061,0.0628,0.061,0.0628,5001,0
SIN,5,20251128,103500,0.059,0.059,0.059,0.059,25000,0
SIN,5,20251128,105500,0.059,0.0628,0.059,0.0628,3000,0
SIN,5,20251128,115000,0.059,0.059,0.059,0.059,30000,0
SIN,5,20251128,121500,0.0626,0.0626,0.0626,0.0626,20,0
SIN,5,20251128,122500,0.0626,0.0626,0.0626,0.0626,800,0
SIN,5,20251201,090000,0.0626,0.0626,0.0626,0.0626,1203,0
SIN,5,20251201,093500,0.0626,0.0626,0.0626,0.0626,2,0
SIN,5,20251201,111000,0.06,0.06,0.06,0.06,40000,0
SIN,5,20251201,113500,0.06,0.06,0.06,0.06,30000,0
SIN,5,20251201,115500,0.0584,0.0584,0.0584,0.0584,98000,0
SIN,5,20251201,120000,0.0584,0.0584,0.0584,0.0584,740000,0
SIN,5,20251201,120500,0.0584,0.0584,0.0584,0.0584,60000,0
SIN,5,20251201,121000,0.0584,0.0584,0.0584,0.0584,1235,0
SIN,5,20251201,122500,0.0584,0.0584,0.0584,0.0584,5142,0
SIN,5,20251201,124500,0.0584,0.0584,0.0584,0.0584,1234,0
SIN,5,20251201,125000,0.0584,0.0584,0.0584,0.0584,10000,0
SIN,5,20251201,134500,0.06,0.0624,0.06,0.0624,7150,0
SIN,5,20251202,090000,0.0586,0.0622,0.0586,0.0622,10002,0
SIN,5,20251202,112000,0.0588,0.0588,0.0588,0.0588,11000,0
SIN,5,20251202,115000,0.0622,0.0622,0.0622,0.0622,1000,0
SIN,5,20251202,121000,0.0586,0.0586,0.0572,0.0572,11000,0
SIN,5,20251202,124500,0.0578,0.0578,0.0578,0.0578,1000,0
SIN,5,20251202,125000,0.0578,0.0578,0.0576,0.0576,61000,0
SIN,5,20251202,131000,0.0622,0.0622,0.0622,0.0622,80,0
SIN,5,20251202,131500,0.0622,0.0624,0.0622,0.0624,2000,0
SIN,5,20251202,132000,0.0622,0.0622,0.0622,0.0622,1500,0
