<TICKER>,<PER>,<DATE>,<TIME>,<OPEN>,<HIGH>,<LOW>,<CLOSE>,<VOL>,<OPENINT>
SOK,5,20250707,092000,10.85,10.85,10.8,10.8,320,0
SOK,5,20250707,092500,10.65,10.65,10.35,10.35,600,0
SOK,5,20250707,093000,10.4,10.4,10.4,10.4,500,0
SOK,5,20250707,094500,10.45,10.45,10.45,10.45,112,0
SOK,5,20250707,100000,10.6,10.6,10.6,10.6,1,0
SOK,5,20250707,101500,10.45,10.45,10.45,10.45,428,0
SOK,5,20250707,102000,10.45,10.45,10.45,10.45,376,0
SOK,5,20250707,103500,10.5,10.7,10.2,10.7,5000,0
SOK,5,20250707,104000,10.55,10.55,10.55,10.55,100,0
SOK,5,20250707,110500,10.4,10.6,10.4,10.6,4,0
SOK,5,20250707,113500,10.4,10.4,10.4,10.4,100,0
SOK,5,20250707,121000,10.4,10.4,10.3,10.3,200,0
SOK,5,20250707,125000,10.3,10.5,10.3,10.5,371,0
SOK,5,20250707,125500,10.25,10.6,10.2,10.55,1227,0
SOK,5,20250707,130000,10.25,10.55,10.25,10.25,421,0
SOK,5,20250707,130500,10.25,10.55,10.25,10.55,305,0
SOK,5,20250707,131000,10.55,10.6,10.25,10.25,301,0
SOK,5,20250707,131500,10.3,10.3,10.25,10.25,310,0
SOK,5,20250707,133500,10.45,10.55,10.2,10.3,1258,0
SOK,5,20250707,134000,10.25,10.55,10.25,10.3,623,0
SOK,5,20250707,134500,10.3,10.55,10.2,10.2,3795,0
SOK,5,20250707,135000,10.3,10.3,10.05,10.05,3013,0
SOK,5,20250707,135500,10.2,10.5,10.15,10.15,4544,0
SOK,5,20250707,140000,10.4,10.45,10.4,10.45,870,0
SOK,5,20250707,140500,10.45,10.65,10.2,10.2,1763,0
SOK,5,20250707,141000,10.15,10.55,10.05,10.55,7093,0
SOK,5,20250707,141500,10.55,10.6,10.5,10.6,2592,0
SOK,5,20250707,142000,10.35,10.35,10.3,10.3,351,0
SOK,5,20250707,142500,10.25,10.45,10.15,10.45,2366,0
SOK,5,20250707,143000,10.45,10.55,10.25,10.3,1568,0
SOK,5,20250707,143500,10.2,10.5,10.2,10.2,3204,0
SOK,5,20250707,144000,10.2,10.55,10.15,10.55,3096,0
SOK,5,20250707,144500,10.5,10.5,10.5,10.5,150,0
SOK,5,20250707,145000,10.3,10.3,10.25,10.25,1463,0
SOK,5,20250707,145500,10.2,10.5,10.15,10.5,6100,0
SOK,5,20250707,150000,10.5,10.5,10.5,10.5,490,0
SOK,5,20250707,150500,10.5,10.55,10.5,10.55,205,0
SOK,5,20250707,151000,10.55,10.55,10.55,10.55,292,0
SOK,5,20250707,152000,10.55,10.55,10.55,10.55,470,0
SOK,5,20250707,152500,10.55,10.75,10.3,10.75,734,0
SOK,5,20250707,153500,10.75,11,10.75,11,2237,0
SOK,5,20250707,154000,10.6,10.6,10.5,10.55,915,0
SOK,5,20250707,154500,10.4,10.7,10.4,10.4,1596,0
SOK,5,20250707,155000,10.7,10.75,10.7,10.75,407,0
SOK,5,20250707,160500,10.45,10.45,10.2,10.25,2000,0
SOK,5,20250707,161000,10.25,10.25,10.2,10.2,1172,0
SOK,5,20250707,162000,10.2,10.2,10.2,10.2,200,0
SOK,5,20250707,163500,10.2,10.2,10.2,10.2,200,0
SOK,5,20250707,164000,10.2,10.2,10.2,10.2,200,0
SOK,5,20250707,164500,10.15,10.15,10.15,10.15,275,0
SOK,5,20250708,090000,10.3,10.35,10.3,10.35,1693,0
SOK,5,20250708,090500,10.25,10.4,10.25,10.4,160,0
SOK,5,20250708,092000,10.4,10.4,10.4,10.4,20,0
SOK,5,20250708,092500,10.4,10.4,10.3,10.3,50,0
SOK,5,20250708,093000,10.3,10.3,10.2,10.2,500,0
SOK,5,20250708,094500,10.35,10.5,10.35,10.5,427,0
SOK,5,20250708,124000,10.35,10.35,10.35,10.35,116,0
SOK,5,20250708,124500,10.3,10.3,10.3,10.3,468,0
SOK,5,20250708,132000,10.45,10.45,10.45,10.45,125,0
SOK,5,20250708,132500,10.5,10.5,10.5,10.5,40,0
SOK,5,20250708,133000,10.3,10.3,10.25,10.25,309,0
SOK,5,20250708,143000,10.25,10.25,10.25,10.25,300,0
SOK,5,20250708,143500,10.25,10.25,10.25,10.25,397,0
SOK,5,20250708,144000,10.25,10.25,10.25,10.25,10,0
SOK,5,20250708,144500,10.2,10.2,10.1,10.1,560,0
SOK,5,20250708,145000,10.1,10.1,10.1,10.1,140,0
SOK,5,20250708,152500,10.15,10.15,10.1,10.1,405,0
SOK,5,20250708,153000,10.1,10.1,10.1,10.1,391,0
SOK,5,20250708,155000,10.15,10.2,10.15,10.2,180,0
SOK,5,20250709,090000,10.15,10.15,10.1,10.1,180,0
SOK,5,20250709,091500,10.2,10.2,10.2,10.2,57,0
SOK,5,20250709,092000,10.2,10.2,10.2,10.2,20,0
SOK,5,20250709,092500,10.15,10.15,10.15,10.15,100,0
SOK,5,20250709,093500,10.1,10.1,10,10,2850,0
SOK,5,20250709,094000,10,10.05,10,10,510,0
SOK,5,20250709,094500,10,10.05,9.9,10.05,538,0
SOK,5,20250709,100000,10,10,10,10,260,0
SOK,5,20250709,100500,9.98,9.98,9.98,9.98,10,0
SOK,5,20250709,101000,9.98,10,9.98,10,110,0
SOK,5,20250709,102000,10,10,10,10,18,0
SOK,5,20250709,103000,10,10,10,10,30,0
SOK,5,20250709,103500,10,10,10,10,89,0
SOK,5,20250709,104000,10,10.05,10,10.05,80,0
SOK,5,20250709,104500,10,10,10,10,110,0
SOK,5,20250709,105500,10.1,10.1,10.1,10.1,150,0
SOK,5,20250709,110000,10.05,10.05,10.05,10.05,30,0
SOK,5,20250709,113000,10,10,9.98,9.98,200,0
SOK,5,20250709,113500,10.1,10.1,10.05,10.05,199,0
SOK,5,20250709,114000,10.1,10.1,10,10,1598,0
SOK,5,20250709,131000,10.05,10.05,10.05,10.05,600,0
SOK,5,20250709,143500,10.05,10.05,10.05,10.05,150,0
SOK,5,20250709,152000,10,10,10,10,20,0
SOK,5,20250709,154000,10,10,10,10,100,0
SOK,5,20250709,160000,10,10,9.94,9.94,150,0
SOK,5,20250709,162500,10,10,10,10,83,0
SOK,5,20250709,163500,10,10,10,10,2,0
SOK,5,20250709,164000,10,10.1,10,10.1,300,0
SOK,5,20250710,091500,10.1,10.1,10.1,10.1,20,0
SOK,5,20250710,092000,10.15,10.2,10.15,10.2,153,0
SOK,5,20250710,093500,10.2,10.25,10.05,10.05,518,0
SOK,5,20250710,100000,10.25,10.25,10.25,10.25,89,0
SOK,5,20250710,101500,10.25,10.25,10.25,10.25,60,0
SOK,5,20250710,102500,10.25,10.3,10.25,10.3,245,0
SOK,5,20250710,103000,10.3,10.3,10.3,10.3,1,0
SOK,5,20250710,103500,10.3,10.3,10.3,10.3,5,0
SOK,5,20250710,111000,10.3,10.3,10.3,10.3,10,0
SOK,5,20250710,113000,10.3,10.3,10.3,10.3,200,0
SOK,5,20250710,115000,10.25,10.25,10.25,10.25,50,0
SOK,5,20250710,120000,10.25,10.25,10.25,10.25,100,0
SOK,5,20250710,121000,10.3,10.3,10.3,10.3,148,0
SOK,5,20250710,123000,10.3,10.3,10.3,10.3,100,0
SOK,5,20250710,125500,10.2,10.2,10.2,10.2,150,0
SOK,5,20250710,142000,10.2,10.2,10.15,10.2,1311,0
SOK,5,20250710,145500,10.2,10.2,10.2,10.2,5,0
SOK,5,20250710,153500,10.15,10.15,10.15,10.15,29,0
SOK,5,20250710,163000,10.15,10.2,10.1,10.2,620,0
SOK,5,20250710,163500,10.2,10.2,10.2,10.2,50,0
SOK,5,20250711,090500,10.15,10.15,10.15,10.15,104,0
SOK,5,20250711,092000,10.2,10.2,10.2,10.2,20,0
SOK,5,20250711,093000,10.2,10.2,10.2,10.2,88,0
SOK,5,20250711,093500,10.15,10.2,10.15,10.2,480,0
SOK,5,20250711,094000,10.2,10.2,10.2,10.2,90,0
SOK,5,20250711,095000,10.2,10.2,10.15,10.2,430,0
SOK,5,20250711,095500,10.15,10.15,10.15,10.15,20,0
SOK,5,20250711,100000,10.15,10.15,10.15,10.15,420,0
SOK,5,20250711,100500,10.2,10.2,10.15,10.15,397,0
SOK,5,20250711,101000,10.1,10.2,10.1,10.2,2200,0
SOK,5,20250711,101500,10.2,10.2,10.2,10.2,171,0
SOK,5,20250711,102000,10.1,10.1,10.1,10.1,70,0
SOK,5,20250711,102500,10.05,10.05,10.05,10.05,445,0
SOK,5,20250711,112000,10.1,10.1,10,10.05,1150,0
SOK,5,20250711,112500,10,10,10,10,479,0
SOK,5,20250711,113000,10.05,10.05,10.05,10.05,205,0
SOK,5,20250711,113500,9.94,10.1,9.9,9.94,1190,0
SOK,5,20250711,114000,9.9,10.05,9.9,10.05,481,0
SOK,5,20250711,114500,10.05,10.05,10.05,10.05,486,0
SOK,5,20250711,115000,9.9,9.9,9.9,9.9,546,0
SOK,5,20250711,115500,9.9,9.9,9.9,9.9,1073,0
SOK,5,20250711,121500,10.05,10.05,10.05,10.05,70,0
SOK,5,20250711,122000,10.05,10.05,10.05,10.05,7,0
SOK,5,20250711,125000,10,10,10,10,125,0
SOK,5,20250711,130000,9.96,9.96,9.9,9.9,801,0
SOK,5,20250711,130500,10.05,10.05,9.86,9.88,300,0
SOK,5,20250711,131000,9.88,9.88,9.88,9.88,50,0
SOK,5,20250711,132000,9.86,9.86,9.86,9.86,805,0
SOK,5,20250711,132500,9.94,9.94,9.94,9.94,705,0
SOK,5,20250711,133000,9.86,9.86,9.86,9.86,1111,0
SOK,5,20250711,134000,9.86,9.9,9.6,9.78,4085,0
SOK,5,20250711,134500,10,10.05,9.66,9.66,2697,0
SOK,5,20250711,135000,9.9,9.96,9.68,9.96,140,0
SOK,5,20250711,140000,9.74,9.94,9.72,9.94,799,0
SOK,5,20250711,140500,9.82,9.82,9.8,9.82,905,0
SOK,5,20250711,145000,9.84,9.84,9.84,9.84,400,0
SOK,5,20250711,145500,9.82,9.82,9.82,9.82,600,0
SOK,5,20250711,150500,9.9,9.9,9.9,9.9,91,0
SOK,5,20250711,152000,9.82,9.82,9.82,9.82,33,0
SOK,5,20250711,160500,9.9,9.9,9.86,9.86,64,0
SOK,5,20250711,162000,9.9,10.05,9.9,10.05,1070,0
SOK,5,20250711,163000,10.05,10.05,10.05,10.05,200,0
SOK,5,20250714,090000,9.96,9.96,9.96,9.96,50,0
SOK,5,20250714,090500,10.05,10.2,10.05,10.2,498,0
SOK,5,20250714,091500,10.05,10.2,10.05,10.2,1089,0
SOK,5,20250714,095500,10.2,10.2,10.05,10.05,3,0
SOK,5,20250714,102500,10.2,10.2,10.2,10.2,10,0
SOK,5,20250714,103000,10.2,10.2,10.2,10.2,5,0
SOK,5,20250714,104500,10.2,10.2,10.2,10.2,200,0
SOK,5,20250714,110500,10.2,10.2,10.2,10.2,5,0
SOK,5,20250714,124500,10.2,10.2,10.2,10.2,5,0
SOK,5,20250714,132000,10.2,10.2,10.2,10.2,5,0
SOK,5,20250714,141500,10.15,10.15,10.15,10.15,5,0
SOK,5,20250714,143000,10.15,10.15,10.15,10.15,5,0
SOK,5,20250714,150500,10.15,10.15,10.15,10.15,5,0
SOK,5,20250714,151000,10.15,10.15,10.15,10.15,55,0
SOK,5,20250714,151500,10.1,10.1,10.1,10.1,500,0
SOK,5,20250714,160000,10.15,10.2,10.15,10.2,900,0
SOK,5,20250714,161500,10.05,10.05,10.05,10.05,173,0
SOK,5,20250714,162500,10.15,10.15,10.15,10.15,5,0
SOK,5,20250715,090500,10.15,10.15,10.15,10.15,13,0
SOK,5,20250715,091000,10.15,10.15,10.15,10.15,5,0
SOK,5,20250715,093500,10.15,10.15,10.15,10.15,28,0
SOK,5,20250715,100500,10,10,10,10,250,0
SOK,5,20250715,101500,10,10,9.96,9.96,242,0
SOK,5,20250715,103000,9.96,10.15,9.96,10.15,10,0
SOK,5,20250715,120500,10.15,10.15,10.15,10.15,5,0
SOK,5,20250715,123000,10.15,10.15,10.15,10.15,10,0
SOK,5,20250715,134000,10.15,10.15,10.15,10.15,5,0
SOK,5,20250715,142500,10.15,10.15,10.15,10.15,5,0
SOK,5,20250715,150500,10.1,10.1,10.1,10.1,5,0
SOK,5,20250715,154000,9.96,9.96,9.84,9.84,1500,0
SOK,5,20250715,163500,10,10,10,10,15,0
SOK,5,20250716,090500,10,10,10,10,6,0
SOK,5,20250716,093500,10,10,10,10,200,0
SOK,5,20250716,094000,10,10,10,10,25,0
SOK,5,20250716,100000,9.98,9.98,9.98,9.98,5,0
SOK,5,20250716,100500,9.86,10,9.84,10,553,0
SOK,5,20250716,104500,10,10,10,10,1,0
SOK,5,20250716,115000,9.84,9.84,9.82,9.82,847,0
SOK,5,20250716,115500,9.98,9.98,9.98,9.98,5,0
SOK,5,20250716,124500,9.98,10,9.98,10,340,0
SOK,5,20250716,125000,10,10,10,10,47,0
SOK,5,20250716,140000,9.98,9.98,9.98,9.98,34,0
SOK,5,20250716,142000,9.98,9.98,9.98,9.98,10,0
SOK,5,20250716,143000,9.84,9.84,9.84,9.84,45,0
SOK,5,20250716,150500,9.98,9.98,9.98,9.98,4,0
SOK,5,20250716,151000,9.98,9.98,9.98,9.98,5,0
SOK,5,20250716,152000,9.84,9.84,9.84,9.84,28,0
SOK,5,20250716,164500,9.98,9.98,9.98,9.98,5,0
SOK,5,20250717,090000,9.98,9.98,9.98,9.98,5,0
SOK,5,20250717,092000,9.98,9.98,9.98,9.98,5,0
SOK,5,20250717,095500,9.9,9.9,9.84,9.84,200,0
SOK,5,20250717,100000,9.94,9.98,9.94,9.98,169,0
SOK,5,20250717,100500,9.98,9.98,9.86,9.86,7,0
SOK,5,20250717,115000,9.88,9.88,9.88,9.88,100,0
SOK,5,20250717,133500,9.98,10,9.98,10,1000,0
SOK,5,20250717,153500,10,10,10,10,250,0
SOK,5,20250717,154000,10,10,10,10,416,0
SOK,5,20250717,155000,10,10,10,10,26,0
SOK,5,20250717,160000,10,10,10,10,48,0
SOK,5,20250718,092500,10.1,10.1,10.1,10.1,5,0
SOK,5,20250718,100000,10,10,10,10,1,0
SOK,5,20250718,113000,10.1,10.15,10.1,10.15,167,0
SOK,5,20250718,120500,10.15,10.15,10.15,10.15,5,0
SOK,5,20250718,131500,10.15,10.15,10.15,10.15,5,0
SOK,5,20250718,142500,10.15,10.15,10.15,10.15,10,0
SOK,5,20250718,144500,10.15,10.2,10.15,10.2,35,0
SOK,5,20250718,145000,10.2,10.2,10.2,10.2,500,0
SOK,5,20250718,153500,10.2,10.2,10.2,10.2,400,0
SOK,5,20250718,154000,10.2,10.2,10.05,10.05,302,0
SOK,5,20250718,161000,10.05,10.05,10,10,1414,0
SOK,5,20250721,090500,10.15,10.15,10.15,10.15,1,0
SOK,5,20250721,091000,10.15,10.35,10.15,10.35,201,0
SOK,5,20250721,093000,10.3,10.3,10.3,10.3,100,0
SOK,5,20250721,101500,10.15,10.15,10.15,10.15,50,0
SOK,5,20250721,103500,10.25,10.35,10.25,10.35,100,0
SOK,5,20250721,111000,10.35,10.35,10.35,10.35,5,0
SOK,5,20250721,112000,10.35,10.35,10.35,10.35,5,0
SOK,5,20250721,124500,10.35,10.35,10.35,10.35,5,0
SOK,5,20250721,132500,10.35,10.35,10.35,10.35,10,0
SOK,5,20250721,143500,10.35,10.35,10.35,10.35,123,0
SOK,5,20250721,153500,10.35,10.35,10.1,10.1,320,0
SOK,5,20250721,164000,10.3,10.3,10.3,10.3,5,0
SOK,5,20250722,100000,10.3,10.3,10.3,10.3,10,0
SOK,5,20250722,101000,10.3,10.3,10.3,10.3,75,0
SOK,5,20250722,101500,10.05,10.05,10.05,10.05,50,0
SOK,5,20250722,105000,10.25,10.25,10.25,10.25,10,0
SOK,5,20250722,113500,10.25,10.25,9.9,9.9,1205,0
SOK,5,20250722,114500,10,10,10,10,1,0
SOK,5,20250722,123500,10.25,10.25,10.25,10.25,5,0
SOK,5,20250722,143000,10.3,10.6,10.3,10.6,1436,0
SOK,5,20250722,154000,10.55,10.55,10.55,10.55,30,0
SOK,5,20250723,144000,10.45,10.5,10.45,10.45,100,0
SOK,5,20250723,161000,10.2,10.2,10.2,10.2,261,0
SOK,5,20250723,161500,10.5,10.5,10.5,10.5,10,0
SOK,5,20250723,164000,10.2,10.2,10.2,10.2,12,0
SOK,5,20250724,090000,10.5,10.5,10.5,10.5,45,0
SOK,5,20250724,090500,10.2,10.2,10.2,10.2,149,0
SOK,5,20250724,093500,10.5,10.5,10.5,10.5,5,0
SOK,5,20250724,095500,10.45,10.45,10.45,10.45,5,0
SOK,5,20250724,113000,10.25,10.25,10.25,10.25,13,0
SOK,5,20250724,131500,10.25,10.25,10.25,10.25,20,0
SOK,5,20250724,151000,10.3,10.3,10.3,10.3,19,0
SOK,5,20250724,154500,10.3,10.3,10.3,10.3,57,0
SOK,5,20250724,160500,10.4,10.4,10.4,10.4,4,0
SOK,5,20250725,095500,10.4,10.4,10.4,10.4,2,0
SOK,5,20250725,112500,10.4,10.5,10.4,10.45,450,0
SOK,5,20250725,114000,10.5,10.5,10.5,10.5,5,0
SOK,5,20250725,160000,10.35,10.35,10.35,10.35,3,0
SOK,5,20250725,161500,10.25,10.25,10.25,10.25,1,0
SOK,5,20250725,163000,10.2,10.2,10.2,10.2,17,0
SOK,5,20250725,163500,10.4,10.4,10.4,10.4,2,0
SOK,5,20250728,090000,10.2,10.2,10,10,302,0
SOK,5,20250728,090500,10,10,10,10,159,0
SOK,5,20250728,101500,10.15,10.15,10.15,10.15,1,0
SOK,5,20250728,102500,10.1,10.1,10.1,10.1,28,0
SOK,5,20250728,105000,10.1,10.1,10.1,10.1,72,0
SOK,5,20250728,112500,10.05,10.05,10.05,10.05,320,0
SOK,5,20250728,121000,10.25,10.25,10.25,10.25,230,0
SOK,5,20250728,132000,10.2,10.25,10.2,10.25,227,0
SOK,5,20250728,154500,10.05,10.05,10.05,10.05,22,0
SOK,5,20250729,091500,10.25,10.25,10.25,10.25,11,0
SOK,5,20250729,113000,10.1,10.1,10.1,10.1,91,0
SOK,5,20250729,133500,10.25,10.25,10.25,10.25,6,0
SOK,5,20250729,144500,10.1,10.1,10.1,10.1,50,0
SOK,5,20250729,150500,10.1,10.1,10.1,10.1,17,0
SOK,5,20250729,164500,10.1,10.1,10.1,10.1,158,0
SOK,5,20250730,113000,10.2,10.3,10.2,10.3,175,0
SOK,5,20250730,161500,10.1,10.1,10.1,10.1,14,0
SOK,5,20250730,162000,10.25,10.25,10.25,10.25,3,0
SOK,5,20250730,163000,10.1,10.1,10.05,10.05,200,0
SOK,5,20250731,091500,10.2,10.2,10.2,10.2,10,0
SOK,5,20250731,095000,10.1,10.1,10.1,10.1,20,0
SOK,5,20250731,105500,10.2,10.25,10.2,10.25,55,0
SOK,5,20250731,121000,10.25,10.3,10.25,10.25,59,0
SOK,5,20250731,122000,10.3,10.3,10.3,10.3,1,0
SOK,5,20250731,123500,10.1,10.1,10,10,1504,0
SOK,5,20250731,124000,10.3,10.3,10.3,10.3,200,0
SOK,5,20250731,153000,10.1,10.1,10.1,10.1,18,0
SOK,5,20250731,153500,10.1,10.1,10.1,10.1,20,0
SOK,5,20250731,154000,10.1,10.1,10.1,10.1,3,0
SOK,5,20250731,155500,10.1,10.1,10.1,10.1,50,0
SOK,5,20250731,161000,10.1,10.1,10,10,433,0
SOK,5,20250731,161500,10,10,10,10,1000,0
SOK,5,20250731,162000,10,10,9.92,9.92,900,0
SOK,5,20250731,164000,10.3,10.3,9.84,9.84,767,0
SOK,5,20250731,164500,10.3,10.3,9,9,1510,0
SOK,5,20250801,090000,9,10,9,10,3626,0
SOK,5,20250801,090500,9.98,10,9.98,10,2800,0
SOK,5,20250801,092500,9.6,10,9.6,10,47,0
SOK,5,20250801,093000,10,10,10,10,2,0
SOK,5,20250801,094500,9.8,9.8,9.8,9.8,325,0
SOK,5,20250801,101500,10,10,10,10,100,0
SOK,5,20250801,102500,10,10,10,10,2,0
SOK,5,20250801,105000,9.98,9.98,9.98,9.98,2,0
SOK,5,20250801,133500,9.76,9.76,9.76,9.76,2,0
SOK,5,20250801,134000,9.76,9.76,9.76,9.76,48,0
SOK,5,20250801,153500,9.94,9.94,9.94,9.94,10,0
SOK,5,20250801,161000,9.6,9.6,9.5,9.5,87,0
SOK,5,20250801,161500,9.88,9.88,9.5,9.5,22,0
SOK,5,20250801,162500,9.86,9.98,9.86,9.96,1125,0
SOK,5,20250801,163000,9.44,9.44,9.44,9.44,574,0
SOK,5,20250801,164500,9.9,9.9,9.9,9.9,20,0
SOK,5,20250804,093000,9.6,9.6,9.6,9.6,15,0
SOK,5,20250804,095000,9.6,9.6,9.6,9.6,150,0
SOK,5,20250804,104500,9.7,9.7,9.66,9.66,150,0
SOK,5,20250804,105500,9.66,9.66,9.66,9.66,200,0
SOK,5,20250804,114500,9.94,9.94,9.94,9.94,10,0
SOK,5,20250804,132000,9.94,9.96,9.94,9.96,200,0
SOK,5,20250804,133500,9.94,9.96,9.94,9.96,135,0
SOK,5,20250804,140500,9.66,9.68,9.66,9.66,110,0
SOK,5,20250804,141000,9.66,9.66,9.66,9.66,100,0
SOK,5,20250804,145000,9.66,9.66,9.66,9.66,850,0
SOK,5,20250804,145500,9.66,9.66,9.66,9.66,200,0
SOK,5,20250804,150000,9.66,9.66,9.66,9.66,200,0
SOK,5,20250804,151000,9.66,9.66,9.66,9.66,195,0
SOK,5,20250804,151500,9.66,9.66,9.66,9.66,50,0
SOK,5,20250804,152000,9.66,9.66,9.4,9.4,2000,0
SOK,5,20250804,153000,9.4,9.96,9.4,9.96,310,0
SOK,5,20250804,154500,9.96,9.96,9.96,9.96,530,0
SOK,5,20250804,160500,9.96,9.96,9.96,9.96,2,0
SOK,5,20250804,161500,9.5,9.5,9.42,9.42,1000,0
SOK,5,20250804,162500,9.42,9.42,9.4,9.4,2000,0
SOK,5,20250804,163000,9.4,9.4,9.22,9.22,150,0
SOK,5,20250804,163500,9.24,9.24,9.22,9.22,1100,0
SOK,5,20250804,164500,9.72,9.72,9.72,9.72,1,0
SOK,5,20250805,090000,9.48,9.48,9.48,9.48,100,0
SOK,5,20250805,090500,9.4,9.4,9.4,9.4,55,0
SOK,5,20250805,091000,9.06,9.06,9.06,9.06,1000,0
SOK,5,20250805,092000,9.4,9.4,9.4,9.4,20,0
SOK,5,20250805,092500,9.46,9.46,9.46,9.46,45,0
SOK,5,20250805,093000,9.46,9.46,9.46,9.46,39,0
SOK,5,20250805,093500,9.46,9.64,9.46,9.64,168,0
SOK,5,20250805,094000,9.64,9.64,9.64,9.64,132,0
SOK,5,20250805,100500,9.62,9.62,9.62,9.62,22,0
SOK,5,20250805,105000,9.5,9.5,9.5,9.5,25,0
SOK,5,20250805,110000,9.5,9.5,9.5,9.5,95,0
SOK,5,20250805,111000,9.42,9.42,9.42,9.42,1,0
SOK,5,20250805,112500,9.56,9.56,9.5,9.56,300,0
SOK,5,20250805,113500,9.62,9.62,9.62,9.62,15,0
SOK,5,20250805,114000,9.62,9.66,9.62,9.66,205,0
SOK,5,20250805,120500,9.54,9.54,9.54,9.54,200,0
SOK,5,20250805,122500,9.6,9.6,9.6,9.6,200,0
SOK,5,20250805,134000,9.56,9.56,9.56,9.56,100,0
SOK,5,20250805,142000,9.26,9.26,9.26,9.26,125,0
SOK,5,20250805,151500,9.5,9.5,9.5,9.5,578,0
SOK,5,20250805,152500,9.6,9.6,9.6,9.6,23,0
SOK,5,20250805,153000,9.3,9.3,9.12,9.24,1152,0
SOK,5,20250805,153500,9.14,9.14,9.12,9.12,500,0
SOK,5,20250805,154000,9.16,9.44,9.14,9.44,350,0
SOK,5,20250805,155000,9.44,9.44,9.44,9.44,100,0
SOK,5,20250805,160000,9.44,9.44,9.44,9.44,11,0
SOK,5,20250805,161500,9.5,9.5,9.5,9.5,20,0
SOK,5,20250805,164000,9.56,9.58,9.56,9.58,100,0
SOK,5,20250806,093000,9.52,9.52,9.52,9.52,5,0
SOK,5,20250806,093500,9.52,9.54,9.52,9.54,300,0
SOK,5,20250806,100000,9.3,9.3,9.3,9.3,500,0
SOK,5,20250806,101000,9.58,9.58,9.58,9.58,20,0
SOK,5,20250806,101500,9.58,9.58,9.58,9.58,200,0
SOK,5,20250806,111000,9.38,9.38,9.38,9.38,300,0
SOK,5,20250806,112500,9.38,9.38,9.38,9.38,287,0
SOK,5,20250806,115500,9.42,9.42,9.4,9.4,663,0
SOK,5,20250806,130000,9.42,9.42,9.42,9.42,150,0
SOK,5,20250806,131500,9.42,9.42,9.42,9.42,12,0
SOK,5,20250806,132000,9.42,9.42,9.42,9.42,333,0
SOK,5,20250806,133500,9.42,9.42,9.4,9.4,484,0
SOK,5,20250806,135000,9.42,9.42,9.42,9.42,64,0
SOK,5,20250806,143500,9.32,9.32,9.3,9.3,197,0
SOK,5,20250806,145000,9.3,9.3,9.3,9.3,200,0
SOK,5,20250806,151500,9.42,9.42,9.42,9.42,69,0
SOK,5,20250806,161500,9.3,9.3,9.3,9.3,380,0
SOK,5,20250806,164500,9.52,9.52,9.52,9.52,3,0
SOK,5,20250807,090000,9.3,9.3,9.3,9.3,50,0
SOK,5,20250807,091500,9.5,9.5,9.5,9.5,15,0
SOK,5,20250807,102500,9.38,9.78,9.3,9.78,2222,0
SOK,5,20250807,103000,9.34,9.38,9.34,9.38,700,0
SOK,5,20250807,110000,9.4,9.4,9.38,9.4,55,0
SOK,5,20250807,111500,9.8,9.8,9.8,9.8,20,0
SOK,5,20250807,120500,9.8,9.84,9.8,9.84,512,0
SOK,5,20250807,122000,9.8,9.8,9.8,9.8,8,0
SOK,5,20250807,152000,9.8,9.8,9.8,9.8,33,0
SOK,5,20250808,092500,9.8,9.8,9.8,9.8,10,0
SOK,5,20250808,105500,9.68,9.68,9.68,9.68,13,0
SOK,5,20250808,112000,9.8,9.9,9.8,9.9,324,0
SOK,5,20250808,113500,9.9,9.9,9.9,9.9,349,0
SOK,5,20250808,115000,9.9,9.9,9.9,9.9,1120,0
SOK,5,20250808,115500,9.8,9.8,9.8,9.8,300,0
SOK,5,20250808,121000,9.8,9.8,9.7,9.7,300,0
SOK,5,20250808,122500,9.9,9.9,9.9,9.9,140,0
SOK,5,20250808,123000,9.9,9.9,9.9,9.9,2,0
SOK,5,20250808,130000,9.74,9.74,9.74,9.74,140,0
SOK,5,20250808,130500,9.7,9.7,9.7,9.7,1050,0
SOK,5,20250808,134000,9.52,9.52,9.52,9.52,16,0
SOK,5,20250808,142000,9.88,9.88,9.88,9.88,232,0
SOK,5,20250808,153000,9.88,9.88,9.88,9.88,15,0
SOK,5,20250811,090000,9.68,9.98,9.68,9.98,103,0
SOK,5,20250811,093000,9.66,9.66,9.66,9.66,2,0
SOK,5,20250811,101500,9.7,9.7,9.7,9.7,15,0
SOK,5,20250811,102000,9.7,9.7,9.7,9.7,115,0
SOK,5,20250811,104000,9.88,9.98,9.86,9.98,538,0
SOK,5,20250811,112000,9.98,9.98,9.98,9.98,149,0
SOK,5,20250811,113500,10,10,10,10,129,0
SOK,5,20250811,114000,9.8,9.8,9.8,9.8,10,0
SOK,5,20250811,122000,10,10,10,10,230,0
SOK,5,20250811,122500,10,10,10,10,500,0
SOK,5,20250811,123500,10,10,10,10,203,0
SOK,5,20250811,124000,10,10,10,10,102,0
SOK,5,20250811,131500,9.9,10,9.9,10,141,0
SOK,5,20250811,132000,9.9,9.9,9.9,9.9,20,0
SOK,5,20250811,132500,9.9,9.9,9.9,9.9,10,0
SOK,5,20250811,133000,10,10,10,10,454,0
SOK,5,20250811,133500,10.15,10.3,10.15,10.3,1670,0
SOK,5,20250811,134000,10.25,10.25,10.25,10.25,214,0
SOK,5,20250811,135500,10.25,10.25,10.25,10.25,35,0
SOK,5,20250811,143000,10.25,10.25,10.25,10.25,48,0
SOK,5,20250811,144000,9.9,9.9,9.9,9.9,12,0
SOK,5,20250811,144500,10.1,10.1,10.1,10.1,521,0
SOK,5,20250811,162000,9.9,9.9,9.9,9.9,20,0
SOK,5,20250812,095500,10,10,10,10,4,0
SOK,5,20250812,100500,9.94,9.94,9.94,9.94,20,0
SOK,5,20250812,102500,9.84,9.84,9.82,9.82,10,0
SOK,5,20250812,111000,9.96,9.96,9.96,9.96,50,0
SOK,5,20250812,113500,9.84,9.84,9.82,9.82,10,0
SOK,5,20250812,114000,9.82,9.82,9.76,9.76,30,0
SOK,5,20250813,090500,9.76,9.76,9.62,9.64,500,0
SOK,5,20250813,094500,9.64,9.64,9.64,9.64,320,0
SOK,5,20250813,100000,9.62,9.62,9.62,9.62,188,0
SOK,5,20250813,105000,9.64,9.64,9.64,9.64,1,0
SOK,5,20250813,113000,9.8,9.8,9.8,9.8,20,0
SOK,5,20250813,113500,9.8,9.8,9.8,9.8,285,0
SOK,5,20250813,151500,9.66,9.66,9.64,9.64,200,0
SOK,5,20250813,154500,9.78,9.78,9.78,9.78,2,0
SOK,5,20250813,164500,9.78,9.78,9.78,9.78,78,0
SOK,5,20250814,090500,9.6,9.6,9.6,9.6,250,0
SOK,5,20250814,093000,9.6,9.6,9.58,9.58,160,0
SOK,5,20250814,094500,9.6,9.6,9.6,9.6,250,0
SOK,5,20250814,095000,9.6,9.6,9.6,9.6,2,0
SOK,5,20250814,102500,9.7,9.7,9.7,9.7,20,0
SOK,5,20250814,110000,9.72,9.72,9.72,9.72,20,0
SOK,5,20250814,110500,9.76,9.76,9.76,9.76,125,0
SOK,5,20250814,111000,9.76,9.76,9.76,9.76,14,0
SOK,5,20250814,124500,9.7,9.7,9.7,9.7,240,0
SOK,5,20250814,135000,9.62,9.62,9.62,9.62,10,0
SOK,5,20250814,143000,9.8,9.9,9.8,9.9,51,0
SOK,5,20250814,143500,9.9,9.9,9.9,9.9,20,0
SOK,5,20250814,150500,10,10.3,10,10.3,867,0
SOK,5,20250814,152000,10.3,10.3,10.3,10.3,10,0
SOK,5,20250814,153000,10.3,10.3,10.3,10.3,400,0
SOK,5,20250814,163000,10.05,10.05,10.05,10.05,2,0
SOK,5,20250814,164000,10.3,10.35,10.3,10.35,361,0
SOK,5,20250814,164500,10.35,10.35,10.35,10.35,122,0
SOK,5,20250818,090000,10.3,10.3,9.64,9.64,2430,0
SOK,5,20250818,090500,9.68,9.68,9.62,9.64,2299,0
SOK,5,20250818,091000,9.8,9.8,9.62,9.62,526,0
SOK,5,20250818,091500,9.8,9.9,9.8,9.9,12,0
SOK,5,20250818,101000,9.7,9.88,9.7,9.88,750,0
SOK,5,20250818,103000,9.88,9.9,9.88,9.9,60,0
SOK,5,20250818,103500,9.9,9.9,9.9,9.9,4,0
SOK,5,20250818,114500,9.88,9.88,9.88,9.88,450,0
SOK,5,20250818,123000,9.88,9.88,9.88,9.88,300,0
SOK,5,20250818,131500,9.9,9.9,9.9,9.9,130,0
SOK,5,20250818,135500,9.84,9.84,9.74,9.74,1000,0
SOK,5,20250818,150000,9.66,9.66,9.62,9.62,1935,0
SOK,5,20250818,150500,9.84,9.84,9.84,9.84,5,0
SOK,5,20250818,154500,9.62,9.62,9.6,9.6,100,0
SOK,5,20250818,162000,9.62,9.62,9.6,9.6,150,0
SOK,5,20250818,163500,9.74,9.82,9.74,9.82,300,0
SOK,5,20250819,094000,9.82,9.86,9.82,9.86,52,0
SOK,5,20250819,110000,9.86,9.86,9.86,9.86,8,0
SOK,5,20250819,110500,9.86,9.86,9.86,9.86,992,0
SOK,5,20250819,120000,9.78,9.78,9.78,9.78,53,0
SOK,5,20250819,143000,9.7,9.7,9.62,9.62,400,0
SOK,5,20250819,151500,9.62,9.62,9.62,9.62,140,0
SOK,5,20250819,160500,9.7,9.7,9.7,9.7,50,0
SOK,5,20250819,162500,9.62,9.62,9.6,9.6,200,0
SOK,5,20250819,164500,9.7,9.7,9.7,9.7,67,0
SOK,5,20250820,090000,9.7,9.7,9,9,5130,0
SOK,5,20250820,090500,9.4,9.4,9.14,9.4,124,0
SOK,5,20250820,091000,9.4,9.5,9.16,9.16,2800,0
SOK,5,20250820,091500,9.44,9.46,9.4,9.4,201,0
SOK,5,20250820,092500,9.22,9.22,9.22,9.22,100,0
SOK,5,20250820,093500,9.24,9.24,9.16,9.16,416,0
SOK,5,20250820,094500,9.3,9.36,9.3,9.36,500,0
SOK,5,20250820,095500,9.34,9.34,9.34,9.34,2,0
SOK,5,20250820,100500,9.34,9.34,9.34,9.34,8,0
SOK,5,20250820,101000,9.34,9.34,9.34,9.34,2,0
SOK,5,20250820,111500,9.18,9.28,9,9,4709,0
SOK,5,20250820,112000,9.26,9.26,9.26,9.26,10,0
SOK,5,20250820,113000,9.04,9.04,8.98,8.98,400,0
SOK,5,20250820,113500,9.18,9.18,9.18,9.18,55,0
SOK,5,20250820,120000,9.2,9.2,9.2,9.2,35,0
SOK,5,20250820,121500,9.02,9.14,9.02,9.14,570,0
SOK,5,20250820,122000,9.14,9.14,9.14,9.14,107,0
SOK,5,20250820,124000,9.12,9.12,9.12,9.12,135,0
SOK,5,20250820,125000,9.02,9.02,9.02,9.02,125,0
SOK,5,20250820,132000,9.02,9.02,9,9,273,0
SOK,5,20250820,133500,9.1,9.1,9.1,9.1,20,0
SOK,5,20250820,134000,9.1,9.1,9.1,9.1,55,0
SOK,5,20250820,142000,9.1,9.1,9.08,9.08,11,0
SOK,5,20250820,143500,9.1,9.1,9.1,9.1,42,0
SOK,5,20250820,150500,9.02,9.02,9,9,160,0
SOK,5,20250820,151500,9.08,9.08,9.08,9.08,109,0
SOK,5,20250820,152000,9.08,9.08,9.08,9.08,80,0
SOK,5,20250820,152500,9.1,9.1,9.1,9.1,210,0
SOK,5,20250820,155000,9.12,9.14,9.12,9.14,21,0
SOK,5,20250820,160000,9.02,9.02,8.98,8.98,632,0
SOK,5,20250820,161000,8.98,9.14,8.98,9.14,238,0
SOK,5,20250821,090000,8.92,8.92,8.32,8.84,1971,0
SOK,5,20250821,090500,8.62,8.78,8.62,8.78,270,0
SOK,5,20250821,091000,8.78,8.8,8.76,8.76,453,0
SOK,5,20250821,091500,8.6,8.6,8.6,8.6,396,0
SOK,5,20250821,092000,8.76,8.76,8.44,8.76,911,0
SOK,5,20250821,092500,8.76,8.76,8.44,8.64,767,0
SOK,5,20250821,093500,8.58,8.74,8.58,8.74,278,0
SOK,5,20250821,094000,8.76,8.84,8.76,8.84,585,0
SOK,5,20250821,094500,8.9,8.92,8.9,8.92,322,0
SOK,5,20250821,095000,8.92,8.94,8.92,8.94,229,0
SOK,5,20250821,095500,8.9,8.9,8.88,8.88,355,0
SOK,5,20250821,100000,8.82,8.82,8.82,8.82,217,0
SOK,5,20250821,102500,8.78,8.78,8.74,8.74,240,0
SOK,5,20250821,103000,8.7,8.7,8.7,8.7,20,0
SOK,5,20250821,103500,8.8,8.8,8.8,8.8,35,0
SOK,5,20250821,104500,8.7,8.7,8.7,8.7,56,0
SOK,5,20250821,111000,8.8,8.82,8.8,8.8,280,0
SOK,5,20250821,111500,8.82,8.82,8.82,8.82,121,0
SOK,5,20250821,112500,8.62,8.62,8.6,8.6,304,0
SOK,5,20250821,113000,8.58,8.58,8.54,8.54,574,0
SOK,5,20250821,113500,8.8,8.8,8.8,8.8,2,0
SOK,5,20250821,115000,8.8,8.8,8.8,8.8,300,0
SOK,5,20250821,115500,8.8,8.8,8.8,8.8,146,0
SOK,5,20250821,120000,8.8,8.8,8.8,8.8,34,0
SOK,5,20250821,132000,8.8,8.8,8.8,8.8,116,0
SOK,5,20250821,134500,8.8,8.8,8.8,8.8,412,0
SOK,5,20250821,135000,8.8,8.8,8.64,8.64,160,0
SOK,5,20250821,142000,8.64,8.64,8.64,8.64,60,0
SOK,5,20250821,153500,8.7,8.7,8.66,8.66,260,0
SOK,5,20250821,154000,8.64,8.64,8.64,8.64,81,0
SOK,5,20250821,155000,8.64,8.64,8.6,8.6,300,0
SOK,5,20250821,155500,8.74,8.76,8.74,8.76,70,0
SOK,5,20250821,161000,8.76,8.78,8.76,8.78,471,0
SOK,5,20250821,161500,8.74,8.74,8.74,8.74,3,0
SOK,5,20250821,163000,8.8,8.94,8.8,8.94,1000,0
SOK,5,20250821,163500,8.74,8.74,8.74,8.74,1,0
SOK,5,20250821,164500,8.74,8.88,8.66,8.66,87,0
SOK,5,20250821,165500,8.88,8.88,8.88,8.88,1,0
SOK,5,20250822,093500,8.94,8.94,8.94,8.94,10,0
SOK,5,20250822,094500,8.92,9.2,8.92,9.2,1725,0
SOK,5,20250822,101500,9.2,9.2,8.88,8.88,24,0
SOK,5,20250822,103000,9.22,9.6,9.22,9.6,315,0
SOK,5,20250822,103500,8.9,8.9,8.9,8.9,2,0
SOK,5,20250822,104000,9.6,9.6,9.2,9.2,41,0
SOK,5,20250822,104500,9.1,9.1,9.1,9.1,20,0
SOK,5,20250822,105000,9.58,9.58,9.58,9.58,50,0
SOK,5,20250822,105500,9.5,9.5,9.5,9.5,21,0
SOK,5,20250822,110000,9.48,9.48,9.48,9.48,5,0
SOK,5,20250822,113000,9.4,9.48,9.4,9.48,851,0
SOK,5,20250822,115000,9.48,9.48,9.48,9.48,229,0
SOK,5,20250822,131500,9.38,9.38,9.38,9.38,10,0
SOK,5,20250822,141000,9.34,9.34,9.34,9.34,85,0
SOK,5,20250822,144000,9.32,9.36,9.32,9.36,400,0
SOK,5,20250822,153000,9.34,9.34,9.34,9.34,1,0
SOK,5,20250822,162000,9.34,9.34,9.34,9.34,49,0
SOK,5,20250822,162500,9.36,9.36,9.36,9.36,220,0
SOK,5,20250825,090000,9.36,9.36,9.2,9.2,220,0
SOK,5,20250825,100000,9.1,9.1,9.02,9.02,299,0
SOK,5,20250825,101000,9.18,9.3,9.18,9.3,101,0
SOK,5,20250825,104000,9.24,9.24,9.24,9.24,249,0
SOK,5,20250825,115000,9.24,9.24,9.24,9.24,879,0
SOK,5,20250825,121500,9.26,9.38,9.26,9.38,80,0
SOK,5,20250825,122000,9.4,9.4,9.4,9.4,55,0
SOK,5,20250825,124500,9.42,9.42,9.42,9.42,500,0
SOK,5,20250825,131000,9.24,9.4,9.24,9.4,155,0
SOK,5,20250825,134500,9.24,9.24,9.24,9.24,100,0
SOK,5,20250825,140000,9.4,9.4,9.4,9.4,65,0
SOK,5,20250825,141500,9.38,9.38,9.38,9.38,20,0
SOK,5,20250825,143000,9.24,9.24,9.08,9.08,250,0
SOK,5,20250825,144500,9.36,9.36,9.36,9.36,10,0
SOK,5,20250825,154500,9.32,9.32,9.32,9.32,229,0
SOK,5,20250825,160000,9.32,9.32,9.32,9.32,593,0
SOK,5,20250825,160500,9.16,9.16,9.16,9.16,221,0
SOK,5,20250825,161500,9.14,9.14,9.14,9.14,15,0
SOK,5,20250825,162500,9.14,9.14,9.08,9.08,481,0
SOK,5,20250825,163000,9.04,9.04,9.02,9.02,544,0
SOK,5,20250825,163500,9.2,9.22,9.2,9.22,40,0
SOK,5,20250826,102000,9.24,9.24,9.24,9.24,20,0
SOK,5,20250826,102500,9.26,9.36,9.26,9.36,50,0
SOK,5,20250826,110000,9.34,9.34,9.34,9.34,320,0
SOK,5,20250826,122500,9.26,9.26,9.26,9.26,20,0
SOK,5,20250826,134500,9.1,9.34,9.1,9.34,120,0
SOK,5,20250826,135000,9.06,9.06,9.02,9.02,378,0
SOK,5,20250826,135500,9.32,9.32,9.32,9.32,10,0
SOK,5,20250826,160500,9.06,9.06,9,9,1000,0
SOK,5,20250826,162500,9,9,8.88,8.88,112,0
SOK,5,20250826,163500,9,9,9,9,18,0
SOK,5,20250827,093000,9,9,9,9,10,0
SOK,5,20250827,093500,9.22,9.22,9.22,9.22,20,0
SOK,5,20250827,094500,9.22,9.22,9.22,9.22,298,0
SOK,5,20250827,095500,9.22,9.22,9.22,9.22,2,0
SOK,5,20250827,100500,9.22,9.24,9.22,9.24,300,0
SOK,5,20250827,101000,9.2,9.2,9.16,9.16,50,0
SOK,5,20250827,102000,9.22,9.22,9.22,9.22,215,0
SOK,5,20250827,105000,9.2,9.22,9.2,9.22,100,0
SOK,5,20250827,112500,9.22,9.22,9.22,9.22,7,0
SOK,5,20250827,114500,9.22,9.22,9.22,9.22,20,0
SOK,5,20250827,144500,9.22,9.4,9.22,9.4,540,0
SOK,5,20250827,153500,9.3,9.3,9.3,9.3,20,0
SOK,5,20250827,160500,9.32,9.32,9.32,9.32,2,0
SOK,5,20250828,090000,9.32,9.44,9.32,9.44,1255,0
SOK,5,20250828,092500,9.42,9.44,9.42,9.44,300,0
SOK,5,20250828,104000,9.44,9.44,9.44,9.44,38,0
SOK,5,20250828,105500,9.44,9.44,9.44,9.44,117,0
SOK,5,20250828,131500,9.2,9.42,9.16,9.42,148,0
SOK,5,20250828,133500,9.4,9.4,9.4,9.4,5,0
SOK,5,20250828,142000,9.4,9.4,9.4,9.4,3,0
SOK,5,20250828,144500,9.2,9.2,9.2,9.2,200,0
SOK,5,20250828,164500,9.4,9.4,9.4,9.4,10,0
SOK,5,20250829,095500,9.38,9.38,9.38,9.38,20,0
SOK,5,20250829,114000,9.36,9.36,9.36,9.36,20,0
SOK,5,20250829,144000,9.16,9.16,9.14,9.14,38,0
SOK,5,20250829,154500,9.14,9.14,9.12,9.12,174,0
SOK,5,20250829,155500,9.12,9.12,9.08,9.1,150,0
SOK,5,20250829,162000,9.08,9.08,9.08,9.08,49,0
SOK,5,20250829,164500,9.08,9.34,9.08,9.34,18,0
SOK,5,20250901,091500,9.36,9.36,9.36,9.36,5,0
SOK,5,20250901,093000,9.34,9.34,9.34,9.34,185,0
SOK,5,20250901,094000,9.24,9.24,9.24,9.24,75,0
SOK,5,20250901,104000,9.34,9.36,9.34,9.36,900,0
SOK,5,20250901,110500,9.24,9.24,9.12,9.2,233,0
SOK,5,20250901,112500,9.36,9.36,9.36,9.36,5,0
SOK,5,20250901,143500,9.24,9.24,9.24,9.24,14,0
SOK,5,20250901,144000,9.24,9.24,9.24,9.24,1086,0
SOK,5,20250901,150000,9.16,9.24,9,9,1065,0
SOK,5,20250901,150500,9,9,8.9,8.9,400,0
SOK,5,20250901,151000,8.9,8.9,8.9,8.9,200,0
SOK,5,20250901,151500,9.24,9.24,8.9,8.9,160,0
SOK,5,20250901,152000,8.9,8.9,8.9,8.9,154,0
SOK,5,20250901,152500,8.88,8.88,8.72,8.72,346,0
SOK,5,20250901,153000,9.2,9.2,9.2,9.2,10,0
SOK,5,20250901,160000,8.8,8.8,8.8,8.8,100,0
SOK,5,20250901,161500,8.8,8.8,8.8,8.8,50,0
SOK,5,20250902,093000,9.16,9.16,9.16,9.16,54,0
SOK,5,20250902,094000,9.14,9.16,9.14,9.16,35,0
SOK,5,20250902,102500,9.12,9.12,9.12,9.12,25,0
SOK,5,20250902,103500,9.1,9.1,9.1,9.1,662,0
SOK,5,20250902,121000,9,9,9,9,100,0
SOK,5,20250902,121500,9,9,9,9,150,0
SOK,5,20250902,135000,9,9,9,9,50,0
SOK,5,20250902,140500,9,9.1,9,9.1,1000,0
SOK,5,20250902,145500,8.9,8.9,8.8,8.8,1278,0
SOK,5,20250902,152000,8.8,8.8,8.8,8.8,400,0
SOK,5,20250902,153000,8.78,8.78,8.78,8.78,4,0
SOK,5,20250902,155000,8.8,8.8,8.8,8.8,300,0
SOK,5,20250902,164500,9,9,9,9,10,0
SOK,5,20250903,090000,8.78,9,8.7,9,1348,0
SOK,5,20250903,090500,9.04,9.08,9.04,9.08,60,0
SOK,5,20250903,091000,9.12,9.12,9.12,9.12,250,0
SOK,5,20250903,093500,9,9,9,9,20,0
SOK,5,20250903,094500,9,9,9,9,20,0
SOK,5,20250903,132500,9,9,9,9,200,0
SOK,5,20250903,140000,8.9,8.9,8.9,8.9,10,0
SOK,5,20250903,140500,8.8,8.8,8.8,8.8,90,0
SOK,5,20250903,141000,9,9,9,9,15,0
SOK,5,20250904,090000,9,9.1,9,9.1,349,0
SOK,5,20250904,095500,9.08,9.08,9.08,9.08,55,0
SOK,5,20250904,112500,8.84,8.84,8.84,8.84,1,0
SOK,5,20250904,113000,9.08,9.08,9.08,9.08,15,0
SOK,5,20250904,113500,8.84,8.84,8.74,8.74,250,0
SOK,5,20250904,114000,8.76,9.08,8.76,9.08,180,0
SOK,5,20250904,143500,9.06,9.06,9.06,9.06,176,0
SOK,5,20250905,090000,9.02,9.02,9.02,9.02,575,0
SOK,5,20250905,092500,9.04,9.04,9.04,9.04,20,0
SOK,5,20250905,103500,9.04,9.04,9.04,9.04,2,0
SOK,5,20250905,110000,8.94,8.94,8.94,8.94,4,0
SOK,5,20250905,110500,8.82,8.82,8.82,8.82,20,0
SOK,5,20250905,111000,8.82,8.82,8.82,8.82,95,0
SOK,5,20250905,111500,9.02,9.02,9.02,9.02,15,0
SOK,5,20250905,121500,9.02,9.02,9.02,9.02,79,0
SOK,5,20250905,122000,9.02,9.02,9.02,9.02,188,0
SOK,5,20250905,133000,9.02,9.02,9.02,9.02,200,0
SOK,5,20250905,135500,9.02,9.02,9.02,9.02,118,0
SOK,5,20250905,144000,9.02,9.02,9.02,9.02,17,0
SOK,5,20250905,154000,9.02,9.02,9.02,9.02,8,0
SOK,5,20250905,155500,9.1,9.1,9.1,9.1,20,0
SOK,5,20250905,164500,9.1,9.1,9.1,9.1,400,0
SOK,5,20250908,090000,9.12,9.5,9.12,9.5,650,0
SOK,5,20250908,091000,9.38,9.38,9.38,9.38,20,0
SOK,5,20250908,110500,9.14,9.14,9.14,9.14,119,0
SOK,5,20250908,134000,9.14,9.14,9.14,9.14,100,0
SOK,5,20250908,151000,9.14,9.14,9.14,9.14,37,0
SOK,5,20250908,151500,9.14,9.14,9.14,9.14,403,0
SOK,5,20250909,090000,9.3,9.3,9.3,9.3,12,0
SOK,5,20250909,092000,9.28,9.28,9.28,9.28,15,0
SOK,5,20250909,095500,9.16,9.16,9.12,9.12,450,0
SOK,5,20250909,100000,9.28,9.3,9.28,9.3,10,0
SOK,5,20250909,114000,9.14,9.14,9.14,9.14,322,0
SOK,5,20250909,114500,9.3,9.3,9.3,9.3,15,0
SOK,5,20250909,144500,9.14,9.14,9.14,9.14,68,0
SOK,5,20250909,145500,9.3,9.3,9.12,9.12,32,0
SOK,5,20250909,161000,9.12,9.12,9.12,9.12,50,0
SOK,5,20250909,162500,9.3,9.3,9.3,9.3,50,0
SOK,5,20250910,090000,9.12,9.12,9.12,9.12,90,0
SOK,5,20250910,091000,9.28,9.28,9.28,9.28,20,0
SOK,5,20250910,144000,9.14,9.14,9.14,9.14,20,0
SOK,5,20250910,150000,9.24,9.24,9.24,9.24,10,0
SOK,5,20250910,155500,9.12,9.12,9.12,9.12,69,0
SOK,5,20250910,164500,9.24,9.24,9.24,9.24,10,0
SOK,5,20250911,093000,9.24,9.24,9.24,9.24,5,0
SOK,5,20250911,095000,9.12,9.12,9.1,9.12,200,0
SOK,5,20250911,095500,9.1,9.1,9.08,9.08,1072,0
SOK,5,20250911,101000,9,9,9,9,428,0
SOK,5,20250911,101500,9.18,9.2,9.18,9.2,25,0
SOK,5,20250911,113000,8.94,8.94,8.9,8.9,114,0
SOK,5,20250911,113500,9.06,9.06,9.06,9.06,15,0
SOK,5,20250911,115500,8.9,8.9,8.9,8.9,158,0
SOK,5,20250911,121500,9,9,9,9,30,0
SOK,5,20250911,142500,9,9,9,9,110,0
SOK,5,20250911,145000,8.82,8.82,8.82,8.82,7,0
SOK,5,20250911,150000,9,9.02,9,9.02,100,0
SOK,5,20250911,153000,8.84,8.84,8.84,8.84,10,0
SOK,5,20250911,155000,9.02,9.02,9.02,9.02,5,0
SOK,5,20250911,161500,9.02,9.16,9.02,9.16,2,0
SOK,5,20250911,163000,9.18,9.18,9.18,9.18,1,0
SOK,5,20250912,093000,9.18,9.18,9.18,9.18,300,0
SOK,5,20250912,093500,9.18,9.18,9.18,9.18,50,0
SOK,5,20250912,094000,9.18,9.18,9.18,9.18,75,0
SOK,5,20250912,123000,9,9,8.92,8.94,100,0
SOK,5,20250912,131500,8.92,8.92,8.92,8.92,600,0
SOK,5,20250912,134000,9.12,9.12,9.12,9.12,20,0
SOK,5,20250912,135500,9,9,9,9,43,0
SOK,5,20250912,140000,9,9,9,9,28,0
SOK,5,20250912,140500,9,9,9,9,40,0
SOK,5,20250912,141000,9,9.12,9,9.12,199,0
SOK,5,20250912,145000,8.94,8.94,8.94,8.94,4,0
SOK,5,20250912,145500,8.94,8.94,8.94,8.94,17,0
SOK,5,20250912,150000,9.1,9.1,9.1,9.1,175,0
SOK,5,20250912,150500,9.1,9.12,9.1,9.12,120,0
SOK,5,20250915,090500,9.12,9.12,9.12,9.12,190,0
SOK,5,20250915,100500,9.14,9.14,9.14,9.14,1,0
SOK,5,20250915,103500,9.1,9.2,9.1,9.2,225,0
SOK,5,20250915,104500,9.2,9.2,9.2,9.2,26,0
SOK,5,20250915,105000,9.2,9.2,9.2,9.2,74,0
SOK,5,20250915,134000,9.02,9.02,9,9,294,0
SOK,5,20250915,140000,9,9.22,9,9.22,640,0
SOK,5,20250915,143000,9,9,9,9,10,0
SOK,5,20250915,161000,9.22,9.28,9.22,9.26,800,0
SOK,5,20250915,161500,9.28,9.28,9.28,9.28,10,0
SOK,5,20250915,162000,9.28,9.28,9.28,9.28,50,0
SOK,5,20250916,090000,9.98,10.4,9.8,9.8,5947,0
SOK,5,20250916,090500,10,10,9.8,9.8,1050,0
SOK,5,20250916,091000,9.8,9.8,9.8,9.8,354,0
SOK,5,20250916,091500,9.8,9.8,9.64,9.64,442,0
SOK,5,20250916,092000,9.62,9.62,9.5,9.5,1500,0
SOK,5,20250916,092500,9.7,9.78,9.7,9.76,303,0
SOK,5,20250916,093000,9.76,9.78,9.7,9.78,1160,0
SOK,5,20250916,093500,9.76,9.78,9.76,9.78,62,0
SOK,5,20250916,094000,9.78,9.8,9.78,9.8,702,0
SOK,5,20250916,094500,9.8,10.2,9.8,10.2,1702,0
SOK,5,20250916,095000,10,10,9.8,9.8,1182,0
SOK,5,20250916,095500,10,10,10,10,1048,0
SOK,5,20250916,100500,10.05,10.05,10,10.05,495,0
SOK,5,20250916,103000,9.84,10.1,9.84,10.1,350,0
SOK,5,20250916,110500,9.9,10.05,9.9,10.05,408,0
SOK,5,20250916,111000,10.1,10.2,10.1,10.2,1100,0
SOK,5,20250916,112500,10.2,10.2,10.2,10.2,15,0
SOK,5,20250916,114000,9.9,9.9,9.9,9.9,106,0
SOK,5,20250916,114500,10.2,10.2,10.2,10.2,2,0
SOK,5,20250916,124500,10.15,10.15,10.15,10.15,30,0
SOK,5,20250916,130000,10.15,10.15,10.15,10.15,486,0
SOK,5,20250916,133000,10.15,10.15,10.15,10.15,50,0
SOK,5,20250916,134000,10,10,10,10,460,0
SOK,5,20250916,134500,10,10,10,10,100,0
SOK,5,20250916,141500,10.1,10.2,10.1,10.2,176,0
SOK,5,20250916,150500,10.2,10.2,10.2,10.2,224,0
SOK,5,20250916,151000,10,10,9.88,9.88,1190,0
SOK,5,20250916,151500,9.8,9.8,9.8,9.8,630,0
SOK,5,20250916,152000,9.72,9.72,9.66,9.66,1020,0
SOK,5,20250916,153500,9.62,9.62,9.62,9.62,925,0
SOK,5,20250916,155500,9.52,9.52,9.28,9.28,531,0
SOK,5,20250916,161500,9.7,9.7,9.7,9.7,450,0
SOK,5,20250917,090000,9.7,9.7,9.7,9.7,468,0
SOK,5,20250917,092000,9.6,9.6,9.6,9.6,470,0
SOK,5,20250917,092500,9.54,9.76,9.54,9.76,315,0
SOK,5,20250917,093000,9.76,9.76,9.76,9.76,133,0
SOK,5,20250917,093500,9.86,9.86,9.86,9.86,53,0
SOK,5,20250917,094000,9.86,9.86,9.86,9.86,90,0
SOK,5,20250917,094500,9.86,9.86,9.86,9.86,7,0
SOK,5,20250917,095000,9.62,9.62,9.62,9.62,10,0
SOK,5,20250917,095500,9.62,9.62,9.62,9.62,240,0
SOK,5,20250917,100000,9.62,9.8,9.62,9.8,260,0
SOK,5,20250917,102000,9.88,9.94,9.86,9.92,270,0
SOK,5,20250917,105500,9.76,9.76,9.76,9.76,300,0
SOK,5,20250917,132000,9.8,9.82,9.8,9.82,611,0
SOK,5,20250917,143500,9.8,9.8,9.8,9.8,150,0
SOK,5,20250917,144000,9.84,9.84,9.84,9.84,20,0
SOK,5,20250917,145500,9.84,9.92,9.84,9.92,655,0
SOK,5,20250917,150000,9.94,9.94,9.94,9.94,38,0
SOK,5,20250917,152000,9.74,9.8,9.74,9.8,33,0
SOK,5,20250917,153500,9.8,9.8,9.8,9.8,390,0
SOK,5,20250917,155000,9.94,9.94,9.94,9.94,105,0
SOK,5,20250918,092000,9.82,9.82,9.82,9.82,1000,0
SOK,5,20250918,093000,9.82,9.82,9.82,9.82,500,0
SOK,5,20250918,094500,9.84,9.84,9.8,9.8,300,0
SOK,5,20250918,122000,9.82,9.82,9.8,9.8,500,0
SOK,5,20250918,132000,9.8,9.8,9.8,9.8,410,0
SOK,5,20250918,133500,9.74,9.74,9.74,9.74,387,0
SOK,5,20250918,140500,9.7,9.7,9.7,9.7,180,0
SOK,5,20250918,144000,9.9,9.9,9.9,9.9,2,0
SOK,5,20250918,151500,9.9,9.98,9.9,9.96,498,0
SOK,5,20250918,154000,9.72,9.72,9.7,9.7,300,0
SOK,5,20250918,165500,9.96,9.96,9.96,9.96,2,0
SOK,5,20250919,092000,9.94,9.94,9.94,9.94,10,0
SOK,5,20250919,103500,9.94,9.94,9.94,9.94,9,0
SOK,5,20250919,122500,9.7,9.7,9.7,9.7,32,0
SOK,5,20250919,125000,9.62,9.94,9.54,9.94,35,0
SOK,5,20250919,161000,9.94,9.94,9.94,9.94,100,0
SOK,5,20250922,091000,9.94,9.94,9.94,9.94,2,0
SOK,5,20250922,133000,9.62,9.62,9.62,9.62,300,0
SOK,5,20250922,133500,9.92,9.92,9.92,9.92,10,0
SOK,5,20250922,142000,9.88,9.88,9.88,9.88,2,0
SOK,5,20250922,160500,9.7,9.7,9.62,9.62,185,0
SOK,5,20250922,164500,9.88,9.88,9.88,9.88,180,0
SOK,5,20250923,091500,9.88,9.88,9.88,9.88,13,0
SOK,5,20250923,092500,9.64,9.64,9.6,9.62,100,0
SOK,5,20250923,093000,9.88,9.88,9.88,9.88,20,0
SOK,5,20250923,094500,9.9,9.96,9.9,9.96,750,0
SOK,5,20250923,095000,9.96,9.96,9.96,9.96,205,0
SOK,5,20250923,101000,9.92,9.92,9.9,9.9,1200,0
SOK,5,20250923,103000,9.96,9.96,9.96,9.96,15,0
SOK,5,20250923,113500,9.92,9.96,9.92,9.96,1756,0
SOK,5,20250923,130000,9.72,9.72,9.7,9.7,50,0
SOK,5,20250923,141000,9.9,9.9,9.9,9.9,10,0
SOK,5,20250923,152500,9.8,9.8,9.8,9.8,100,0
SOK,5,20250923,154000,9.9,9.9,9.9,9.9,3,0
SOK,5,20250923,164500,9.9,9.9,9.9,9.9,201,0
SOK,5,20250923,165500,9.9,9.9,9.9,9.9,51,0
SOK,5,20250924,094000,9.98,9.98,9.98,9.98,20,0
SOK,5,20250924,105500,9.96,9.98,9.96,9.98,166,0
SOK,5,20250924,115000,9.9,9.9,9.9,9.9,68,0
SOK,5,20250924,115500,9.98,9.98,9.98,9.98,432,0
SOK,5,20250924,124000,9.82,9.82,9.7,9.7,120,0
SOK,5,20250924,124500,9.7,9.98,9.7,9.98,215,0
SOK,5,20250924,125500,9.7,9.8,9.7,9.8,500,0
SOK,5,20250924,131500,9.8,9.8,9.7,9.7,155,0
SOK,5,20250924,133500,9.8,9.8,9.8,9.8,42,0
SOK,5,20250924,143500,9.72,9.72,9.66,9.66,283,0
SOK,5,20250924,144000,9.68,9.68,9.68,9.68,100,0
SOK,5,20250924,144500,9.8,9.8,9.8,9.8,300,0
SOK,5,20250924,150000,9.68,9.68,9.66,9.66,200,0
SOK,5,20250924,151500,9.66,9.96,9.66,9.96,25,0
SOK,5,20250924,164500,9.96,9.96,9.96,9.96,2,0
SOK,5,20250925,090500,9.94,9.96,9.94,9.96,20,0
SOK,5,20250925,112500,9.72,9.72,9.68,9.68,505,0
SOK,5,20250925,115000,9.9,9.92,9.9,9.92,25,0
SOK,5,20250925,124000,9.92,9.92,9.92,9.92,2,0
SOK,5,20250925,132500,9.92,9.92,9.92,9.92,13,0
SOK,5,20250925,141500,9.92,9.92,9.92,9.92,45,0
SOK,5,20250925,160500,9.94,9.94,9.94,9.94,5,0
SOK,5,20250926,094000,9.92,9.92,9.92,9.92,20,0
SOK,5,20250926,103000,9.92,9.92,9.92,9.92,50,0
SOK,5,20250926,121500,9.8,9.8,9.7,9.7,400,0
SOK,5,20250926,123000,9.88,9.9,9.88,9.9,25,0
SOK,5,20250926,140500,9.9,9.92,9.9,9.92,25,0
SOK,5,20250929,092000,9.88,9.94,9.88,9.94,200,0
SOK,5,20250929,104500,9.96,9.96,9.96,9.96,10,0
SOK,5,20250929,111000,9.96,10,9.96,10,103,0
SOK,5,20250929,121000,10,10,10,10,247,0
SOK,5,20250929,123500,10,10,10,10,2,0
SOK,5,20250929,130000,10,10,10,10,51,0
SOK,5,20250929,150500,9.9,9.9,9.42,9.42,6500,0
SOK,5,20250929,151000,9.7,9.7,9.7,9.7,20,0
SOK,5,20250929,163500,9.52,9.52,9.46,9.46,437,0
SOK,5,20250929,164500,9.8,9.8,9.8,9.8,20,0
SOK,5,20250930,100500,9.7,9.82,9.7,9.82,200,0
SOK,5,20250930,110000,9.56,9.56,9.56,9.56,200,0
SOK,5,20250930,113500,9.54,9.54,9.5,9.5,334,0
SOK,5,20250930,114000,9.5,9.5,9.5,9.5,157,0
SOK,5,20250930,130000,9.5,9.5,9.5,9.5,43,0
SOK,5,20250930,130500,9.5,9.5,9.5,9.5,9,0
SOK,5,20250930,132000,9.48,9.48,9.48,9.48,20,0
SOK,5,20250930,132500,9.48,9.5,9.48,9.5,200,0
SOK,5,20250930,133000,9.5,9.82,9.5,9.82,1430,0
SOK,5,20251001,090000,9.6,9.6,9.6,9.6,570,0
SOK,5,20251001,100500,9.54,9.54,9.5,9.5,5,0
SOK,5,20251001,103500,9.5,9.5,9.5,9.5,10,0
SOK,5,20251001,113500,9.5,9.5,9.5,9.5,7,0
SOK,5,20251001,120500,9.5,9.5,9.5,9.5,133,0
SOK,5,20251001,151500,9.58,9.58,9.58,9.58,10,0
SOK,5,20251001,160500,9.58,9.6,9.58,9.6,258,0
SOK,5,20251001,161000,9.6,9.8,9.6,9.8,525,0
SOK,5,20251001,161500,9.8,9.86,9.8,9.86,260,0
SOK,5,20251001,164500,9.84,9.86,9.84,9.86,550,0
SOK,5,20251002,090000,9.8,9.8,9.8,9.8,203,0
SOK,5,20251002,113500,9.62,9.78,9.62,9.78,220,0
SOK,5,20251002,121000,9.8,9.8,9.8,9.8,489,0
SOK,5,20251002,122500,9.62,9.62,9.22,9.22,2985,0
SOK,5,20251002,125000,9.78,9.78,9.78,9.78,20,0
SOK,5,20251002,131000,9.78,9.78,9.78,9.78,2,0
SOK,5,20251002,135500,9.78,9.78,9.78,9.78,50,0
SOK,5,20251002,153000,9.68,9.68,9.68,9.68,2,0
SOK,5,20251002,154500,9.68,9.74,9.68,9.74,150,0
SOK,5,20251002,155000,9.74,9.78,9.74,9.76,350,0
SOK,5,20251002,161000,9.7,9.7,9.7,9.7,100,0
SOK,5,20251003,090000,9.7,9.7,9.7,9.7,103,0
SOK,5,20251003,125000,9.7,9.72,9.7,9.72,250,0
SOK,5,20251003,140500,9.5,9.5,9.5,9.5,50,0
SOK,5,20251003,143000,9.52,9.52,9.52,9.52,5,0
SOK,5,20251003,164000,9.54,9.54,9.54,9.54,100,0
SOK,5,20251003,164500,9.54,9.76,9.54,9.76,100,0
SOK,5,20251006,090000,9.24,9.24,9.24,9.24,687,0
SOK,5,20251006,091000,9.46,9.46,9.26,9.26,32,0
SOK,5,20251006,091500,9.26,9.26,9.24,9.24,100,0
SOK,5,20251006,092500,9.4,9.4,9.4,9.4,290,0
SOK,5,20251006,094500,9.3,9.3,9.22,9.22,1600,0
SOK,5,20251006,095500,9.42,9.42,9.42,9.42,103,0
SOK,5,20251006,101000,9.42,9.42,9.42,9.42,11,0
SOK,5,20251006,105000,9.3,9.3,9.3,9.3,23,0
SOK,5,20251006,112000,9.4,9.4,9.4,9.4,200,0
SOK,5,20251006,112500,9.4,9.4,9.4,9.4,100,0
SOK,5,20251006,113500,9.4,9.4,9.4,9.4,20,0
SOK,5,20251006,124500,9.32,9.32,9.3,9.3,100,0
SOK,5,20251006,133000,9.3,9.3,9.2,9.2,1397,0
SOK,5,20251006,135000,9.3,9.3,9.2,9.2,2833,0
SOK,5,20251006,135500,9.16,9.16,9.16,9.16,278,0
SOK,5,20251006,141500,9.16,9.16,9.16,9.16,1455,0
SOK,5,20251006,142000,9.38,9.38,9.38,9.38,20,0
SOK,5,20251006,143500,9.34,9.34,9.34,9.34,55,0
SOK,5,20251006,145000,9.18,9.18,9.14,9.14,923,0
SOK,5,20251006,145500,9.16,9.16,8.98,8.98,1965,0
SOK,5,20251006,150000,8.98,8.98,8.9,8.9,461,0
SOK,5,20251006,152000,9.12,9.12,9.12,9.12,200,0
SOK,5,20251006,152500,9.12,9.22,9.12,9.22,258,0
SOK,5,20251006,154500,9.22,9.22,9,9,872,0
SOK,5,20251006,155000,8.92,8.92,8.92,8.92,954,0
SOK,5,20251006,160000,9.22,9.22,9.22,9.22,2,0
SOK,5,20251006,161500,8.98,8.98,8.82,8.82,821,0
SOK,5,20251006,162000,9.1,9.1,9.1,9.1,50,0
SOK,5,20251006,164500,8.82,8.82,8.82,8.82,10,0
SOK,5,20251006,165500,8.98,8.98,8.98,8.98,30,0
SOK,5,20251007,090000,9.22,9.22,9.2,9.2,112,0
SOK,5,20251007,091500,9.2,9.2,9,9,202,0
SOK,5,20251007,093500,9,9,8.94,8.94,740,0
SOK,5,20251007,094000,9.2,9.3,9.2,9.3,20,0
SOK,5,20251007,100000,9.14,9.14,8.92,8.92,66,0
SOK,5,20251007,102500,8.94,8.94,8.92,8.92,299,0
SOK,5,20251007,111500,8.92,8.92,8.84,8.84,500,0
SOK,5,20251007,120500,8.9,8.9,8.9,8.9,24,0
SOK,5,20251007,133000,9.08,9.08,9.08,9.08,5,0
SOK,5,20251007,134000,9.08,9.08,9.08,9.08,410,0
SOK,5,20251007,134500,9.08,9.08,9.08,9.08,618,0
SOK,5,20251007,135000,9.1,9.1,9,9,1073,0
SOK,5,20251007,145000,9.2,9.2,9.2,9.2,20,0
SOK,5,20251007,160500,9,9,9,9,14,0
SOK,5,20251007,163000,9.16,9.16,9.16,9.16,20,0
SOK,5,20251008,090000,8.82,9,8.82,9,3023,0
SOK,5,20251008,094000,9.06,9.08,9.06,9.08,22,0
SOK,5,20251008,095500,8.88,8.88,8.6,8.66,2040,0
SOK,5,20251008,100500,9,9,9,9,10,0
SOK,5,20251008,102500,8.86,8.86,8.86,8.86,50,0
SOK,5,20251008,103000,8.86,8.86,8.86,8.86,137,0
SOK,5,20251008,104500,8.82,8.82,8.82,8.82,291,0
SOK,5,20251008,105000,8.8,8.8,8.8,8.8,135,0
SOK,5,20251008,112500,8.8,8.8,8.8,8.8,112,0
SOK,5,20251008,113500,8.82,8.82,8.82,8.82,3,0
SOK,5,20251008,115500,8.82,8.82,8.82,8.82,58,0
SOK,5,20251008,123000,8.82,8.82,8.82,8.82,148,0
SOK,5,20251008,123500,8.82,8.82,8.72,8.72,138,0
SOK,5,20251008,125000,8.84,9.1,8.84,9.1,1363,0
SOK,5,20251008,125500,9.08,9.08,9.08,9.08,201,0
SOK,5,20251008,133000,9.1,9.1,9.1,9.1,100,0
SOK,5,20251008,140000,8.9,8.9,8.9,8.9,1,0
SOK,5,20251008,141500,8.9,8.9,8.9,8.9,50,0
SOK,5,20251008,143500,8.9,8.9,8.9,8.9,20,0
SOK,5,20251008,144500,9.1,9.1,9.1,9.1,21,0
SOK,5,20251008,160500,8.86,8.86,8.86,8.86,176,0
SOK,5,20251008,161500,8.86,8.98,8.86,8.98,52,0
SOK,5,20251008,163500,9.04,9.06,9.04,9.06,123,0
SOK,5,20251009,090000,8.7,8.7,8.7,8.7,880,0
SOK,5,20251009,090500,9.02,9.02,9.02,9.02,10,0
SOK,5,20251009,091000,8.9,8.9,8.9,8.9,10,0
SOK,5,20251009,093000,9,9.1,9,9.1,655,0
SOK,5,20251009,093500,9.1,9.1,9.1,9.1,439,0
SOK,5,20251009,094500,8.9,8.9,8.9,8.9,5,0
SOK,5,20251009,101500,9,9,9,9,300,0
SOK,5,20251009,102500,9.1,9.12,9.1,9.12,25,0
SOK,5,20251009,113000,9.08,9.12,9.08,9.12,200,0
SOK,5,20251009,115000,9,9,9,9,17,0
SOK,5,20251009,131000,9,9,9,9,100,0
SOK,5,20251009,131500,9.12,9.12,9.12,9.12,10,0
SOK,5,20251009,141500,9.06,9.06,9.06,9.06,5,0
SOK,5,20251009,143500,9.2,9.2,9.2,9.2,2,0
SOK,5,20251009,145000,9.06,9.06,9.06,9.06,135,0
SOK,5,20251009,155000,9.06,9.06,9.06,9.06,308,0
SOK,5,20251009,161000,9.02,9.02,9.02,9.02,14,0
SOK,5,20251009,162500,9.02,9.02,9.02,9.02,145,0
SOK,5,20251010,092500,9.16,9.2,9.16,9.2,136,0
SOK,5,20251010,101500,9.24,9.24,9.24,9.24,100,0
SOK,5,20251010,123500,9.04,9.04,9.04,9.04,50,0
SOK,5,20251010,134000,9.24,9.26,9.24,9.26,544,0
SOK,5,20251010,141500,9.26,9.26,9.26,9.26,530,0
SOK,5,20251010,144000,9.06,9.06,9,9,1918,0
SOK,5,20251010,150000,9.16,9.16,9.16,9.16,10,0
SOK,5,20251010,161000,9.06,9.06,9.06,9.06,4,0
SOK,5,20251010,163000,9,9,8.52,8.52,3475,0
SOK,5,20251010,163500,8.9,9,8.9,9,24,0
SOK,5,20251010,164000,9,9,9,9,2,0
SOK,5,20251010,164500,9,9.22,9,9.22,110,0
SOK,5,20251013,090000,9.2,9.2,9.1,9.1,67,0
SOK,5,20251013,091000,9,9,9,9,355,0
SOK,5,20251013,091500,9.22,9.22,9,9,70,0
SOK,5,20251013,092000,9.1,9.2,9.1,9.18,57,0
SOK,5,20251013,093000,9.18,9.18,9.18,9.18,4,0
SOK,5,20251013,094500,9.14,9.16,9.14,9.16,1000,0
SOK,5,20251013,100000,9.16,9.16,9.16,9.16,2,0
SOK,5,20251013,125000,8.9,8.9,8.52,8.52,1544,0
SOK,5,20251013,132000,8.8,8.8,8.8,8.8,20,0
SOK,5,20251013,132500,8.8,9,8.8,9,260,0
SOK,5,20251013,135000,8.9,8.9,8.9,8.9,30,0
SOK,5,20251013,144000,9.06,9.06,9.06,9.06,769,0
SOK,5,20251014,090000,9,9,9,9,2,0
SOK,5,20251014,094500,8.7,8.7,8.7,8.7,20,0
SOK,5,20251014,101500,8.94,8.98,8.94,8.96,104,0
SOK,5,20251014,102500,8.98,8.98,8.98,8.98,62,0
SOK,5,20251014,103500,8.98,8.98,8.98,8.98,91,0
SOK,5,20251014,104000,8.98,8.98,8.98,8.98,75,0
SOK,5,20251014,120000,8.72,8.72,8.72,8.72,200,0
SOK,5,20251014,120500,8.7,8.7,8.7,8.7,176,0
SOK,5,20251014,121500,8.94,8.94,8.94,8.94,5,0
SOK,5,20251014,140000,8.9,8.9,8.9,8.9,2,0
SOK,5,20251014,141500,8.9,8.98,8.9,8.98,230,0
SOK,5,20251014,153000,8.96,9,8.74,8.98,75,0
SOK,5,20251014,153500,8.98,8.98,8.98,8.98,45,0
SOK,5,20251014,155000,8.72,8.72,8.7,8.7,104,0
SOK,5,20251014,155500,8.68,8.68,8.66,8.66,7,0
SOK,5,20251014,162500,8.94,8.94,8.94,8.94,79,0
SOK,5,20251015,100000,8.92,8.92,8.92,8.92,20,0
SOK,5,20251015,110000,8.92,8.92,8.92,8.92,5,0
SOK,5,20251015,112500,8.92,8.98,8.92,8.98,553,0
SOK,5,20251015,152000,8.86,8.86,8.86,8.86,6,0
SOK,5,20251015,153000,8.86,8.86,8.84,8.84,200,0
SOK,5,20251015,153500,8.84,8.84,8.84,8.84,119,0
SOK,5,20251015,155500,8.76,8.76,8.76,8.76,3,0
SOK,5,20251015,161000,8.76,8.76,8.72,8.72,150,0
SOK,5,20251016,090000,8.7,8.7,8.7,8.7,200,0
SOK,5,20251016,124000,8.9,8.9,8.88,8.88,22,0
SOK,5,20251016,144000,8.9,8.9,8.9,8.9,13,0
SOK,5,20251016,153000,8.92,8.92,8.92,8.92,500,0
SOK,5,20251016,160500,8.92,8.92,8.92,8.92,24,0
SOK,5,20251016,164500,9,9,9,9,160,0
SOK,5,20251017,111500,8.84,8.84,8.84,8.84,15,0
SOK,5,20251017,112000,9.04,9.04,9.04,9.04,20,0
SOK,5,20251017,115000,9.06,9.06,9.06,9.06,100,0
SOK,5,20251017,115500,9.04,9.04,9.04,9.04,1,0
SOK,5,20251017,121000,9,9,9,9,76,0
SOK,5,20251017,122500,9.02,9.02,9.02,9.02,199,0
SOK,5,20251017,125500,9.06,9.08,9.06,9.08,126,0
SOK,5,20251017,132000,9.08,9.08,9.08,9.08,100,0
SOK,5,20251017,143500,9.08,9.08,9.08,9.08,214,0
SOK,5,20251017,160500,9.02,9.02,9.02,9.02,5,0
SOK,5,20251020,090000,9.02,9.02,9.02,9.02,11,0
SOK,5,20251020,090500,9.08,9.4,9.08,9.4,500,0
SOK,5,20251020,120500,9.14,9.14,9.14,9.14,100,0
SOK,5,20251020,122500,9.38,9.4,9.38,9.4,50,0
SOK,5,20251020,155500,9.16,9.16,9.16,9.16,2020,0
SOK,5,20251020,164500,9.3,9.3,9.3,9.3,31,0
SOK,5,20251021,090000,9.3,9.3,9.3,9.3,200,0
SOK,5,20251021,092500,9.36,9.36,9.36,9.36,25,0
SOK,5,20251021,093000,9.36,9.36,9.36,9.36,3,0
SOK,5,20251021,150500,9.16,9.16,9.16,9.16,4,0
SOK,5,20251021,161000,9.16,9.16,9.16,9.16,258,0
SOK,5,20251021,163500,9.28,9.42,9.28,9.42,323,0
SOK,5,20251022,092000,9.44,9.44,9.44,9.44,20,0
SOK,5,20251022,114500,9.38,9.38,9.38,9.38,25,0
SOK,5,20251022,131000,9.4,9.44,9.4,9.44,55,0
SOK,5,20251022,134000,9.32,9.32,9.1,9.1,500,0
SOK,5,20251022,141500,9.42,9.42,9.42,9.42,20,0
SOK,5,20251023,090000,9.44,9.44,9.44,9.44,10,0
SOK,5,20251023,093000,9.44,9.44,9.42,9.42,50,0
SOK,5,20251023,100000,9.2,9.2,9.1,9.1,1795,0
SOK,5,20251023,100500,9.1,9.42,9.1,9.42,400,0
SOK,5,20251023,102000,9.42,9.42,9.42,9.42,45,0
SOK,5,20251023,143500,9.14,9.14,9.14,9.14,4,0
SOK,5,20251023,152000,9.34,9.34,9.34,9.34,80,0
SOK,5,20251024,093000,9.3,9.3,9.3,9.3,10,0
SOK,5,20251024,150500,9.14,9.14,9.14,9.14,5,0
SOK,5,20251024,153000,9.3,9.32,9.3,9.32,530,0
SOK,5,20251024,153500,9.32,9.34,9.32,9.34,10,0
SOK,5,20251024,155000,9.34,9.34,9.34,9.34,459,0
SOK,5,20251024,164500,9.16,9.16,9.04,9.04,272,0
SOK,5,20251027,090000,9.38,9.38,9.38,9.38,5,0
SOK,5,20251027,122000,9.1,9.1,9.08,9.08,550,0
SOK,5,20251027,123000,9.36,9.36,9.36,9.36,10,0
SOK,5,20251027,133500,9.1,9.1,9.06,9.06,630,0
SOK,5,20251027,140500,9.34,9.34,9.34,9.34,25,0
SOK,5,20251027,163000,9.16,9.16,9.16,9.16,3,0
SOK,5,20251027,164500,9.3,9.3,9.3,9.3,5,0
SOK,5,20251028,092000,9.28,9.28,9.28,9.28,51,0
SOK,5,20251028,100500,9.18,9.18,9.16,9.16,27,0
SOK,5,20251028,101000,9.3,9.32,9.3,9.32,25,0
SOK,5,20251028,130000,9.14,9.14,9.14,9.14,500,0
SOK,5,20251028,131000,9.3,9.3,9.3,9.3,10,0
SOK,5,20251028,135000,9.3,9.3,9.3,9.3,21,0
SOK,5,20251028,143000,9.28,9.28,9.28,9.28,150,0
SOK,5,20251028,152500,9.18,9.18,9.18,9.18,300,0
SOK,5,20251028,160500,9.2,9.28,9.2,9.28,173,0
SOK,5,20251029,090000,9.2,9.2,9.2,9.2,55,0
SOK,5,20251029,091500,9.2,9.2,9.2,9.2,14,0
SOK,5,20251029,124500,9.18,9.18,9.18,9.18,300,0
SOK,5,20251029,125000,9.18,9.18,9.18,9.18,250,0
SOK,5,20251029,132500,9.24,9.24,9.24,9.24,75,0
SOK,5,20251029,151000,9.14,9.14,9.12,9.12,45,0
SOK,5,20251029,153500,9.12,9.12,9.12,9.12,3,0
SOK,5,20251029,160000,9.2,9.2,9.2,9.2,62,0
SOK,5,20251029,163500,9.12,9.12,9.1,9.1,300,0
SOK,5,20251029,165500,9.24,9.24,9.24,9.24,10,0
SOK,5,20251030,090000,9.24,9.24,9.24,9.24,5,0
SOK,5,20251030,101000,9.14,9.14,9.1,9.1,449,0
SOK,5,20251030,101500,9.1,9.1,9.1,9.1,52,0
SOK,5,20251030,104000,9.24,9.26,9.24,9.26,20,0
SOK,5,20251030,134500,9.1,9.1,9.02,9.02,900,0
SOK,5,20251030,142000,9.16,9.22,9.16,9.2,60,0
SOK,5,20251030,150000,9.2,9.22,9.2,9.22,326,0
SOK,5,20251031,092500,9.28,9.28,9.28,9.28,27,0
SOK,5,20251031,093000,9.28,9.28,9.28,9.28,20,0
SOK,5,20251031,093500,9.3,9.3,9.3,9.3,50,0
SOK,5,20251031,094500,9.28,9.28,9.28,9.28,398,0
SOK,5,20251031,113500,9.3,9.3,9.3,9.3,15,0
SOK,5,20251031,151500,9.08,9.08,9.04,9.04,219,0
SOK,5,20251031,160500,9.26,9.28,9.26,9.28,30,0
SOK,5,20251031,162000,9.06,9.06,9.06,9.06,3,0
SOK,5,20251031,164500,9.28,9.28,9.28,9.28,10,0
SOK,5,20251103,090000,9.1,9.28,9.1,9.28,110,0
SOK,5,20251103,121500,9.14,9.14,9.14,9.14,45,0
SOK,5,20251103,133000,9.08,9.08,9.04,9.04,120,0
SOK,5,20251103,133500,9.04,9.04,9.04,9.04,121,0
SOK,5,20251103,142000,9.24,9.24,9.24,9.24,15,0
SOK,5,20251103,161000,9.08,9.08,9.08,9.08,1,0
SOK,5,20251103,164500,9.22,9.22,9.22,9.22,10,0
SOK,5,20251104,091000,9.1,9.1,9.1,9.1,100,0
SOK,5,20251104,091500,9.1,9.1,9.1,9.1,74,0
SOK,5,20251104,093500,9.22,9.22,9.22,9.22,4,0
SOK,5,20251104,105000,9.22,9.24,9.22,9.24,214,0
SOK,5,20251104,155500,9.1,9.1,9.1,9.1,2,0
SOK,5,20251104,163000,9.1,9.1,9.1,9.1,1,0
SOK,5,20251105,102500,9.18,9.3,9.18,9.28,175,0
SOK,5,20251105,104000,9.3,9.36,9.3,9.36,275,0
SOK,5,20251105,111000,9.44,9.44,9.44,9.44,2,0
SOK,5,20251105,112500,9.44,9.44,9.44,9.44,136,0
SOK,5,20251105,123000,9.2,9.2,7.66,8.32,3690,0
SOK,5,20251105,123500,8.34,8.34,8.32,8.32,300,0
SOK,5,20251105,124000,8.78,8.78,8.78,8.78,10,0
SOK,5,20251105,124500,8.78,8.8,8.78,8.8,50,0
SOK,5,20251105,125000,8.8,8.8,8.8,8.8,191,0
SOK,5,20251105,125500,8.8,8.8,8.8,8.8,130,0
SOK,5,20251105,131000,8.9,8.9,8.9,8.9,10,0
SOK,5,20251105,131500,8.8,8.9,8.8,8.9,204,0
SOK,5,20251105,141000,8.88,9,8.88,9,30,0
SOK,5,20251105,150500,8.58,8.58,8.54,8.54,28,0
SOK,5,20251105,152000,9,9,9,9,10,0
SOK,5,20251105,164000,9.06,9.2,9.06,9.2,24,0
SOK,5,20251106,090000,8.74,8.74,8.72,8.72,25,0
SOK,5,20251106,091000,9.18,9.18,9.18,9.18,130,0
SOK,5,20251106,093000,9.18,9.18,9.18,9.18,9,0
SOK,5,20251106,095000,8.74,8.74,8.7,8.7,249,0
SOK,5,20251106,095500,9.14,9.14,9.14,9.14,10,0
SOK,5,20251106,100000,8.72,8.72,8.72,8.72,100,0
SOK,5,20251106,102000,8.98,8.98,8.76,8.76,300,0
SOK,5,20251106,103000,8.66,8.66,8.66,8.66,10,0
SOK,5,20251106,103500,9,9,9,9,12,0
SOK,5,20251106,104000,8.8,8.8,8.8,8.8,1138,0
SOK,5,20251106,110500,8.9,8.9,8.9,8.9,40,0
SOK,5,20251106,114500,9.14,9.14,9.14,9.14,10,0
SOK,5,20251106,124000,9.1,9.1,9.1,9.1,122,0
SOK,5,20251106,142500,8.86,8.86,8.82,8.84,300,0
SOK,5,20251106,143500,9.08,9.08,8.82,8.82,310,0
SOK,5,20251106,144000,9.08,9.08,9.08,9.08,20,0
SOK,5,20251106,155500,8.82,8.82,8.82,8.82,2,0
SOK,5,20251106,162500,8.96,8.96,8.96,8.96,10,0
SOK,5,20251106,164000,8.8,8.8,8.8,8.8,1,0
SOK,5,20251106,164500,8.94,8.94,8.94,8.94,10,0
SOK,5,20251107,092500,8.96,8.96,8.96,8.96,10,0
SOK,5,20251107,100000,8.94,8.94,8.94,8.94,20,0
SOK,5,20251107,125500,8.96,9,8.96,9,400,0
SOK,5,20251107,133000,9,9,9,9,300,0
SOK,5,20251107,160500,8.9,8.9,8.9,8.9,4,0
SOK,5,20251107,161500,9.08,9.08,9.08,9.08,2,0
SOK,5,20251107,163000,9.08,9.08,9.08,9.08,23,0
SOK,5,20251110,121000,9.1,9.28,9.1,9.28,325,0
SOK,5,20251110,122000,9.28,9.28,9.28,9.28,10,0
SOK,5,20251110,154000,9.04,9.04,9.04,9.04,6,0
SOK,5,20251110,160500,9.04,9.04,9.04,9.04,3,0
SOK,5,20251110,162500,9.24,9.26,9.24,9.26,216,0
SOK,5,20251110,163500,9.26,9.3,9.26,9.3,10,0
SOK,5,20251112,090000,9,9,9,9,85,0
SOK,5,20251112,090500,9.1,9.2,9.1,9.2,30,0
SOK,5,20251112,113500,9.2,9.2,9.2,9.2,100,0
SOK,5,20251112,140500,9.2,9.2,9.2,9.2,2,0
SOK,5,20251112,144000,9.1,9.34,8.82,9.3,2551,0
SOK,5,20251112,160000,9,9,9,9,3,0
SOK,5,20251112,162000,9,9,9,9,40,0
SOK,5,20251113,090000,9.3,9.3,9.3,9.3,10,0
SOK,5,20251113,090500,9.3,9.32,9.3,9.32,30,0
SOK,5,20251113,110000,9.1,9.1,9,9,410,0
SOK,5,20251113,112500,9.28,9.28,9.28,9.28,10,0
SOK,5,20251114,090000,8.74,9.1,8.74,9.1,556,0
SOK,5,20251114,092000,9.1,9.1,9.1,9.1,10,0
SOK,5,20251114,093000,9.2,9.2,9.2,9.2,10,0
SOK,5,20251114,135000,8.76,8.76,8.74,8.74,50,0
SOK,5,20251114,141000,9,9.16,9,9.16,50,0
SOK,5,20251114,160000,9.14,9.14,9.14,9.14,2,0
SOK,5,20251117,090000,9.1,9.1,9.1,9.1,110,0
SOK,5,20251117,091500,9.08,9.1,9.08,9.1,50,0
SOK,5,20251117,112500,9.08,9.1,9.08,9.1,98,0
SOK,5,20251117,115000,8.9,9.1,8.9,9.1,110,0
SOK,5,20251117,130500,9.1,9.1,9.1,9.1,230,0
SOK,5,20251117,161500,8.92,8.92,8.92,8.92,2,0
SOK,5,20251117,163500,8.92,8.92,8.84,8.92,175,0
SOK,5,20251117,164000,8.98,9,8.98,9,30,0
SOK,5,20251118,091500,8.86,8.86,8.84,8.84,49,0
SOK,5,20251118,092500,9.02,9.02,9.02,9.02,10,0
SOK,5,20251118,102000,9,9,9,9,25,0
SOK,5,20251118,111000,9,9.02,9,9,266,0
SOK,5,20251118,120500,9.04,9.04,9.04,9.04,10,0
SOK,5,20251118,130500,8.86,8.86,8.86,8.86,2,0
SOK,5,20251118,131500,9.06,9.06,9.06,9.06,10,0
SOK,5,20251118,145500,8.9,8.9,8.9,8.9,50,0
SOK,5,20251118,151500,9.08,9.1,9.08,9.1,25,0
SOK,5,20251118,161000,8.9,8.9,8.9,8.9,2,0
SOK,5,20251118,164500,9.1,9.1,9.1,9.1,10,0
SOK,5,20251119,094000,9.1,9.1,9.1,9.1,10,0
SOK,5,20251119,100000,9.02,9.02,9.02,9.02,20,0
SOK,5,20251119,111000,9,9,9,9,10,0
SOK,5,20251119,120000,9.02,9.1,9.02,9.1,40,0
SOK,5,20251119,161000,9,9,8.92,8.92,141,0
SOK,5,20251119,161500,9,9,9,9,10,0
SOK,5,20251120,100500,8.98,9.1,8.98,9.1,50,0
SOK,5,20251120,101000,9.1,9.1,9.1,9.1,50,0
SOK,5,20251120,133000,9.1,9.1,9.1,9.1,10,0
SOK,5,20251120,160500,8.98,8.98,8.98,8.98,2,0
SOK,5,20251120,164500,8.98,8.98,8.98,8.98,396,0
SOK,5,20251121,102500,9.1,9.1,9.1,9.1,16,0
SOK,5,20251121,114000,9.1,9.1,9.1,9.1,2,0
SOK,5,20251121,153000,8.92,8.92,8.92,8.92,9,0
SOK,5,20251121,155500,8.92,8.92,8.92,8.92,2,0
SOK,5,20251121,164500,8.98,8.98,8.98,8.98,10,0
SOK,5,20251124,090000,9.04,9.1,9.04,9.04,54,0
SOK,5,20251124,130500,8.98,8.98,8.98,8.98,16,0
SOK,5,20251124,144000,8.98,8.98,8.98,8.98,66,0
SOK,5,20251124,150000,8.92,8.92,8.92,8.92,8,0
SOK,5,20251124,150500,8.92,8.98,8.92,8.98,10,0
SOK,5,20251124,161000,8.9,8.9,8.9,8.9,1,0
SOK,5,20251124,162000,8.98,9,8.98,9,40,0
SOK,5,20251125,091000,9,9,9,9,2,0
SOK,5,20251125,103500,8.92,8.92,8.9,8.9,119,0
SOK,5,20251125,105000,8.9,8.9,8.9,8.9,322,0
SOK,5,20251125,112000,8.98,8.98,8.98,8.98,10,0
SOK,5,20251125,115000,8.98,8.98,8.98,8.98,10,0
SOK,5,20251125,120000,8.98,8.98,8.98,8.98,5,0
SOK,5,20251125,155500,8.84,8.84,8.84,8.84,20,0
SOK,5,20251125,161500,9.02,9.02,9.02,9.02,10,0
SOK,5,20251125,162000,9.02,9.02,9.02,9.02,97,0
SOK,5,20251125,163500,9,9,9,9,20,0
SOK,5,20251126,092000,9.02,9.02,9.02,9.02,40,0
SOK,5,20251126,092500,9.02,9.02,9.02,9.02,10,0
SOK,5,20251126,093500,9.02,9.04,9.02,9.04,20,0
SOK,5,20251126,125500,8.9,8.9,8.84,8.84,50,0
SOK,5,20251126,131500,9.02,9.02,9.02,9.02,10,0
SOK,5,20251127,090000,9.02,9.02,9.02,9.02,10,0
SOK,5,20251127,095000,9.02,9.02,9.02,9.02,14,0
SOK,5,20251127,103500,9,9,9,9,20,0
SOK,5,20251127,111000,9,9,9,9,20,0
SOK,5,20251127,113500,9,9,9,9,20,0
SOK,5,20251127,123000,9,9,9,9,21,0
SOK,5,20251127,160000,8.9,8.9,8.8,8.8,200,0
SOK,5,20251127,160500,9,9,9,9,10,0
SOK,5,20251127,163000,9,9,9,9,25,0
SOK,5,20251127,163500,9.02,9.02,9.02,9.02,10,0
SOK,5,20251127,164000,9,9,9,9,196,0
SOK,5,20251127,164500,9.02,9.02,9.02,9.02,10,0
SOK,5,20251128,090000,9,9,9,9,400,0
SOK,5,20251128,091500,8.82,8.82,8.82,8.82,271,0
SOK,5,20251128,092000,8.82,8.82,8.82,8.82,29,0
SOK,5,20251128,093500,9,9,9,9,10,0
SOK,5,20251128,124000,8.96,9,8.96,9,200,0
SOK,5,20251128,131000,8.84,9,8.82,9,110,0
SOK,5,20251128,132000,8.82,9,8.82,9,320,0
SOK,5,20251128,145500,9,9,9,9,200,0
SOK,5,20251128,154000,9,9,9,9,200,0
SOK,5,20251128,164000,8.94,8.94,8.94,8.94,2,0
SOK,5,20251128,164500,8.98,8.98,8.98,8.98,10,0
SOK,5,20251201,090500,8.98,9.04,8.98,9.04,1000,0
SOK,5,20251201,092000,9.04,9.1,9.04,9.1,10,0
SOK,5,20251201,124000,9.1,9.16,9.1,9.16,794,0
SOK,5,20251201,134000,9.16,9.16,9.16,9.16,31,0
SOK,5,20251201,144000,9.1,9.1,9.1,9.1,500,0
SOK,5,20251201,152500,9.1,9.1,9.1,9.1,550,0
SOK,5,20251201,153500,9.1,9.1,9.1,9.1,156,0
SOK,5,20251201,165500,9.16,9.16,9.16,9.16,36,0
SOK,5,20251202,091000,9.16,9.16,9.16,9.16,30,0
SOK,5,20251202,091500,9.02,9.2,8.88,9.2,1597,0
SOK,5,20251202,094500,9.2,9.2,9.2,9.2,151,0
SOK,5,20251202,095000,9.18,9.4,9.18,9.4,509,0
SOK,5,20251202,095500,9.24,9.4,9.24,9.4,75,0
SOK,5,20251202,112000,9.4,9.4,9.4,9.4,80,0
SOK,5,20251202,115000,9.4,9.4,9.4,9.4,430,0
SOK,5,20251202,135000,9.34,9.34,9.34,9.34,84,0
