<TICKER>,<PER>,<DATE>,<TIME>,<OPEN>,<HIGH>,<LOW>,<CLOSE>,<VOL>,<OPENINT>
STA,5,20250707,101000,8.98,8.98,8.98,8.98,113,0
STA,5,20250707,163000,8.72,8.72,8.54,8.54,500,0
STA,5,20250707,164500,8.88,8.88,8.88,8.88,20,0
STA,5,20250708,091000,8.78,8.78,8.78,8.78,200,0
STA,5,20250708,103000,8.7,8.7,8.7,8.7,375,0
STA,5,20250708,132000,8.74,8.74,8.74,8.74,80,0
STA,5,20250708,151000,8.62,8.62,8.62,8.62,3,0
STA,5,20250708,160500,8.74,8.74,8.74,8.74,50,0
STA,5,20250708,161000,8.62,8.62,8.62,8.62,100,0
STA,5,20250708,164500,8.74,8.74,8.74,8.74,30,0
STA,5,20250709,155000,8.76,8.76,8.76,8.76,50,0
STA,5,20250709,162500,8.76,8.76,8.76,8.76,16,0
STA,5,20250710,090000,8.76,8.88,8.76,8.88,1340,0
STA,5,20250710,090500,8.88,8.94,8.8,8.8,110,0
STA,5,20250710,092000,8.94,8.94,8.94,8.94,30,0
STA,5,20250710,092500,8.94,9.48,8.94,9.48,330,0
STA,5,20250710,114500,9.36,9.38,9.36,9.38,17,0
STA,5,20250710,135000,9.02,9.02,9.02,9.02,3,0
STA,5,20250710,151000,9.02,9.02,9,9,140,0
STA,5,20250710,154000,9.28,9.28,9.28,9.28,40,0
STA,5,20250711,090000,9.22,9.28,9.22,9.28,50,0
STA,5,20250711,091500,9.26,9.26,9.26,9.26,10,0
STA,5,20250711,092000,9.02,9.02,8.9,8.9,50,0
STA,5,20250711,102000,8.9,8.9,8.6,8.6,1080,0
STA,5,20250711,104000,8.7,8.7,8.7,8.7,110,0
STA,5,20250711,104500,8.7,8.7,8.7,8.7,2,0
STA,5,20250711,110000,8.7,8.7,8.7,8.7,371,0
STA,5,20250711,110500,8.7,8.7,8.7,8.7,12,0
STA,5,20250711,111000,8.7,8.7,8.7,8.7,5,0
STA,5,20250711,114000,9.04,9.04,9.04,9.04,8,0
STA,5,20250711,123000,9.06,9.06,9.06,9.06,10,0
STA,5,20250711,123500,9.08,9.08,9.08,9.08,1,0
STA,5,20250711,134000,9.08,9.1,9.08,9.1,422,0
STA,5,20250711,134500,9.1,9.1,9.1,9.1,192,0
STA,5,20250714,090000,9.14,9.14,9.14,9.14,19,0
STA,5,20250714,095000,8.84,8.84,8.84,8.84,7,0
STA,5,20250714,113500,9.14,9.18,9.14,9.18,246,0
STA,5,20250714,144500,9.16,9.26,9.16,9.26,251,0
STA,5,20250714,145000,9.26,9.26,9.26,9.26,1,0
STA,5,20250714,152500,9.26,9.26,9,9,176,0
STA,5,20250714,161000,9.38,9.4,9.38,9.4,178,0
STA,5,20250715,090500,9.2,9.2,9.2,9.2,100,0
STA,5,20250715,092000,9.38,9.38,9.38,9.38,10,0
STA,5,20250715,114000,9.36,9.36,9.36,9.36,29,0
STA,5,20250715,131000,9.34,9.34,9.34,9.34,44,0
STA,5,20250715,141500,9.34,9.34,9.34,9.34,100,0
STA,5,20250715,142000,9.36,9.4,9.34,9.4,250,0
STA,5,20250716,130500,9.4,9.4,9.4,9.4,10,0
STA,5,20250716,163500,9.22,9.22,9.22,9.22,12,0
STA,5,20250716,164000,9.4,9.4,9.4,9.4,100,0
STA,5,20250716,164500,9.4,9.4,9.4,9.4,388,0
STA,5,20250717,090000,9.48,9.58,9.48,9.58,220,0
STA,5,20250717,125500,9.5,9.5,9.5,9.5,2,0
STA,5,20250717,145000,9.34,9.34,9.34,9.34,100,0
STA,5,20250717,153500,9.48,9.48,9.48,9.48,10,0
STA,5,20250717,161500,9.48,9.5,9.48,9.5,264,0
STA,5,20250717,164500,9.5,9.5,9.5,9.5,100,0
STA,5,20250718,090000,9.62,9.88,9.62,9.88,476,0
STA,5,20250718,091000,9.9,9.98,9.9,9.98,110,0
STA,5,20250718,091500,9.98,9.98,9.98,9.98,10,0
STA,5,20250718,094500,9.8,9.8,9.8,9.8,90,0
STA,5,20250718,095000,9.66,9.66,9.5,9.52,421,0
STA,5,20250718,102000,9.68,9.68,9.68,9.68,2,0
STA,5,20250718,105000,9.68,9.68,9.68,9.68,2,0
STA,5,20250718,112500,9.7,9.7,9.68,9.68,40,0
STA,5,20250718,115500,9.7,9.7,9.7,9.7,100,0
STA,5,20250718,142500,9.58,9.58,9.58,9.58,8,0
STA,5,20250718,144500,9.68,9.7,9.68,9.7,108,0
STA,5,20250718,153000,9.68,9.68,9.68,9.68,100,0
STA,5,20250718,154500,9.58,9.58,9.56,9.56,108,0
STA,5,20250718,161500,9.56,9.56,9.56,9.56,8,0
STA,5,20250718,164500,9.68,9.68,9.68,9.68,50,0
STA,5,20250721,091000,9.94,9.96,9.94,9.96,10,0
STA,5,20250721,091500,9.74,9.74,9.7,9.72,650,0
STA,5,20250721,100000,9.7,9.7,9.7,9.7,106,0
STA,5,20250721,101000,9.94,9.96,9.94,9.96,40,0
STA,5,20250721,102000,9.7,9.7,9.7,9.7,308,0
STA,5,20250721,104000,9.96,9.96,9.96,9.96,10,0
STA,5,20250721,110500,9.7,9.7,9.7,9.7,44,0
STA,5,20250721,111000,9.7,9.8,9.7,9.8,150,0
STA,5,20250721,122500,9.8,9.96,9.8,9.96,50,0
STA,5,20250721,152000,9.9,9.9,9.9,9.9,300,0
STA,5,20250721,161500,9.9,9.9,9.9,9.9,187,0
STA,5,20250721,162500,9.9,9.96,9.9,9.96,50,0
STA,5,20250721,163000,9.96,9.96,9.96,9.96,19,0
STA,5,20250722,094500,9.72,9.72,9.7,9.7,909,0
STA,5,20250722,104000,9.7,9.7,9.7,9.7,300,0
STA,5,20250722,120500,9.7,9.7,9.7,9.7,709,0
STA,5,20250723,090000,9.7,9.88,9.7,9.88,110,0
STA,5,20250724,091000,9.7,9.7,9.7,9.7,10,0
STA,5,20250724,100000,9.84,9.86,9.84,9.86,100,0
STA,5,20250724,104000,9.7,9.7,9.7,9.7,9,0
STA,5,20250724,110000,9.7,9.86,9.7,9.86,40,0
STA,5,20250724,151500,9.86,9.88,9.86,9.88,100,0
STA,5,20250724,161000,9.68,9.68,9.68,9.68,13,0
STA,5,20250724,164500,9.86,9.86,9.86,9.86,10,0
STA,5,20250725,090000,9.72,9.72,9.7,9.7,440,0
STA,5,20250725,090500,9.82,9.84,9.82,9.84,30,0
STA,5,20250725,091500,9.72,9.72,9.7,9.7,300,0
STA,5,20250725,093000,9.7,9.86,9.7,9.86,74,0
STA,5,20250725,095000,9.86,9.86,9.86,9.86,50,0
STA,5,20250725,120000,9.7,9.7,9.7,9.7,100,0
STA,5,20250725,120500,9.68,9.86,9.64,9.86,212,0
STA,5,20250725,133500,9.64,9.64,9.64,9.64,2,0
STA,5,20250725,142500,9.64,9.64,9.64,9.64,10,0
STA,5,20250725,145500,9.64,9.64,9.62,9.62,30,0
STA,5,20250725,160500,9.64,9.64,9.64,9.64,107,0
STA,5,20250728,100000,9.38,9.38,9.34,9.34,543,0
STA,5,20250728,101000,9.38,9.38,9.36,9.36,510,0
STA,5,20250728,111000,9.4,9.4,9.4,9.4,10,0
STA,5,20250728,112500,9.4,9.4,9.4,9.4,125,0
STA,5,20250728,115000,9.42,9.42,9.42,9.42,50,0
STA,5,20250728,120000,9.42,9.42,9.42,9.42,24,0
STA,5,20250728,120500,9.42,9.42,9.42,9.42,76,0
STA,5,20250728,123000,9.5,9.8,9.5,9.8,128,0
STA,5,20250729,091500,9.44,9.44,9,9,1021,0
STA,5,20250729,092000,9.3,9.3,9.3,9.3,50,0
STA,5,20250729,094500,9.58,9.6,9.58,9.6,20,0
STA,5,20250729,101500,9.48,9.48,9.48,9.48,50,0
STA,5,20250729,111000,9.46,9.6,9.46,9.5,421,0
STA,5,20250729,112500,9.6,9.6,9.6,9.6,79,0
STA,5,20250729,121000,9.64,9.64,9.64,9.64,2,0
STA,5,20250729,131500,9.34,9.34,9.3,9.3,233,0
STA,5,20250729,133000,9.6,9.64,9.6,9.64,138,0
STA,5,20250729,142000,9.4,9.4,9.4,9.4,100,0
STA,5,20250729,160000,9.64,9.64,9.64,9.64,5,0
STA,5,20250729,163000,9.64,9.64,9.64,9.64,94,0
STA,5,20250730,111000,9.38,9.38,9.3,9.3,218,0
STA,5,20250730,111500,9.3,9.3,9.3,9.3,114,0
STA,5,20250730,113000,9.3,9.3,9.3,9.3,100,0
STA,5,20250730,113500,9.48,9.48,9.48,9.48,10,0
STA,5,20250731,090000,9.38,9.42,9.38,9.42,30,0
STA,5,20250731,092000,9.42,9.42,9.42,9.42,69,0
STA,5,20250731,092500,9.44,9.44,9.42,9.42,415,0
STA,5,20250731,093000,9.42,9.42,9.42,9.42,116,0
STA,5,20250731,094500,9.46,9.48,9.46,9.48,200,0
STA,5,20250731,095000,9.5,9.5,9.5,9.5,161,0
STA,5,20250731,100000,9.5,9.5,9.5,9.5,3,0
STA,5,20250731,102500,9.5,9.5,9.5,9.5,36,0
STA,5,20250731,115000,9.44,9.44,9.44,9.44,6,0
STA,5,20250731,121000,9.44,9.44,9.44,9.44,500,0
STA,5,20250731,125500,9.44,9.44,9.44,9.44,294,0
STA,5,20250731,132500,9.46,9.48,9.46,9.48,1052,0
STA,5,20250731,133500,9.74,9.74,9.74,9.74,22,0
STA,5,20250731,141500,9.78,9.9,9.78,9.9,209,0
STA,5,20250731,145000,9.9,9.94,9.9,9.92,530,0
STA,5,20250731,150500,9.72,9.72,9.72,9.72,12,0
STA,5,20250731,152000,9.7,9.7,9.7,9.7,10,0
STA,5,20250731,155000,9.7,9.8,9.7,9.8,250,0
STA,5,20250731,160000,9.8,9.8,9.8,9.8,164,0
STA,5,20250801,090000,9.6,9.6,9.6,9.6,100,0
STA,5,20250801,110500,9.64,9.7,9.64,9.7,342,0
STA,5,20250801,111500,9.7,9.7,9.42,9.42,150,0
STA,5,20250801,114500,9.84,9.84,9.84,9.84,5,0
STA,5,20250801,134500,9.76,9.76,9.76,9.76,66,0
STA,5,20250801,140000,9.76,9.76,9.76,9.76,18,0
STA,5,20250801,143500,9.76,9.76,9.76,9.76,82,0
STA,5,20250801,160500,9.6,9.6,9.28,9.28,999,0
STA,5,20250804,090000,9.32,9.32,9.32,9.32,112,0
STA,5,20250804,093000,9.52,9.52,9.5,9.5,1097,0
STA,5,20250804,105000,9.6,9.62,9.6,9.62,52,0
STA,5,20250804,122000,9.62,9.62,9.62,9.62,156,0
STA,5,20250804,143500,9.62,9.62,9.62,9.62,25,0
STA,5,20250804,161000,9.54,9.54,9.54,9.54,15,0
STA,5,20250805,090000,9.7,9.7,9.7,9.7,50,0
STA,5,20250805,100000,9.78,9.8,9.78,9.8,50,0
STA,5,20250805,105500,9.6,9.78,9.6,9.78,12,0
STA,5,20250805,141500,9.64,9.64,9.64,9.64,100,0
STA,5,20250805,142500,9.64,9.64,9.64,9.64,10,0
STA,5,20250805,151000,9.76,9.8,9.76,9.8,38,0
STA,5,20250805,161500,9.6,9.6,9.56,9.56,322,0
STA,5,20250805,163500,9.78,9.8,9.78,9.8,300,0
STA,5,20250806,100000,9.7,9.7,9.7,9.7,100,0
STA,5,20250806,101500,9.8,9.8,9.8,9.8,50,0
STA,5,20250806,142500,9.7,9.7,9.7,9.7,7,0
STA,5,20250806,151500,9.76,9.76,9.76,9.76,3,0
STA,5,20250806,163500,9.76,9.78,9.76,9.78,543,0
STA,5,20250806,164500,9.78,9.98,9.78,9.98,1000,0
STA,5,20250807,113500,9.9,9.9,9.9,9.9,100,0
STA,5,20250807,114000,9.9,9.9,9.9,9.9,250,0
STA,5,20250807,123500,9.98,9.98,9.98,9.98,70,0
STA,5,20250807,125000,9.98,9.98,9.98,9.98,144,0
STA,5,20250807,130000,9.94,9.94,9.94,9.94,100,0
STA,5,20250807,133500,9.98,9.98,9.98,9.98,30,0
STA,5,20250807,150000,9.82,9.82,9.78,9.78,200,0
STA,5,20250807,164500,9.98,9.98,9.98,9.98,50,0
STA,5,20250808,110500,9.78,9.78,9.78,9.78,3,0
STA,5,20250808,111500,9.9,9.92,9.9,9.92,5,0
STA,5,20250808,112000,9.78,9.78,9.78,9.78,3,0
STA,5,20250808,122500,9.92,9.92,9.92,9.92,8,0
STA,5,20250808,123500,9.8,9.8,9.8,9.8,100,0
STA,5,20250808,124000,9.8,9.8,9.78,9.78,150,0
STA,5,20250808,125000,9.78,9.78,9.76,9.76,200,0
STA,5,20250808,135000,9.9,9.92,9.9,9.92,30,0
STA,5,20250811,093500,9.9,9.9,9.9,9.9,440,0
STA,5,20250811,101000,9.98,9.98,9.98,9.98,30,0
STA,5,20250811,110500,9.72,9.72,9.68,9.68,100,0
STA,5,20250811,111000,9.66,9.66,9.66,9.66,17,0
STA,5,20250811,111500,9.86,9.98,9.86,9.98,1440,0
STA,5,20250811,112000,9.96,9.96,9.96,9.96,300,0
STA,5,20250811,112500,9.96,9.96,9.96,9.96,123,0
STA,5,20250811,114500,9.96,9.96,9.96,9.96,127,0
STA,5,20250811,120500,9.98,9.98,9.98,9.98,445,0
STA,5,20250811,121000,9.98,9.98,9.98,9.98,200,0
STA,5,20250811,122000,9.96,9.98,9.96,9.96,527,0
STA,5,20250811,123000,9.96,10.1,9.96,10.05,2616,0
STA,5,20250811,125500,10.05,10.05,10.05,10.05,150,0
STA,5,20250811,131500,10.05,10.3,9.9,10.25,3316,0
STA,5,20250811,133000,10.2,10.25,10.2,10.25,200,0
STA,5,20250811,134000,10.25,10.45,10.25,10.45,232,0
STA,5,20250811,140000,10.4,10.5,10.4,10.5,751,0
STA,5,20250811,141000,10.55,10.75,10.55,10.75,222,0
STA,5,20250811,142000,10.75,11,10.75,11,1526,0
STA,5,20250811,142500,11,11,10.95,10.95,790,0
STA,5,20250811,143000,10.95,10.95,10.55,10.55,11,0
STA,5,20250811,143500,11,11.4,10.15,10.15,1099,0
STA,5,20250811,144000,9.9,11.1,9.9,10.05,1220,0
STA,5,20250811,144500,10.1,10.1,10.1,10.1,2400,0
STA,5,20250811,145500,10.95,11,10.4,10.4,31,0
STA,5,20250811,151500,10.95,10.95,10.9,10.95,187,0
STA,5,20250811,152000,10.9,10.95,10.9,10.95,564,0
STA,5,20250811,153000,10.5,10.5,10.5,10.5,14,0
STA,5,20250811,153500,10.4,10.4,10.4,10.4,180,0
STA,5,20250811,154000,10.35,10.35,10.35,10.35,250,0
STA,5,20250811,155000,10.3,10.3,10.3,10.3,462,0
STA,5,20250811,160000,10.25,10.25,10.25,10.25,180,0
STA,5,20250811,161000,10.35,10.75,10.35,10.75,512,0
STA,5,20250811,162500,10.7,10.7,10.7,10.7,430,0
STA,5,20250811,163000,10.7,10.7,10.7,10.7,65,0
STA,5,20250811,163500,10.7,10.7,10.7,10.7,2,0
STA,5,20250811,164000,10.4,10.4,10.3,10.3,300,0
STA,5,20250811,164500,10.7,10.75,10.7,10.75,960,0
STA,5,20250812,090000,10.9,10.9,10.9,10.9,75,0
STA,5,20250812,090500,10.45,10.45,10.4,10.4,335,0
STA,5,20250812,091500,10.4,10.4,10.4,10.4,100,0
STA,5,20250812,100000,10.65,10.65,10.65,10.65,2,0
STA,5,20250812,100500,10.65,10.65,10.65,10.65,277,0
STA,5,20250812,102000,10.5,10.5,10.5,10.5,598,0
STA,5,20250812,112500,10.5,10.5,10.5,10.5,1,0
STA,5,20250812,115500,10.6,10.6,10.6,10.6,100,0
STA,5,20250812,121000,10.65,10.65,10.65,10.65,100,0
STA,5,20250812,122500,10.65,10.7,10.65,10.7,192,0
STA,5,20250812,140000,10.7,11.05,10.7,11.05,1844,0
STA,5,20250812,140500,11,11,11,11,2,0
STA,5,20250812,141000,11,11,11,11,10,0
STA,5,20250812,141500,11,11,10.65,11,574,0
STA,5,20250812,144500,11,11,11,11,99,0
STA,5,20250812,153500,10.75,11,10.75,11,345,0
STA,5,20250812,154000,10.75,11.1,10.75,11.1,108,0
STA,5,20250812,155000,10.75,10.75,10.75,10.75,16,0
STA,5,20250813,090000,11,11,10.6,10.6,442,0
STA,5,20250813,091000,10.8,10.8,10.8,10.8,10,0
STA,5,20250813,091500,10.55,10.55,10.55,10.55,353,0
STA,5,20250813,092500,10.55,10.55,10.5,10.5,636,0
STA,5,20250813,093000,10.25,10.65,10.25,10.65,104,0
STA,5,20250813,103500,10.65,10.65,10.6,10.6,100,0
STA,5,20250813,104000,10.7,10.7,10.7,10.7,100,0
STA,5,20250813,105500,10.65,10.65,10.65,10.65,484,0
STA,5,20250813,110000,10.65,10.65,10.65,10.65,950,0
STA,5,20250813,111000,10.85,10.85,10.85,10.85,2,0
STA,5,20250813,113000,10.65,10.65,10.45,10.45,155,0
STA,5,20250813,113500,10.85,10.9,10.85,10.9,50,0
STA,5,20250813,123000,10.85,10.9,10.85,10.9,40,0
STA,5,20250813,130000,10.85,10.85,10.85,10.85,5,0
STA,5,20250813,135500,10.5,10.5,10.5,10.5,15,0
STA,5,20250813,142500,10.8,10.85,10.8,10.85,30,0
STA,5,20250813,151500,10.85,10.95,10.85,10.9,545,0
STA,5,20250813,154000,10.95,11,10.95,11,45,0
STA,5,20250813,160500,10.95,10.95,10.95,10.95,150,0
STA,5,20250813,163500,10.8,10.8,10.8,10.8,900,0
STA,5,20250813,164500,10.9,10.9,10.9,10.9,10,0
STA,5,20250814,121500,10.7,10.7,10.7,10.7,850,0
STA,5,20250814,124000,10.8,10.8,10.8,10.8,200,0
STA,5,20250814,124500,10.7,10.7,10.7,10.7,150,0
STA,5,20250814,134500,10.9,10.9,10.9,10.9,50,0
STA,5,20250814,142500,10.65,10.65,10.45,10.45,690,0
STA,5,20250814,143000,10.8,10.8,10.8,10.8,1710,0
STA,5,20250814,160500,10.8,10.8,10.8,10.8,10,0
STA,5,20250818,093500,10.5,10.5,10.5,10.5,1200,0
STA,5,20250818,100500,10.45,10.45,10.4,10.4,450,0
STA,5,20250818,101000,10.75,10.8,10.75,10.8,50,0
STA,5,20250818,104000,10.45,10.45,10.45,10.45,2,0
STA,5,20250818,105500,10.65,10.7,10.65,10.7,30,0
STA,5,20250818,134000,10.5,10.5,10.5,10.5,68,0
STA,5,20250818,165500,10.7,10.7,10.7,10.7,50,0
STA,5,20250819,090000,10.7,10.7,10.7,10.7,6,0
STA,5,20250819,110500,10.45,10.45,10.45,10.45,19,0
STA,5,20250819,111500,10.4,10.4,10.4,10.4,60,0
STA,5,20250819,114500,10.25,10.25,10.1,10.1,205,0
STA,5,20250819,121500,10.35,10.35,10.35,10.35,5,0
STA,5,20250819,122500,10.1,10.1,10.05,10.05,200,0
STA,5,20250819,130000,10.1,10.1,10.05,10.05,200,0
STA,5,20250819,133000,10.05,10.05,10.05,10.05,50,0
STA,5,20250819,140500,10.35,10.35,10.3,10.3,50,0
STA,5,20250820,090000,10.35,10.35,10.35,10.35,120,0
STA,5,20250820,091000,10.1,10.35,10.05,10.35,130,0
STA,5,20250820,092000,10.1,10.1,10,10,800,0
STA,5,20250820,092500,10,10,10,10,200,0
STA,5,20250820,093500,10.3,10.3,10.3,10.3,20,0
STA,5,20250820,105000,10.35,10.35,10.35,10.35,50,0
STA,5,20250820,144000,10.25,10.6,10.25,10.6,300,0
STA,5,20250820,153500,10.35,10.4,10.35,10.4,310,0
STA,5,20250820,155000,10.25,10.25,10.1,10.1,500,0
STA,5,20250820,160000,10.1,10.1,10.1,10.1,127,0
STA,5,20250820,164000,10.1,10.1,10.1,10.1,290,0
STA,5,20250820,164500,10.1,10.1,10.1,10.1,275,0
STA,5,20250821,090000,10.25,10.25,10.25,10.25,342,0
STA,5,20250821,090500,10.1,10.1,10.1,10.1,99,0
STA,5,20250821,091500,10,10.25,10,10.25,326,0
STA,5,20250821,094000,10.05,10.05,10,10,144,0
STA,5,20250821,095000,10.25,10.25,10.25,10.25,5,0
STA,5,20250821,105000,10.15,10.15,10.15,10.15,100,0
STA,5,20250822,093500,10,10.3,10,10.3,704,0
STA,5,20250822,100500,10.15,10.15,10.15,10.15,210,0
STA,5,20250822,101000,10.05,10.05,10.05,10.05,40,0
STA,5,20250822,103500,10.05,10.05,10,10,50,0
STA,5,20250822,104000,10,10,10,10,49,0
STA,5,20250822,104500,10,10.2,10,10.2,135,0
STA,5,20250822,115000,10,10,10,10,100,0
STA,5,20250822,115500,10,10,10,10,15,0
STA,5,20250822,120500,10.25,10.25,10.25,10.25,1,0
STA,5,20250825,093000,10.25,10.45,10.25,10.45,650,0
STA,5,20250825,095500,10.2,10.2,10.2,10.2,30,0
STA,5,20250825,100000,10.45,10.45,10.45,10.45,20,0
STA,5,20250825,100500,10.45,10.45,10.45,10.45,20,0
STA,5,20250825,124000,10.45,10.45,10.45,10.45,164,0
STA,5,20250825,131000,10.5,10.65,10.5,10.65,50,0
STA,5,20250825,142000,10.5,10.5,10.5,10.5,100,0
STA,5,20250825,160000,10.5,10.5,10.5,10.5,2,0
STA,5,20250826,090000,10.5,10.5,10.5,10.5,25,0
STA,5,20250826,090500,10.45,10.45,10.4,10.4,47,0
STA,5,20250826,092500,10.3,10.3,10.3,10.3,1,0
STA,5,20250826,095000,10.4,10.4,10.4,10.4,3,0
STA,5,20250826,102000,10.4,10.4,10.4,10.4,10,0
STA,5,20250826,123000,10.3,10.3,10.2,10.25,100,0
STA,5,20250826,123500,10.4,10.4,10.4,10.4,101,0
STA,5,20250826,134500,10.35,10.4,10.35,10.4,500,0
STA,5,20250826,140000,10.5,10.5,10.4,10.4,50,0
STA,5,20250826,151000,10.3,10.3,10.3,10.3,200,0
STA,5,20250826,154500,10.3,10.3,10.3,10.3,200,0
STA,5,20250827,094500,10.25,10.25,10.25,10.25,200,0
STA,5,20250827,095500,10.2,10.2,10.2,10.2,44,0
STA,5,20250827,101500,10.2,10.2,10,10,225,0
STA,5,20250827,102000,10,10,10,10,147,0
STA,5,20250827,115000,10.2,10.2,10.2,10.2,3,0
STA,5,20250827,122000,10,10,10,10,100,0
STA,5,20250827,124000,10.2,10.25,10.2,10.25,60,0
STA,5,20250827,140500,10.25,10.25,10.25,10.25,57,0
STA,5,20250827,145500,10.45,10.6,10.45,10.6,50,0
STA,5,20250827,150000,10.6,10.65,10.6,10.65,30,0
STA,5,20250827,155500,10.65,11.05,10.65,11.05,556,0
STA,5,20250827,160500,11.3,11.3,11.05,11.05,21,0
STA,5,20250827,161000,11.05,11.05,11.05,11.05,10,0
STA,5,20250827,164000,11.05,11.05,11.05,11.05,3,0
STA,5,20250828,090000,11.05,11.05,11.05,11.05,30,0
STA,5,20250828,110500,11.05,11.1,11.05,11.1,353,0
STA,5,20250828,133500,11.1,11.2,11.1,11.2,620,0
STA,5,20250828,135500,11.2,11.3,11.2,11.3,88,0
STA,5,20250828,141500,11.3,11.3,11.3,11.3,31,0
STA,5,20250828,153000,10.9,11,10.5,11,800,0
STA,5,20250828,163500,10.9,11,10.9,11,33,0
STA,5,20250828,164500,11,11,11,11,625,0
STA,5,20250829,090000,11.4,11.4,11.4,11.4,50,0
STA,5,20250829,091000,11.4,11.4,11.4,11.4,107,0
STA,5,20250829,092000,11.15,11.15,11.15,11.15,10,0
STA,5,20250829,093500,11.3,11.45,11.3,11.45,30,0
STA,5,20250829,103500,11.4,11.4,11.4,11.4,10,0
STA,5,20250829,104000,11.4,11.4,11.4,11.4,40,0
STA,5,20250829,112000,11.4,11.4,11.4,11.4,3,0
STA,5,20250829,112500,11.4,11.4,11.4,11.4,10,0
STA,5,20250829,120000,11.4,11.4,11.4,11.4,19,0
STA,5,20250829,123000,11.4,11.45,11.4,11.45,240,0
STA,5,20250829,124500,11.4,11.4,11.35,11.35,76,0
STA,5,20250829,125500,11.15,11.7,11.15,11.7,1101,0
STA,5,20250829,130000,11.3,11.3,11,11,189,0
STA,5,20250829,130500,11.45,11.45,11.45,11.45,3,0
STA,5,20250829,131000,11.45,11.45,11.45,11.45,15,0
STA,5,20250829,132500,11.45,11.45,11.45,11.45,51,0
STA,5,20250829,145000,11.5,11.5,11.5,11.5,14,0
STA,5,20250829,150500,11.5,11.75,11.5,11.75,145,0
STA,5,20250829,152000,11.75,11.85,11.75,11.85,120,0
STA,5,20250829,154500,11.8,11.8,11.8,11.8,200,0
STA,5,20250829,162500,11.8,11.8,11.8,11.8,140,0
STA,5,20250829,163000,11.8,11.8,11.8,11.8,3,0
STA,5,20250829,164500,11.8,11.85,11.8,11.85,282,0
STA,5,20250901,094000,11.85,11.85,11.85,11.85,165,0
STA,5,20250901,102000,11.85,11.85,11.85,11.85,5,0
STA,5,20250901,104000,11.85,11.85,11.85,11.85,95,0
STA,5,20250901,105000,11.85,11.85,11.85,11.85,905,0
STA,5,20250901,114500,11.95,11.95,11.95,11.95,11,0
STA,5,20250901,121500,11.8,11.8,11.8,11.8,355,0
STA,5,20250901,122000,11.85,11.9,11.85,11.9,348,0
STA,5,20250901,124000,12,12,11.9,11.9,195,0
STA,5,20250901,133000,11.9,11.9,11.9,11.9,134,0
STA,5,20250901,135500,12,12,12,12,102,0
STA,5,20250901,140000,12,12,12,12,298,0
STA,5,20250901,140500,12,12.2,12,12.2,102,0
STA,5,20250901,142000,12,12,12,12,100,0
STA,5,20250901,142500,12,12,12,12,10,0
STA,5,20250901,143000,12,12,12,12,95,0
STA,5,20250901,153000,12,12.35,12,12.35,200,0
STA,5,20250901,162000,12.3,12.4,12.3,12.4,790,0
STA,5,20250901,162500,12.4,12.6,12.4,12.6,664,0
STA,5,20250901,163000,12.6,12.8,12.5,12.8,1044,0
STA,5,20250901,163500,12.8,12.8,12.8,12.8,20,0
STA,5,20250901,164000,12.5,12.8,12.5,12.8,204,0
STA,5,20250901,164500,12.5,12.65,12.5,12.65,2121,0
STA,5,20250902,090000,13.3,13.7,13.25,13.35,3981,0
STA,5,20250902,090500,13.35,13.75,13.35,13.7,2107,0
STA,5,20250902,091000,13.7,13.7,13.55,13.55,463,0
STA,5,20250902,091500,13.55,13.55,12.8,12.8,2910,0
STA,5,20250902,092000,12.8,13.45,12.65,13.45,788,0
STA,5,20250902,092500,13.45,13.45,13.45,13.45,200,0
STA,5,20250902,093000,13.4,13.4,13.25,13.25,229,0
STA,5,20250902,093500,13.25,13.25,13.25,13.25,65,0
STA,5,20250902,094000,13.25,13.25,13.25,13.25,27,0
STA,5,20250902,094500,13.25,13.25,13,13.25,508,0
STA,5,20250902,095000,13.2,13.25,12.75,13.25,144,0
STA,5,20250902,095500,13.25,13.25,13.25,13.25,143,0
STA,5,20250902,100000,13.25,13.35,13,13.2,415,0
STA,5,20250902,100500,13.15,13.2,12.85,12.85,204,0
STA,5,20250902,101000,12.85,12.85,12.85,12.85,20,0
STA,5,20250902,101500,13.1,13.1,13.1,13.1,62,0
STA,5,20250902,102000,13.1,13.15,13.1,13.15,224,0
STA,5,20250902,102500,13.2,13.2,13.2,13.2,100,0
STA,5,20250902,103000,12.9,12.9,12.9,12.9,100,0
STA,5,20250902,104000,12.9,13.2,12.9,13.2,13,0
STA,5,20250902,104500,13.15,13.25,13.15,13.25,100,0
STA,5,20250902,110000,13.25,13.25,13.25,13.25,122,0
STA,5,20250902,110500,13.3,13.35,13.3,13.35,101,0
STA,5,20250902,112000,13.3,13.3,13.3,13.3,80,0
STA,5,20250902,112500,13.3,13.35,13.3,13.35,160,0
STA,5,20250902,113000,13.35,13.35,13.2,13.2,460,0
STA,5,20250902,113500,13.35,13.45,13.35,13.45,174,0
STA,5,20250902,114000,13.4,13.5,13.4,13.5,534,0
STA,5,20250902,114500,13.55,13.75,13.55,13.75,397,0
STA,5,20250902,115000,13.5,13.5,13.45,13.45,340,0
STA,5,20250902,115500,13.45,13.45,13.2,13.2,10,0
STA,5,20250902,120000,13.5,13.5,13.5,13.5,23,0
STA,5,20250902,120500,13.5,13.5,13.5,13.5,41,0
STA,5,20250902,121500,13.45,13.45,13.45,13.45,25,0
STA,5,20250902,125000,13.4,13.4,13.4,13.4,80,0
STA,5,20250902,130000,13.4,13.4,13.4,13.4,10,0
STA,5,20250902,131000,13.35,13.35,13.1,13.1,99,0
STA,5,20250902,131500,13.35,13.35,13.35,13.35,2,0
STA,5,20250902,132000,13.35,13.35,13.35,13.35,10,0
STA,5,20250902,134000,13.35,13.5,13.35,13.5,426,0
STA,5,20250902,134500,13.1,13.1,12.9,12.9,240,0
STA,5,20250902,135000,12.9,13.1,12.9,13.1,361,0
STA,5,20250902,140000,13.1,13.1,13.1,13.1,36,0
STA,5,20250902,140500,13,13,13,13,301,0
STA,5,20250902,141000,13,13.45,13,13.45,228,0
STA,5,20250902,141500,13.4,13.45,13.4,13.45,2830,0
STA,5,20250902,142000,13.4,13.4,13.4,13.4,12,0
STA,5,20250902,150000,13.15,13.2,12.95,12.95,1063,0
STA,5,20250902,151000,12.95,12.95,12.95,12.95,50,0
STA,5,20250902,151500,13.1,13.1,13.1,13.1,3,0
STA,5,20250902,152500,13.15,13.2,13.15,13.2,82,0
STA,5,20250902,153500,13.1,13.1,13.1,13.1,19,0
STA,5,20250902,154000,13.2,13.2,13.2,13.2,1,0
STA,5,20250902,154500,13.1,13.1,13.1,13.1,28,0
STA,5,20250902,155500,13.1,13.2,13.1,13.2,150,0
STA,5,20250902,160000,13.2,13.2,13.2,13.2,264,0
STA,5,20250902,160500,13.4,13.4,13.4,13.4,5,0
STA,5,20250902,162500,13.4,13.4,13.4,13.4,103,0
STA,5,20250902,163000,13.1,13.1,13.1,13.1,23,0
STA,5,20250903,090000,13,13.8,13,13.55,969,0
STA,5,20250903,090500,13.5,13.55,13.5,13.55,140,0
STA,5,20250903,091000,13.55,13.55,13.55,13.55,200,0
STA,5,20250903,093000,13.65,13.7,13.65,13.7,68,0
STA,5,20250903,094000,13.7,13.7,13.7,13.7,200,0
STA,5,20250903,100000,13.6,13.6,13.6,13.6,100,0
STA,5,20250903,103500,13.6,13.6,13.6,13.6,85,0
STA,5,20250903,104500,13.6,13.6,13.6,13.6,70,0
STA,5,20250903,105500,13.6,13.6,13.6,13.6,10,0
STA,5,20250903,112500,13.25,13.25,13.25,13.25,26,0
STA,5,20250903,113000,13.15,13.15,12.5,12.5,1763,0
STA,5,20250903,113500,12.9,12.9,12.9,12.9,107,0
STA,5,20250903,114500,12.9,12.9,12.9,12.9,1,0
STA,5,20250903,115000,12.9,12.9,12.9,12.9,51,0
STA,5,20250903,120500,12.65,12.65,12.4,12.4,562,0
STA,5,20250903,121000,12.35,12.35,12.25,12.25,101,0
STA,5,20250903,122000,12.5,12.5,12.5,12.5,218,0
STA,5,20250903,123000,12.5,12.5,12.5,12.5,10,0
STA,5,20250903,123500,12.5,12.5,12.5,12.5,100,0
STA,5,20250903,124000,12.5,12.55,12.5,12.5,119,0
STA,5,20250903,130000,12.7,12.7,12.4,12.4,50,0
STA,5,20250903,130500,12.5,12.5,12.5,12.5,5,0
STA,5,20250903,131000,12.45,13,12.45,13,670,0
STA,5,20250903,131500,12.7,12.7,12.7,12.7,5,0
STA,5,20250903,140500,12.7,12.7,12.4,12.4,19,0
STA,5,20250903,143500,12.4,12.4,12.3,12.3,37,0
STA,5,20250903,144000,12.65,13,12.65,13,121,0
STA,5,20250903,145000,12.4,12.4,12.4,12.4,200,0
STA,5,20250903,150500,13,13,13,13,3,0
STA,5,20250903,151000,12.4,13,12.4,13,602,0
STA,5,20250903,155000,12.7,12.7,12.7,12.7,60,0
STA,5,20250903,155500,12.5,12.9,12.5,12.9,233,0
STA,5,20250903,161500,12.9,12.9,12.9,12.9,1,0
STA,5,20250903,162000,12.85,12.9,12.85,12.9,80,0
STA,5,20250904,090000,12.9,12.9,12.9,12.9,10,0
STA,5,20250904,090500,12.9,13.1,12.9,13.1,333,0
STA,5,20250904,091000,13.4,13.4,13.4,13.4,85,0
STA,5,20250904,092000,13.1,13.1,13.1,13.1,7,0
STA,5,20250904,092500,13.1,13.1,13.1,13.1,2,0
STA,5,20250904,093000,13.1,13.4,13.1,13.4,20,0
STA,5,20250904,101500,13.4,13.4,13.4,13.4,3,0
STA,5,20250904,105000,13.4,13.4,13.2,13.2,181,0
STA,5,20250904,110500,13.3,13.3,13.3,13.3,200,0
STA,5,20250904,111000,13.3,13.3,13.3,13.3,800,0
STA,5,20250904,113000,13.2,13.2,13.2,13.2,10,0
STA,5,20250904,114500,13.35,13.45,13.35,13.45,53,0
STA,5,20250904,115000,13.45,13.45,13.45,13.45,57,0
STA,5,20250904,120500,13.25,13.25,13.25,13.25,20,0
STA,5,20250904,123500,13.25,13.25,13.25,13.25,400,0
STA,5,20250904,132500,13.25,13.25,13.25,13.25,80,0
STA,5,20250904,141500,13.2,13.2,13.05,13.05,80,0
STA,5,20250904,142500,12.95,12.95,12.95,12.95,101,0
STA,5,20250904,145000,13.3,13.3,13.3,13.3,10,0
STA,5,20250904,150500,13.3,13.3,13.3,13.3,23,0
STA,5,20250904,153000,13.05,13.3,13.05,13.3,874,0
STA,5,20250904,154500,13.05,13.05,12.95,12.95,650,0
STA,5,20250904,160000,12.95,12.95,12.95,12.95,1280,0
STA,5,20250904,160500,12.7,13.4,12.5,13.4,700,0
STA,5,20250904,162500,13.1,13.1,13.1,13.1,190,0
STA,5,20250904,164000,13,13,13,13,125,0
STA,5,20250904,164500,13,13.2,12.6,13.2,190,0
STA,5,20250905,090000,13.35,13.35,12.6,12.6,80,0
STA,5,20250905,090500,12.6,13.4,12.6,13.4,225,0
STA,5,20250905,091000,13.3,13.3,13.3,13.3,1,0
STA,5,20250905,094500,13.25,13.25,13.25,13.25,8,0
STA,5,20250905,095500,13.25,13.25,13.25,13.25,10,0
STA,5,20250905,100500,12.8,12.8,12.8,12.8,148,0
STA,5,20250905,102500,13.1,13.1,13.1,13.1,5,0
STA,5,20250905,104000,12.75,12.75,12.75,12.75,3,0
STA,5,20250905,111000,12.75,12.75,12.75,12.75,20,0
STA,5,20250905,112500,12.75,12.75,12.75,12.75,57,0
STA,5,20250905,113000,12.7,12.7,12.7,12.7,90,0
STA,5,20250905,113500,12.7,12.7,12.7,12.7,100,0
STA,5,20250905,114000,12.7,12.7,12.5,12.5,312,0
STA,5,20250905,115500,12.8,12.8,12.45,12.45,52,0
STA,5,20250905,120000,12.75,12.85,12.75,12.85,101,0
STA,5,20250905,121000,12.75,12.95,12.75,12.95,23,0
STA,5,20250905,123000,12.95,13,12.95,13,104,0
STA,5,20250905,124500,13,13,13,13,7,0
STA,5,20250905,142000,13,13,13,13,367,0
STA,5,20250905,144500,13.05,13.1,13.05,13.1,100,0
STA,5,20250905,145500,13.1,13.1,13.1,13.1,25,0
STA,5,20250905,152500,13,13,13,13,5,0
STA,5,20250905,155500,12.75,12.75,12.75,12.75,10,0
STA,5,20250905,164000,12.95,12.95,12.7,12.7,65,0
STA,5,20250905,164500,12.95,13.1,12.9,13.1,257,0
STA,5,20250908,090000,13.1,13.2,12.55,13.2,666,0
STA,5,20250908,090500,13,13,12.6,12.6,98,0
STA,5,20250908,091000,12.9,12.9,12.6,12.6,89,0
STA,5,20250908,091500,12.6,12.6,12.55,12.55,580,0
STA,5,20250908,092000,12.55,12.55,12.5,12.5,114,0
STA,5,20250908,092500,12.5,12.5,12.5,12.5,1654,0
STA,5,20250908,093000,12.45,12.6,12.3,12.6,432,0
STA,5,20250908,093500,12.6,12.6,12.6,12.6,150,0
STA,5,20250908,094000,12.6,12.6,12.6,12.6,5,0
STA,5,20250908,102500,12.4,12.6,12.4,12.6,510,0
STA,5,20250908,103500,12.35,12.5,12.35,12.5,18,0
STA,5,20250908,104000,12.5,12.5,12.5,12.5,200,0
STA,5,20250908,104500,12.5,12.6,12.3,12.3,118,0
STA,5,20250908,105500,12.3,12.3,12.3,12.3,160,0
STA,5,20250908,112500,12.3,12.3,12.3,12.3,20,0
STA,5,20250908,113500,12.5,12.5,12.5,12.5,5,0
STA,5,20250908,114000,12.5,12.5,12.5,12.5,5,0
STA,5,20250908,114500,12.45,12.5,12.45,12.5,105,0
STA,5,20250908,120000,12.55,12.55,12.55,12.55,10,0
STA,5,20250908,121500,12.55,12.55,12.55,12.55,5,0
STA,5,20250908,124000,12.55,12.55,12.55,12.55,520,0
STA,5,20250908,124500,12.6,12.65,12.6,12.65,12,0
STA,5,20250908,135000,12.65,12.7,12.65,12.7,200,0
STA,5,20250908,141500,12.5,12.5,12.5,12.5,195,0
STA,5,20250908,150500,12.7,12.7,12.7,12.7,10,0
STA,5,20250908,154500,12.4,12.4,12.4,12.4,200,0
STA,5,20250908,160000,12.55,12.55,12.55,12.55,10,0
STA,5,20250908,161000,12.55,12.55,12.55,12.55,1,0
STA,5,20250909,090500,12.7,12.7,12.7,12.7,20,0
STA,5,20250909,094000,12.7,12.7,12.7,12.7,10,0
STA,5,20250909,102000,12.35,12.35,12.35,12.35,140,0
STA,5,20250909,105000,12.35,12.35,12.35,12.35,1,0
STA,5,20250909,130500,12.35,12.35,12.35,12.35,3,0
STA,5,20250909,132000,12.35,12.35,12.35,12.35,100,0
STA,5,20250909,135000,12.4,12.4,12.4,12.4,150,0
STA,5,20250909,140000,12.5,12.5,12.5,12.5,2,0
STA,5,20250909,140500,12.5,12.6,12.5,12.6,200,0
STA,5,20250909,145000,12.45,12.45,12.45,12.45,16,0
STA,5,20250909,155500,12.55,12.55,12.55,12.55,2,0
STA,5,20250909,160000,12.65,12.65,12.65,12.65,2,0
STA,5,20250909,161500,12.65,12.65,12.65,12.65,5,0
STA,5,20250909,163500,12.4,12.4,12.4,12.4,950,0
STA,5,20250909,164500,12.65,12.65,12.65,12.65,40,0
STA,5,20250910,090000,12.65,12.65,12.15,12.3,2460,0
STA,5,20250910,090500,12.1,12.1,11.8,11.8,206,0
STA,5,20250910,091000,12.15,12.15,11.8,11.8,62,0
STA,5,20250910,091500,11.8,11.8,11.6,11.6,1089,0
STA,5,20250910,092000,11.8,11.85,11.55,11.55,23,0
STA,5,20250910,092500,11.8,11.8,11.8,11.8,124,0
STA,5,20250910,093000,11.55,11.55,11.45,11.45,562,0
STA,5,20250910,093500,11.45,11.6,11.35,11.6,424,0
STA,5,20250910,094000,11.4,11.55,11.35,11.55,82,0
STA,5,20250910,094500,11.6,11.6,11.6,11.6,1,0
STA,5,20250910,100000,11.35,11.35,11.25,11.25,844,0
STA,5,20250910,100500,11.45,11.45,11.15,11.3,3140,0
STA,5,20250910,101000,11.45,11.5,11.45,11.5,177,0
STA,5,20250910,102000,11.55,11.55,11.55,11.55,2,0
STA,5,20250910,102500,11.25,11.25,10.85,10.9,2350,0
STA,5,20250910,103000,11.3,11.35,11.3,11.35,103,0
STA,5,20250910,103500,11.3,11.35,11.3,11.35,505,0
STA,5,20250910,104000,11.4,11.4,11.4,11.4,1,0
STA,5,20250910,104500,11.3,11.4,11.3,11.4,100,0
STA,5,20250910,105000,11.3,11.3,11.3,11.3,80,0
STA,5,20250910,105500,11.3,11.3,11.3,11.3,120,0
STA,5,20250910,110000,11.4,11.4,11.4,11.4,25,0
STA,5,20250910,111500,11.3,11.3,11.3,11.3,10,0
STA,5,20250910,112000,11.4,11.45,11.4,11.45,95,0
STA,5,20250910,113000,11.4,11.4,11.4,11.4,25,0
STA,5,20250910,113500,11.2,11.4,11.2,11.4,20,0
STA,5,20250910,114500,11.2,11.2,11.05,11.05,103,0
STA,5,20250910,115000,11.1,11.3,11,11,1231,0
STA,5,20250910,115500,11,11.1,11,11.1,395,0
STA,5,20250910,120000,11.1,11.3,11.1,11.3,140,0
STA,5,20250910,120500,11.3,11.3,11.3,11.3,412,0
STA,5,20250910,121500,11.3,11.3,11.3,11.3,388,0
STA,5,20250910,122500,11.2,11.2,11,11,546,0
STA,5,20250910,123000,11,11,11,11,28,0
STA,5,20250910,123500,11,11.2,11,11.2,36,0
STA,5,20250910,132000,11.25,11.25,11.25,11.25,10,0
STA,5,20250910,133000,11.25,11.25,11.25,11.25,20,0
STA,5,20250910,134500,11.25,11.3,11,11.3,414,0
STA,5,20250910,135000,11.3,11.3,11.3,11.3,9,0
STA,5,20250910,140000,11.05,11.05,11,11,437,0
STA,5,20250910,141000,11,11,11,11,14,0
STA,5,20250910,142000,11,11,11,11,258,0
STA,5,20250910,142500,10.95,10.95,10.9,10.95,387,0
STA,5,20250910,143000,11,11.25,10.9,11.25,436,0
STA,5,20250910,143500,10.95,10.95,10.95,10.95,1,0
STA,5,20250910,144500,11.25,11.25,11.25,11.25,62,0
STA,5,20250910,145500,11.25,11.25,11.25,11.25,110,0
STA,5,20250910,150500,11.25,11.4,11.25,11.4,60,0
STA,5,20250910,152000,11.25,11.25,11.25,11.25,30,0
STA,5,20250910,152500,11.25,11.25,11.2,11.2,108,0
STA,5,20250910,153500,11.2,11.4,11.2,11.4,20,0
STA,5,20250910,154500,11.4,11.5,11.4,11.5,276,0
STA,5,20250910,155000,11.55,11.6,11.25,11.6,118,0
STA,5,20250910,160000,11.55,11.85,11.55,11.85,131,0
STA,5,20250910,161500,11.85,12,11.85,12,300,0
STA,5,20250910,164500,11.35,11.35,11.35,11.35,350,0
STA,5,20250911,090000,11.7,11.7,11.7,11.7,100,0
STA,5,20250911,091000,11.4,11.4,11.4,11.4,100,0
STA,5,20250911,091500,11.75,11.75,11.75,11.75,20,0
STA,5,20250911,094500,11.65,11.65,11.65,11.65,12,0
STA,5,20250911,100500,11.5,11.5,11.5,11.5,40,0
STA,5,20250911,101500,11.45,11.45,11.45,11.45,49,0
STA,5,20250911,104500,11.5,11.5,11.5,11.5,1,0
STA,5,20250911,105000,11.4,11.4,11.4,11.4,100,0
STA,5,20250911,105500,11.5,11.55,11.4,11.55,142,0
STA,5,20250911,110000,11.4,11.65,11.4,11.65,96,0
STA,5,20250911,111000,11.4,11.4,11.4,11.4,30,0
STA,5,20250911,111500,11.7,11.7,11.7,11.7,2,0
STA,5,20250911,124500,11.4,11.4,11.4,11.4,20,0
STA,5,20250911,125500,11.7,11.7,11.7,11.7,20,0
STA,5,20250911,141000,11.7,11.7,11.7,11.7,100,0
STA,5,20250911,145000,11.65,11.75,11.65,11.75,230,0
STA,5,20250911,151000,11.45,11.45,11.45,11.45,1,0
STA,5,20250911,152000,11.75,11.75,11.75,11.75,20,0
STA,5,20250911,154000,11.75,11.75,11.5,11.5,135,0
STA,5,20250911,155000,11.7,11.7,11.7,11.7,4,0
STA,5,20250911,162000,11.7,11.7,11.7,11.7,15,0
STA,5,20250911,163000,11.75,11.75,11.75,11.75,23,0
STA,5,20250911,163500,11.5,11.5,11.5,11.5,10,0
STA,5,20250911,164500,11.4,11.4,11.4,11.4,43,0
STA,5,20250912,090000,12.45,12.9,12.45,12.9,844,0
STA,5,20250912,091000,12.3,12.3,12.3,12.3,1,0
STA,5,20250912,091500,12.45,12.5,11.85,12.35,195,0
STA,5,20250912,093500,11.7,11.7,11.7,11.7,2,0
STA,5,20250912,094000,12.2,12.2,12.2,12.2,3,0
STA,5,20250912,094500,12.2,12.25,12.2,12.25,117,0
STA,5,20250912,095500,11.8,11.8,11.8,11.8,181,0
STA,5,20250912,105000,12.05,12.05,12.05,12.05,1,0
STA,5,20250912,111000,12.05,12.4,12,12.4,720,0
STA,5,20250912,113500,12.35,12.35,12.35,12.35,3,0
STA,5,20250912,115500,11.95,11.95,11.95,11.95,20,0
STA,5,20250912,120500,12.2,12.75,12.2,12.75,210,0
STA,5,20250912,121500,12.6,12.6,12.6,12.6,55,0
STA,5,20250912,122500,12.6,12.6,11.85,11.85,371,0
STA,5,20250912,123000,12.5,12.5,12.5,12.5,100,0
STA,5,20250912,125500,12.05,12.05,12.05,12.05,1,0
STA,5,20250912,135000,12.05,12.05,12.05,12.05,4,0
STA,5,20250912,140000,12.05,12.05,12.05,12.05,46,0
STA,5,20250912,140500,12.05,12.3,12.05,12.3,110,0
STA,5,20250912,143500,12.05,12.05,12.05,12.05,6,0
STA,5,20250912,150000,12.05,12.05,12.05,12.05,150,0
STA,5,20250912,151000,12.05,12.35,12.05,12.35,380,0
STA,5,20250912,154000,12.4,12.4,12.35,12.35,39,0
STA,5,20250912,154500,12.4,12.6,12.4,12.6,30,0
STA,5,20250912,160000,12.25,12.25,12.25,12.25,223,0
STA,5,20250912,160500,12.25,12.25,12.25,12.25,400,0
STA,5,20250912,161000,12.25,12.25,12.25,12.25,340,0
STA,5,20250912,164500,12.5,12.5,12.5,12.5,44,0
STA,5,20250915,090000,12.5,12.7,12.5,12.7,196,0
STA,5,20250915,090500,12.5,12.5,12.5,12.5,3,0
STA,5,20250915,094500,12.6,12.65,12.6,12.65,92,0
STA,5,20250915,101500,12.45,12.45,12.45,12.45,166,0
STA,5,20250915,102500,12.45,12.6,12.45,12.6,82,0
STA,5,20250915,104000,12.6,12.6,12.6,12.6,2,0
STA,5,20250915,110500,12.6,12.6,12.6,12.6,59,0
STA,5,20250915,111000,12.6,12.6,12.6,12.6,521,0
STA,5,20250915,120000,12.5,12.5,12.5,12.5,31,0
STA,5,20250915,121000,12.45,12.45,12.4,12.4,140,0
STA,5,20250915,123500,12.4,12.4,12.4,12.4,100,0
STA,5,20250915,125500,12.5,12.5,12.5,12.5,139,0
STA,5,20250915,133000,12.7,12.7,12.7,12.7,5,0
STA,5,20250915,142000,12.5,12.5,12.5,12.5,8,0
STA,5,20250915,150000,12.5,12.5,12.5,12.5,92,0
STA,5,20250915,151500,12.7,12.7,12.7,12.7,69,0
STA,5,20250915,161500,12.7,12.7,12.7,12.7,31,0
STA,5,20250915,162000,12.8,12.8,12.8,12.8,151,0
STA,5,20250915,162500,12.85,12.85,12.85,12.85,4,0
STA,5,20250916,090000,12.7,12.7,12.7,12.7,138,0
STA,5,20250916,091000,12.7,12.7,12.7,12.7,50,0
STA,5,20250916,094500,12.55,12.55,12.5,12.5,120,0
STA,5,20250916,100000,12.7,12.7,12.7,12.7,300,0
STA,5,20250916,101000,12.85,12.9,12.85,12.9,50,0
STA,5,20250916,101500,12.85,12.9,12.85,12.9,100,0
STA,5,20250916,102500,12.8,12.9,12.8,12.9,516,0
STA,5,20250916,103000,13,13.05,13,13.05,20,0
STA,5,20250916,105000,13.05,13.05,13.05,13.05,16,0
STA,5,20250916,105500,13.05,13.05,13.05,13.05,30,0
STA,5,20250916,110000,13.05,13.05,13.05,13.05,565,0
STA,5,20250916,110500,13.1,13.1,13.1,13.1,248,0
STA,5,20250916,111500,12.85,12.85,12.8,12.8,194,0
STA,5,20250916,112000,13,13,13,13,150,0
STA,5,20250916,113000,13.1,13.1,13.1,13.1,5,0
STA,5,20250916,114500,13.1,13.4,13.1,13.4,2256,0
STA,5,20250916,115000,13.1,13.1,13.1,13.1,1,0
STA,5,20250916,115500,13.2,13.4,13.2,13.4,254,0
STA,5,20250916,120000,13.5,13.55,13.5,13.55,329,0
STA,5,20250916,120500,13.7,14,13.7,14,3478,0
STA,5,20250916,121000,13.5,13.5,13.25,13.25,30,0
STA,5,20250916,122000,14,14,14,14,1,0
STA,5,20250916,123000,13.95,13.95,13.3,13.3,192,0
STA,5,20250916,132000,13.55,13.55,13.55,13.55,1,0
STA,5,20250916,135000,13.55,13.55,13.55,13.55,129,0
STA,5,20250916,143500,13.35,13.35,13.35,13.35,100,0
STA,5,20250916,144000,13.7,13.7,13.7,13.7,152,0
STA,5,20250916,145000,13.75,13.75,13.75,13.75,50,0
STA,5,20250916,150500,13.75,13.75,13.75,13.75,100,0
STA,5,20250916,151000,13.4,13.4,13.3,13.3,585,0
STA,5,20250916,153500,13.65,13.65,13.65,13.65,21,0
STA,5,20250916,154500,13.15,13.15,13.1,13.1,24,0
STA,5,20250916,160000,13.35,13.35,13.35,13.35,2,0
STA,5,20250916,161500,13.6,13.6,13.6,13.6,200,0
STA,5,20250916,164500,13.2,13.2,13.2,13.2,277,0
STA,5,20250917,090000,13.55,13.55,13.55,13.55,1,0
STA,5,20250917,090500,13.15,13.15,13.15,13.15,20,0
STA,5,20250917,092000,13.5,13.55,13.5,13.55,152,0
STA,5,20250917,092500,13.55,13.55,13.55,13.55,86,0
STA,5,20250917,094000,13.6,13.7,13.6,13.7,27,0
STA,5,20250917,094500,13.7,13.7,13.7,13.7,67,0
STA,5,20250917,100000,13.75,13.75,13.75,13.75,20,0
STA,5,20250917,110000,13.45,13.45,13.4,13.4,85,0
STA,5,20250917,110500,13.4,13.4,13.4,13.4,50,0
STA,5,20250917,111000,13.45,13.45,13.45,13.45,100,0
STA,5,20250917,112000,13.6,13.75,13.6,13.75,426,0
STA,5,20250917,113000,13.75,13.85,13.75,13.85,180,0
STA,5,20250917,113500,13.85,14,13.85,14,1421,0
STA,5,20250917,114500,13.8,14,13.8,14,1483,0
STA,5,20250917,115500,13.8,13.8,13.8,13.8,10,0
STA,5,20250917,121500,13.8,13.8,13.8,13.8,106,0
STA,5,20250917,130000,13.55,13.55,13.55,13.55,56,0
STA,5,20250917,133500,13.85,13.85,13.85,13.85,5,0
STA,5,20250917,134500,13.85,13.9,13.85,13.9,199,0
STA,5,20250917,140500,13.9,13.95,13.9,13.95,153,0
STA,5,20250917,141500,13.9,13.9,13.9,13.9,122,0
STA,5,20250917,142000,13.9,13.95,13.9,13.95,108,0
STA,5,20250917,144000,13.9,13.9,13.9,13.9,167,0
STA,5,20250917,151500,13.85,13.9,13.85,13.9,100,0
STA,5,20250917,160000,13.6,13.6,13.2,13.3,1023,0
STA,5,20250917,160500,13.2,13.2,13.2,13.2,204,0
STA,5,20250917,161500,13.8,13.8,13.8,13.8,61,0
STA,5,20250917,162000,13.4,13.4,13.4,13.4,150,0
STA,5,20250917,164000,13.75,13.75,13.75,13.75,2,0
STA,5,20250918,090000,13.75,13.75,13.7,13.7,130,0
STA,5,20250918,091500,13.65,13.7,13.65,13.7,100,0
STA,5,20250918,101000,13.65,13.7,13.65,13.7,100,0
STA,5,20250918,110000,13.3,13.3,13.3,13.3,30,0
STA,5,20250918,111000,13.6,13.6,13.6,13.6,200,0
STA,5,20250918,112000,13.3,13.3,13.3,13.3,51,0
STA,5,20250918,113000,13.25,13.25,13.25,13.25,35,0
STA,5,20250918,113500,13.25,13.25,13.25,13.25,29,0
STA,5,20250918,125000,13.5,13.5,13.5,13.5,5,0
STA,5,20250918,140000,13.25,13.25,13.25,13.25,143,0
STA,5,20250918,140500,13.25,13.25,13.2,13.2,44,0
STA,5,20250918,141500,13.45,13.45,13.45,13.45,100,0
STA,5,20250918,142000,13.2,13.2,13.2,13.2,62,0
STA,5,20250918,155000,13.2,13.2,12.55,12.55,397,0
STA,5,20250918,160500,13.35,13.35,13.35,13.35,5,0
STA,5,20250919,090000,13.35,13.35,13.35,13.35,1,0
STA,5,20250919,091500,13,13,13,13,50,0
STA,5,20250919,092500,13,13.3,13,13.3,352,0
STA,5,20250919,100000,13,13,13,13,100,0
STA,5,20250919,103000,13.05,13.05,13.05,13.05,5,0
STA,5,20250919,114500,13.1,13.2,13.1,13.2,400,0
STA,5,20250919,121000,13.3,13.3,13.3,13.3,101,0
STA,5,20250919,123000,13.3,13.35,13.3,13.35,227,0
STA,5,20250919,124000,13.35,13.35,13.35,13.35,6,0
STA,5,20250919,155000,12.8,12.85,12.8,12.85,200,0
STA,5,20250919,164500,13.3,13.3,13.3,13.3,175,0
STA,5,20250922,090000,12.85,12.85,12.85,12.85,92,0
STA,5,20250922,090500,12.8,12.8,12.8,12.8,99,0
STA,5,20250922,091000,13.1,13.1,13.1,13.1,50,0
STA,5,20250922,095500,13.05,13.05,13.05,13.05,2,0
STA,5,20250922,101000,13.05,13.1,13.05,13.1,20,0
STA,5,20250922,115500,13,13,13,13,1,0
STA,5,20250922,152500,12.9,12.9,12.9,12.9,73,0
STA,5,20250922,155500,12.7,12.7,12.65,12.65,170,0
STA,5,20250922,161500,12.9,13,12.9,13,89,0
STA,5,20250922,164500,12.6,12.6,12.6,12.6,5,0
STA,5,20250923,090000,12.6,13,12.6,12.65,110,0
STA,5,20250923,091000,13,13.2,13,13.2,30,0
STA,5,20250923,093500,12.7,12.7,12.7,12.7,116,0
STA,5,20250923,094000,13.2,13.2,13.2,13.2,10,0
STA,5,20250923,102000,12.7,12.7,12.6,12.6,104,0
STA,5,20250923,104500,12.6,12.6,12.6,12.6,40,0
STA,5,20250923,105000,13.15,13.15,13.15,13.15,5,0
STA,5,20250923,112500,13.15,13.2,13.15,13.2,150,0
STA,5,20250923,113500,13.15,13.2,13.15,13.2,200,0
STA,5,20250923,120500,13,13,13,13,100,0
STA,5,20250923,134500,13,13,13,13,14,0
STA,5,20250923,141000,13,13,13,13,538,0
STA,5,20250923,144000,13,13,13,13,100,0
STA,5,20250923,144500,13,13,13,13,248,0
STA,5,20250923,145500,12.7,12.7,12.7,12.7,35,0
STA,5,20250923,152500,12.95,12.95,12.95,12.95,5,0
STA,5,20250924,090000,12.85,12.95,12.85,12.95,98,0
STA,5,20250924,090500,12.95,12.95,12.95,12.95,1,0
STA,5,20250924,094000,12.7,12.7,12.7,12.7,65,0
STA,5,20250924,102000,12.9,12.9,12.9,12.9,5,0
STA,5,20250924,105500,12.7,12.7,12.7,12.7,30,0
STA,5,20250924,120500,12.7,12.7,12.7,12.7,10,0
STA,5,20250924,123500,12.7,12.9,12.7,12.9,20,0
STA,5,20250924,125000,12.7,12.7,12.7,12.7,10,0
STA,5,20250924,132000,12.9,12.9,12.9,12.9,5,0
STA,5,20250924,143000,12.7,12.7,12.7,12.7,5,0
STA,5,20250924,145000,12.75,12.75,12.75,12.75,200,0
STA,5,20250924,161500,12.75,12.75,12.75,12.75,130,0
STA,5,20250924,164500,12.75,12.75,12.75,12.75,5,0
STA,5,20250925,090000,12.75,12.95,12.75,12.95,533,0
STA,5,20250925,090500,12.95,12.95,12.95,12.95,10,0
STA,5,20250925,092000,12.95,13,12.95,13,167,0
STA,5,20250925,093500,12.8,12.8,12.8,12.8,100,0
STA,5,20250925,094500,13,13,13,13,100,0
STA,5,20250925,095000,13,13,13,13,30,0
STA,5,20250925,102500,12.8,12.8,12.7,12.7,401,0
STA,5,20250925,104500,12.95,12.95,12.95,12.95,4,0
STA,5,20250925,121000,12.9,12.95,12.9,12.95,200,0
STA,5,20250925,150500,12.6,12.6,12.6,12.6,50,0
STA,5,20250925,152000,12.9,12.9,12.9,12.9,10,0
STA,5,20250926,090000,13,13.2,12.3,12.35,1081,0
STA,5,20250926,092000,12.8,12.8,12.8,12.8,50,0
STA,5,20250926,093500,12.5,12.5,12.5,12.5,100,0
STA,5,20250926,094500,12.35,12.35,12.3,12.3,315,0
STA,5,20250926,095000,12.25,12.45,12,12.45,1510,0
STA,5,20250926,095500,12,12.35,11.95,12.35,194,0
STA,5,20250926,100000,12,12,12,12,800,0
STA,5,20250926,101000,12.25,12.25,12.25,12.25,7,0
STA,5,20250926,101500,12.25,12.25,12.25,12.25,10,0
STA,5,20250926,103500,11.95,11.95,11.95,11.95,369,0
STA,5,20250926,104000,12.05,12.1,12.05,12.1,245,0
STA,5,20250926,104500,12.1,12.1,12.1,12.1,2,0
STA,5,20250926,105000,12.1,12.25,12.1,12.2,247,0
STA,5,20250926,110500,12.3,12.8,12.3,12.8,792,0
STA,5,20250926,111000,12.8,12.8,12.8,12.8,15,0
STA,5,20250926,111500,12.8,12.8,12.8,12.8,21,0
STA,5,20250926,112500,12.2,12.2,12,12,1500,0
STA,5,20250926,113000,12.65,12.65,12.65,12.65,10,0
STA,5,20250926,114500,12.05,12.1,12,12,529,0
STA,5,20250926,115500,12,12,12,12,59,0
STA,5,20250926,121000,12.3,12.3,12.3,12.3,5,0
STA,5,20250926,123000,12.3,12.3,12.3,12.3,7,0
STA,5,20250926,132500,11.9,11.9,11.9,11.9,652,0
STA,5,20250926,133000,12,12,12,12,267,0
STA,5,20250926,133500,12,12,12,12,252,0
STA,5,20250926,135000,11.95,11.95,11.95,11.95,5,0
STA,5,20250926,142500,11.95,11.95,11.85,11.85,270,0
STA,5,20250926,143000,11.85,11.85,11.85,11.85,149,0
STA,5,20250926,144500,11.95,11.95,11.95,11.95,1,0
STA,5,20250926,145000,11.95,11.95,11.95,11.95,1,0
STA,5,20250926,150000,11.95,11.95,11.95,11.95,184,0
STA,5,20250926,151000,11.95,11.95,11.95,11.95,6,0
STA,5,20250926,152000,11.95,11.95,11.95,11.95,7,0
STA,5,20250926,152500,11.95,11.95,11.95,11.95,117,0
STA,5,20250926,154000,11.95,11.95,11.95,11.95,183,0
STA,5,20250926,155500,11.95,12,11.95,12,1000,0
STA,5,20250926,162500,11.95,11.95,11.95,11.95,203,0
STA,5,20250926,164500,11.95,11.95,11.95,11.95,120,0
STA,5,20250929,090000,11.9,12.9,11.8,12.6,691,0
STA,5,20250929,090500,11.85,11.95,11.7,11.95,345,0
STA,5,20250929,091000,11.95,11.95,11.95,11.95,35,0
STA,5,20250929,092500,11.85,11.85,11.85,11.85,80,0
STA,5,20250929,093500,11.85,11.85,11.7,11.7,313,0
STA,5,20250929,095000,11.8,11.8,11.8,11.8,50,0
STA,5,20250929,100000,11.65,11.65,11.65,11.65,200,0
STA,5,20250929,101000,11.6,11.6,11.6,11.6,400,0
STA,5,20250929,101500,11.6,11.6,11.4,11.4,26,0
STA,5,20250929,102000,11.55,11.55,11.55,11.55,12,0
STA,5,20250929,102500,11.55,11.9,11.55,11.85,307,0
STA,5,20250929,103500,11.85,11.9,11.85,11.9,160,0
STA,5,20250929,104000,11.9,11.9,11.9,11.9,3,0
STA,5,20250929,121500,11.85,12,11.85,12,172,0
STA,5,20250929,133500,12,12.1,12,12.1,222,0
STA,5,20250929,135500,12.1,12.1,12.1,12.1,99,0
STA,5,20250929,151000,12.25,12.5,12.25,12.5,738,0
STA,5,20250929,151500,12.5,12.5,12.5,12.5,262,0
STA,5,20250929,153500,12,12,12,12,167,0
STA,5,20250930,090000,12.55,12.55,12.55,12.55,50,0
STA,5,20250930,090500,11.9,11.9,11.9,11.9,106,0
STA,5,20250930,091000,11.8,11.8,11.8,11.8,20,0
STA,5,20250930,091500,11.7,11.7,11.7,11.7,60,0
STA,5,20250930,092000,11.7,11.7,11.7,11.7,86,0
STA,5,20250930,094500,11.7,11.7,11.7,11.7,86,0
STA,5,20250930,102500,11.5,11.5,11.45,11.45,200,0
STA,5,20250930,103000,11.45,11.7,11.4,11.7,299,0
STA,5,20250930,105500,11.7,11.7,11.7,11.7,6,0
STA,5,20250930,110000,11.7,11.7,11.7,11.7,7,0
STA,5,20250930,114000,11.4,11.4,11.4,11.4,422,0
STA,5,20250930,114500,11.4,11.4,11.35,11.35,592,0
STA,5,20250930,115000,11.35,11.35,11.35,11.35,86,0
STA,5,20250930,115500,11.35,11.35,11.35,11.35,43,0
STA,5,20250930,120000,11.35,11.35,11.35,11.35,2,0
STA,5,20250930,122000,11.35,11.35,11.35,11.35,43,0
STA,5,20250930,122500,11.35,11.35,11.35,11.35,5,0
STA,5,20250930,123000,11.35,11.35,11.35,11.35,98,0
STA,5,20250930,131000,11.4,11.4,11.4,11.4,120,0
STA,5,20250930,132500,11.4,11.4,11.4,11.4,289,0
STA,5,20250930,142500,11.4,11.4,11.4,11.4,128,0
STA,5,20250930,143000,11.7,11.75,11.7,11.75,50,0
STA,5,20250930,151000,11.75,11.75,11.75,11.75,91,0
STA,5,20250930,152500,11.75,11.75,11.75,11.75,135,0
STA,5,20250930,161500,11.8,11.8,11.8,11.8,43,0
STA,5,20250930,162000,11.8,12,11.8,12,1441,0
STA,5,20250930,162500,12,12,12,12,10,0
STA,5,20250930,165500,12.45,12.45,12.45,12.45,30,0
STA,5,20251001,090000,12.4,12.4,12.4,12.4,40,0
STA,5,20251001,092500,12.4,12.4,12.4,12.4,1,0
STA,5,20251001,095500,12.2,12.2,12.2,12.2,1,0
STA,5,20251001,100000,12.2,12.2,12.2,12.2,10,0
STA,5,20251001,103000,12,12.3,12,12.3,186,0
STA,5,20251001,104500,12.2,12.2,12.2,12.2,43,0
STA,5,20251001,115000,12,12,12,12,100,0
STA,5,20251001,115500,12.1,12.1,12.1,12.1,43,0
STA,5,20251001,120500,12.1,12.1,12.1,12.1,20,0
STA,5,20251001,121000,12.1,12.2,12.1,12.2,449,0
STA,5,20251001,124000,12,12,12,12,190,0
STA,5,20251001,135000,12,12,12,12,130,0
STA,5,20251001,141500,12.2,12.3,12.2,12.3,120,0
STA,5,20251001,152500,12,12,12,12,1,0
STA,5,20251001,153000,12,12,11.1,11.1,1078,0
STA,5,20251001,153500,11.95,11.95,11.95,11.95,12,0
STA,5,20251001,154000,11.95,11.95,11.95,11.95,40,0
STA,5,20251001,154500,11.5,11.5,11.5,11.5,500,0
STA,5,20251001,155500,11.9,11.9,11.9,11.9,110,0
STA,5,20251001,160000,11.55,11.55,11.55,11.55,8,0
STA,5,20251001,163500,11.95,11.95,11.95,11.95,200,0
STA,5,20251001,165500,12,12,12,12,50,0
STA,5,20251002,090000,11.6,12,11.6,11.8,135,0
STA,5,20251002,091000,12.35,12.35,12,12.35,62,0
STA,5,20251002,093000,12.3,12.3,12.3,12.3,2,0
STA,5,20251002,095000,11.9,12.35,11.9,12.35,30,0
STA,5,20251002,102500,11.85,11.85,11.85,11.85,15,0
STA,5,20251002,104000,11.85,11.85,11.8,11.8,150,0
STA,5,20251002,113000,11.8,11.8,11.8,11.8,400,0
STA,5,20251002,114000,11.8,11.8,11.8,11.8,10,0
STA,5,20251002,120500,11.8,11.8,11.8,11.8,259,0
STA,5,20251002,132000,11.8,11.8,11.8,11.8,82,0
STA,5,20251002,134000,12.15,12.15,12.15,12.15,76,0
STA,5,20251002,150000,12.15,12.15,12.15,12.15,69,0
STA,5,20251002,151000,12.15,12.2,12.15,12.2,150,0
STA,5,20251002,152000,12.2,12.2,12.2,12.2,72,0
STA,5,20251002,152500,12.2,12.2,12.2,12.2,256,0
STA,5,20251002,153500,11.9,11.9,11.9,11.9,180,0
STA,5,20251002,154500,12.15,12.15,12.15,12.15,148,0
STA,5,20251002,162000,11.9,11.9,11.9,11.9,20,0
STA,5,20251002,164000,11.8,11.8,11.75,11.75,200,0
STA,5,20251002,164500,11.75,11.75,11.75,11.75,64,0
STA,5,20251003,090000,12.35,12.35,12.35,12.35,50,0
STA,5,20251003,105000,12,12,12,12,60,0
STA,5,20251003,105500,12,12,12,12,69,0
STA,5,20251003,111500,12,12,11.85,11.85,69,0
STA,5,20251003,123500,11.9,11.9,11.9,11.9,27,0
STA,5,20251003,130500,12,12,12,12,160,0
STA,5,20251003,133000,11.9,11.9,11.9,11.9,30,0
STA,5,20251003,134500,12.15,12.15,12.15,12.15,29,0
STA,5,20251003,135500,12.15,12.2,12.15,12.2,150,0
STA,5,20251003,141000,12.2,12.2,12.2,12.2,50,0
STA,5,20251003,152500,12.2,12.2,12.2,12.2,111,0
STA,5,20251003,162000,12.2,12.2,12.2,12.2,500,0
STA,5,20251003,163000,12.2,12.2,12.2,12.2,100,0
STA,5,20251006,090500,12.45,12.45,12.45,12.45,20,0
STA,5,20251006,091000,12.45,12.5,12.45,12.5,657,0
STA,5,20251006,091500,12.5,12.5,12.5,12.5,13,0
STA,5,20251006,094000,12.2,12.2,12.2,12.2,100,0
STA,5,20251006,100500,12.2,12.2,12.2,12.2,20,0
STA,5,20251006,112500,12.25,12.3,12.25,12.3,500,0
STA,5,20251006,120500,12.3,12.6,12.3,12.6,500,0
STA,5,20251006,142500,12.2,12.2,12.2,12.2,70,0
STA,5,20251006,144000,12.2,12.2,12,12,60,0
STA,5,20251006,153500,12,12,12,12,100,0
STA,5,20251007,090000,12.25,12.25,11.85,11.85,51,0
STA,5,20251007,091500,12,12,12,12,55,0
STA,5,20251007,100000,12.25,12.25,12.25,12.25,3,0
STA,5,20251007,114500,11.85,11.85,11.85,11.85,100,0
STA,5,20251007,120000,12.2,12.2,12.2,12.2,100,0
STA,5,20251007,131000,11.85,11.85,11.85,11.85,300,0
STA,5,20251007,131500,11.85,11.85,11.85,11.85,200,0
STA,5,20251007,132500,11.85,11.85,11.85,11.85,171,0
STA,5,20251007,140500,11.8,11.8,11.8,11.8,40,0
STA,5,20251007,144000,11.8,11.8,11.8,11.8,150,0
STA,5,20251007,152500,11.8,11.8,11.8,11.8,20,0
STA,5,20251007,163500,11.8,11.8,11.8,11.8,100,0
STA,5,20251007,164500,11.8,12,11.8,12,31,0
STA,5,20251008,094000,11.95,11.95,11.95,11.95,100,0
STA,5,20251008,100000,12,12,12,12,5,0
STA,5,20251008,101000,12,12,12,12,40,0
STA,5,20251008,102000,12,12,12,12,96,0
STA,5,20251008,113500,11.8,11.8,11.8,11.8,10,0
STA,5,20251008,115000,11.8,11.8,11.8,11.8,66,0
STA,5,20251008,121000,12,12,12,12,37,0
STA,5,20251008,132000,11.75,11.75,11.75,11.75,20,0
STA,5,20251008,132500,11.95,11.95,11.95,11.95,15,0
STA,5,20251008,151000,11.95,11.95,11.95,11.95,110,0
STA,5,20251008,151500,12,12.3,12,12.3,307,0
STA,5,20251009,091000,12.2,12.2,12.2,12.2,204,0
STA,5,20251009,091500,11.85,11.85,11.8,11.8,200,0
STA,5,20251009,092500,11.8,11.8,11.8,11.8,430,0
STA,5,20251009,093500,12.15,12.15,12.15,12.15,5,0
STA,5,20251009,121000,11.8,11.8,11.75,11.75,160,0
STA,5,20251009,121500,11.8,11.8,11.8,11.8,18,0
STA,5,20251009,124500,11.8,11.8,11.8,11.8,204,0
STA,5,20251009,141000,12,12,12,12,100,0
STA,5,20251009,144000,12.15,12.15,12.15,12.15,5,0
STA,5,20251009,145000,12,12,12,12,100,0
STA,5,20251009,151000,11.85,12,11.8,11.8,80,0
STA,5,20251009,155500,11.8,11.8,11.8,11.8,111,0
STA,5,20251009,164500,12.15,12.15,12.15,12.15,10,0
STA,5,20251010,090000,12.15,12.15,12.15,12.15,50,0
STA,5,20251010,094500,11.8,11.8,11.8,11.8,438,0
STA,5,20251010,100000,11.95,11.95,11.95,11.95,30,0
STA,5,20251010,101500,11.8,11.8,11.8,11.8,160,0
STA,5,20251010,104500,11.9,11.95,11.9,11.95,209,0
STA,5,20251010,114500,11.95,12,11.95,12,56,0
STA,5,20251010,134000,11.8,11.8,11.55,11.55,791,0
STA,5,20251010,134500,11.5,11.5,11.5,11.5,200,0
STA,5,20251010,135000,11.5,11.5,11.5,11.5,418,0
STA,5,20251010,145500,11.6,11.6,11.5,11.5,1223,0
STA,5,20251010,151000,11.4,11.4,11,11,1000,0
STA,5,20251010,151500,11.25,11.25,11.25,11.25,150,0
STA,5,20251010,152500,11,11,11,11,46,0
STA,5,20251010,154000,11.4,11.4,11.4,11.4,10,0
STA,5,20251010,160500,11.35,11.4,11.35,11.4,171,0
STA,5,20251010,162500,11.35,11.4,11.35,11.4,89,0
STA,5,20251010,163000,11.4,11.4,11.4,11.4,1,0
STA,5,20251010,164500,11.4,11.4,11.4,11.4,100,0
STA,5,20251013,090000,11.4,11.4,11.05,11.05,754,0
STA,5,20251013,090500,11.05,11.05,11,11,300,0
STA,5,20251013,091000,11,11,11,11,100,0
STA,5,20251013,091500,11.25,11.25,11.25,11.25,30,0
STA,5,20251013,100500,11.3,11.75,11.3,11.75,570,0
STA,5,20251013,120000,11.75,11.9,11.75,11.9,84,0
STA,5,20251013,131500,11.4,11.4,11.25,11.3,310,0
STA,5,20251013,132000,11.9,11.9,11.9,11.9,5,0
STA,5,20251013,135000,11.5,11.5,11.5,11.5,50,0
STA,5,20251013,143000,11.25,11.25,11.25,11.25,147,0
STA,5,20251013,144000,11.25,11.25,11.25,11.25,113,0
STA,5,20251013,145500,11.25,11.25,11.25,11.25,200,0
STA,5,20251013,151000,11.25,11.25,11.1,11.1,209,0
STA,5,20251013,152500,11.1,11.1,11,11,570,0
STA,5,20251013,164500,11.35,11.35,11.35,11.35,30,0
STA,5,20251014,090000,11.25,11.25,11.25,11.25,381,0
STA,5,20251014,093000,11.35,11.35,11.35,11.35,5,0
STA,5,20251014,125500,11.25,11.25,11.1,11.1,200,0
STA,5,20251014,150500,11.1,11.1,11.1,11.1,41,0
STA,5,20251014,164500,11.4,11.4,11.4,11.4,10,0
STA,5,20251015,091000,11.15,11.15,11.15,11.15,50,0
STA,5,20251015,103000,11.35,11.35,11.35,11.35,3,0
STA,5,20251015,104000,11.35,11.35,11.35,11.35,7,0
STA,5,20251015,111500,11.25,11.25,11.25,11.25,2,0
STA,5,20251015,120000,11.25,11.25,11.15,11.15,31,0
STA,5,20251015,123500,11.15,11.15,11.15,11.15,151,0
STA,5,20251015,130500,11.15,11.15,11.15,11.15,74,0
STA,5,20251015,135000,11.1,11.1,11.05,11.05,100,0
STA,5,20251015,135500,11.05,11.05,11.05,11.05,100,0
STA,5,20251015,142000,11.1,11.1,11.1,11.1,100,0
STA,5,20251015,143000,11.1,11.1,11.1,11.1,300,0
STA,5,20251015,164000,11.15,11.15,11.15,11.15,16,0
STA,5,20251015,164500,11.15,11.15,11.15,11.15,100,0
STA,5,20251016,090000,11.2,11.2,11.2,11.2,27,0
STA,5,20251016,100500,11.2,11.2,11.2,11.2,78,0
STA,5,20251016,105500,11.25,11.25,11,11,1329,0
STA,5,20251016,155500,11,11.25,11,11.25,329,0
STA,5,20251016,161500,11.25,11.25,11.25,11.25,7,0
STA,5,20251017,090000,10.8,10.8,10.8,10.8,23,0
STA,5,20251017,094500,11.2,11.2,11.2,11.2,3,0
STA,5,20251017,103000,11.2,11.25,11.2,11.25,50,0
STA,5,20251017,105500,11.3,11.3,11.25,11.25,149,0
STA,5,20251017,113000,11.5,11.5,11.5,11.5,50,0
STA,5,20251017,125500,11.1,11.1,11.1,11.1,100,0
STA,5,20251017,133500,11.05,11.05,10.8,10.8,440,0
STA,5,20251017,135000,11.25,11.25,11.25,11.25,10,0
STA,5,20251017,161500,11.05,11.05,11.05,11.05,1,0
STA,5,20251017,164500,11.25,11.25,11.25,11.25,1,0
STA,5,20251020,090000,11.3,11.3,11.3,11.3,55,0
STA,5,20251020,091500,11.3,11.3,11.3,11.3,118,0
STA,5,20251020,092000,11.4,12.15,11.4,12.15,1152,0
STA,5,20251020,101500,12.15,12.15,12.15,12.15,15,0
STA,5,20251020,102000,11.55,12.15,11.55,12.15,2,0
STA,5,20251020,105500,12.1,12.1,12.1,12.1,1,0
STA,5,20251020,110500,12.15,12.15,12.15,12.15,181,0
STA,5,20251020,111000,12.25,12.35,12.25,12.35,391,0
STA,5,20251020,115500,12,12,12,12,50,0
STA,5,20251020,131500,11.65,11.65,11.65,11.65,100,0
STA,5,20251020,132000,11.65,11.65,11.65,11.65,72,0
STA,5,20251020,134500,11.6,11.6,11.6,11.6,107,0
STA,5,20251020,135000,11.5,11.5,11.3,11.3,250,0
STA,5,20251020,145000,11.45,11.45,11.45,11.45,5,0
STA,5,20251020,154500,11.15,11.15,11.15,11.15,33,0
STA,5,20251020,163500,11.35,11.4,11.35,11.4,466,0
STA,5,20251020,164500,11.95,11.95,11.95,11.95,60,0
STA,5,20251021,153000,11.85,11.85,11.85,11.85,1,0
STA,5,20251022,093000,11.6,12.1,11.6,12.1,120,0
STA,5,20251023,090000,12.2,12.2,12.2,12.2,50,0
STA,5,20251023,093500,11.45,11.45,10.7,11.35,1050,0
STA,5,20251023,095500,11,11,11,11,100,0
STA,5,20251023,103500,11.25,11.25,11.25,11.25,3,0
STA,5,20251023,110000,11.25,11.25,11.25,11.25,47,0
STA,5,20251023,111500,11.45,11.45,11.45,11.45,1,0
STA,5,20251023,113000,11.05,11.05,11.05,11.05,152,0
STA,5,20251023,113500,11.05,11.05,11.05,11.05,226,0
STA,5,20251023,114000,11.05,11.05,11.05,11.05,122,0
STA,5,20251023,121000,10.9,11,10.9,11,100,0
STA,5,20251023,123500,11.2,11.2,11.2,11.2,45,0
STA,5,20251023,132500,11.2,11.2,11.2,11.2,94,0
STA,5,20251023,135000,11,11,11,11,300,0
STA,5,20251023,155000,11.25,11.25,11.25,11.25,3,0
STA,5,20251023,161500,11.25,11.25,11.25,11.25,82,0
STA,5,20251023,164500,11.45,11.45,11.45,11.45,52,0
STA,5,20251024,090000,11.5,11.5,11.5,11.5,48,0
STA,5,20251024,090500,11.1,11.7,11.05,11.7,135,0
STA,5,20251024,093000,11.3,11.3,11.1,11.1,110,0
STA,5,20251024,095000,11.15,11.15,11.1,11.1,24,0
STA,5,20251024,101500,11.45,11.45,11.45,11.45,3,0
STA,5,20251024,105500,11.4,11.65,11.4,11.6,540,0
STA,5,20251024,161500,11.25,11.25,11.25,11.25,60,0
STA,5,20251024,162500,11.5,11.5,11.5,11.5,20,0
STA,5,20251024,164000,11.2,11.2,11.2,11.2,49,0
STA,5,20251027,090000,11.05,11.05,11.05,11.05,21,0
STA,5,20251027,094000,11.2,11.5,11.2,11.5,50,0
STA,5,20251027,100500,11.05,11.05,11.05,11.05,40,0
STA,5,20251027,102500,11.45,11.45,11.45,11.45,3,0
STA,5,20251027,112000,11.05,11.05,11.05,11.05,21,0
STA,5,20251027,124000,11.05,11.05,10.95,10.95,100,0
STA,5,20251027,130500,10.95,10.95,10.95,10.95,135,0
STA,5,20251027,133000,10.95,10.95,10.95,10.95,357,0
STA,5,20251027,150500,10.95,10.95,10.8,10.8,1480,0
STA,5,20251027,151000,10.75,10.75,10.35,10.35,534,0
STA,5,20251027,151500,10.35,10.75,10.2,10.75,704,0
STA,5,20251027,152500,10.45,10.75,10.4,10.75,873,0
STA,5,20251027,153500,10.75,10.75,10.75,10.75,1,0
STA,5,20251027,162000,10.45,10.45,10.4,10.4,458,0
STA,5,20251027,162500,10.25,10.25,10.15,10.15,47,0
STA,5,20251027,164000,10.4,10.4,10.4,10.4,300,0
STA,5,20251027,164500,10.2,10.65,10.15,10.4,128,0
STA,5,20251028,090000,10.4,10.4,10.4,10.4,123,0
STA,5,20251028,090500,10.15,10.15,10.15,10.15,127,0
STA,5,20251028,091000,10.1,10.1,9.6,9.6,277,0
STA,5,20251028,092000,9.64,9.64,9.64,9.64,50,0
STA,5,20251028,092500,10.05,10.05,10.05,10.05,160,0
STA,5,20251028,094000,10.05,10.05,10.05,10.05,50,0
STA,5,20251028,100500,9.68,9.68,9.64,9.64,292,0
STA,5,20251028,101000,10,10,10,10,10,0
STA,5,20251028,102000,10.05,10.05,10,10,255,0
STA,5,20251028,111000,10,10,10,10,50,0
STA,5,20251028,114000,9.98,10,9.98,10,45,0
STA,5,20251028,115000,10,10,10,10,101,0
STA,5,20251028,124000,9.82,9.82,9.82,9.82,5,0
STA,5,20251028,125500,10,10,10,10,200,0
STA,5,20251028,134000,10,10,10,10,5,0
STA,5,20251028,151500,10,10,10,10,1,0
STA,5,20251028,163000,10,10,10,10,10,0
STA,5,20251028,165500,10.1,10.1,10.1,10.1,50,0
STA,5,20251029,090000,10.1,10.1,10.1,10.1,40,0
STA,5,20251029,092000,10.1,10.1,10.1,10.1,72,0
STA,5,20251029,113000,10.1,10.1,10.1,10.1,25,0
STA,5,20251029,135000,10.2,10.4,10.2,10.4,200,0
STA,5,20251029,142000,10.1,10.1,10.1,10.1,88,0
STA,5,20251029,143000,10.4,10.4,10.4,10.4,200,0
STA,5,20251029,160500,10.4,10.4,10.4,10.4,1,0
STA,5,20251029,165500,10.4,10.4,10.4,10.4,20,0
STA,5,20251030,090000,10.7,10.7,10.7,10.7,50,0
STA,5,20251030,103500,10.65,10.95,10.65,10.95,644,0
STA,5,20251030,105000,10.95,10.95,10.95,10.95,10,0
STA,5,20251030,122500,10.5,10.5,10.5,10.5,50,0
STA,5,20251030,123000,10.45,10.45,10.4,10.4,200,0
STA,5,20251030,141500,10.4,10.4,10.4,10.4,300,0
STA,5,20251030,142000,10.75,10.75,10.75,10.75,15,0
STA,5,20251030,164500,10.75,10.75,10.75,10.75,30,0
STA,5,20251031,090000,10.2,10.2,10.2,10.2,30,0
STA,5,20251031,090500,10.2,10.2,10.2,10.2,2,0
STA,5,20251031,102500,10.2,10.95,10.2,10.95,60,0
STA,5,20251031,114500,10.2,10.2,10.2,10.2,20,0
STA,5,20251031,135000,10.75,10.75,10.75,10.75,15,0
STA,5,20251031,135500,10.25,10.25,10.25,10.25,4,0
STA,5,20251031,161000,10.3,10.3,10.3,10.3,3,0
STA,5,20251031,163000,10.3,10.3,10.3,10.3,7,0
STA,5,20251031,164500,10.3,10.75,10.3,10.75,48,0
STA,5,20251103,090000,10.95,10.95,10.95,10.95,50,0
STA,5,20251103,091500,10.5,10.5,10.5,10.5,5,0
STA,5,20251103,101500,10.9,10.9,10.9,10.9,8,0
STA,5,20251103,102000,10.65,10.65,10.65,10.65,10,0
STA,5,20251103,110500,10.65,10.65,10.35,10.35,150,0
STA,5,20251103,125000,10.35,10.35,10.35,10.35,50,0
STA,5,20251103,133500,10.35,10.35,10.35,10.35,85,0
STA,5,20251103,134000,10.35,10.35,10.35,10.35,4,0
STA,5,20251103,135500,10.5,10.5,10.5,10.5,40,0
STA,5,20251103,140500,10.3,10.3,10.3,10.3,70,0
STA,5,20251103,143500,10.3,10.3,10.25,10.25,45,0
STA,5,20251104,090000,10.25,10.25,10.05,10.05,45,0
STA,5,20251104,090500,10.25,10.9,10.25,10.9,288,0
STA,5,20251104,091500,10.8,10.9,10.8,10.9,50,0
STA,5,20251104,100000,10.15,10.15,10.15,10.15,10,0
STA,5,20251104,100500,10.8,10.9,10.8,10.9,120,0
STA,5,20251104,102000,10.85,10.9,10.85,10.9,20,0
STA,5,20251104,102500,10.9,10.9,10.9,10.9,10,0
STA,5,20251104,103500,9.9,9.9,9.8,9.8,400,0
STA,5,20251104,104500,10.55,10.55,10.55,10.55,82,0
STA,5,20251104,120500,10.65,10.65,10.65,10.65,20,0
STA,5,20251105,091000,10.05,10.05,10.05,10.05,50,0
STA,5,20251105,104500,10.35,10.4,10.35,10.4,130,0
STA,5,20251105,105000,10.5,10.5,10.5,10.5,50,0
STA,5,20251105,105500,10.5,10.5,10.5,10.5,771,0
STA,5,20251105,110000,10.75,10.75,10.75,10.75,20,0
STA,5,20251105,111000,10.75,10.75,10.75,10.75,1603,0
STA,5,20251105,115000,10.1,10.1,10.1,10.1,1,0
STA,5,20251105,125000,10.85,10.85,10.7,10.7,70,0
STA,5,20251105,142000,10.15,10.15,10.1,10.1,143,0
STA,5,20251105,164500,10.7,10.7,10.7,10.7,110,0
STA,5,20251106,090000,10.95,10.95,10.95,10.95,60,0
STA,5,20251106,092500,10.4,10.4,10.4,10.4,82,0
STA,5,20251106,093000,10.4,10.4,10.4,10.4,71,0
STA,5,20251106,101500,10.8,10.8,10.8,10.8,1,0
STA,5,20251106,105000,10.9,10.9,10.8,10.8,82,0
STA,5,20251106,132000,10.4,10.4,10.4,10.4,34,0
STA,5,20251106,150500,10.2,10.2,10.2,10.2,45,0
STA,5,20251106,161000,10.8,10.8,10.75,10.75,82,0
STA,5,20251107,090000,10.8,10.8,10.8,10.8,50,0
STA,5,20251107,092500,10.8,10.8,10.8,10.8,3,0
STA,5,20251107,164500,10.65,10.65,10.65,10.65,5,0
STA,5,20251110,090000,10.05,10.65,9.92,10.65,712,0
STA,5,20251110,090500,9.92,10.6,9.92,10.6,130,0
STA,5,20251110,094000,9.94,9.94,9.94,9.94,20,0
STA,5,20251110,094500,10.3,10.35,10.3,10.35,50,0
STA,5,20251110,100000,9.98,9.98,9.96,9.96,80,0
STA,5,20251110,104000,10.3,10.35,10.3,10.35,398,0
STA,5,20251110,104500,10.45,10.45,10.45,10.45,45,0
STA,5,20251110,105500,10.1,10.1,10.1,10.1,80,0
STA,5,20251110,130500,10.1,10.1,10.1,10.1,10,0
STA,5,20251110,131000,10.1,10.1,9.96,9.96,348,0
STA,5,20251110,140000,10,10,10,10,200,0
STA,5,20251110,142000,10,10,9.96,9.96,60,0
STA,5,20251110,144000,10.3,10.3,10.3,10.3,82,0
STA,5,20251110,145000,10.3,10.3,10.3,10.3,92,0
STA,5,20251110,163000,10.35,10.35,10.35,10.35,66,0
STA,5,20251110,163500,10,10,10,10,30,0
STA,5,20251110,164500,10.35,10.35,10.35,10.35,90,0
STA,5,20251112,092000,10.2,10.2,10.2,10.2,10,0
STA,5,20251112,092500,10.2,10.2,10.2,10.2,10,0
STA,5,20251112,094000,10.2,10.2,10.2,10.2,66,0
STA,5,20251112,094500,10.35,10.35,10.35,10.35,50,0
STA,5,20251112,104500,10.35,10.35,10.35,10.35,110,0
STA,5,20251112,110000,10.4,10.4,10.4,10.4,300,0
STA,5,20251112,111500,10.15,10.15,10.15,10.15,20,0
STA,5,20251112,113000,10.15,10.15,10.15,10.15,20,0
STA,5,20251112,115500,10.45,10.8,10.45,10.8,100,0
STA,5,20251112,120500,10.15,10.15,10.15,10.15,1,0
STA,5,20251112,122500,10.15,10.15,10.15,10.15,50,0
STA,5,20251112,132500,10.15,10.15,10.15,10.15,80,0
STA,5,20251112,133500,10.15,10.15,10.15,10.15,56,0
STA,5,20251112,134500,10.3,10.3,10.3,10.3,40,0
STA,5,20251112,141500,10.15,10.15,10.1,10.1,200,0
STA,5,20251112,164500,10.45,10.45,10.45,10.45,30,0
STA,5,20251113,092500,10.15,10.15,10.15,10.15,10,0
STA,5,20251113,093500,10.45,10.45,10.45,10.45,125,0
STA,5,20251113,095000,10.15,10.15,10.15,10.15,3,0
STA,5,20251113,100000,10.15,10.15,10.15,10.15,200,0
STA,5,20251113,102500,10.6,10.6,10.6,10.6,45,0
STA,5,20251113,103500,10.2,10.2,10.2,10.2,30,0
STA,5,20251113,110500,10.5,10.5,10.5,10.5,20,0
STA,5,20251113,112500,10.5,10.75,10.5,10.75,164,0
STA,5,20251113,134500,10.2,10.2,10.2,10.2,10,0
STA,5,20251113,143500,10.3,10.3,10.25,10.25,200,0
STA,5,20251113,164500,10.75,10.75,10.75,10.75,50,0
STA,5,20251114,092500,10.3,10.3,10.25,10.25,82,0
STA,5,20251114,094500,10.65,10.65,10.65,10.65,50,0
STA,5,20251114,095000,10.3,10.3,10.3,10.3,10,0
STA,5,20251114,102000,10.45,10.45,10.45,10.45,12,0
STA,5,20251114,110000,10.45,10.45,10.45,10.45,250,0
STA,5,20251114,120000,10.25,10.25,10.25,10.25,50,0
STA,5,20251114,123500,10.25,10.25,10.25,10.25,74,0
STA,5,20251114,140500,10.3,10.3,10.3,10.3,3,0
STA,5,20251114,144000,10.25,10.25,10.25,10.25,58,0
STA,5,20251114,162500,10.3,10.3,10.3,10.3,197,0
STA,5,20251114,164500,10.45,10.45,10.45,10.45,50,0
STA,5,20251117,090000,10.15,10.15,10.15,10.15,30,0
STA,5,20251117,090500,10.15,10.15,10.05,10.05,120,0
STA,5,20251117,091500,10.45,10.45,10.45,10.45,82,0
STA,5,20251117,115000,10.15,10.45,9.62,10.45,1001,0
STA,5,20251117,115500,9.66,9.66,9.66,9.66,47,0
STA,5,20251117,120000,9.66,9.66,9.66,9.66,10,0
STA,5,20251117,123000,9.7,9.7,9.7,9.7,100,0
STA,5,20251117,130000,9.7,9.7,9.7,9.7,21,0
STA,5,20251117,133500,10.25,10.3,10.25,10.25,100,0
STA,5,20251117,144000,9.8,9.8,9.8,9.8,257,0
STA,5,20251117,151500,10.25,10.25,10.25,10.25,100,0
STA,5,20251118,090500,10.2,10.2,10.2,10.2,82,0
STA,5,20251118,091000,10.1,10.1,9.84,9.86,250,0
STA,5,20251118,092500,10.15,10.2,10.15,10.2,100,0
STA,5,20251118,095500,9.92,9.92,9.72,9.72,738,0
STA,5,20251118,100000,9.72,9.72,9.64,9.64,206,0
STA,5,20251118,102000,10.05,10.05,10.05,10.05,1,0
STA,5,20251118,102500,9.64,9.64,9.64,9.64,136,0
STA,5,20251118,103500,9.98,9.98,9.98,9.98,66,0
STA,5,20251118,111000,9.66,9.66,9.66,9.66,14,0
STA,5,20251118,114500,9.98,10,9.98,10,50,0
STA,5,20251118,125500,9.68,9.68,9.66,9.66,15,0
STA,5,20251118,131500,9.98,9.98,9.98,9.98,5,0
STA,5,20251118,140000,9.66,9.66,9.66,9.66,50,0
STA,5,20251118,144000,9.68,9.68,9.68,9.68,214,0
STA,5,20251118,150000,9.66,9.66,9.52,9.52,412,0
STA,5,20251118,152500,9.96,9.96,9.96,9.96,1,0
STA,5,20251118,153500,9.56,9.56,9.56,9.56,15,0
STA,5,20251118,155000,9.96,9.98,9.96,9.98,10,0
STA,5,20251118,161500,9.58,9.58,9.56,9.56,79,0
STA,5,20251118,164500,9.92,9.92,9.92,9.92,79,0
STA,5,20251119,090000,9.62,9.92,9.58,9.92,220,0
STA,5,20251119,091500,9.6,9.6,9.58,9.58,300,0
STA,5,20251119,092000,9.58,9.58,9.58,9.58,15,0
STA,5,20251119,101000,9.88,9.9,9.88,9.9,82,0
STA,5,20251119,101500,9.92,9.92,9.9,9.92,518,0
STA,5,20251119,120500,9.92,9.92,9.92,9.92,67,0
STA,5,20251119,124000,9.7,9.7,9.68,9.68,20,0
STA,5,20251119,151500,9.9,9.9,9.9,9.9,15,0
STA,5,20251119,153000,9.94,10,9.94,10,1410,0
STA,5,20251119,154500,10,10,9.9,9.9,100,0
STA,5,20251119,163500,10,10,10,10,130,0
STA,5,20251120,090500,10.05,10.05,10.05,10.05,100,0
STA,5,20251120,091000,10.1,10.1,10.1,10.1,279,0
STA,5,20251120,094000,9.98,9.98,9.96,9.96,240,0
STA,5,20251120,101000,10.15,10.2,10.15,10.2,100,0
STA,5,20251120,102000,10.2,10.2,10.2,10.2,250,0
STA,5,20251120,102500,10.2,10.25,10.2,10.25,6,0
STA,5,20251120,111000,10.25,10.5,10.25,10.5,510,0
STA,5,20251120,111500,10.5,10.55,10.5,10.55,250,0
STA,5,20251120,112000,10.55,10.55,10.55,10.55,50,0
STA,5,20251120,141500,10.55,10.55,10.55,10.55,2,0
STA,5,20251120,143500,10.4,10.4,10.4,10.4,321,0
STA,5,20251120,145000,10.15,10.15,10.15,10.15,62,0
STA,5,20251120,145500,10.15,10.15,10.15,10.15,24,0
STA,5,20251120,150000,10.15,10.15,10.15,10.15,313,0
STA,5,20251120,152500,10.15,10.15,10.15,10.15,13,0
STA,5,20251120,153000,10.05,10.05,10,10,200,0
STA,5,20251120,160000,10.35,10.35,10.35,10.35,119,0
STA,5,20251120,164500,10.4,10.4,10.4,10.4,50,0
STA,5,20251121,092500,10.1,10.1,10.1,10.1,100,0
STA,5,20251121,094500,10.1,10.1,10.1,10.1,20,0
STA,5,20251121,103500,10.1,10.1,9.9,10,418,0
STA,5,20251121,104500,9.9,9.9,9.9,9.9,10,0
STA,5,20251121,112500,9.9,9.9,9.58,9.6,426,0
STA,5,20251121,115000,10.15,10.15,10.15,10.15,100,0
STA,5,20251121,121500,9.64,9.64,9.64,9.64,10,0
STA,5,20251121,135500,9.7,9.7,9.7,9.7,15,0
STA,5,20251121,154000,9.8,9.8,9.66,9.66,171,0
STA,5,20251121,164500,10,10,10,10,105,0
STA,5,20251124,090000,10,10,9.88,9.88,296,0
STA,5,20251124,091000,10.05,10.4,9.8,9.8,150,0
STA,5,20251124,091500,10.35,10.4,10.35,10.4,368,0
STA,5,20251124,101000,10.2,10.2,10.2,10.2,180,0
STA,5,20251124,103500,10.2,10.2,10.2,10.2,100,0
STA,5,20251124,115500,9.94,9.94,9.94,9.94,2,0
STA,5,20251124,121000,10.2,10.2,10.2,10.2,220,0
STA,5,20251124,122000,10.2,10.2,10,10,400,0
STA,5,20251124,133000,10.2,10.2,10.2,10.2,278,0
STA,5,20251124,134500,10.1,10.1,10.1,10.1,100,0
STA,5,20251124,141000,10.2,10.2,10.2,10.2,244,0
STA,5,20251124,145000,10.2,10.2,10.2,10.2,96,0
STA,5,20251124,154000,9.94,9.94,9.94,9.94,9,0
STA,5,20251124,165500,10.2,10.2,10.2,10.2,50,0
STA,5,20251125,091500,10.2,10.2,10.2,10.2,30,0
STA,5,20251125,092500,9.96,9.96,9.92,9.92,325,0
STA,5,20251125,093000,9.9,9.9,9.86,9.86,250,0
STA,5,20251125,095000,9.84,9.84,9.84,9.84,330,0
STA,5,20251125,100500,9.8,9.8,9.5,9.5,1328,0
STA,5,20251125,101500,9.5,9.98,9.5,9.98,1050,0
STA,5,20251125,110000,9.5,9.52,9.5,9.5,183,0
STA,5,20251125,110500,9.5,9.5,9.5,9.5,30,0
STA,5,20251125,111000,9.78,9.8,9.78,9.8,100,0
STA,5,20251125,122000,9.86,9.86,9.86,9.86,7,0
STA,5,20251125,123500,9.52,9.52,9.5,9.5,100,0
STA,5,20251125,124500,9.86,9.92,9.86,9.92,50,0
STA,5,20251125,142500,9.9,9.9,9.9,9.9,10,0
STA,5,20251125,145500,9.9,9.9,9.9,9.9,21,0
STA,5,20251125,162000,9.52,9.52,9.5,9.5,108,0
STA,5,20251125,164000,9.88,9.88,9.88,9.88,1,0
STA,5,20251125,164500,9.88,9.88,9.88,9.88,30,0
STA,5,20251126,094500,9.88,10.05,9.88,10.05,692,0
STA,5,20251126,100000,10.05,10.05,10.05,10.05,117,0
STA,5,20251126,101500,10.2,10.2,10.2,10.2,30,0
STA,5,20251126,102500,10.2,10.25,10.2,10.25,150,0
STA,5,20251126,123500,10.2,10.2,10.2,10.2,5,0
STA,5,20251126,135000,10,10,10,10,16,0
STA,5,20251126,164500,10.15,10.15,10.15,10.15,50,0
STA,5,20251127,090000,10.15,10.15,10.15,10.15,155,0
STA,5,20251127,114000,10,10,10,10,34,0
STA,5,20251127,114500,10,10,10,10,50,0
STA,5,20251127,115500,10,10.15,9.72,9.72,60,0
STA,5,20251127,120000,9.72,10.3,9.72,10.3,100,0
STA,5,20251127,121500,10.3,10.3,10.3,10.3,15,0
STA,5,20251127,150500,10,10,10,10,104,0
STA,5,20251127,160000,10,10,10,10,500,0
STA,5,20251127,160500,10,10,10,10,272,0
STA,5,20251128,095500,10,10,10,10,150,0
STA,5,20251128,120000,9.7,9.7,9.68,9.68,200,0
STA,5,20251128,130000,9.96,9.98,9.96,9.98,50,0
STA,5,20251128,130500,9.72,9.72,9.7,9.7,200,0
STA,5,20251128,141000,9.8,9.8,9.8,9.8,20,0
STA,5,20251128,142500,9.8,9.8,9.8,9.8,283,0
STA,5,20251128,143000,9.98,9.98,9.98,9.98,41,0
STA,5,20251128,143500,9.98,9.98,9.98,9.98,100,0
STA,5,20251128,144000,9.98,10,9.98,10,100,0
STA,5,20251128,144500,10,10,10,10,100,0
STA,5,20251128,151000,10,10,10,10,100,0
STA,5,20251128,151500,10,10,10,10,100,0
STA,5,20251128,160000,10,10,10,10,100,0
STA,5,20251128,164000,9.82,9.82,9.82,9.82,50,0
STA,5,20251128,164500,10,10,10,10,50,0
STA,5,20251201,090000,10.25,10.25,10.25,10.25,30,0
STA,5,20251201,093500,9.7,9.7,9.6,9.6,30,0
STA,5,20251201,095500,9.62,9.62,9.2,9.5,512,0
STA,5,20251201,100000,9.78,9.78,9.78,9.78,100,0
STA,5,20251201,100500,9.5,9.78,9.5,9.78,70,0
STA,5,20251201,103000,9.26,9.74,9.22,9.74,654,0
STA,5,20251201,103500,9.2,9.2,9.1,9.1,238,0
STA,5,20251201,104000,9.5,9.5,9.5,9.5,50,0
STA,5,20251201,122000,9.18,9.18,9.18,9.18,10,0
STA,5,20251201,123500,9.48,9.48,9.48,9.48,10,0
STA,5,20251201,124000,9.48,9.48,9.48,9.48,40,0
STA,5,20251201,133500,9.18,9.18,9.18,9.18,10,0
STA,5,20251201,135500,9.58,9.6,9.58,9.6,50,0
STA,5,20251201,141000,9.5,9.5,9.5,9.5,48,0
STA,5,20251201,152000,9.22,9.22,8.5,8.5,2851,0
STA,5,20251201,154000,9.26,9.34,9.26,9.34,100,0
STA,5,20251201,154500,8.74,8.74,8.74,8.74,30,0
STA,5,20251201,155000,8.74,8.74,8.7,8.7,82,0
STA,5,20251201,161000,8.9,8.9,8.9,8.9,450,0
STA,5,20251201,162500,9.26,9.34,9.26,9.34,90,0
STA,5,20251201,165500,9.2,9.2,9.2,9.2,80,0
STA,5,20251202,090000,9.38,9.38,9.38,9.38,150,0
STA,5,20251202,092500,9.4,9.46,9.4,9.46,70,0
STA,5,20251202,095500,9.4,9.48,9.4,9.48,779,0
STA,5,20251202,101000,9,9,9,9,10,0
STA,5,20251202,101500,9.5,9.5,9.5,9.5,50,0
STA,5,20251202,104000,9.5,9.5,9.5,9.5,52,0
STA,5,20251202,104500,9.5,9.64,9.5,9.64,198,0
STA,5,20251202,124500,9.02,9.02,9,9,20,0
STA,5,20251202,154000,9.04,9.04,9.04,9.04,22,0
STA,5,20251202,163500,9.04,9.46,9.02,9.46,544,0
