<TICKER>,<PER>,<DATE>,<TIME>,<OPEN>,<HIGH>,<LOW>,<CLOSE>,<VOL>,<OPENINT>
VGN,5,20250707,090500,0.193109,0.193109,0.193109,0.193109,389.41798942,0
VGN,5,20250707,094500,0.193109,0.195163,0.193109,0.195163,778.83597884,0
VGN,5,20250707,100000,0.195163,0.195163,0.195163,0.195163,1947.0899471,0
VGN,5,20250707,104500,0.194136,0.194136,0.194136,0.194136,9566.0529101023,0
VGN,5,20250707,124500,0.195163,0.195163,0.195163,0.195163,10708.99470905,0
VGN,5,20250707,125000,0.195163,0.197217,0.195163,0.197217,1616.0846560930001,0
VGN,5,20250707,132000,0.195163,0.195163,0.182837,0.183864,6185.9047619367,0
VGN,5,20250707,134500,0.195163,0.195163,0.195163,0.195163,194.70899471,0
VGN,5,20250707,135000,0.195163,0.195163,0.195163,0.195163,7661.7989418385005,0
VGN,5,20250708,090000,0.197217,0.197217,0.197217,0.197217,7788.3597884,0
VGN,5,20250708,093000,0.19619,0.19619,0.19619,0.19619,973.54497355,0
VGN,5,20250708,125000,0.19619,0.19619,0.19619,0.19619,973.54497355,0
VGN,5,20250708,153000,0.195163,0.19619,0.195163,0.19619,1618.0317460401,0
VGN,5,20250709,091500,0.19619,0.19619,0.19619,0.19619,58.412698413,0
VGN,5,20250709,103500,0.191054,0.191054,0.191054,0.191054,973.54497355,0
VGN,5,20250709,111500,0.193109,0.193109,0.193109,0.193109,194.70899471,0
VGN,5,20250709,120000,0.186946,0.186946,0.186946,0.186946,6814.81481485,0
VGN,5,20250709,144000,0.182837,0.182837,0.182837,0.182837,4674.9629629871,0
VGN,5,20250709,164000,0.192082,0.192082,0.192082,0.192082,202.4973544984,0
VGN,5,20250710,102500,0.18181,0.18181,0.179755,0.179755,1362.96296297,0
VGN,5,20250710,103000,0.179755,0.179755,0.179755,0.179755,584.12698413,0
VGN,5,20250710,104000,0.191054,0.194136,0.191054,0.194136,1752.38095239,0
VGN,5,20250710,122500,0.194136,0.194136,0.194136,0.194136,194.70899471,0
VGN,5,20250710,123500,0.185918,0.185918,0.185918,0.185918,48.6772486775,0
VGN,5,20250710,132000,0.194136,0.194136,0.194136,0.194136,21086.984127093,0
VGN,5,20250710,135500,0.194136,0.194136,0.194136,0.194136,331.005291007,0
VGN,5,20250711,091500,0.179755,0.185918,0.179755,0.185918,5841.2698413,0
VGN,5,20250711,092500,0.175647,0.179755,0.175647,0.179755,5841.2698413,0
VGN,5,20250711,093000,0.17462,0.175647,0.17462,0.175647,7788.3597884,0
VGN,5,20250711,093500,0.17462,0.17462,0.17462,0.17462,9735.4497355,0
VGN,5,20250711,094000,0.17462,0.17462,0.17462,0.17462,19470.899471,0
VGN,5,20250711,100000,0.17462,0.17462,0.17462,0.17462,9735.4497355,0
VGN,5,20250711,102000,0.17462,0.17462,0.17462,0.17462,9735.4497355,0
VGN,5,20250711,102500,0.175647,0.175647,0.175647,0.175647,9735.4497355,0
VGN,5,20250711,113500,0.184891,0.184891,0.184891,0.184891,128.5079365086,0
VGN,5,20250711,120000,0.184891,0.184891,0.184891,0.184891,19694.8148149165,0
VGN,5,20250711,123000,0.176674,0.184891,0.176674,0.184891,5841.2698413,0
VGN,5,20250711,145000,0.17462,0.17462,0.17462,0.17462,778.83597884,0
VGN,5,20250714,090000,0.183864,0.183864,0.183864,0.183864,38941.798942,0
VGN,5,20250714,094500,0.182837,0.183864,0.182837,0.183864,1090.370370376,0
VGN,5,20250714,095500,0.183864,0.183864,0.183864,0.183864,5724.444444474,0
VGN,5,20250714,101500,0.183864,0.183864,0.183864,0.183864,7231.4920635294,0
VGN,5,20250714,105000,0.180783,0.180783,0.180783,0.180783,54.5185185188,0
VGN,5,20250714,131000,0.180783,0.180783,0.180783,0.180783,15522.2010582812,0
VGN,5,20250714,131500,0.187973,0.189,0.187973,0.189,1113.7354497412,0
VGN,5,20250714,142500,0.187973,0.187973,0.187973,0.187973,181.0793650803,0
VGN,5,20250714,143000,0.187973,0.189,0.187973,0.189,3894.1798942,0
VGN,5,20250714,144000,0.186946,0.186946,0.185918,0.185918,2038.6031746137,0
VGN,5,20250714,153500,0.191054,0.195163,0.189,0.195163,2920.63492065,0
VGN,5,20250715,092500,0.194136,0.194136,0.194136,0.194136,62.3068783072,0
VGN,5,20250715,093500,0.195163,0.195163,0.195163,0.195163,43965.291005518004,0
VGN,5,20250715,095000,0.195163,0.195163,0.195163,0.195163,5841.2698413,0
VGN,5,20250715,100500,0.195163,0.195163,0.195163,0.195163,1791.322751332,0
VGN,5,20250715,101500,0.19619,0.19619,0.19619,0.19619,194.70899471,0
VGN,5,20250715,105000,0.19619,0.19619,0.19619,0.19619,20446.3915344971,0
VGN,5,20250715,113500,0.197217,0.197217,0.197217,0.197217,194.70899471,0
VGN,5,20250715,135500,0.182837,0.182837,0.182837,0.182837,2628.571428585,0
VGN,5,20250715,152500,0.197217,0.197217,0.197217,0.197217,389.41798942,0
VGN,5,20250715,153500,0.197217,0.199272,0.197217,0.197217,3175.7037037201003,0
VGN,5,20250715,154000,0.199272,0.202353,0.199272,0.202353,872.2962963008,0
VGN,5,20250715,164500,0.205435,0.205435,0.205435,0.205435,19470.899471,0
VGN,5,20250716,090000,0.205435,0.213652,0.205435,0.212625,5551.153439182101,0
VGN,5,20250716,095000,0.205435,0.205435,0.200299,0.200299,973.54497355,0
VGN,5,20250716,100000,0.213652,0.213652,0.200299,0.200299,292.063492065,0
VGN,5,20250716,102500,0.200299,0.200299,0.195163,0.195163,1045.5873015927,0
VGN,5,20250716,103000,0.191054,0.191054,0.186946,0.186946,18483.7248678203,0
VGN,5,20250716,105500,0.200299,0.200299,0.200299,0.200299,52.571428571700004,0
VGN,5,20250716,110000,0.200299,0.208516,0.200299,0.208516,7788.3597884,0
VGN,5,20250716,113500,0.209543,0.209543,0.207489,0.207489,1947.0899471,0
VGN,5,20250716,114000,0.210571,0.210571,0.210571,0.210571,1623.8730158814,0
VGN,5,20250716,115000,0.210571,0.210571,0.210571,0.210571,1090.370370376,0
VGN,5,20250716,115500,0.210571,0.210571,0.195163,0.195163,3894.1798942,0
VGN,5,20250716,122000,0.211598,0.211598,0.211598,0.211598,292.063492065,0
VGN,5,20250716,135000,0.195163,0.195163,0.192082,0.192082,231.7037037049,0
VGN,5,20250716,141500,0.211598,0.213652,0.211598,0.213652,2628.571428585,0
VGN,5,20250716,142500,0.213652,0.213652,0.213652,0.213652,1265.6084656150001,0
VGN,5,20250716,143000,0.214679,0.214679,0.214679,0.214679,292.063492065,0
VGN,5,20250716,143500,0.20338,0.20338,0.192082,0.192082,5841.2698413,0
VGN,5,20250716,145500,0.213652,0.213652,0.213652,0.213652,194.70899471,0
VGN,5,20250716,164500,0.211598,0.211598,0.211598,0.211598,3736.4656084849003,0
VGN,5,20250717,091500,0.205435,0.205435,0.193109,0.193109,5451.85185188,0
VGN,5,20250717,093500,0.205435,0.205435,0.205435,0.205435,621.1216931249,0
VGN,5,20250717,105500,0.195163,0.195163,0.195163,0.195163,3310.05291007,0
VGN,5,20250717,120500,0.19619,0.19619,0.19619,0.19619,1325.9682539751,0
VGN,5,20250717,122000,0.213652,0.213652,0.210571,0.210571,3894.1798942,0
VGN,5,20250717,123000,0.200299,0.200299,0.200299,0.200299,673.6931216966,0
VGN,5,20250717,132500,0.201326,0.212625,0.197217,0.212625,2297.566137578,0
VGN,5,20250717,133500,0.201326,0.201326,0.195163,0.195163,5841.2698413,0
VGN,5,20250717,162500,0.210571,0.210571,0.210571,0.210571,183.0264550274,0
VGN,5,20250717,163000,0.208516,0.208516,0.193109,0.193109,1265.6084656150001,0
VGN,5,20250717,164000,0.210571,0.210571,0.210571,0.210571,350.47619047800004,0
VGN,5,20250718,104500,0.210571,0.210571,0.210571,0.210571,136.296296297,0
VGN,5,20250718,111500,0.210571,0.211598,0.210571,0.211598,389.41798942,0
VGN,5,20250718,124000,0.211598,0.213652,0.210571,0.213652,14603.17460325,0
VGN,5,20250718,144000,0.213652,0.213652,0.213652,0.213652,97.354497355,0
VGN,5,20250718,155500,0.213652,0.213652,0.213652,0.213652,10708.99470905,0
VGN,5,20250721,092000,0.213652,0.213652,0.213652,0.213652,58.412698413,0
VGN,5,20250721,104500,0.212625,0.212625,0.212625,0.212625,292.063492065,0
VGN,5,20250721,110000,0.212625,0.212625,0.212625,0.212625,194.70899471,0
VGN,5,20250721,125000,0.208516,0.208516,0.20338,0.20338,194.70899471,0
VGN,5,20250721,141500,0.212625,0.213652,0.212625,0.213652,584.12698413,0
VGN,5,20250721,143500,0.212625,0.213652,0.212625,0.213652,1168.25396826,0
VGN,5,20250721,152000,0.213652,0.214679,0.213652,0.214679,7204.23280427,0
VGN,5,20250721,153500,0.214679,0.214679,0.214679,0.214679,486.772486775,0
VGN,5,20250721,154500,0.212625,0.212625,0.20338,0.20338,5432.380952409,0
VGN,5,20250722,090500,0.213652,0.213652,0.202353,0.202353,194.70899471,0
VGN,5,20250722,102000,0.213652,0.213652,0.213652,0.213652,194.70899471,0
VGN,5,20250722,104000,0.213652,0.213652,0.213652,0.213652,97.354497355,0
VGN,5,20250722,140500,0.206462,0.212625,0.20338,0.212625,2784.338624353,0
VGN,5,20250722,143000,0.212625,0.212625,0.212625,0.212625,2141.79894181,0
VGN,5,20250723,090000,0.212625,0.212625,0.212625,0.212625,58.412698413,0
VGN,5,20250723,102000,0.211598,0.211598,0.211598,0.211598,973.54497355,0
VGN,5,20250723,113000,0.212625,0.212625,0.212625,0.212625,48.6772486775,0
VGN,5,20250723,123000,0.209543,0.213652,0.20338,0.213652,2817.4391534537,0
VGN,5,20250723,141000,0.213652,0.215707,0.213652,0.215707,15576.7195768,0
VGN,5,20250723,162000,0.215707,0.215707,0.215707,0.215707,21336.2116403218,0
VGN,5,20250723,163000,0.214679,0.214679,0.205435,0.205435,3894.1798942,0
VGN,5,20250723,164500,0.215707,0.215707,0.215707,0.215707,218.0740740752,0
VGN,5,20250724,095000,0.215707,0.216734,0.215707,0.216734,14093.0370371098,0
VGN,5,20250724,100500,0.22187,0.22187,0.217761,0.217761,105.14285714340001,0
VGN,5,20250724,101000,0.217761,0.217761,0.217761,0.217761,973.54497355,0
VGN,5,20250724,101500,0.217761,0.217761,0.217761,0.217761,8656.7619048066,0
VGN,5,20250724,102000,0.225978,0.227005,0.225978,0.227005,4867.72486775,0
VGN,5,20250724,103500,0.220842,0.220842,0.211598,0.211598,1947.0899471,0
VGN,5,20250724,104500,0.217761,0.217761,0.213652,0.213652,97.354497355,0
VGN,5,20250724,110500,0.225978,0.225978,0.225978,0.225978,44.7830687833,0
VGN,5,20250724,111000,0.220842,0.220842,0.215707,0.215707,146.0317460325,0
VGN,5,20250724,112500,0.225978,0.22906,0.225978,0.22906,28232.804232950002,0
VGN,5,20250724,121000,0.22187,0.22187,0.217761,0.217761,48.6772486775,0
VGN,5,20250724,123000,0.22906,0.231114,0.22906,0.231114,12656.08465615,0
VGN,5,20250724,125000,0.231114,0.231114,0.231114,0.231114,9126.010582057701,0
VGN,5,20250724,132000,0.23625,0.241386,0.23625,0.241386,23248.253968374,0
VGN,5,20250724,132500,0.242413,0.242413,0.242413,0.242413,973.54497355,0
VGN,5,20250724,133000,0.242413,0.24344,0.242413,0.242413,17424.5079365979,0
VGN,5,20250724,133500,0.242413,0.244467,0.241386,0.241386,12539.259259324,0
VGN,5,20250724,134500,0.241386,0.248576,0.241386,0.248576,19256.719576819,0
VGN,5,20250724,135000,0.235223,0.235223,0.22187,0.22187,720.423280427,0
VGN,5,20250724,135500,0.247549,0.247549,0.247549,0.247549,194.70899471,0
VGN,5,20250724,140000,0.225978,0.247549,0.223924,0.247549,27823.915344059,0
VGN,5,20250724,141000,0.247549,0.247549,0.247549,0.247549,1168.25396826,0
VGN,5,20250724,141500,0.247549,0.248576,0.247549,0.247549,1314.2857142925,0
VGN,5,20250724,143500,0.24344,0.247549,0.24344,0.246522,5841.2698413,0
VGN,5,20250724,150000,0.240359,0.246522,0.240359,0.246522,116.825396826,0
VGN,5,20250724,160000,0.234196,0.246522,0.234196,0.240359,1518.730158738,0
VGN,5,20250724,161500,0.22906,0.246522,0.228033,0.246522,15771.42857151,0
VGN,5,20250724,162000,0.231114,0.231114,0.231114,0.231114,9735.4497355,0
VGN,5,20250724,162500,0.246522,0.246522,0.246522,0.246522,97.354497355,0
VGN,5,20250724,164000,0.246522,0.248576,0.246522,0.248576,19470.899471,0
VGN,5,20250725,090000,0.249603,0.249603,0.245495,0.249603,7946.0740741151,0
VGN,5,20250725,091000,0.251658,0.253712,0.251658,0.253712,97.354497355,0
VGN,5,20250725,092500,0.25063,0.253712,0.25063,0.252685,3017.989418005,0
VGN,5,20250725,094500,0.248576,0.248576,0.248576,0.248576,7591.7037037429,0
VGN,5,20250725,095000,0.245495,0.245495,0.245495,0.245495,97.354497355,0
VGN,5,20250725,100000,0.246522,0.253712,0.246522,0.253712,3504.76190478,0
VGN,5,20250725,110000,0.23625,0.23625,0.234196,0.234196,1168.25396826,0
VGN,5,20250725,111000,0.247549,0.248576,0.247549,0.248576,194.70899471,0
VGN,5,20250725,134500,0.244467,0.247549,0.244467,0.247549,3627.4285714473,0
VGN,5,20250725,135500,0.247549,0.247549,0.247549,0.247549,5.8412698413,0
VGN,5,20250725,143000,0.247549,0.247549,0.247549,0.247549,3.8941798942,0
VGN,5,20250725,144500,0.248576,0.248576,0.248576,0.248576,97.354497355,0
VGN,5,20250725,145000,0.247549,0.247549,0.247549,0.247549,743.7883597922,0
VGN,5,20250725,153500,0.235223,0.235223,0.231114,0.231114,1557.67195768,0
VGN,5,20250725,164500,0.245495,0.247549,0.230087,0.246522,2930.3703703855,0
VGN,5,20250728,092000,0.246522,0.246522,0.246522,0.246522,48.6772486775,0
VGN,5,20250728,100000,0.246522,0.246522,0.246522,0.246522,584.12698413,0
VGN,5,20250728,115500,0.241386,0.241386,0.241386,0.241386,97.354497355,0
VGN,5,20250728,121500,0.231114,0.231114,0.224951,0.224951,3310.05291007,0
VGN,5,20250728,144000,0.237277,0.237277,0.237277,0.237277,194.70899471,0
VGN,5,20250728,155500,0.224951,0.224951,0.224951,0.224951,93.4603174608,0
VGN,5,20250728,165500,0.234196,0.234196,0.234196,0.234196,815.8306878349,0
VGN,5,20250729,090500,0.223924,0.223924,0.223924,0.223924,12169.312169375,0
VGN,5,20250729,093000,0.223924,0.223924,0.217761,0.217761,11682.5396826,0
VGN,5,20250729,093500,0.217761,0.217761,0.216734,0.216734,16219.259259343,0
VGN,5,20250729,094000,0.216734,0.216734,0.210571,0.210571,38941.798942,0
VGN,5,20250729,094500,0.210571,0.210571,0.209543,0.210571,19470.899471,0
VGN,5,20250729,101000,0.212625,0.212625,0.209543,0.209543,584.12698413,0
VGN,5,20250729,101500,0.22187,0.22187,0.22187,0.22187,101.2486772492,0
VGN,5,20250729,103500,0.22187,0.22187,0.22187,0.22187,389.41798942,0
VGN,5,20250729,104000,0.219815,0.219815,0.219815,0.219815,5510.264550293,0
VGN,5,20250729,111000,0.219815,0.219815,0.219815,0.219815,66.2010582014,0
VGN,5,20250729,123000,0.219815,0.219815,0.219815,0.219815,97.354497355,0
VGN,5,20250729,132500,0.220842,0.220842,0.220842,0.220842,194.70899471,0
VGN,5,20250729,134500,0.219815,0.219815,0.219815,0.219815,12759.280423346301,0
VGN,5,20250729,141500,0.219815,0.22187,0.219815,0.22187,1230.5608465672,0
VGN,5,20250729,160000,0.212625,0.212625,0.209543,0.209543,5375.9153439431,0
VGN,5,20250729,160500,0.209543,0.209543,0.209543,0.209543,1618.0317460401,0
VGN,5,20250729,164500,0.22187,0.22187,0.22187,0.22187,389.41798942,0
VGN,5,20250730,103500,0.212625,0.212625,0.208516,0.209543,19470.899471,0
VGN,5,20250730,104000,0.208516,0.208516,0.205435,0.205435,17523.8095239,0
VGN,5,20250730,104500,0.206462,0.206462,0.205435,0.205435,21417.9894181,0
VGN,5,20250730,151000,0.215707,0.215707,0.215707,0.215707,3894.1798942,0
VGN,5,20250730,151500,0.215707,0.215707,0.215707,0.215707,5062.4338624600005,0
VGN,5,20250730,164500,0.219815,0.219815,0.219815,0.219815,1947.0899471,0
VGN,5,20250731,094500,0.217761,0.217761,0.217761,0.217761,389.41798942,0
VGN,5,20250731,111500,0.217761,0.217761,0.217761,0.217761,2823.280423295,0
VGN,5,20250731,114000,0.208516,0.208516,0.206462,0.206462,11682.5396826,0
VGN,5,20250731,121000,0.217761,0.217761,0.217761,0.217761,48.6772486775,0
VGN,5,20250731,122000,0.207489,0.207489,0.206462,0.206462,8177.777777820001,0
VGN,5,20250731,131000,0.217761,0.217761,0.217761,0.217761,272.592592594,0
VGN,5,20250731,134000,0.206462,0.217761,0.20338,0.217761,4380.952380975,0
VGN,5,20250731,135500,0.215707,0.215707,0.215707,0.215707,389.41798942,0
VGN,5,20250731,163500,0.201326,0.201326,0.201326,0.201326,7788.3597884,0
VGN,5,20250731,164000,0.210571,0.210571,0.210571,0.210571,973.54497355,0
VGN,5,20250801,101000,0.210571,0.210571,0.210571,0.210571,204.4444444455,0
VGN,5,20250801,143500,0.210571,0.210571,0.210571,0.210571,973.54497355,0
VGN,5,20250801,160500,0.20338,0.20338,0.202353,0.202353,3886.3915344116,0
VGN,5,20250801,164500,0.210571,0.210571,0.210571,0.210571,19.470899471,0
VGN,5,20250804,090000,0.210571,0.210571,0.210571,0.210571,155.767195768,0
VGN,5,20250804,091000,0.199272,0.199272,0.195163,0.195163,9735.4497355,0
VGN,5,20250804,091500,0.19619,0.19619,0.19619,0.19619,9735.4497355,0
VGN,5,20250804,100000,0.205435,0.205435,0.205435,0.205435,309.5873015889,0
VGN,5,20250804,102000,0.19619,0.19619,0.190027,0.190027,6620.10582014,0
VGN,5,20250804,103000,0.187973,0.187973,0.187973,0.187973,9735.4497355,0
VGN,5,20250804,110500,0.190027,0.205435,0.184891,0.205435,23086.6455027647,0
VGN,5,20250804,111000,0.205435,0.205435,0.205435,0.205435,1968.5079365181,0
VGN,5,20250804,125000,0.191054,0.200299,0.191054,0.200299,340.7407407425,0
VGN,5,20250804,131000,0.191054,0.191054,0.185918,0.185918,24533.33333346,0
VGN,5,20250804,132500,0.198245,0.198245,0.198245,0.198245,3035.5132275289,0
VGN,5,20250804,133500,0.198245,0.198245,0.198245,0.198245,3954.5396825601,0
VGN,5,20250804,141000,0.199272,0.200299,0.199272,0.200299,815.8306878349,0
VGN,5,20250804,164500,0.200299,0.200299,0.200299,0.200299,15461.8412699211,0
VGN,5,20250805,090000,0.205435,0.205435,0.205435,0.205435,774.9417989458,0
VGN,5,20250805,091500,0.205435,0.205435,0.205435,0.205435,389.41798942,0
VGN,5,20250805,122000,0.200299,0.200299,0.200299,0.200299,290.1164021179,0
VGN,5,20250805,123000,0.200299,0.200299,0.200299,0.200299,11392.4232804821,0
VGN,5,20250805,130000,0.200299,0.200299,0.200299,0.200299,3210.7513227679,0
VGN,5,20250805,150000,0.204408,0.204408,0.204408,0.204408,389.41798942,0
VGN,5,20250806,120500,0.20338,0.20338,0.20338,0.20338,389.41798942,0
VGN,5,20250806,121000,0.20338,0.20338,0.20338,0.20338,144.0846560854,0
VGN,5,20250806,153000,0.187973,0.187973,0.17462,0.17462,74061.4603178427,0
VGN,5,20250806,162000,0.18181,0.182837,0.18181,0.182837,23365.0793652,0
VGN,5,20250806,162500,0.182837,0.182837,0.182837,0.182837,77.883597884,0
VGN,5,20250806,163000,0.182837,0.185918,0.182837,0.185918,1518.730158738,0
VGN,5,20250807,090500,0.179755,0.179755,0.179755,0.179755,2336.50793652,0
VGN,5,20250807,095000,0.187973,0.187973,0.187973,0.187973,3615.7460317647,0
VGN,5,20250807,102500,0.187973,0.187973,0.187973,0.187973,1947.0899471,0
VGN,5,20250807,110500,0.186946,0.186946,0.186946,0.186946,5237.671957699,0
VGN,5,20250807,131000,0.191054,0.191054,0.191054,0.191054,64.2539682543,0
VGN,5,20250807,153500,0.190027,0.191054,0.190027,0.191054,5477.1640211923,0
VGN,5,20250808,091500,0.189,0.189,0.189,0.189,3894.1798942,0
VGN,5,20250808,102000,0.189,0.189,0.189,0.189,607.4920634952,0
VGN,5,20250808,111500,0.182837,0.182837,0.17462,0.17462,52571.4285717,0
VGN,5,20250808,131000,0.185918,0.189,0.185918,0.189,584.12698413,0
VGN,5,20250808,152500,0.189,0.190027,0.186946,0.190027,9735.4497355,0
VGN,5,20250808,153000,0.190027,0.191054,0.190027,0.191054,9735.4497355,0
VGN,5,20250811,090000,0.194136,0.194136,0.194136,0.194136,790.5185185226001,0
VGN,5,20250811,120000,0.193109,0.193109,0.193109,0.193109,973.54497355,0
VGN,5,20250811,120500,0.194136,0.194136,0.194136,0.194136,467.301587304,0
VGN,5,20250811,123000,0.194136,0.194136,0.194136,0.194136,4583.4497354734,0
VGN,5,20250811,131000,0.19619,0.197217,0.19619,0.19619,9735.4497355,0
VGN,5,20250811,132000,0.197217,0.197217,0.180783,0.180783,3167.9153439317,0
VGN,5,20250811,133000,0.180783,0.180783,0.180783,0.180783,1557.67195768,0
VGN,5,20250811,164500,0.192082,0.192082,0.192082,0.192082,52.571428571700004,0
VGN,5,20250812,091000,0.180783,0.180783,0.180783,0.180783,1.9470899471,0
VGN,5,20250812,094000,0.190027,0.190027,0.190027,0.190027,560.7619047648,0
VGN,5,20250812,142500,0.182837,0.182837,0.175647,0.18181,14949.7566138338,0
VGN,5,20250812,143000,0.17462,0.17462,0.17462,0.17462,4521.1428571662,0
VGN,5,20250812,143500,0.184891,0.184891,0.184891,0.184891,56.465608465900004,0
VGN,5,20250812,163500,0.180783,0.180783,0.180783,0.180783,681.481481485,0
VGN,5,20250812,164500,0.184891,0.184891,0.184891,0.184891,54.5185185188,0
VGN,5,20250813,090000,0.183864,0.183864,0.183864,0.183864,1631.6613756698,0
VGN,5,20250813,095000,0.183864,0.183864,0.183864,0.183864,551.0264550293,0
VGN,5,20250813,102500,0.18181,0.18181,0.18181,0.18181,280.3809523824,0
VGN,5,20250813,114500,0.18181,0.18181,0.176674,0.176674,7231.4920635294,0
VGN,5,20250813,115000,0.182837,0.182837,0.182837,0.182837,486.772486775,0
VGN,5,20250813,134000,0.182837,0.182837,0.182837,0.182837,290.1164021179,0
VGN,5,20250813,135000,0.18181,0.184891,0.18181,0.184891,1869.206349216,0
VGN,5,20250813,145000,0.184891,0.184891,0.184891,0.184891,957.9682539732,0
VGN,5,20250813,152500,0.185918,0.191054,0.185918,0.191054,2840.8042328189,0
VGN,5,20250813,154000,0.184891,0.184891,0.184891,0.184891,989.1216931268,0
VGN,5,20250813,155000,0.184891,0.184891,0.184891,0.184891,1931.5132275232002,0
VGN,5,20250813,162500,0.184891,0.190027,0.184891,0.190027,3715.0476190668,0
VGN,5,20250814,091000,0.184891,0.184891,0.184891,0.184891,2920.63492065,0
VGN,5,20250814,091500,0.184891,0.184891,0.184891,0.184891,1947.0899471,0
VGN,5,20250814,092000,0.186946,0.186946,0.186946,0.186946,292.063492065,0
VGN,5,20250814,093000,0.186946,0.186946,0.186946,0.186946,165.5026455035,0
VGN,5,20250814,121500,0.186946,0.186946,0.186946,0.186946,175.23809523900002,0
VGN,5,20250814,130500,0.186946,0.194136,0.186946,0.194136,5257.14285717,0
VGN,5,20250818,091500,0.194136,0.194136,0.194136,0.194136,17.5238095239,0
VGN,5,20250818,092500,0.198245,0.198245,0.198245,0.198245,52.571428571700004,0
VGN,5,20250818,095000,0.184891,0.184891,0.18181,0.18181,4001.2698412905,0
VGN,5,20250818,165500,0.189,0.189,0.189,0.189,1158.5185185245,0
VGN,5,20250819,090000,0.18181,0.18181,0.18181,0.18181,8080.423280465,0
VGN,5,20250819,131500,0.183864,0.183864,0.18181,0.18181,19470.899471,0
VGN,5,20250819,140000,0.192082,0.192082,0.192082,0.192082,194.70899471,0
VGN,5,20250820,092500,0.189,0.189,0.189,0.189,973.54497355,0
VGN,5,20250820,093000,0.189,0.189,0.189,0.189,4867.72486775,0
VGN,5,20250820,093500,0.182837,0.182837,0.179755,0.179755,11885.0370370984,0
VGN,5,20250820,104500,0.179755,0.179755,0.179755,0.179755,2920.63492065,0
VGN,5,20250820,120000,0.187973,0.187973,0.187973,0.187973,597.7566137597,0
VGN,5,20250820,134000,0.182837,0.182837,0.182837,0.182837,681.481481485,0
VGN,5,20250820,152000,0.187973,0.190027,0.187973,0.190027,17389.4603175501,0
VGN,5,20250820,152500,0.190027,0.190027,0.190027,0.190027,9869.7989418499,0
VGN,5,20250821,095000,0.197217,0.197217,0.197217,0.197217,379.6825396845,0
VGN,5,20250821,095500,0.197217,0.198245,0.197217,0.198245,963.8095238145,0
VGN,5,20250821,102500,0.197217,0.197217,0.197217,0.197217,19470.899471,0
VGN,5,20250821,104000,0.198245,0.200299,0.198245,0.200299,1577.142857151,0
VGN,5,20250821,113500,0.201326,0.201326,0.201326,0.201326,4083.0476190687,0
VGN,5,20250821,114500,0.200299,0.200299,0.195163,0.195163,29260.8677250188,0
VGN,5,20250821,124000,0.202353,0.202353,0.195163,0.195163,2030.8148148253001,0
VGN,5,20250821,124500,0.202353,0.202353,0.202353,0.202353,194.70899471,0
VGN,5,20250821,130000,0.192082,0.192082,0.185918,0.185918,963.8095238145,0
VGN,5,20250821,133500,0.202353,0.202353,0.202353,0.202353,983.2804232855,0
VGN,5,20250821,141500,0.20338,0.20338,0.20338,0.20338,467.301587304,0
VGN,5,20250821,161500,0.201326,0.201326,0.190027,0.190027,389.41798942,0
VGN,5,20250821,165500,0.20338,0.20338,0.20338,0.20338,858.6666666711001,0
VGN,5,20250822,091000,0.200299,0.204408,0.200299,0.204408,5646.56084659,0
VGN,5,20250822,100000,0.204408,0.204408,0.204408,0.204408,194.70899471,0
VGN,5,20250822,114500,0.20338,0.20338,0.20338,0.20338,311.534391536,0
VGN,5,20250822,120500,0.200299,0.200299,0.200299,0.200299,19470.899471,0
VGN,5,20250822,121500,0.191054,0.191054,0.191054,0.191054,1.9470899471,0
VGN,5,20250822,123500,0.20338,0.20338,0.20338,0.20338,2048.3386243492,0
VGN,5,20250822,130000,0.193109,0.193109,0.193109,0.193109,5841.2698413,0
VGN,5,20250822,142000,0.200299,0.200299,0.200299,0.200299,194.70899471,0
VGN,5,20250825,093000,0.200299,0.200299,0.200299,0.200299,58.412698413,0
VGN,5,20250825,125000,0.200299,0.200299,0.200299,0.200299,584.12698413,0
VGN,5,20250826,092500,0.19619,0.19619,0.19619,0.19619,52.571428571700004,0
VGN,5,20250826,093500,0.193109,0.193109,0.191054,0.191054,5841.2698413,0
VGN,5,20250826,105500,0.192082,0.195163,0.191054,0.195163,6396.1904762235,0
VGN,5,20250826,133500,0.190027,0.190027,0.190027,0.190027,4478.3068783300005,0
VGN,5,20250826,145000,0.190027,0.190027,0.190027,0.190027,973.54497355,0
VGN,5,20250826,152500,0.192082,0.192082,0.192082,0.192082,3004.3597883753,0
VGN,5,20250826,155000,0.192082,0.192082,0.192082,0.192082,16466.5396826247,0
VGN,5,20250827,092000,0.193109,0.193109,0.193109,0.193109,389.41798942,0
VGN,5,20250827,093500,0.194136,0.195163,0.194136,0.195163,6814.81481485,0
VGN,5,20250827,113500,0.195163,0.195163,0.195163,0.195163,521.8201058228,0
VGN,5,20250827,130000,0.195163,0.19619,0.195163,0.19619,691.2169312205,0
VGN,5,20250827,131500,0.19619,0.198245,0.19619,0.198245,340.7407407425,0
VGN,5,20250827,141000,0.193109,0.193109,0.193109,0.193109,15380.063492142901,0
VGN,5,20250827,160000,0.198245,0.199272,0.198245,0.199272,681.481481485,0
VGN,5,20250827,162000,0.198245,0.199272,0.198245,0.199272,5841.2698413,0
VGN,5,20250827,163000,0.199272,0.20338,0.199272,0.20338,934.603174608,0
VGN,5,20250828,102500,0.190027,0.190027,0.190027,0.190027,632.8042328075001,0
VGN,5,20250828,114500,0.20338,0.20338,0.20338,0.20338,194.70899471,0
VGN,5,20250828,162000,0.200299,0.200299,0.200299,0.200299,1947.0899471,0
VGN,5,20250829,092500,0.198245,0.198245,0.198245,0.198245,973.54497355,0
VGN,5,20250829,105000,0.198245,0.199272,0.198245,0.199272,1119.5767195825001,0
VGN,5,20250829,105500,0.199272,0.20338,0.199272,0.20338,12543.1534392182,0
VGN,5,20250829,124000,0.20338,0.20338,0.20338,0.20338,3894.1798942,0
VGN,5,20250829,145500,0.193109,0.193109,0.193109,0.193109,973.54497355,0
VGN,5,20250829,150000,0.192082,0.192082,0.179755,0.179755,21476.402116513,0
VGN,5,20250829,150500,0.199272,0.199272,0.199272,0.199272,305.6931216947,0
VGN,5,20250901,093500,0.198245,0.198245,0.198245,0.198245,58.412698413,0
VGN,5,20250901,100000,0.19619,0.19619,0.19619,0.19619,101.2486772492,0
VGN,5,20250901,120000,0.195163,0.195163,0.195163,0.195163,973.54497355,0
VGN,5,20250901,134000,0.19619,0.19619,0.19619,0.19619,325.16402116570003,0
VGN,5,20250901,145500,0.186946,0.186946,0.179755,0.179755,8870.9417989876,0
VGN,5,20250901,155500,0.18181,0.18181,0.180783,0.180783,644.4867724901001,0
VGN,5,20250901,164500,0.194136,0.194136,0.194136,0.194136,1489.5238095315,0
VGN,5,20250902,093500,0.194136,0.194136,0.194136,0.194136,58.412698413,0
VGN,5,20250902,104000,0.184891,0.184891,0.184891,0.184891,525.714285717,0
VGN,5,20250902,141000,0.192082,0.192082,0.192082,0.192082,543.2380952409001,0
VGN,5,20250903,091500,0.192082,0.192082,0.192082,0.192082,58.412698413,0
VGN,5,20250903,150000,0.186946,0.186946,0.186946,0.186946,973.54497355,0
VGN,5,20250903,154500,0.185918,0.185918,0.185918,0.185918,913.1851851899,0
VGN,5,20250903,162000,0.184891,0.184891,0.184891,0.184891,389.41798942,0
VGN,5,20250904,093000,0.190027,0.190027,0.179755,0.179755,8878.730158776,0
VGN,5,20250904,093500,0.186946,0.189,0.186946,0.189,2620.7830687966,0
VGN,5,20250904,094500,0.189,0.189,0.189,0.189,8016.1693122107,0
VGN,5,20250904,095500,0.189,0.189,0.189,0.189,778.83597884,0
VGN,5,20250904,104500,0.189,0.189,0.189,0.189,772.9947089987,0
VGN,5,20250904,110500,0.189,0.189,0.189,0.189,93.4603174608,0
VGN,5,20250904,122500,0.178728,0.178728,0.178728,0.178728,83.7248677253,0
VGN,5,20250904,153500,0.189,0.189,0.189,0.189,194.70899471,0
VGN,5,20250904,161500,0.184891,0.184891,0.184891,0.184891,973.54497355,0
VGN,5,20250904,163000,0.184891,0.184891,0.184891,0.184891,1635.555555564,0
VGN,5,20250904,164000,0.189,0.189,0.189,0.189,551.0264550293,0
VGN,5,20250905,090500,0.191054,0.191054,0.191054,0.191054,648.3809523843,0
VGN,5,20250905,125500,0.191054,0.194136,0.191054,0.194136,331.005291007,0
VGN,5,20250905,130500,0.194136,0.199272,0.194136,0.199272,1947.0899471,0
VGN,5,20250905,153500,0.198245,0.199272,0.198245,0.199272,1947.0899471,0
VGN,5,20250908,092500,0.198245,0.198245,0.198245,0.198245,58.412698413,0
VGN,5,20250908,094000,0.197217,0.197217,0.197217,0.197217,780.7830687871,0
VGN,5,20250908,100000,0.193109,0.193109,0.193109,0.193109,54.5185185188,0
VGN,5,20250908,102500,0.186946,0.186946,0.175647,0.175647,51410.962963228405,0
VGN,5,20250908,104500,0.177701,0.177701,0.177701,0.177701,3894.1798942,0
VGN,5,20250908,105000,0.177701,0.177701,0.168457,0.170511,32672.169312338,0
VGN,5,20250908,110000,0.171538,0.178728,0.170511,0.178728,14836.825396902,0
VGN,5,20250908,110500,0.177701,0.177701,0.176674,0.176674,5841.2698413,0
VGN,5,20250908,111500,0.175647,0.175647,0.175647,0.175647,973.54497355,0
VGN,5,20250908,114000,0.183864,0.184891,0.179755,0.184891,9735.4497355,0
VGN,5,20250908,115500,0.176674,0.176674,0.176674,0.176674,2920.63492065,0
VGN,5,20250908,123000,0.18181,0.18181,0.18181,0.18181,11332.063492122,0
VGN,5,20250908,124000,0.185918,0.185918,0.185918,0.185918,93.4603174608,0
VGN,5,20250908,163500,0.185918,0.187973,0.185918,0.187973,1947.0899471,0
VGN,5,20250909,090000,0.183864,0.183864,0.17462,0.17462,3894.1798942,0
VGN,5,20250909,091000,0.185918,0.189,0.185918,0.187973,3658.5820106009,0
VGN,5,20250909,093000,0.189,0.189,0.189,0.189,10383.8306878843,0
VGN,5,20250909,110000,0.175647,0.175647,0.175647,0.175647,973.54497355,0
VGN,5,20250909,111000,0.176674,0.176674,0.176674,0.176674,5.8412698413,0
VGN,5,20250909,111500,0.176674,0.176674,0.176674,0.176674,778.83597884,0
VGN,5,20250909,133000,0.187973,0.187973,0.187973,0.187973,486.772486775,0
VGN,5,20250909,151500,0.184891,0.187973,0.184891,0.187973,484.8253968279,0
VGN,5,20250909,153000,0.187973,0.187973,0.187973,0.187973,155.767195768,0
VGN,5,20250910,090000,0.176674,0.189,0.17462,0.189,15907.724867807001,0
VGN,5,20250910,090500,0.17462,0.17462,0.17462,0.17462,7788.3597884,0
VGN,5,20250910,091000,0.189,0.189,0.189,0.189,1947.0899471,0
VGN,5,20250910,093000,0.17462,0.17462,0.173592,0.173592,7788.3597884,0
VGN,5,20250910,093500,0.173592,0.173592,0.171538,0.171538,2075.5978836086,0
VGN,5,20250910,101000,0.185918,0.185918,0.185918,0.185918,599.7037037068001,0
VGN,5,20250910,114500,0.172565,0.172565,0.172565,0.172565,9735.4497355,0
VGN,5,20250910,132500,0.173592,0.173592,0.173592,0.173592,14213.75661383,0
VGN,5,20250910,145500,0.17462,0.17462,0.17462,0.17462,64.2539682543,0
VGN,5,20250910,153500,0.173592,0.173592,0.173592,0.173592,38.941798942,0
VGN,5,20250910,154000,0.173592,0.173592,0.172565,0.172565,1649.1851851937001,0
VGN,5,20250911,090000,0.184891,0.185918,0.184891,0.185918,7788.3597884,0
VGN,5,20250911,090500,0.185918,0.185918,0.185918,0.185918,8282.9206349634,0
VGN,5,20250911,100000,0.184891,0.184891,0.184891,0.184891,5841.2698413,0
VGN,5,20250911,105000,0.184891,0.187973,0.184891,0.187973,14221.5449736184,0
VGN,5,20250911,124500,0.189,0.189,0.189,0.189,194.70899471,0
VGN,5,20250911,143500,0.187973,0.187973,0.187973,0.187973,381.6296296316,0
VGN,5,20250911,163500,0.187973,0.189,0.187973,0.189,1947.0899471,0
VGN,5,20250917,131500,0.402,0.402,0.322,0.338,101153,0
VGN,5,20250917,132000,0.34,0.386,0.34,0.352,8962,0
VGN,5,20250917,132500,0.354,0.354,0.352,0.352,6945,0
VGN,5,20250917,133000,0.376,0.376,0.376,0.376,3052,0
VGN,5,20250917,133500,0.37,0.37,0.37,0.37,7165,0
VGN,5,20250917,134000,0.378,0.38,0.378,0.38,16768,0
VGN,5,20250917,134500,0.38,0.38,0.37,0.38,15482,0
VGN,5,20250917,135000,0.38,0.38,0.38,0.38,868,0
VGN,5,20250917,140000,0.372,0.372,0.37,0.37,23212,0
VGN,5,20250917,141500,0.37,0.37,0.358,0.358,11350,0
VGN,5,20250917,142000,0.356,0.356,0.352,0.352,3000,0
VGN,5,20250917,142500,0.374,0.402,0.374,0.402,45314,0
VGN,5,20250917,143000,0.4,0.402,0.4,0.402,22491,0
VGN,5,20250917,145000,0.396,0.402,0.38,0.402,17421,0
VGN,5,20250917,153500,0.4,0.402,0.4,0.402,21259,0
VGN,5,20250917,155000,0.402,0.402,0.402,0.402,5000,0
VGN,5,20250917,164500,0.402,0.402,0.402,0.402,24370,0
VGN,5,20250918,090000,0.402,0.402,0.38,0.38,7108,0
VGN,5,20250918,090500,0.38,0.38,0.374,0.374,970,0
VGN,5,20250918,091000,0.38,0.4,0.38,0.4,3669,0
VGN,5,20250918,092000,0.38,0.38,0.38,0.38,2027,0
VGN,5,20250918,092500,0.38,0.38,0.38,0.38,1000,0
VGN,5,20250918,093000,0.38,0.38,0.36,0.36,3200,0
VGN,5,20250918,094000,0.376,0.376,0.376,0.376,1046,0
VGN,5,20250918,094500,0.36,0.376,0.36,0.376,2500,0
VGN,5,20250918,095000,0.358,0.378,0.348,0.348,23455,0
VGN,5,20250918,095500,0.35,0.354,0.348,0.354,19700,0
VGN,5,20250918,100500,0.37,0.37,0.37,0.37,1000,0
VGN,5,20250918,101000,0.366,0.368,0.366,0.368,4060,0
VGN,5,20250918,101500,0.372,0.376,0.372,0.376,2683,0
VGN,5,20250918,102000,0.352,0.376,0.352,0.374,5180,0
VGN,5,20250918,102500,0.376,0.376,0.376,0.376,420,0
VGN,5,20250918,103000,0.376,0.376,0.37,0.37,5000,0
VGN,5,20250918,103500,0.37,0.37,0.37,0.37,3036,0
VGN,5,20250918,104500,0.366,0.366,0.34,0.34,10058,0
VGN,5,20250918,105000,0.36,0.36,0.36,0.36,100,0
VGN,5,20250918,105500,0.358,0.36,0.358,0.36,200,0
VGN,5,20250918,110500,0.35,0.36,0.35,0.36,2273,0
VGN,5,20250918,111500,0.35,0.35,0.35,0.35,8,0
VGN,5,20250918,113500,0.35,0.35,0.35,0.35,8050,0
VGN,5,20250918,114000,0.36,0.36,0.36,0.36,1000,0
VGN,5,20250918,115000,0.36,0.36,0.36,0.36,169,0
VGN,5,20250918,115500,0.36,0.36,0.36,0.36,160,0
VGN,5,20250918,121000,0.358,0.358,0.34,0.34,1334,0
VGN,5,20250918,122000,0.34,0.34,0.334,0.334,31234,0
VGN,5,20250918,123000,0.348,0.348,0.348,0.348,800,0
VGN,5,20250918,123500,0.34,0.34,0.34,0.34,2500,0
VGN,5,20250918,125500,0.332,0.34,0.332,0.34,760,0
VGN,5,20250918,132000,0.34,0.34,0.34,0.34,2000,0
VGN,5,20250918,132500,0.34,0.348,0.34,0.348,5670,0
VGN,5,20250918,134000,0.356,0.36,0.356,0.36,12004,0
VGN,5,20250918,134500,0.36,0.36,0.36,0.36,200,0
VGN,5,20250918,145000,0.346,0.36,0.346,0.36,2600,0
VGN,5,20250918,151000,0.344,0.344,0.344,0.344,338,0
VGN,5,20250918,160000,0.344,0.36,0.344,0.36,1100,0
VGN,5,20250918,163000,0.344,0.344,0.344,0.344,1550,0
VGN,5,20250918,163500,0.344,0.344,0.344,0.344,5470,0
VGN,5,20250918,165500,0.358,0.358,0.358,0.358,28,0
VGN,5,20250919,090000,0.334,0.378,0.334,0.378,900,0
VGN,5,20250919,090500,0.378,0.39,0.378,0.39,2300,0
VGN,5,20250919,112000,0.344,0.344,0.342,0.342,1106,0
VGN,5,20250919,114000,0.378,0.38,0.378,0.38,700,0
VGN,5,20250919,115000,0.352,0.352,0.336,0.336,31231,0
VGN,5,20250919,115500,0.336,0.348,0.332,0.348,15800,0
VGN,5,20250919,131500,0.35,0.35,0.35,0.35,556,0
VGN,5,20250919,145500,0.348,0.348,0.348,0.348,50,0
VGN,5,20250919,161000,0.35,0.35,0.35,0.35,100,0
VGN,5,20250922,090000,0.35,0.35,0.35,0.35,115,0
VGN,5,20250922,095000,0.35,0.35,0.35,0.35,5000,0
VGN,5,20250922,105000,0.338,0.338,0.312,0.32,5000,0
VGN,5,20250922,105500,0.312,0.348,0.306,0.348,5100,0
VGN,5,20250922,111000,0.308,0.308,0.308,0.308,100,0
VGN,5,20250922,112500,0.32,0.32,0.31,0.31,6400,0
VGN,5,20250922,113000,0.31,0.31,0.31,0.31,919,0
VGN,5,20250922,114500,0.344,0.344,0.308,0.308,7530,0
VGN,5,20250922,115000,0.344,0.344,0.344,0.344,1000,0
VGN,5,20250922,122500,0.312,0.312,0.3,0.3,15000,0
VGN,5,20250922,125000,0.338,0.338,0.338,0.338,63,0
VGN,5,20250922,125500,0.334,0.334,0.334,0.334,700,0
VGN,5,20250922,130000,0.334,0.334,0.334,0.334,100,0
VGN,5,20250922,132500,0.326,0.326,0.326,0.326,220,0
VGN,5,20250922,133000,0.298,0.298,0.298,0.298,220,0
VGN,5,20250922,134000,0.326,0.326,0.326,0.326,500,0
VGN,5,20250922,135000,0.326,0.328,0.326,0.328,2880,0
VGN,5,20250922,140500,0.328,0.328,0.328,0.328,40,0
VGN,5,20250922,141500,0.304,0.304,0.304,0.304,5000,0
VGN,5,20250922,143500,0.298,0.298,0.29,0.29,9379,0
VGN,5,20250922,144000,0.288,0.3,0.286,0.286,12590,0
VGN,5,20250922,144500,0.3,0.302,0.284,0.284,6422,0
VGN,5,20250922,145000,0.286,0.294,0.286,0.294,3950,0
VGN,5,20250922,145500,0.294,0.294,0.294,0.294,3400,0
VGN,5,20250922,150000,0.294,0.298,0.294,0.298,2000,0
VGN,5,20250922,150500,0.298,0.298,0.298,0.298,450,0
VGN,5,20250922,151000,0.298,0.298,0.296,0.296,3400,0
VGN,5,20250922,152500,0.296,0.296,0.296,0.296,100,0
VGN,5,20250922,153000,0.296,0.296,0.296,0.296,300,0
VGN,5,20250922,154000,0.296,0.296,0.296,0.296,1100,0
VGN,5,20250922,154500,0.298,0.3,0.298,0.3,6000,0
VGN,5,20250922,160000,0.3,0.3,0.3,0.3,2563,0
VGN,5,20250922,163500,0.3,0.3,0.3,0.3,1400,0
VGN,5,20250922,164000,0.304,0.304,0.304,0.304,40,0
VGN,5,20250922,164500,0.304,0.304,0.304,0.304,460,0
VGN,5,20250923,090000,0.318,0.318,0.318,0.318,5000,0
VGN,5,20250923,090500,0.32,0.32,0.318,0.32,1000,0
VGN,5,20250923,091000,0.32,0.32,0.314,0.32,2276,0
VGN,5,20250923,091500,0.304,0.32,0.292,0.32,3977,0
VGN,5,20250923,092000,0.32,0.338,0.308,0.324,229,0
VGN,5,20250923,092500,0.316,0.334,0.312,0.334,4870,0
VGN,5,20250923,093000,0.316,0.316,0.316,0.316,35,0
VGN,5,20250923,094000,0.312,0.312,0.292,0.292,535,0
VGN,5,20250923,094500,0.29,0.29,0.29,0.29,105,0
VGN,5,20250923,095500,0.326,0.326,0.326,0.326,500,0
VGN,5,20250923,100500,0.302,0.302,0.302,0.302,34,0
VGN,5,20250923,101000,0.29,0.29,0.29,0.29,500,0
VGN,5,20250923,101500,0.29,0.29,0.29,0.29,471,0
VGN,5,20250923,102000,0.296,0.296,0.29,0.29,500,0
VGN,5,20250923,103000,0.292,0.292,0.292,0.292,2060,0
VGN,5,20250923,103500,0.292,0.292,0.29,0.29,2500,0
VGN,5,20250923,110500,0.29,0.29,0.29,0.29,1477,0
VGN,5,20250923,112500,0.292,0.292,0.29,0.292,400,0
VGN,5,20250923,115500,0.292,0.292,0.29,0.292,3000,0
VGN,5,20250923,123500,0.324,0.324,0.324,0.324,100,0
VGN,5,20250923,130500,0.328,0.33,0.324,0.33,1000,0
VGN,5,20250923,131500,0.296,0.296,0.256,0.256,38500,0
VGN,5,20250923,132000,0.276,0.276,0.276,0.276,3778,0
VGN,5,20250923,132500,0.278,0.278,0.278,0.278,40,0
VGN,5,20250923,133000,0.278,0.278,0.278,0.278,2960,0
VGN,5,20250923,133500,0.292,0.292,0.292,0.292,42,0
VGN,5,20250923,134000,0.296,0.296,0.296,0.296,200,0
VGN,5,20250923,134500,0.296,0.296,0.296,0.296,600,0
VGN,5,20250923,135000,0.294,0.294,0.288,0.288,84,0
VGN,5,20250923,140000,0.282,0.282,0.282,0.282,42,0
VGN,5,20250923,142500,0.28,0.28,0.28,0.28,3542,0
VGN,5,20250923,144000,0.28,0.31,0.28,0.31,5000,0
VGN,5,20250923,144500,0.312,0.312,0.306,0.306,1084,0
VGN,5,20250923,145000,0.312,0.312,0.312,0.312,70,0
VGN,5,20250923,160000,0.294,0.294,0.282,0.282,1000,0
VGN,5,20250923,161000,0.302,0.302,0.302,0.302,128,0
VGN,5,20250923,162000,0.304,0.304,0.304,0.304,500,0
VGN,5,20250923,162500,0.304,0.304,0.27,0.27,29289,0
VGN,5,20250923,163000,0.27,0.27,0.27,0.27,10711,0
VGN,5,20250924,090000,0.298,0.298,0.298,0.298,50,0
VGN,5,20250924,091000,0.284,0.284,0.28,0.28,536,0
VGN,5,20250924,091500,0.28,0.298,0.28,0.298,1464,0
VGN,5,20250924,092000,0.298,0.3,0.28,0.28,11880,0
VGN,5,20250924,093500,0.3,0.302,0.3,0.302,1000,0
VGN,5,20250924,094000,0.29,0.302,0.284,0.302,13536,0
VGN,5,20250924,102500,0.298,0.3,0.298,0.3,15000,0
VGN,5,20250924,103500,0.294,0.294,0.272,0.272,1200,0
VGN,5,20250924,104000,0.29,0.29,0.29,0.29,3000,0
VGN,5,20250924,105000,0.272,0.298,0.27,0.298,14397,0
VGN,5,20250924,105500,0.298,0.298,0.262,0.262,300,0
VGN,5,20250924,110000,0.298,0.298,0.298,0.298,100,0
VGN,5,20250924,110500,0.298,0.298,0.298,0.298,500,0
VGN,5,20250924,151000,0.296,0.296,0.292,0.292,277,0
VGN,5,20250924,151500,0.29,0.29,0.286,0.286,155,0
VGN,5,20250924,152000,0.284,0.284,0.27,0.27,8606,0
VGN,5,20250924,163000,0.292,0.292,0.292,0.292,300,0
VGN,5,20250925,091500,0.29,0.29,0.29,0.29,177,0
VGN,5,20250925,094500,0.288,0.288,0.288,0.288,100,0
VGN,5,20250925,095000,0.272,0.272,0.272,0.272,3427,0
VGN,5,20250925,100500,0.272,0.272,0.272,0.272,750,0
VGN,5,20250925,101500,0.272,0.272,0.272,0.272,38,0
VGN,5,20250925,103500,0.27,0.272,0.27,0.272,5960,0
VGN,5,20250925,105000,0.272,0.272,0.272,0.272,38,0
VGN,5,20250925,132000,0.272,0.272,0.272,0.272,75,0
VGN,5,20250925,151000,0.272,0.272,0.272,0.272,200,0
VGN,5,20250925,154000,0.272,0.3,0.272,0.3,12000,0
VGN,5,20250925,160000,0.298,0.3,0.298,0.3,2000,0
VGN,5,20250926,094500,0.298,0.298,0.298,0.298,2750,0
VGN,5,20250926,125500,0.286,0.286,0.286,0.286,200,0
VGN,5,20250926,145500,0.286,0.296,0.286,0.296,500,0
VGN,5,20250926,163500,0.278,0.278,0.278,0.278,206,0
VGN,5,20250929,090000,0.278,0.278,0.278,0.278,13,0
VGN,5,20250929,090500,0.278,0.278,0.274,0.274,1850,0
VGN,5,20250929,092000,0.276,0.276,0.276,0.276,500,0
VGN,5,20250929,092500,0.274,0.274,0.274,0.274,127,0
VGN,5,20250929,093500,0.274,0.274,0.272,0.272,325,0
VGN,5,20250929,094000,0.276,0.276,0.276,0.276,30000,0
VGN,5,20250929,094500,0.272,0.272,0.272,0.272,50,0
VGN,5,20250929,095500,0.276,0.276,0.276,0.276,1000,0
VGN,5,20250929,102500,0.272,0.272,0.27,0.27,2390,0
VGN,5,20250929,112500,0.268,0.268,0.268,0.268,2167,0
VGN,5,20250929,124000,0.27,0.27,0.27,0.27,18000,0
VGN,5,20250929,141000,0.27,0.27,0.27,0.27,200,0
VGN,5,20250930,090000,0.266,0.266,0.266,0.266,10,0
VGN,5,20250930,093000,0.266,0.266,0.26,0.26,33580,0
VGN,5,20250930,100000,0.258,0.258,0.258,0.258,700,0
VGN,5,20250930,101500,0.258,0.258,0.25,0.25,3552,0
VGN,5,20250930,102500,0.248,0.248,0.248,0.248,20000,0
VGN,5,20250930,103500,0.248,0.248,0.24,0.244,42081,0
VGN,5,20250930,104000,0.244,0.258,0.24,0.24,23817,0
VGN,5,20250930,104500,0.236,0.236,0.236,0.236,7565,0
VGN,5,20250930,105000,0.236,0.24,0.236,0.24,14285,0
VGN,5,20250930,105500,0.234,0.24,0.23,0.24,27620,0
VGN,5,20250930,110000,0.24,0.24,0.24,0.24,4700,0
VGN,5,20250930,111500,0.24,0.25,0.24,0.25,502,0
VGN,5,20250930,113000,0.25,0.25,0.25,0.25,101,0
VGN,5,20250930,113500,0.25,0.25,0.25,0.25,200,0
VGN,5,20250930,120000,0.25,0.25,0.25,0.25,2135,0
VGN,5,20250930,120500,0.25,0.25,0.25,0.25,881,0
VGN,5,20250930,123000,0.25,0.25,0.25,0.25,50,0
VGN,5,20250930,140000,0.25,0.25,0.25,0.25,83,0
VGN,5,20250930,143000,0.25,0.25,0.25,0.25,10000,0
VGN,5,20250930,144500,0.25,0.258,0.25,0.258,11555,0
VGN,5,20250930,145000,0.258,0.258,0.258,0.258,1000,0
VGN,5,20250930,145500,0.258,0.258,0.258,0.258,100,0
VGN,5,20250930,152000,0.258,0.258,0.258,0.258,100,0
VGN,5,20250930,154000,0.258,0.26,0.258,0.26,6116,0
VGN,5,20250930,154500,0.266,0.266,0.266,0.266,3074,0
VGN,5,20250930,164000,0.266,0.266,0.266,0.266,100,0
VGN,5,20250930,165500,0.242,0.242,0.242,0.242,1111,0
VGN,5,20251001,091500,0.242,0.242,0.242,0.242,151,0
VGN,5,20251001,094500,0.258,0.258,0.258,0.258,1500,0
VGN,5,20251001,101000,0.258,0.258,0.258,0.258,290,0
VGN,5,20251001,101500,0.238,0.238,0.228,0.228,5621,0
VGN,5,20251001,102500,0.256,0.256,0.256,0.256,1000,0
VGN,5,20251001,104000,0.254,0.254,0.254,0.254,500,0
VGN,5,20251001,123000,0.254,0.254,0.254,0.254,46,0
VGN,5,20251001,131000,0.254,0.254,0.254,0.254,393,0
VGN,5,20251001,131500,0.244,0.244,0.244,0.244,70,0
VGN,5,20251001,134500,0.254,0.256,0.254,0.256,1448,0
VGN,5,20251001,153000,0.254,0.254,0.254,0.254,83,0
VGN,5,20251001,154000,0.254,0.254,0.254,0.254,2690,0
VGN,5,20251001,162000,0.244,0.244,0.244,0.244,50,0
VGN,5,20251002,090000,0.244,0.244,0.24,0.24,6000,0
VGN,5,20251002,090500,0.24,0.24,0.24,0.24,4780,0
VGN,5,20251002,091000,0.258,0.258,0.258,0.258,2368,0
VGN,5,20251002,091500,0.26,0.26,0.26,0.26,500,0
VGN,5,20251002,145000,0.26,0.262,0.26,0.262,1973,0
VGN,5,20251002,145500,0.264,0.264,0.264,0.264,327,0
VGN,5,20251002,151000,0.262,0.266,0.262,0.266,1050,0
VGN,5,20251002,151500,0.266,0.268,0.266,0.268,1650,0
VGN,5,20251002,154500,0.246,0.246,0.246,0.246,30,0
VGN,5,20251002,155500,0.266,0.266,0.266,0.266,700,0
VGN,5,20251003,091500,0.266,0.266,0.266,0.266,40,0
VGN,5,20251003,111500,0.246,0.246,0.24,0.24,2215,0
VGN,5,20251003,112000,0.258,0.258,0.258,0.258,41,0
VGN,5,20251003,121500,0.238,0.238,0.238,0.238,20,0
VGN,5,20251003,123000,0.24,0.24,0.24,0.24,5000,0
VGN,5,20251003,153500,0.24,0.24,0.24,0.24,119,0
VGN,5,20251003,160000,0.24,0.24,0.24,0.24,8443,0
VGN,5,20251003,160500,0.238,0.238,0.238,0.238,2866,0
VGN,5,20251003,161000,0.24,0.24,0.24,0.24,2083,0
VGN,5,20251003,161500,0.238,0.238,0.238,0.238,10000,0
VGN,5,20251003,162000,0.24,0.24,0.24,0.24,4311,0
VGN,5,20251003,164500,0.238,0.238,0.238,0.238,5000,0
VGN,5,20251006,090000,0.25,0.25,0.25,0.25,2169,0
VGN,5,20251006,092000,0.25,0.25,0.25,0.25,8083,0
VGN,5,20251006,093000,0.238,0.238,0.238,0.238,63,0
VGN,5,20251006,115500,0.254,0.254,0.254,0.254,339,0
VGN,5,20251006,134000,0.254,0.254,0.254,0.254,25201,0
VGN,5,20251006,144000,0.258,0.268,0.258,0.268,18202,0
VGN,5,20251006,153500,0.266,0.266,0.266,0.266,420,0
VGN,5,20251006,155500,0.244,0.244,0.244,0.244,978,0
VGN,5,20251006,164000,0.244,0.244,0.244,0.244,40,0
VGN,5,20251006,165500,0.264,0.264,0.264,0.264,44,0
VGN,5,20251007,102500,0.264,0.264,0.264,0.264,1854,0
VGN,5,20251007,125500,0.264,0.264,0.264,0.264,400,0
VGN,5,20251008,091000,0.264,0.264,0.264,0.264,50,0
VGN,5,20251008,093500,0.264,0.264,0.264,0.264,200,0
VGN,5,20251008,131000,0.244,0.244,0.244,0.244,46,0
VGN,5,20251008,132500,0.264,0.264,0.264,0.264,1,0
VGN,5,20251008,135500,0.264,0.264,0.264,0.264,42,0
VGN,5,20251009,094000,0.264,0.264,0.264,0.264,189,0
VGN,5,20251009,122000,0.252,0.252,0.252,0.252,40,0
VGN,5,20251009,150500,0.254,0.254,0.254,0.254,100,0
VGN,5,20251009,151000,0.264,0.264,0.264,0.264,50,0
VGN,5,20251009,153000,0.264,0.264,0.264,0.264,378,0
VGN,5,20251010,090000,0.264,0.264,0.264,0.264,1246,0
VGN,5,20251010,091500,0.262,0.262,0.262,0.262,44,0
VGN,5,20251010,113500,0.252,0.252,0.252,0.252,59,0
VGN,5,20251010,120000,0.252,0.252,0.242,0.242,10000,0
VGN,5,20251013,090000,0.264,0.264,0.244,0.244,2068,0
VGN,5,20251013,125500,0.246,0.246,0.246,0.246,200,0
VGN,5,20251013,152500,0.246,0.246,0.246,0.246,208,0
VGN,5,20251014,112500,0.262,0.27,0.262,0.27,10000,0
VGN,5,20251014,114500,0.27,0.27,0.27,0.27,175,0
VGN,5,20251014,131500,0.27,0.27,0.27,0.27,1950,0
VGN,5,20251014,143000,0.27,0.27,0.27,0.27,587,0
VGN,5,20251015,090000,0.254,0.254,0.254,0.254,80,0
VGN,5,20251015,095000,0.268,0.27,0.268,0.27,10626,0
VGN,5,20251016,090500,0.268,0.27,0.268,0.27,641,0
VGN,5,20251016,095500,0.258,0.258,0.258,0.258,1,0
VGN,5,20251016,145000,0.262,0.262,0.256,0.256,559,0
VGN,5,20251016,160000,0.256,0.256,0.256,0.256,1000,0
VGN,5,20251016,163000,0.256,0.256,0.252,0.252,3600,0
VGN,5,20251016,164500,0.27,0.27,0.27,0.27,100,0
VGN,5,20251017,092500,0.27,0.27,0.27,0.27,40,0
VGN,5,20251017,111500,0.268,0.27,0.268,0.27,932,0
VGN,5,20251017,131000,0.27,0.27,0.27,0.27,630,0
VGN,5,20251017,133500,0.252,0.252,0.25,0.25,932,0
VGN,5,20251017,143000,0.27,0.27,0.27,0.27,40,0
VGN,5,20251017,164000,0.25,0.25,0.248,0.248,1991,0
VGN,5,20251020,090000,0.27,0.27,0.27,0.27,500,0
VGN,5,20251020,093500,0.27,0.27,0.27,0.27,370,0
VGN,5,20251021,092500,0.27,0.27,0.27,0.27,40,0
VGN,5,20251021,151500,0.258,0.258,0.258,0.258,35,0
VGN,5,20251021,154000,0.258,0.258,0.25,0.25,10000,0
VGN,5,20251022,091000,0.264,0.264,0.264,0.264,300,0
VGN,5,20251022,103000,0.258,0.258,0.258,0.258,150,0
VGN,5,20251022,104000,0.26,0.26,0.26,0.26,3000,0
VGN,5,20251022,105500,0.26,0.26,0.26,0.26,102,0
VGN,5,20251022,112000,0.26,0.26,0.26,0.26,200,0
VGN,5,20251022,113500,0.26,0.26,0.26,0.26,63,0
VGN,5,20251022,130000,0.258,0.26,0.254,0.26,700,0
VGN,5,20251022,130500,0.254,0.26,0.254,0.26,428,0
VGN,5,20251022,150000,0.26,0.26,0.26,0.26,192,0
VGN,5,20251022,161000,0.26,0.26,0.26,0.26,200,0
VGN,5,20251023,090500,0.25,0.25,0.25,0.25,188,0
VGN,5,20251023,105000,0.252,0.252,0.252,0.252,209,0
VGN,5,20251023,150500,0.262,0.262,0.262,0.262,10,0
VGN,5,20251024,092000,0.262,0.262,0.262,0.262,41,0
VGN,5,20251024,143500,0.26,0.262,0.26,0.262,970,0
VGN,5,20251027,091000,0.262,0.262,0.262,0.262,40,0
VGN,5,20251027,103500,0.26,0.26,0.26,0.26,200,0
VGN,5,20251027,112000,0.26,0.262,0.26,0.262,525,0
VGN,5,20251027,131000,0.254,0.254,0.254,0.254,100,0
VGN,5,20251027,135500,0.254,0.254,0.254,0.254,1750,0
VGN,5,20251027,153500,0.262,0.262,0.262,0.262,750,0
VGN,5,20251028,091000,0.262,0.262,0.262,0.262,737,0
VGN,5,20251028,103000,0.26,0.26,0.26,0.26,1000,0
VGN,5,20251028,142500,0.258,0.258,0.258,0.258,500,0
VGN,5,20251028,161500,0.252,0.252,0.252,0.252,129,0
VGN,5,20251028,164000,0.254,0.26,0.254,0.26,500,0
VGN,5,20251029,090000,0.252,0.252,0.252,0.252,454,0
VGN,5,20251029,093500,0.264,0.264,0.264,0.264,42,0
VGN,5,20251029,095000,0.252,0.252,0.252,0.252,208,0
VGN,5,20251029,114500,0.25,0.25,0.25,0.25,700,0
VGN,5,20251029,115000,0.25,0.25,0.25,0.25,2682,0
VGN,5,20251029,145000,0.25,0.25,0.25,0.25,1000,0
VGN,5,20251029,152000,0.248,0.252,0.246,0.252,1600,0
VGN,5,20251029,152500,0.246,0.246,0.246,0.246,50,0
VGN,5,20251029,163000,0.248,0.248,0.248,0.248,27,0
VGN,5,20251030,102000,0.248,0.248,0.248,0.248,500,0
VGN,5,20251030,112500,0.246,0.246,0.244,0.244,15000,0
VGN,5,20251030,155500,0.244,0.244,0.244,0.244,17,0
VGN,5,20251030,161000,0.244,0.244,0.244,0.244,100,0
VGN,5,20251031,092000,0.262,0.264,0.262,0.264,5258,0
VGN,5,20251031,094500,0.266,0.266,0.266,0.266,50,0
VGN,5,20251031,105000,0.246,0.246,0.246,0.246,2757,0
VGN,5,20251031,105500,0.246,0.246,0.246,0.246,400,0
VGN,5,20251031,114000,0.264,0.264,0.264,0.264,6703,0
VGN,5,20251031,114500,0.264,0.264,0.264,0.264,4600,0
VGN,5,20251031,120500,0.266,0.266,0.266,0.266,72,0
VGN,5,20251031,122000,0.264,0.264,0.264,0.264,11,0
VGN,5,20251031,125000,0.264,0.264,0.264,0.264,300,0
VGN,5,20251031,135000,0.262,0.262,0.262,0.262,60,0
VGN,5,20251031,140500,0.26,0.262,0.26,0.262,7603,0
VGN,5,20251031,154000,0.258,0.264,0.258,0.264,25237,0
VGN,5,20251031,154500,0.264,0.264,0.264,0.264,5000,0
VGN,5,20251031,160000,0.266,0.27,0.266,0.27,10000,0
VGN,5,20251031,160500,0.27,0.27,0.27,0.27,22218,0
VGN,5,20251031,161000,0.274,0.276,0.274,0.276,44000,0
VGN,5,20251031,161500,0.276,0.276,0.276,0.276,10000,0
VGN,5,20251031,162500,0.276,0.276,0.276,0.276,5000,0
VGN,5,20251031,163000,0.276,0.276,0.276,0.276,72181,0
VGN,5,20251031,163500,0.276,0.276,0.276,0.276,5000,0
VGN,5,20251031,164000,0.276,0.276,0.276,0.276,83444,0
VGN,5,20251031,164500,0.274,0.276,0.274,0.276,5125,0
VGN,5,20251103,090000,0.276,0.276,0.276,0.276,19045,0
VGN,5,20251103,101000,0.262,0.262,0.262,0.262,192,0
VGN,5,20251103,124000,0.27,0.27,0.27,0.27,10000,0
VGN,5,20251103,145500,0.274,0.274,0.274,0.274,109062,0
VGN,5,20251103,154000,0.274,0.276,0.274,0.276,72181,0
VGN,5,20251103,163500,0.274,0.276,0.274,0.276,18045,0
VGN,5,20251103,164500,0.274,0.276,0.274,0.276,5000,0
VGN,5,20251104,090000,0.276,0.276,0.276,0.276,5521,0
VGN,5,20251104,103500,0.274,0.274,0.274,0.274,120,0
VGN,5,20251104,104500,0.274,0.276,0.274,0.276,50526,0
VGN,5,20251104,105000,0.276,0.276,0.276,0.276,2000,0
VGN,5,20251104,105500,0.276,0.276,0.276,0.276,10000,0
VGN,5,20251104,110500,0.276,0.276,0.276,0.276,91854,0
VGN,5,20251104,111000,0.276,0.276,0.276,0.276,17428,0
VGN,5,20251104,113500,0.276,0.276,0.276,0.276,35000,0
VGN,5,20251104,114000,0.276,0.276,0.276,0.276,17500,0
VGN,5,20251104,120000,0.276,0.276,0.276,0.276,13115,0
VGN,5,20251104,125000,0.29,0.29,0.29,0.29,1000,0
VGN,5,20251104,130000,0.278,0.278,0.278,0.278,1600,0
VGN,5,20251104,143000,0.29,0.29,0.29,0.29,294,0
VGN,5,20251104,145000,0.29,0.29,0.29,0.29,3856,0
VGN,5,20251104,145500,0.29,0.29,0.29,0.29,12438,0
VGN,5,20251104,150000,0.29,0.29,0.29,0.29,6206,0
VGN,5,20251104,155500,0.29,0.308,0.29,0.306,27596,0
VGN,5,20251104,160000,0.29,0.29,0.29,0.29,700,0
VGN,5,20251104,162500,0.306,0.306,0.306,0.306,36,0
VGN,5,20251105,090000,0.3,0.3,0.3,0.3,4098,0
VGN,5,20251105,090500,0.3,0.31,0.3,0.306,31064,0
VGN,5,20251105,092000,0.306,0.306,0.306,0.306,32587,0
VGN,5,20251105,093000,0.306,0.306,0.306,0.306,3296,0
VGN,5,20251105,093500,0.31,0.312,0.31,0.312,1000,0
VGN,5,20251105,095500,0.31,0.31,0.31,0.31,35,0
VGN,5,20251105,101000,0.31,0.31,0.31,0.31,34,0
VGN,5,20251105,103000,0.31,0.31,0.31,0.31,7652,0
VGN,5,20251105,105000,0.31,0.31,0.31,0.31,67,0
VGN,5,20251105,120000,0.308,0.308,0.306,0.306,67,0
VGN,5,20251105,120500,0.306,0.306,0.306,0.306,34207,0
VGN,5,20251105,122000,0.3,0.3,0.3,0.3,2540,0
VGN,5,20251105,123000,0.306,0.306,0.306,0.306,9793,0
VGN,5,20251105,124000,0.31,0.31,0.31,0.31,359,0
VGN,5,20251105,140000,0.31,0.31,0.31,0.31,33,0
VGN,5,20251105,150000,0.31,0.31,0.31,0.31,4680,0
VGN,5,20251105,152000,0.31,0.318,0.31,0.318,8656,0
VGN,5,20251105,152500,0.318,0.32,0.318,0.32,3249,0
VGN,5,20251105,153000,0.318,0.32,0.318,0.32,21544,0
VGN,5,20251105,154000,0.32,0.328,0.32,0.328,10000,0
VGN,5,20251105,154500,0.328,0.328,0.328,0.328,849,0
VGN,5,20251105,155500,0.33,0.33,0.33,0.33,33,0
VGN,5,20251105,163000,0.33,0.33,0.33,0.33,17006,0
VGN,5,20251105,163500,0.332,0.334,0.332,0.334,5933,0
VGN,5,20251105,164000,0.33,0.33,0.33,0.33,162,0
VGN,5,20251105,164500,0.33,0.33,0.33,0.33,5000,0
VGN,5,20251106,090000,0.334,0.334,0.306,0.306,7200,0
VGN,5,20251106,090500,0.306,0.334,0.306,0.334,7341,0
VGN,5,20251106,091000,0.336,0.336,0.336,0.336,500,0
VGN,5,20251106,093000,0.334,0.334,0.308,0.308,4093,0
VGN,5,20251106,093500,0.344,0.344,0.344,0.344,30,0
VGN,5,20251106,103000,0.342,0.342,0.342,0.342,46,0
VGN,5,20251106,124000,0.312,0.342,0.31,0.342,5350,0
VGN,5,20251106,142500,0.336,0.336,0.336,0.336,5000,0
VGN,5,20251106,154000,0.32,0.32,0.32,0.32,1571,0
VGN,5,20251106,163000,0.32,0.32,0.32,0.32,4879,0
VGN,5,20251106,163500,0.31,0.31,0.306,0.306,16006,0
VGN,5,20251106,164000,0.298,0.298,0.29,0.29,10844,0
VGN,5,20251106,164500,0.29,0.29,0.29,0.29,9842,0
VGN,5,20251107,090000,0.338,0.338,0.338,0.338,1959,0
VGN,5,20251107,093000,0.338,0.338,0.338,0.338,250,0
VGN,5,20251107,102500,0.3,0.3,0.29,0.29,13194,0
VGN,5,20251107,104500,0.29,0.29,0.29,0.29,595,0
VGN,5,20251107,105000,0.29,0.29,0.29,0.29,414,0
VGN,5,20251107,131000,0.3,0.3,0.3,0.3,595,0
VGN,5,20251107,140500,0.332,0.34,0.332,0.34,27733,0
VGN,5,20251107,141000,0.34,0.34,0.34,0.34,1867,0
VGN,5,20251107,142000,0.34,0.34,0.34,0.34,132,0
VGN,5,20251107,143500,0.34,0.34,0.34,0.34,30,0
VGN,5,20251107,153500,0.306,0.306,0.306,0.306,310,0
VGN,5,20251107,155000,0.334,0.334,0.334,0.334,1,0
VGN,5,20251107,161000,0.334,0.334,0.334,0.334,11,0
VGN,5,20251107,162000,0.334,0.334,0.334,0.334,24,0
VGN,5,20251107,164000,0.31,0.336,0.31,0.336,3739,0
VGN,5,20251110,090500,0.332,0.332,0.332,0.332,230,0
VGN,5,20251110,095500,0.332,0.342,0.332,0.338,14273,0
VGN,5,20251110,100000,0.342,0.342,0.342,0.342,50,0
VGN,5,20251110,101500,0.34,0.34,0.34,0.34,1,0
VGN,5,20251110,112000,0.342,0.342,0.342,0.342,185,0
VGN,5,20251110,113000,0.334,0.334,0.31,0.312,185,0
VGN,5,20251110,131000,0.338,0.344,0.338,0.344,1000,0
VGN,5,20251110,133500,0.33,0.33,0.33,0.33,6500,0
VGN,5,20251110,134000,0.33,0.33,0.33,0.33,2790,0
VGN,5,20251110,142500,0.31,0.31,0.31,0.31,108,0
VGN,5,20251110,152000,0.338,0.34,0.338,0.34,500,0
VGN,5,20251110,153500,0.314,0.314,0.314,0.314,132,0
VGN,5,20251110,162000,0.338,0.338,0.338,0.338,1451,0
VGN,5,20251110,163500,0.32,0.32,0.32,0.32,15000,0
VGN,5,20251110,164000,0.32,0.32,0.32,0.32,3500,0
VGN,5,20251110,164500,0.3,0.3,0.3,0.3,27074,0
VGN,5,20251112,090000,0.316,0.316,0.316,0.316,56,0
VGN,5,20251112,090500,0.314,0.314,0.314,0.314,6410,0
VGN,5,20251112,091000,0.3,0.3,0.3,0.3,15000,0
VGN,5,20251112,101000,0.3,0.3,0.3,0.3,1300,0
VGN,5,20251112,111500,0.3,0.3,0.3,0.3,50,0
VGN,5,20251112,112000,0.312,0.312,0.312,0.312,641,0
VGN,5,20251112,114500,0.316,0.316,0.316,0.316,3000,0
VGN,5,20251112,133500,0.3,0.3,0.3,0.3,200,0
VGN,5,20251112,155000,0.3,0.3,0.3,0.3,2930,0
VGN,5,20251112,160000,0.296,0.3,0.296,0.3,2155,0
VGN,5,20251112,160500,0.3,0.3,0.3,0.3,1930,0
VGN,5,20251112,161000,0.294,0.296,0.292,0.292,5763,0
VGN,5,20251112,163000,0.3,0.308,0.3,0.308,2600,0
VGN,5,20251113,093000,0.292,0.292,0.292,0.292,63,0
VGN,5,20251113,121500,0.306,0.306,0.306,0.306,5,0
VGN,5,20251113,134500,0.294,0.294,0.294,0.294,120,0
VGN,5,20251113,140000,0.294,0.294,0.292,0.292,7652,0
VGN,5,20251113,155500,0.306,0.306,0.306,0.306,100,0
VGN,5,20251114,104000,0.294,0.294,0.294,0.294,250,0
VGN,5,20251114,105500,0.294,0.294,0.292,0.292,4450,0
VGN,5,20251114,123500,0.302,0.304,0.302,0.304,510,0
VGN,5,20251117,090000,0.292,0.292,0.292,0.292,4503,0
VGN,5,20251117,091000,0.292,0.304,0.292,0.304,2500,0
VGN,5,20251117,092000,0.29,0.29,0.29,0.29,10556,0
VGN,5,20251117,121500,0.292,0.292,0.29,0.29,8259,0
VGN,5,20251117,122000,0.29,0.29,0.29,0.29,19270,0
VGN,5,20251118,093000,0.3,0.3,0.3,0.3,100,0
VGN,5,20251118,102500,0.3,0.3,0.3,0.3,400,0
VGN,5,20251118,103000,0.3,0.3,0.3,0.3,100,0
VGN,5,20251118,134500,0.3,0.3,0.3,0.3,50,0
VGN,5,20251118,143500,0.3,0.3,0.3,0.3,34,0
VGN,5,20251118,155500,0.294,0.294,0.294,0.294,2500,0
VGN,5,20251118,161000,0.292,0.292,0.29,0.29,1000,0
VGN,5,20251118,164000,0.29,0.29,0.29,0.29,500,0
VGN,5,20251119,090000,0.29,0.29,0.29,0.29,139,0
VGN,5,20251119,093000,0.29,0.29,0.29,0.29,3341,0
VGN,5,20251119,130500,0.3,0.3,0.3,0.3,958,0
VGN,5,20251119,131500,0.3,0.3,0.3,0.3,5684,0
VGN,5,20251120,091000,0.304,0.304,0.304,0.304,339,0
VGN,5,20251120,123000,0.306,0.306,0.306,0.306,500,0
VGN,5,20251120,140500,0.286,0.286,0.286,0.286,200,0
VGN,5,20251121,110000,0.286,0.286,0.284,0.284,1000,0
VGN,5,20251121,133000,0.298,0.298,0.298,0.298,100,0
VGN,5,20251124,102000,0.298,0.298,0.298,0.298,40,0
VGN,5,20251124,113500,0.286,0.286,0.286,0.286,500,0
VGN,5,20251124,160000,0.282,0.282,0.278,0.278,1000,0
VGN,5,20251125,143000,0.296,0.296,0.296,0.296,500,0
VGN,5,20251125,144500,0.298,0.298,0.298,0.298,3860,0
VGN,5,20251125,155000,0.296,0.296,0.296,0.296,3860,0
VGN,5,20251126,141000,0.304,0.304,0.304,0.304,3200,0
VGN,5,20251127,090500,0.304,0.31,0.304,0.31,51000,0
VGN,5,20251127,095000,0.308,0.31,0.308,0.31,2100,0
VGN,5,20251127,104500,0.32,0.32,0.32,0.32,180,0
VGN,5,20251127,111000,0.3,0.3,0.3,0.3,98,0
VGN,5,20251127,131000,0.3,0.32,0.3,0.32,4000,0
VGN,5,20251128,131500,0.316,0.316,0.316,0.316,37,0
VGN,5,20251128,162000,0.306,0.306,0.306,0.306,23,0
VGN,5,20251202,090000,0.306,0.306,0.306,0.306,18000,0
VGN,5,20251202,095000,0.304,0.304,0.304,0.304,6800,0
VGN,5,20251202,143500,0.304,0.304,0.3,0.3,2000,0
VGN,5,20251202,160500,0.304,0.304,0.304,0.304,500,0
