<TICKER>,<PER>,<DATE>,<TIME>,<OPEN>,<HIGH>,<LOW>,<CLOSE>,<VOL>,<OPENINT>
OW20X253200.PL,5,20250909,100000,354.9,354.9,354.9,354.9,1,2
OW20X253200.PL,5,20251010,115500,342,342,342,342,1,2
OW20X253200.PL,5,20251017,142000,325,325,325,325,1,3
OW20X253200.PL,5,20251118,140500,295,295,295,295,1,4
OW20X253200.PL,5,20251118,150500,285,285,285,285,1,4
OW20X253200.PL,5,20251125,134000,249,249,249,249,1,3
OW20X253200.PL,5,20251127,140500,209.9,209.9,209.9,209.9,1,4
OW20X253200.PL,5,20251127,141000,209.9,209.9,209.9,209.9,1,3
OW20X253200.PL,5,20251127,150500,210,210,210,210,1,3
