<TICKER>,<PER>,<DATE>,<TIME>,<OPEN>,<HIGH>,<LOW>,<CLOSE>,<VOL>,<OPENINT>
ASA,60,20240411,120000,0.0304,0.0304,0.0304,0.0304,165000,0
ASA,60,20240411,160000,0.0304,0.0304,0.0304,0.0304,194103,0
ASA,60,20240412,120000,0.032,0.032,0.032,0.032,4,0
ASA,60,20240412,160000,0.0318,0.0318,0.0318,0.0318,150000,0
ASA,60,20240415,120000,0.03,0.03,0.03,0.03,297000,0
ASA,60,20240415,160000,0.0296,0.0296,0.0296,0.0296,7000,0
ASA,60,20240416,120000,0.0308,0.0308,0.0308,0.0308,64746,0
ASA,60,20240416,160000,0.03,0.03,0.03,0.03,1,0
ASA,60,20240417,120000,0.03,0.03,0.03,0.03,6801,0
ASA,60,20240417,160000,0.0308,0.0308,0.0308,0.0308,9,0
ASA,60,20240418,120000,0.0308,0.0308,0.0308,0.0308,8000,0
ASA,60,20240418,160000,0.0308,0.0308,0.0308,0.0308,4,0
ASA,60,20240419,120000,0.0306,0.0306,0.0306,0.0306,4,0
ASA,60,20240419,160000,0.0306,0.0306,0.0306,0.0306,4,0
ASA,60,20240422,120000,0.0306,0.0306,0.0306,0.0306,5,0
ASA,60,20240422,160000,0.029,0.029,0.029,0.029,100000,0
ASA,60,20240423,120000,0.03,0.03,0.03,0.03,1065,0
ASA,60,20240423,160000,0.03,0.03,0.03,0.03,242250,0
ASA,60,20240424,120000,0.03,0.03,0.03,0.03,71832,0
ASA,60,20240424,160000,0.03,0.03,0.03,0.03,33620,0
ASA,60,20240425,120000,0.03,0.03,0.03,0.03,4,0
ASA,60,20240425,160000,0.03,0.03,0.03,0.03,25,0
ASA,60,20240426,120000,0.03,0.03,0.03,0.03,61578,0
ASA,60,20240426,160000,0.03,0.03,0.03,0.03,70029,0
ASA,60,20240430,120000,0.031,0.031,0.031,0.031,10088,0
ASA,60,20240430,160000,0.031,0.031,0.031,0.031,32004,0
ASA,60,20240506,120000,0.031,0.031,0.031,0.031,87864,0
ASA,60,20240506,160000,0.031,0.031,0.031,0.031,4,0
ASA,60,20240507,120000,0.031,0.031,0.031,0.031,290492,0
ASA,60,20240507,160000,0.0308,0.0308,0.0308,0.0308,4,0
ASA,60,20240508,120000,0.0308,0.0308,0.0308,0.0308,2,0
ASA,60,20240508,160000,0.0308,0.0308,0.0308,0.0308,2,0
ASA,60,20240509,120000,0.0308,0.0308,0.0308,0.0308,244348,0
ASA,60,20240509,160000,0.0308,0.0308,0.0308,0.0308,104448,0
ASA,60,20240510,120000,0.0308,0.0308,0.0308,0.0308,2300,0
ASA,60,20240510,160000,0.0308,0.0308,0.0308,0.0308,4,0
ASA,60,20240513,120000,0.031,0.031,0.031,0.031,4,0
ASA,60,20240513,160000,0.031,0.031,0.031,0.031,1004,0
ASA,60,20240514,120000,0.031,0.031,0.031,0.031,4,0
ASA,60,20240514,160000,0.031,0.031,0.031,0.031,4,0
ASA,60,20240515,120000,0.031,0.031,0.031,0.031,3069,0
ASA,60,20240515,160000,0.031,0.031,0.031,0.031,4,0
ASA,60,20240516,120000,0.029,0.029,0.029,0.029,80576,0
ASA,60,20240516,160000,0.031,0.031,0.031,0.031,4,0
ASA,60,20240517,120000,0.031,0.031,0.031,0.031,44944,0
ASA,60,20240517,160000,0.031,0.031,0.031,0.031,18000,0
ASA,60,20240520,120000,0.031,0.031,0.031,0.031,44448,0
ASA,60,20240520,160000,0.031,0.031,0.031,0.031,5,0
ASA,60,20240521,120000,0.031,0.031,0.031,0.031,5,0
ASA,60,20240521,160000,0.031,0.031,0.031,0.031,4,0
ASA,60,20240522,120000,0.031,0.031,0.031,0.031,4,0
ASA,60,20240522,160000,0.03,0.03,0.03,0.03,1000,0
ASA,60,20240523,120000,0.03,0.03,0.03,0.03,135976,0
ASA,60,20240523,160000,0.028,0.028,0.028,0.028,37375,0
ASA,60,20240524,120000,0.0276,0.0276,0.0276,0.0276,52705,0
ASA,60,20240524,160000,0.0298,0.0298,0.0298,0.0298,37969,0
ASA,60,20240527,120000,0.0298,0.0298,0.0298,0.0298,4736,0
ASA,60,20240527,160000,0.03,0.03,0.03,0.03,44,0
ASA,60,20240529,120000,0.03,0.03,0.03,0.03,2000,0
ASA,60,20240529,160000,0.03,0.03,0.03,0.03,44445,0
ASA,60,20240531,120000,0.03,0.03,0.03,0.03,2304,0
ASA,60,20240531,160000,0.03,0.03,0.03,0.03,18,0
ASA,60,20240604,120000,0.03,0.03,0.03,0.03,10000,0
ASA,60,20240605,160000,0.03,0.03,0.028,0.028,196086,0
ASA,60,20240606,120000,0.03,0.03,0.03,0.03,6700,0
ASA,60,20240606,160000,0.03,0.03,0.03,0.03,1000,0
ASA,60,20240607,120000,0.0274,0.0274,0.0274,0.0274,20023,0
ASA,60,20240607,160000,0.0274,0.0274,0.0274,0.0274,123100,0
ASA,60,20240610,120000,0.0294,0.0294,0.0294,0.0294,45444,0
ASA,60,20240610,160000,0.0294,0.0294,0.0294,0.0294,11695,0
ASA,60,20240611,120000,0.0294,0.0294,0.0294,0.0294,50,0
ASA,60,20240611,160000,0.0294,0.0294,0.0294,0.0294,500,0
ASA,60,20240613,120000,0.0294,0.0294,0.0276,0.0276,182625,0
ASA,60,20240613,160000,0.0288,0.0288,0.0288,0.0288,50000,0
ASA,60,20240614,120000,0.029,0.029,0.029,0.029,41718,0
ASA,60,20240614,160000,0.0288,0.0288,0.0288,0.0288,2000,0
ASA,60,20240617,120000,0.0278,0.0278,0.0278,0.0278,115000,0
ASA,60,20240617,160000,0.0286,0.0286,0.0286,0.0286,10400,0
ASA,60,20240620,120000,0.0286,0.0286,0.0272,0.0272,254134,0
ASA,60,20240620,160000,0.0272,0.0272,0.0272,0.0272,225995,0
ASA,60,20240624,120000,0.0286,0.0286,0.0256,0.0256,95454,0
ASA,60,20240624,160000,0.0284,0.0284,0.0284,0.0284,2000,0
ASA,60,20240625,120000,0.0284,0.0284,0.0284,0.0284,70163,0
ASA,60,20240625,160000,0.0284,0.0284,0.0284,0.0284,3380,0
ASA,60,20240626,120000,0.0256,0.0256,0.0256,0.0256,230000,0
ASA,60,20240626,160000,0.0282,0.0282,0.0282,0.0282,1,0
ASA,60,20240627,120000,0.0282,0.0282,0.0282,0.0282,5,0
ASA,60,20240627,160000,0.0282,0.0282,0.0282,0.0282,4,0
ASA,60,20240701,120000,0.0278,0.0278,0.0274,0.0274,14989,0
ASA,60,20240701,160000,0.0252,0.0252,0.0252,0.0252,200000,0
ASA,60,20240702,120000,0.027,0.027,0.027,0.027,4,0
ASA,60,20240702,160000,0.0264,0.0264,0.0264,0.0264,77832,0
ASA,60,20240703,120000,0.0268,0.0268,0.0268,0.0268,50000,0
ASA,60,20240703,160000,0.028,0.028,0.028,0.028,11604,0
ASA,60,20240704,120000,0.028,0.028,0.028,0.028,50000,0
ASA,60,20240704,160000,0.029,0.029,0.029,0.029,203681,0
ASA,60,20240705,120000,0.0294,0.0294,0.0294,0.0294,14825,0
ASA,60,20240705,160000,0.0294,0.0294,0.0294,0.0294,126858,0
ASA,60,20240708,120000,0.03,0.03,0.03,0.03,10001,0
ASA,60,20240708,160000,0.03,0.03,0.03,0.03,4,0
ASA,60,20240709,120000,0.0292,0.0292,0.0292,0.0292,4,0
ASA,60,20240709,160000,0.0292,0.0292,0.0292,0.0292,100000,0
ASA,60,20240710,120000,0.0292,0.0292,0.0292,0.0292,4287,0
ASA,60,20240710,160000,0.0292,0.0292,0.0292,0.0292,10004,0
ASA,60,20240711,120000,0.0288,0.0288,0.0288,0.0288,4,0
ASA,60,20240711,160000,0.0288,0.0288,0.0288,0.0288,4,0
ASA,60,20240712,120000,0.0258,0.0258,0.0258,0.0258,15000,0
ASA,60,20240712,160000,0.0256,0.0256,0.0256,0.0256,431075,0
ASA,60,20240715,120000,0.0278,0.0278,0.0278,0.0278,200172,0
ASA,60,20240715,160000,0.0258,0.0258,0.0258,0.0258,121000,0
ASA,60,20240716,120000,0.0266,0.0266,0.0266,0.0266,27500,0
ASA,60,20240716,160000,0.0258,0.0258,0.0258,0.0258,30000,0
ASA,60,20240717,120000,0.0256,0.0256,0.0256,0.0256,88592,0
ASA,60,20240717,160000,0.0256,0.0256,0.0256,0.0256,41472,0
ASA,60,20240718,120000,0.0254,0.0254,0.0254,0.0254,3471,0
ASA,60,20240718,160000,0.0254,0.0254,0.0254,0.0254,18221,0
ASA,60,20240719,120000,0.026,0.026,0.026,0.026,23187,0
ASA,60,20240719,160000,0.026,0.026,0.026,0.026,10000,0
ASA,60,20240722,120000,0.026,0.026,0.026,0.026,6815,0
ASA,60,20240722,160000,0.0252,0.0252,0.0252,0.0252,55200,0
ASA,60,20240724,120000,0.0268,0.0268,0.0266,0.0266,2100,0
ASA,60,20240724,160000,0.0266,0.0266,0.0266,0.0266,5018,0
ASA,60,20240726,120000,0.0266,0.0266,0.0252,0.0252,10800,0
ASA,60,20240726,160000,0.0266,0.0266,0.0266,0.0266,1,0
ASA,60,20240729,120000,0.026,0.026,0.026,0.026,7200,0
ASA,60,20240729,160000,0.022,0.022,0.022,0.022,500000,0
ASA,60,20240730,120000,0.0246,0.0246,0.0246,0.0246,70000,0
ASA,60,20240731,160000,0.0246,0.0256,0.0246,0.0256,59065,0
ASA,60,20240801,120000,0.0228,0.0228,0.0228,0.0228,109100,0
ASA,60,20240801,160000,0.026,0.026,0.026,0.026,25000,0
ASA,60,20240805,120000,0.0272,0.0272,0.0258,0.0258,130412,0
ASA,60,20240805,160000,0.0242,0.0242,0.0242,0.0242,55000,0
ASA,60,20240806,120000,0.0254,0.0254,0.0254,0.0254,850,0
ASA,60,20240806,160000,0.0256,0.0256,0.0256,0.0256,50251,0
ASA,60,20240807,120000,0.0256,0.0256,0.0256,0.0256,100,0
ASA,60,20240807,160000,0.022,0.022,0.022,0.022,500000,0
ASA,60,20240809,120000,0.022,0.022,0.022,0.022,445000,0
ASA,60,20240809,160000,0.022,0.022,0.022,0.022,120000,0
ASA,60,20240812,120000,0.0232,0.0232,0.0232,0.0232,4000,0
ASA,60,20240812,160000,0.0222,0.0222,0.0222,0.0222,216310,0
ASA,60,20240813,120000,0.023,0.023,0.023,0.023,141189,0
ASA,60,20240813,160000,0.023,0.023,0.023,0.023,11075,0
ASA,60,20240814,120000,0.022,0.022,0.022,0.022,500000,0
ASA,60,20240814,160000,0.023,0.023,0.023,0.023,1,0
ASA,60,20240816,120000,0.023,0.023,0.023,0.023,31357,0
ASA,60,20240816,160000,0.0234,0.0234,0.0234,0.0234,1,0
ASA,60,20240819,120000,0.0234,0.0234,0.0234,0.0234,49999,0
ASA,60,20240819,160000,0.025,0.025,0.025,0.025,37792,0
ASA,60,20240820,120000,0.022,0.022,0.022,0.022,100000,0
ASA,60,20240820,160000,0.02,0.02,0.02,0.02,10,0
ASA,60,20240821,120000,0.0246,0.0246,0.0246,0.0246,20960,0
ASA,60,20240821,160000,0.0228,0.0228,0.0228,0.0228,6396,0
ASA,60,20240822,120000,0.023,0.023,0.023,0.023,100000,0
ASA,60,20240823,160000,0.0238,0.024,0.0238,0.024,15771,0
ASA,60,20240826,120000,0.0238,0.0238,0.0238,0.0238,5700,0
ASA,60,20240826,160000,0.0238,0.0238,0.0238,0.0238,390,0
ASA,60,20240827,120000,0.024,0.024,0.024,0.024,118586,0
ASA,60,20240827,160000,0.024,0.024,0.024,0.024,115797,0
ASA,60,20240828,120000,0.024,0.024,0.024,0.024,91500,0
ASA,60,20240828,160000,0.0244,0.0244,0.0244,0.0244,148689,0
ASA,60,20240829,120000,0.0244,0.0244,0.0244,0.0244,400,0
ASA,60,20240829,160000,0.0244,0.0244,0.0244,0.0244,54377,0
ASA,60,20240830,120000,0.0244,0.0244,0.0244,0.0244,76666,0
ASA,60,20240902,160000,0.0246,0.0246,0.0246,0.0246,19415,0
ASA,60,20240903,120000,0.0246,0.0246,0.0246,0.0246,8000,0
ASA,60,20240904,160000,0.0246,0.0246,0.0246,0.0246,41012,0
ASA,60,20240905,120000,0.022,0.022,0.022,0.022,200000,0
ASA,60,20240906,160000,0.022,0.022,0.022,0.022,200000,0
ASA,60,20240909,120000,0.023,0.023,0.023,0.023,1000,0
ASA,60,20240909,160000,0.023,0.023,0.023,0.023,17900,0
ASA,60,20240910,120000,0.022,0.022,0.022,0.022,114000,0
ASA,60,20240910,160000,0.022,0.022,0.022,0.022,105282,0
ASA,60,20240911,120000,0.0228,0.0228,0.0228,0.0228,25000,0
ASA,60,20240911,160000,0.0228,0.0228,0.0228,0.0228,20000,0
ASA,60,20240913,120000,0.0228,0.0228,0.022,0.022,196518,0
ASA,60,20240913,160000,0.022,0.022,0.022,0.022,33782,0
ASA,60,20240916,120000,0.022,0.022,0.022,0.022,84523,0
ASA,60,20240916,160000,0.0228,0.0228,0.0228,0.0228,14700,0
ASA,60,20240917,120000,0.0222,0.0222,0.0222,0.0222,110901,0
ASA,60,20240917,160000,0.022,0.022,0.022,0.022,200000,0
ASA,60,20240918,120000,0.022,0.022,0.022,0.022,131615,0
ASA,60,20240919,160000,0.0238,0.0238,0.022,0.022,119001,0
ASA,60,20240920,120000,0.0222,0.0222,0.0222,0.0222,101000,0
ASA,60,20240920,160000,0.0222,0.0222,0.0222,0.0222,100000,0
ASA,60,20240923,120000,0.022,0.022,0.022,0.022,184551,0
ASA,60,20240923,160000,0.022,0.022,0.022,0.022,95817,0
ASA,60,20240925,120000,0.0238,0.0238,0.0216,0.0216,45505,0
ASA,60,20240925,160000,0.0234,0.0234,0.0234,0.0234,30200,0
ASA,60,20240926,120000,0.0236,0.0236,0.0236,0.0236,22000,0
ASA,60,20240926,160000,0.0214,0.0214,0.0214,0.0214,485392,0
ASA,60,20240927,120000,0.0224,0.0224,0.0224,0.0224,1,0
ASA,60,20240930,160000,0.0212,0.0218,0.0212,0.0218,428591,0
ASA,60,20241001,120000,0.023,0.023,0.023,0.023,1500,0
ASA,60,20241001,160000,0.021,0.021,0.021,0.021,50200,0
ASA,60,20241002,120000,0.0204,0.0204,0.0204,0.0204,86892,0
ASA,60,20241002,160000,0.0204,0.0204,0.0204,0.0204,53000,0
ASA,60,20241003,120000,0.0204,0.0204,0.0204,0.0204,100,0
ASA,60,20241003,160000,0.0204,0.0204,0.0204,0.0204,250286,0
ASA,60,20241004,120000,0.0206,0.0206,0.0206,0.0206,67809,0
ASA,60,20241004,160000,0.0208,0.0208,0.0208,0.0208,50,0
ASA,60,20241007,120000,0.021,0.021,0.021,0.021,13635,0
ASA,60,20241008,160000,0.0226,0.0226,0.021,0.021,15852,0
ASA,60,20241009,120000,0.0204,0.0204,0.0204,0.0204,50000,0
ASA,60,20241009,160000,0.0222,0.0222,0.0222,0.0222,40001,0
ASA,60,20241010,120000,0.0222,0.0222,0.0222,0.0222,9999,0
ASA,60,20241010,160000,0.0224,0.0224,0.0224,0.0224,1,0
ASA,60,20241011,120000,0.0224,0.0224,0.0224,0.0224,35333,0
ASA,60,20241014,160000,0.021,0.022,0.021,0.022,15001,0
ASA,60,20241015,120000,0.0212,0.0212,0.0212,0.0212,336464,0
ASA,60,20241015,160000,0.0212,0.0212,0.0212,0.0212,163368,0
ASA,60,20241016,120000,0.021,0.021,0.021,0.021,20000,0
ASA,60,20241017,160000,0.021,0.021,0.0204,0.0204,576197,0
ASA,60,20241018,120000,0.0204,0.0204,0.0204,0.0204,7117,0
ASA,60,20241018,160000,0.021,0.021,0.021,0.021,1,0
ASA,60,20241023,120000,0.021,0.0216,0.0204,0.0204,80785,0
ASA,60,20241023,160000,0.0214,0.0214,0.0214,0.0214,40001,0
ASA,60,20241024,120000,0.0206,0.0206,0.0206,0.0206,62900,0
ASA,60,20241024,160000,0.021,0.021,0.021,0.021,43334,0
ASA,60,20241025,120000,0.021,0.021,0.021,0.021,19392,0
ASA,60,20241028,160000,0.0214,0.0214,0.0204,0.0204,172166,0
ASA,60,20241029,120000,0.0206,0.0206,0.0206,0.0206,270684,0
ASA,60,20241029,160000,0.0214,0.0214,0.0214,0.0214,51000,0
ASA,60,20241030,120000,0.0226,0.0226,0.0226,0.0226,110950,0
ASA,60,20241030,160000,0.0234,0.0234,0.0234,0.0234,81776,0
ASA,60,20241031,120000,0.0234,0.0234,0.0234,0.0234,21286,0
ASA,60,20241031,160000,0.0234,0.0234,0.0234,0.0234,50555,0
ASA,60,20241104,120000,0.0232,0.0232,0.0232,0.0232,71345,0
ASA,60,20241104,160000,0.0222,0.0222,0.0222,0.0222,37180,0
ASA,60,20241105,120000,0.0232,0.0232,0.0232,0.0232,17474,0
ASA,60,20241105,160000,0.0232,0.0232,0.0232,0.0232,100,0
ASA,60,20241106,120000,0.0232,0.0232,0.0232,0.0232,64081,0
ASA,60,20241106,160000,0.0232,0.0232,0.0232,0.0232,42221,0
ASA,60,20241107,120000,0.0236,0.0236,0.0236,0.0236,21000,0
ASA,60,20241107,160000,0.0236,0.0236,0.0236,0.0236,8000,0
ASA,60,20241108,120000,0.0236,0.0236,0.0236,0.0236,108000,0
ASA,60,20241108,160000,0.0236,0.0236,0.0236,0.0236,175,0
ASA,60,20241112,120000,0.0238,0.0238,0.0238,0.0238,349876,0
ASA,60,20241112,160000,0.024,0.024,0.024,0.024,121195,0
ASA,60,20241113,120000,0.026,0.026,0.026,0.026,499932,0
ASA,60,20241113,160000,0.028,0.028,0.028,0.028,715060,0
ASA,60,20241114,120000,0.028,0.028,0.028,0.028,195036,0
ASA,60,20241114,160000,0.0276,0.0276,0.0276,0.0276,14381,0
ASA,60,20241115,120000,0.0212,0.0212,0.0212,0.0212,312563,0
ASA,60,20241115,160000,0.0266,0.0266,0.0266,0.0266,101,0
ASA,60,20241118,120000,0.026,0.026,0.026,0.026,48108,0
ASA,60,20241118,160000,0.0256,0.0256,0.0256,0.0256,41702,0
ASA,60,20241119,120000,0.0218,0.0218,0.0218,0.0218,1868,0
ASA,60,20241119,160000,0.0252,0.0252,0.0252,0.0252,13333,0
ASA,60,20241121,120000,0.0244,0.0244,0.0226,0.0226,113812,0
ASA,60,20241121,160000,0.0212,0.0212,0.0212,0.0212,360305,0
ASA,60,20241125,120000,0.0234,0.024,0.0234,0.024,7,0
ASA,60,20241125,160000,0.024,0.024,0.024,0.024,2,0
ASA,60,20241126,120000,0.023,0.023,0.023,0.023,3,0
ASA,60,20241126,160000,0.023,0.023,0.023,0.023,52292,0
ASA,60,20241127,120000,0.0228,0.0228,0.0228,0.0228,3,0
ASA,60,20241127,160000,0.0232,0.0232,0.0232,0.0232,3,0
ASA,60,20241128,120000,0.021,0.021,0.021,0.021,486843,0
ASA,60,20241128,160000,0.0232,0.0232,0.0232,0.0232,38116,0
ASA,60,20241129,120000,0.023,0.023,0.023,0.023,3,0
ASA,60,20241129,160000,0.023,0.023,0.023,0.023,14,0
ASA,60,20241202,120000,0.022,0.022,0.022,0.022,25131,0
ASA,60,20241202,160000,0.022,0.022,0.022,0.022,64005,0
ASA,60,20241203,120000,0.022,0.022,0.022,0.022,154978,0
ASA,60,20241203,160000,0.0204,0.0204,0.0204,0.0204,142908,0
ASA,60,20241204,120000,0.0228,0.0228,0.0228,0.0228,2,0
ASA,60,20241204,160000,0.0226,0.0226,0.0226,0.0226,1,0
ASA,60,20241205,120000,0.0206,0.0206,0.0206,0.0206,33980,0
ASA,60,20241205,160000,0.021,0.021,0.021,0.021,13000,0
ASA,60,20241206,120000,0.022,0.022,0.022,0.022,4242,0
ASA,60,20241206,160000,0.022,0.022,0.022,0.022,45247,0
ASA,60,20241209,120000,0.0224,0.0224,0.0224,0.0224,136782,0
ASA,60,20241209,160000,0.0222,0.0222,0.0222,0.0222,44,0
ASA,60,20241210,120000,0.0208,0.0208,0.0208,0.0208,485000,0
ASA,60,20241210,160000,0.0208,0.0208,0.0208,0.0208,19004,0
ASA,60,20241211,120000,0.0208,0.0208,0.0208,0.0208,285400,0
ASA,60,20241211,160000,0.0214,0.0214,0.0214,0.0214,16000,0
ASA,60,20241212,120000,0.0208,0.0208,0.0208,0.0208,166123,0
ASA,60,20241212,160000,0.0206,0.0206,0.0206,0.0206,165296,0
ASA,60,20241216,120000,0.0214,0.0214,0.0206,0.0206,230476,0
ASA,60,20241216,160000,0.021,0.021,0.021,0.021,6714,0
ASA,60,20241217,120000,0.0206,0.0206,0.0206,0.0206,10000,0
ASA,60,20241217,160000,0.021,0.021,0.021,0.021,30030,0
ASA,60,20241218,120000,0.0206,0.0206,0.0206,0.0206,149058,0
ASA,60,20241218,160000,0.02,0.02,0.02,0.02,68503,0
ASA,60,20241219,120000,0.02,0.02,0.02,0.02,175202,0
ASA,60,20241219,160000,0.0182,0.0182,0.0182,0.0182,290000,0
ASA,60,20241220,120000,0.0188,0.0188,0.0188,0.0188,101000,0
ASA,60,20241220,160000,0.0174,0.0174,0.0174,0.0174,953642,0
ASA,60,20241223,120000,0.0178,0.0178,0.0178,0.0178,392485,0
ASA,60,20241223,160000,0.0178,0.0178,0.0178,0.0178,273233,0
ASA,60,20241227,120000,0.018,0.018,0.018,0.018,203000,0
ASA,60,20241227,160000,0.0194,0.0194,0.0194,0.0194,23240,0
ASA,60,20250102,120000,0.0192,0.0192,0.0192,0.0192,75199,0
ASA,60,20250102,160000,0.019,0.019,0.019,0.019,123277,0
ASA,60,20250103,120000,0.019,0.019,0.019,0.019,15223,0
ASA,60,20250103,160000,0.0192,0.0192,0.0192,0.0192,26562,0
ASA,60,20250107,120000,0.0198,0.0198,0.0198,0.0198,150000,0
ASA,60,20250107,160000,0.0202,0.0202,0.0202,0.0202,3,0
ASA,60,20250108,120000,0.02,0.02,0.02,0.02,204,0
ASA,60,20250108,160000,0.02,0.02,0.02,0.02,61100,0
ASA,60,20250109,120000,0.02,0.02,0.02,0.02,71704,0
ASA,60,20250109,160000,0.019,0.019,0.019,0.019,50051,0
ASA,60,20250110,120000,0.02,0.02,0.02,0.02,10002,0
ASA,60,20250110,160000,0.02,0.02,0.02,0.02,1,0
ASA,60,20250113,120000,0.02,0.02,0.02,0.02,9004,0
ASA,60,20250113,160000,0.02,0.02,0.02,0.02,1,0
ASA,60,20250114,120000,0.02,0.02,0.02,0.02,4,0
ASA,60,20250114,160000,0.02,0.02,0.02,0.02,2250,0
ASA,60,20250115,120000,0.02,0.02,0.02,0.02,15100,0
ASA,60,20250115,160000,0.02,0.02,0.02,0.02,30000,0
ASA,60,20250116,120000,0.018,0.018,0.018,0.018,10000,0
ASA,60,20250116,160000,0.02,0.02,0.02,0.02,229375,0
ASA,60,20250117,120000,0.02,0.02,0.02,0.02,50630,0
ASA,60,20250117,160000,0.02,0.02,0.02,0.02,10002,0
ASA,60,20250120,120000,0.02,0.02,0.02,0.02,94556,0
ASA,60,20250120,160000,0.02,0.02,0.02,0.02,100,0
ASA,60,20250121,120000,0.02,0.02,0.02,0.02,80005,0
ASA,60,20250121,160000,0.02,0.02,0.02,0.02,4,0
ASA,60,20250122,120000,0.02,0.02,0.02,0.02,73004,0
ASA,60,20250122,160000,0.02,0.02,0.02,0.02,118534,0
ASA,60,20250123,120000,0.02,0.02,0.02,0.02,4,0
ASA,60,20250123,160000,0.02,0.02,0.02,0.02,15953,0
ASA,60,20250127,120000,0.02,0.02,0.02,0.02,1,0
ASA,60,20250127,160000,0.02,0.02,0.02,0.02,2,0
ASA,60,20250128,120000,0.0186,0.0186,0.0186,0.0186,4500,0
ASA,60,20250128,160000,0.02,0.02,0.02,0.02,260001,0
ASA,60,20250129,120000,0.02,0.02,0.02,0.02,29018,0
ASA,60,20250129,160000,0.02,0.02,0.02,0.02,6486,0
ASA,60,20250130,120000,0.02,0.02,0.02,0.02,3,0
ASA,60,20250131,160000,0.02,0.0204,0.02,0.0204,75102,0
ASA,60,20250203,120000,0.0204,0.0204,0.0204,0.0204,10046,0
ASA,60,20250203,160000,0.0204,0.0204,0.0204,0.0204,296,0
ASA,60,20250204,120000,0.02,0.02,0.02,0.02,25002,0
ASA,60,20250204,160000,0.02,0.02,0.02,0.02,37231,0
ASA,60,20250205,120000,0.0204,0.0204,0.0204,0.0204,9317,0
ASA,60,20250205,160000,0.0204,0.0204,0.0204,0.0204,23738,0
ASA,60,20250206,120000,0.0236,0.0236,0.0236,0.0236,43704,0
ASA,60,20250206,160000,0.023,0.023,0.023,0.023,8179,0
ASA,60,20250207,120000,0.0224,0.0224,0.0224,0.0224,15002,0
ASA,60,20250207,160000,0.0228,0.0228,0.0228,0.0228,131960,0
ASA,60,20250211,120000,0.0228,0.0228,0.0228,0.0228,43939,0
ASA,60,20250211,160000,0.0228,0.0228,0.0228,0.0228,10000,0
ASA,60,20250212,120000,0.02,0.02,0.02,0.02,1993,0
ASA,60,20250212,160000,0.0228,0.0228,0.0228,0.0228,1,0
ASA,60,20250213,120000,0.0226,0.0226,0.0226,0.0226,15804,0
ASA,60,20250213,160000,0.0226,0.0226,0.0226,0.0226,19884,0
ASA,60,20250214,120000,0.0226,0.0226,0.0226,0.0226,16116,0
ASA,60,20250214,160000,0.022,0.022,0.022,0.022,70000,0
ASA,60,20250217,120000,0.0234,0.0234,0.0234,0.0234,73309,0
ASA,60,20250217,160000,0.0234,0.0234,0.0234,0.0234,4,0
ASA,60,20250218,120000,0.0234,0.0234,0.0234,0.0234,44467,0
ASA,60,20250218,160000,0.02,0.02,0.02,0.02,900,0
ASA,60,20250219,120000,0.0202,0.0202,0.0202,0.0202,100000,0
ASA,60,20250219,160000,0.0234,0.0234,0.0234,0.0234,8296,0
ASA,60,20250220,120000,0.0234,0.0234,0.0234,0.0234,31740,0
ASA,60,20250220,160000,0.023,0.023,0.023,0.023,60000,0
ASA,60,20250221,120000,0.0234,0.0234,0.0234,0.0234,4,0
ASA,60,20250221,160000,0.0234,0.0234,0.0234,0.0234,2,0
ASA,60,20250224,120000,0.0204,0.0204,0.0204,0.0204,100000,0
ASA,60,20250224,160000,0.0224,0.0224,0.0224,0.0224,99800,0
ASA,60,20250225,120000,0.0234,0.0234,0.0234,0.0234,23215,0
ASA,60,20250225,160000,0.0232,0.0232,0.0232,0.0232,2,0
ASA,60,20250226,120000,0.023,0.023,0.023,0.023,6,0
ASA,60,20250226,160000,0.0228,0.0228,0.0228,0.0228,438997,0
ASA,60,20250227,120000,0.0232,0.0232,0.0232,0.0232,2,0
ASA,60,20250228,160000,0.0212,0.0212,0.0212,0.0212,224459,0
ASA,60,20250303,120000,0.0224,0.0224,0.0224,0.0224,2,0
ASA,60,20250303,160000,0.0212,0.0212,0.0212,0.0212,228473,0
ASA,60,20250305,120000,0.022,0.023,0.022,0.023,263386,0
ASA,60,20250305,160000,0.0232,0.0232,0.0232,0.0232,30249,0
ASA,60,20250306,120000,0.023,0.023,0.023,0.023,20000,0
ASA,60,20250306,160000,0.0234,0.0234,0.0234,0.0234,138769,0
ASA,60,20250310,120000,0.0234,0.0234,0.023,0.023,6525,0
ASA,60,20250311,160000,0.0232,0.0232,0.022,0.022,114885,0
ASA,60,20250317,120000,0.0214,0.023,0.0212,0.0212,147017,0
ASA,60,20250317,160000,0.0228,0.0228,0.0228,0.0228,1,0
ASA,60,20250318,120000,0.0228,0.0228,0.0228,0.0228,1000,0
ASA,60,20250318,160000,0.0228,0.0228,0.0228,0.0228,80685,0
ASA,60,20250319,120000,0.0228,0.0228,0.0228,0.0228,1004,0
ASA,60,20250319,160000,0.0228,0.0228,0.0228,0.0228,4,0
ASA,60,20250321,120000,0.0224,0.023,0.0224,0.023,128995,0
ASA,60,20250321,160000,0.0228,0.0228,0.0228,0.0228,4649,0
ASA,60,20250325,120000,0.0224,0.0228,0.0224,0.0228,122015,0
ASA,60,20250325,160000,0.0222,0.0222,0.0222,0.0222,2184,0
ASA,60,20250327,120000,0.022,0.022,0.022,0.022,245407,0
ASA,60,20250327,160000,0.0228,0.0228,0.0228,0.0228,2,0
ASA,60,20250328,120000,0.0206,0.0206,0.0206,0.0206,2709,0
ASA,60,20250328,160000,0.023,0.023,0.023,0.023,431457,0
ASA,60,20250331,120000,0.023,0.023,0.023,0.023,695,0
ASA,60,20250331,160000,0.023,0.023,0.023,0.023,1,0
ASA,60,20250401,120000,0.023,0.023,0.023,0.023,1,0
ASA,60,20250401,160000,0.023,0.023,0.023,0.023,54886,0
ASA,60,20250402,120000,0.025,0.025,0.025,0.025,25668,0
ASA,60,20250402,160000,0.0245,0.0245,0.0245,0.0245,86907,0
ASA,60,20250403,120000,0.0245,0.0245,0.0245,0.0245,6513,0
ASA,60,20250404,160000,0.024,0.024,0.024,0.024,10000,0
ASA,60,20250407,120000,0.02,0.02,0.02,0.02,109466,0
ASA,60,20250407,160000,0.022,0.022,0.022,0.022,1,0
ASA,60,20250408,120000,0.021,0.021,0.021,0.021,2826,0
ASA,60,20250408,160000,0.0165,0.0165,0.0165,0.0165,831000,0
ASA,60,20250409,120000,0.019,0.019,0.019,0.019,206000,0
ASA,60,20250409,160000,0.02,0.02,0.02,0.02,52729,0
ASA,60,20250410,120000,0.0215,0.0215,0.0215,0.0215,60971,0
ASA,60,20250410,160000,0.0215,0.0215,0.0215,0.0215,9029,0
ASA,60,20250411,120000,0.0215,0.0215,0.0215,0.0215,25000,0
ASA,60,20250411,160000,0.0225,0.0225,0.0225,0.0225,1,0
ASA,60,20250414,120000,0.0215,0.0215,0.0215,0.0215,3,0
ASA,60,20250414,160000,0.022,0.022,0.022,0.022,1,0
ASA,60,20250415,120000,0.022,0.022,0.022,0.022,100,0
ASA,60,20250415,160000,0.022,0.022,0.022,0.022,158604,0
ASA,60,20250416,120000,0.0225,0.0225,0.0225,0.0225,2,0
ASA,60,20250416,160000,0.02,0.02,0.02,0.02,241959,0
ASA,60,20250417,120000,0.02,0.02,0.02,0.02,6529,0
ASA,60,20250417,160000,0.022,0.022,0.022,0.022,1,0
ASA,60,20250423,120000,0.022,0.022,0.022,0.022,46038,0
ASA,60,20250423,160000,0.02,0.02,0.02,0.02,11090,0
ASA,60,20250424,120000,0.022,0.022,0.022,0.022,298416,0
ASA,60,20250424,160000,0.022,0.022,0.022,0.022,258364,0
ASA,60,20250425,120000,0.024,0.024,0.024,0.024,39200,0
ASA,60,20250425,160000,0.024,0.024,0.024,0.024,255901,0
ASA,60,20250428,120000,0.023,0.023,0.023,0.023,5910,0
ASA,60,20250428,160000,0.023,0.023,0.023,0.023,100,0
ASA,60,20250429,120000,0.021,0.021,0.021,0.021,89369,0
ASA,60,20250429,160000,0.021,0.021,0.021,0.021,177686,0
ASA,60,20250430,120000,0.021,0.021,0.021,0.021,46690,0
ASA,60,20250430,160000,0.0215,0.0215,0.0215,0.0215,39282,0
ASA,60,20250502,120000,0.023,0.023,0.023,0.023,14600,0
ASA,60,20250502,160000,0.0235,0.0235,0.0235,0.0235,3000,0
ASA,60,20250505,120000,0.0235,0.0235,0.0235,0.0235,1000,0
ASA,60,20250506,160000,0.0205,0.0205,0.0205,0.0205,40000,0
ASA,60,20250507,120000,0.0225,0.0225,0.0225,0.0225,5588,0
ASA,60,20250507,160000,0.0225,0.0225,0.0225,0.0225,7,0
ASA,60,20250508,120000,0.022,0.022,0.022,0.022,50000,0
ASA,60,20250508,160000,0.022,0.022,0.022,0.022,533,0
ASA,60,20250509,120000,0.022,0.022,0.022,0.022,4,0
ASA,60,20250509,160000,0.022,0.022,0.022,0.022,504,0
ASA,60,20250512,120000,0.0205,0.0205,0.0205,0.0205,319990,0
ASA,60,20250512,160000,0.023,0.023,0.023,0.023,112000,0
ASA,60,20250513,120000,0.023,0.023,0.023,0.023,76528,0
ASA,60,20250513,160000,0.023,0.023,0.023,0.023,61100,0
ASA,60,20250514,120000,0.023,0.023,0.023,0.023,12926,0
ASA,60,20250514,160000,0.0225,0.0225,0.0225,0.0225,50000,0
ASA,60,20250515,120000,0.0225,0.0225,0.0225,0.0225,68992,0
ASA,60,20250515,160000,0.0225,0.0225,0.0225,0.0225,104319,0
ASA,60,20250516,120000,0.0235,0.0235,0.0235,0.0235,142971,0
ASA,60,20250516,160000,0.0235,0.0235,0.0235,0.0235,4,0
ASA,60,20250519,120000,0.024,0.024,0.024,0.024,100,0
ASA,60,20250519,160000,0.024,0.024,0.024,0.024,2254,0
ASA,60,20250520,120000,0.024,0.024,0.024,0.024,60000,0
ASA,60,20250520,160000,0.024,0.024,0.024,0.024,1,0
ASA,60,20250526,120000,0.023,0.023,0.0215,0.023,366384,0
ASA,60,20250526,160000,0.023,0.023,0.023,0.023,100,0
ASA,60,20250528,120000,0.023,0.023,0.023,0.023,223365,0
ASA,60,20250528,160000,0.024,0.024,0.024,0.024,1,0
ASA,60,20250529,120000,0.024,0.024,0.024,0.024,44,0
ASA,60,20250529,160000,0.024,0.024,0.024,0.024,55,0
ASA,60,20250530,120000,0.024,0.024,0.024,0.024,49,0
ASA,60,20250530,160000,0.024,0.024,0.024,0.024,3156,0
ASA,60,20250602,120000,0.024,0.024,0.024,0.024,93002,0
ASA,60,20250602,160000,0.024,0.024,0.024,0.024,8450,0
ASA,60,20250603,120000,0.024,0.024,0.024,0.024,100104,0
ASA,60,20250603,160000,0.024,0.024,0.024,0.024,100,0
ASA,60,20250604,120000,0.024,0.024,0.024,0.024,11002,0
ASA,60,20250604,160000,0.024,0.024,0.024,0.024,20800,0
ASA,60,20250605,120000,0.024,0.024,0.024,0.024,100,0
ASA,60,20250605,160000,0.023,0.023,0.023,0.023,2600,0
ASA,60,20250606,120000,0.024,0.024,0.024,0.024,60100,0
ASA,60,20250606,160000,0.024,0.024,0.024,0.024,4,0
ASA,60,20250609,120000,0.024,0.024,0.024,0.024,5000,0
ASA,60,20250609,160000,0.024,0.024,0.024,0.024,44,0
ASA,60,20250611,120000,0.024,0.024,0.024,0.024,2070,0
ASA,60,20250611,160000,0.024,0.024,0.024,0.024,137111,0
ASA,60,20250612,120000,0.024,0.024,0.024,0.024,5123,0
ASA,60,20250612,160000,0.024,0.024,0.024,0.024,322,0
ASA,60,20250613,120000,0.024,0.024,0.024,0.024,40,0
ASA,60,20250613,160000,0.024,0.024,0.024,0.024,2,0
ASA,60,20250616,120000,0.024,0.024,0.024,0.024,24,0
ASA,60,20250616,160000,0.024,0.024,0.024,0.024,25,0
ASA,60,20250617,120000,0.024,0.024,0.024,0.024,24,0
ASA,60,20250617,160000,0.024,0.024,0.024,0.024,4,0
ASA,60,20250620,120000,0.024,0.024,0.023,0.023,10020,0
ASA,60,20250620,160000,0.024,0.024,0.024,0.024,1,0
ASA,60,20250626,120000,0.024,0.024,0.024,0.024,91505,0
ASA,60,20250627,160000,0.024,0.024,0.024,0.024,41417,0
ASA,60,20250630,120000,0.022,0.022,0.022,0.022,77000,0
ASA,60,20250630,160000,0.024,0.024,0.024,0.024,20584,0
ASA,60,20250701,120000,0.0235,0.0235,0.0235,0.0235,2,0
ASA,60,20250701,160000,0.0235,0.0235,0.0235,0.0235,334,0
ASA,60,20250702,120000,0.0215,0.0215,0.0215,0.0215,7121,0
ASA,60,20250702,160000,0.0235,0.0235,0.0235,0.0235,64107,0
ASA,60,20250703,120000,0.0215,0.0215,0.0215,0.0215,169960,0
ASA,60,20250703,160000,0.022,0.022,0.022,0.022,5000,0
ASA,60,20250704,120000,0.022,0.022,0.022,0.022,13000,0
ASA,60,20250704,160000,0.0225,0.0225,0.0225,0.0225,46333,0
ASA,60,20250707,120000,0.023,0.023,0.023,0.023,2900,0
ASA,60,20250707,160000,0.023,0.023,0.023,0.023,12000,0
ASA,60,20250708,120000,0.0205,0.0205,0.0205,0.0205,132691,0
ASA,60,20250708,160000,0.0225,0.0225,0.0225,0.0225,2,0
ASA,60,20250709,120000,0.0225,0.0225,0.0225,0.0225,103200,0
ASA,60,20250709,160000,0.0205,0.0205,0.0205,0.0205,15000,0
ASA,60,20250710,120000,0.021,0.021,0.021,0.021,80040,0
ASA,60,20250710,160000,0.0215,0.0215,0.0215,0.0215,18150,0
ASA,60,20250714,120000,0.021,0.0215,0.021,0.0215,144165,0
ASA,60,20250714,160000,0.023,0.023,0.023,0.023,176162,0
ASA,60,20250715,120000,0.023,0.023,0.023,0.023,128000,0
ASA,60,20250717,160000,0.023,0.023,0.023,0.023,134702,0
ASA,60,20250718,120000,0.021,0.021,0.021,0.021,33000,0
ASA,60,20250723,160000,0.023,0.023,0.021,0.0225,66102,0
ASA,60,20250724,120000,0.0225,0.0225,0.0225,0.0225,66782,0
ASA,60,20250728,160000,0.022,0.022,0.021,0.022,223370,0
ASA,60,20250801,120000,0.021,0.022,0.021,0.022,448579,0
ASA,60,20250801,160000,0.023,0.023,0.023,0.023,37347,0
ASA,60,20250804,120000,0.023,0.023,0.023,0.023,4,0
ASA,60,20250804,160000,0.022,0.022,0.022,0.022,30000,0
ASA,60,20250805,120000,0.023,0.023,0.023,0.023,10002,0
ASA,60,20250805,160000,0.023,0.023,0.023,0.023,460,0
ASA,60,20250806,120000,0.023,0.023,0.023,0.023,10001,0
ASA,60,20250806,160000,0.023,0.023,0.023,0.023,4,0
ASA,60,20250807,120000,0.023,0.023,0.023,0.023,13000,0
ASA,60,20250811,160000,0.0215,0.0215,0.0215,0.0215,72877,0
ASA,60,20250812,120000,0.022,0.022,0.022,0.022,62012,0
ASA,60,20250812,160000,0.022,0.022,0.022,0.022,110000,0
ASA,60,20250813,120000,0.0215,0.0215,0.0215,0.0215,8597,0
ASA,60,20250813,160000,0.022,0.022,0.022,0.022,2,0
ASA,60,20250814,120000,0.022,0.022,0.022,0.022,22,0
ASA,60,20250814,160000,0.022,0.022,0.022,0.022,228333,0
ASA,60,20250818,120000,0.022,0.022,0.022,0.022,30000,0
ASA,60,20250818,160000,0.023,0.023,0.023,0.023,4,0
ASA,60,20250819,120000,0.023,0.023,0.023,0.023,3,0
ASA,60,20250819,160000,0.023,0.023,0.023,0.023,2,0
ASA,60,20250820,120000,0.023,0.023,0.023,0.023,2,0
ASA,60,20250820,160000,0.0225,0.0225,0.0225,0.0225,2,0
ASA,60,20250821,120000,0.022,0.022,0.022,0.022,57560,0
ASA,60,20250821,160000,0.023,0.023,0.023,0.023,1,0
ASA,60,20250822,120000,0.022,0.022,0.022,0.022,50004,0
ASA,60,20250822,160000,0.023,0.023,0.023,0.023,10000,0
ASA,60,20250825,120000,0.023,0.023,0.023,0.023,2,0
ASA,60,20250825,160000,0.0215,0.0215,0.0215,0.0215,85000,0
ASA,60,20250826,120000,0.0225,0.0225,0.0225,0.0225,30002,0
ASA,60,20250826,160000,0.0215,0.0215,0.0215,0.0215,205032,0
ASA,60,20250827,120000,0.0225,0.0225,0.0225,0.0225,2,0
ASA,60,20250827,160000,0.0225,0.0225,0.0225,0.0225,1,0
ASA,60,20250828,120000,0.023,0.023,0.023,0.023,10000,0
ASA,60,20250828,160000,0.0225,0.0225,0.0225,0.0225,2,0
ASA,60,20250901,120000,0.022,0.022,0.0215,0.0215,110859,0
ASA,60,20250901,160000,0.022,0.022,0.022,0.022,10688,0
ASA,60,20250903,120000,0.022,0.022,0.022,0.022,190896,0
ASA,60,20250903,160000,0.022,0.022,0.022,0.022,135860,0
ASA,60,20250904,120000,0.0225,0.0225,0.0225,0.0225,74788,0
ASA,60,20250904,160000,0.023,0.023,0.023,0.023,10000,0
ASA,60,20250909,120000,0.0215,0.0215,0.0215,0.0215,100000,0
ASA,60,20250909,160000,0.0215,0.0215,0.0215,0.0215,147122,0
ASA,60,20250910,120000,0.0215,0.0215,0.0215,0.0215,40261,0
ASA,60,20250911,160000,0.0215,0.0215,0.0215,0.0215,162729,0
ASA,60,20250912,120000,0.0205,0.0205,0.0205,0.0205,800000,0
ASA,60,20250912,160000,0.0215,0.0215,0.0215,0.0215,54431,0
ASA,60,20250915,120000,0.021,0.021,0.021,0.021,45000,0
ASA,60,20250915,160000,0.022,0.022,0.022,0.022,276881,0
ASA,60,20250916,120000,0.021,0.021,0.021,0.021,296850,0
ASA,60,20250916,160000,0.021,0.021,0.021,0.021,1000,0
ASA,60,20250917,120000,0.0225,0.0225,0.0225,0.0225,4250,0
ASA,60,20250917,160000,0.0225,0.0225,0.0225,0.0225,6000,0
ASA,60,20250918,120000,0.021,0.021,0.021,0.021,43268,0
ASA,60,20250918,160000,0.022,0.022,0.022,0.022,49899,0
ASA,60,20250922,120000,0.0225,0.0225,0.02,0.02,453179,0
ASA,60,20250922,160000,0.022,0.022,0.022,0.022,159000,0
ASA,60,20250923,120000,0.023,0.023,0.023,0.023,448454,0
ASA,60,20250923,160000,0.023,0.023,0.023,0.023,43741,0
ASA,60,20250924,120000,0.023,0.023,0.023,0.023,153520,0
ASA,60,20250924,160000,0.0235,0.0235,0.0235,0.0235,60000,0
ASA,60,20250925,120000,0.0235,0.0235,0.0235,0.0235,150000,0
ASA,60,20250925,160000,0.024,0.024,0.024,0.024,28000,0
ASA,60,20250926,120000,0.024,0.024,0.024,0.024,1000,0
ASA,60,20250926,160000,0.024,0.024,0.024,0.024,30598,0
ASA,60,20250929,120000,0.024,0.024,0.024,0.024,50000,0
ASA,60,20250929,160000,0.0235,0.0235,0.0235,0.0235,55555,0
ASA,60,20251003,120000,0.0235,0.0235,0.023,0.023,18995,0
ASA,60,20251003,160000,0.024,0.024,0.024,0.024,32222,0
ASA,60,20251006,120000,0.024,0.024,0.024,0.024,3000,0
ASA,60,20251006,160000,0.024,0.024,0.024,0.024,62062,0
ASA,60,20251007,120000,0.024,0.024,0.024,0.024,50000,0
ASA,60,20251007,160000,0.023,0.023,0.023,0.023,159000,0
ASA,60,20251008,120000,0.023,0.023,0.023,0.023,162202,0
ASA,60,20251008,160000,0.023,0.023,0.023,0.023,300000,0
ASA,60,20251010,120000,0.024,0.024,0.024,0.024,969215,0
ASA,60,20251016,160000,0.024,0.024,0.024,0.024,74600,0
ASA,60,20251017,120000,0.023,0.023,0.023,0.023,60000,0
ASA,60,20251020,160000,0.022,0.022,0.022,0.022,200,0
ASA,60,20251022,120000,0.022,0.022,0.022,0.022,85752,0
ASA,60,20251022,160000,0.021,0.021,0.021,0.021,123960,0
ASA,60,20251023,120000,0.02,0.02,0.02,0.02,145388,0
ASA,60,20251023,160000,0.0215,0.0215,0.0215,0.0215,15000,0
ASA,60,20251027,120000,0.0215,0.0215,0.0215,0.0215,11500,0
ASA,60,20251027,160000,0.0205,0.0205,0.0205,0.0205,25350,0
ASA,60,20251029,120000,0.0215,0.0215,0.0215,0.0215,103447,0
ASA,60,20251029,160000,0.022,0.022,0.022,0.022,188000,0
ASA,60,20251030,120000,0.021,0.021,0.021,0.021,57565,0
ASA,60,20251104,160000,0.0215,0.0215,0.021,0.021,12098,0
ASA,60,20251105,120000,0.021,0.021,0.021,0.021,1,0
ASA,60,20251105,160000,0.021,0.021,0.021,0.021,4580,0
ASA,60,20251106,120000,0.021,0.021,0.021,0.021,45419,0
ASA,60,20251106,160000,0.021,0.021,0.021,0.021,50000,0
ASA,60,20251110,120000,0.022,0.022,0.022,0.022,100000,0
ASA,60,20251110,160000,0.021,0.021,0.021,0.021,100002,0
ASA,60,20251112,120000,0.021,0.021,0.021,0.021,29001,0
ASA,60,20251112,160000,0.0225,0.0225,0.0225,0.0225,11,0
ASA,60,20251113,120000,0.021,0.021,0.021,0.021,80000,0
ASA,60,20251113,160000,0.022,0.022,0.022,0.022,1,0
ASA,60,20251117,120000,0.0215,0.022,0.0215,0.022,694999,0
ASA,60,20251117,160000,0.022,0.022,0.022,0.022,416768,0
ASA,60,20251118,120000,0.0225,0.0225,0.0225,0.0225,6,0
ASA,60,20251118,160000,0.0225,0.0225,0.0225,0.0225,131435,0
ASA,60,20251119,120000,0.0225,0.0225,0.0225,0.0225,45001,0
ASA,60,20251119,160000,0.022,0.022,0.022,0.022,23003,0
ASA,60,20251120,120000,0.022,0.022,0.022,0.022,10000,0
ASA,60,20251120,160000,0.021,0.021,0.021,0.021,140000,0
ASA,60,20251121,120000,0.021,0.021,0.021,0.021,292734,0
ASA,60,20251121,160000,0.021,0.021,0.021,0.021,5144,0
ASA,60,20251124,120000,0.0205,0.0205,0.0205,0.0205,51578,0
ASA,60,20251124,160000,0.021,0.021,0.021,0.021,32842,0
ASA,60,20251125,120000,0.0225,0.0225,0.0225,0.0225,2,0
ASA,60,20251125,160000,0.021,0.021,0.021,0.021,17000,0
ASA,60,20251126,120000,0.0225,0.0225,0.0225,0.0225,3,0
ASA,60,20251126,160000,0.022,0.022,0.022,0.022,20000,0
ASA,60,20251127,120000,0.0225,0.0225,0.0225,0.0225,130018,0
ASA,60,20251127,160000,0.0225,0.0225,0.0225,0.0225,3,0
ASA,60,20251128,120000,0.0225,0.0225,0.0225,0.0225,93003,0
ASA,60,20251128,160000,0.0225,0.0225,0.0225,0.0225,55558,0
ASA,60,20251201,120000,0.023,0.023,0.023,0.023,220003,0
ASA,60,20251201,160000,0.023,0.023,0.023,0.023,175333,0
ASA,60,20251202,120000,0.023,0.023,0.023,0.023,110003,0
ASA,60,20251202,160000,0.023,0.023,0.023,0.023,98451,0
ASA,60,20251203,120000,0.023,0.023,0.023,0.023,80000,0
ASA,60,20251203,160000,0.023,0.023,0.023,0.023,11500,0
ASA,60,20251205,120000,0.023,0.023,0.023,0.023,2481,0
ASA,60,20251205,160000,0.021,0.021,0.021,0.021,142812,0
ASA,60,20251208,120000,0.0205,0.0205,0.0205,0.0205,293383,0
ASA,60,20251208,160000,0.021,0.021,0.021,0.021,78231,0
ASA,60,20251209,120000,0.021,0.021,0.021,0.021,211382,0
ASA,60,20251209,160000,0.022,0.022,0.022,0.022,104,0
ASA,60,20251210,120000,0.0205,0.0205,0.0205,0.0205,50358,0
ASA,60,20251210,160000,0.022,0.022,0.022,0.022,44546,0
ASA,60,20251211,120000,0.0215,0.0215,0.0215,0.0215,2,0
ASA,60,20251211,160000,0.0215,0.0215,0.0215,0.0215,5000,0
ASA,60,20251212,120000,0.021,0.021,0.021,0.021,20000,0
ASA,60,20251212,160000,0.0205,0.0205,0.0205,0.0205,221524,0
ASA,60,20251215,120000,0.021,0.021,0.021,0.021,3,0
ASA,60,20251215,160000,0.0185,0.0185,0.0185,0.0185,59047,0
ASA,60,20251216,120000,0.019,0.019,0.019,0.019,25400,0
ASA,60,20251216,160000,0.021,0.021,0.021,0.021,25,0
ASA,60,20251217,120000,0.021,0.021,0.021,0.021,15002,0
ASA,60,20251217,160000,0.02,0.02,0.02,0.02,92261,0
ASA,60,20251218,120000,0.019,0.019,0.019,0.019,12000,0
ASA,60,20251218,160000,0.02,0.02,0.02,0.02,25,0
ASA,60,20251219,120000,0.019,0.019,0.019,0.019,5383,0
ASA,60,20251219,160000,0.0185,0.0185,0.0185,0.0185,300000,0
ASA,60,20251222,120000,0.0175,0.0175,0.0175,0.0175,171760,0
ASA,60,20251222,160000,0.0205,0.0205,0.0205,0.0205,21001,0
ASA,60,20251223,120000,0.019,0.019,0.019,0.019,50000,0
ASA,60,20251223,160000,0.018,0.018,0.018,0.018,194619,0
ASA,60,20251229,120000,0.0175,0.0175,0.0175,0.0175,126000,0
ASA,60,20251229,160000,0.0195,0.0195,0.0195,0.0195,71532,0
ASA,60,20251230,120000,0.02,0.02,0.02,0.02,266669,0
ASA,60,20251230,160000,0.0195,0.0195,0.0195,0.0195,20003,0
