<TICKER>,<PER>,<DATE>,<TIME>,<OPEN>,<HIGH>,<LOW>,<CLOSE>,<VOL>,<OPENINT>
BLF,60,20240418,120000,5.25,5.25,4.92,5.2,89,0
BLF,60,20240418,160000,4.92,4.92,4.92,4.92,5,0
BLF,60,20240507,120000,4.92,5.05,4.92,5.05,14,0
BLF,60,20240507,160000,5.05,5.05,5.05,5.05,65,0
BLF,60,20240516,120000,5.1,5.1,5.1,5.1,14,0
BLF,60,20240516,160000,5.15,5.15,5.15,5.15,178,0
BLF,60,20240517,120000,5.25,5.25,5.25,5.25,2,0
BLF,60,20240517,160000,5.25,5.25,5.25,5.25,250,0
BLF,60,20240520,120000,5.25,5.25,5.25,5.25,2,0
BLF,60,20240521,160000,5.25,5.25,5.25,5.25,2,0
BLF,60,20240522,120000,5.25,5.25,5.25,5.25,2,0
BLF,60,20240523,160000,5.25,5.25,5.25,5.25,2,0
BLF,60,20240531,120000,5.25,5.25,5.25,5.25,10,0
BLF,60,20240604,160000,4.92,4.92,4.92,4.92,375,0
BLF,60,20240605,120000,4.92,4.92,4.92,4.92,4,0
BLF,60,20240605,160000,5.25,5.25,5.25,5.25,10,0
BLF,60,20240607,120000,5.25,5.25,5.25,5.25,4,0
BLF,60,20240607,160000,4.7,4.7,4.7,4.7,60,0
BLF,60,20240613,120000,4.7,4.72,4.7,4.72,261,0
BLF,60,20240620,160000,4.5,4.5,4,4,921,0
BLF,60,20240621,120000,4.2,4.2,4.2,4.2,1299,0
BLF,60,20240621,160000,4.98,4.98,4.98,4.98,300,0
BLF,60,20240625,120000,5.05,5.2,5.05,5.2,1299,0
BLF,60,20240625,160000,5.4,5.4,5.4,5.4,1739,0
BLF,60,20240626,120000,5.6,5.6,5.6,5.6,501,0
BLF,60,20240627,160000,6.5,7.35,6.5,7.35,1122,0
BLF,60,20240702,120000,7.4,7.4,6.6,6.6,810,0
BLF,60,20240702,160000,6.6,6.6,6.6,6.6,10,0
BLF,60,20240704,120000,6.5,7.5,6.5,7.5,249,0
BLF,60,20240704,160000,7.5,7.5,7.5,7.5,273,0
BLF,60,20240705,120000,7.7,7.7,7.7,7.7,800,0
BLF,60,20240705,160000,9,9,9,9,1450,0
BLF,60,20240708,120000,9.1,9.1,9.1,9.1,1443,0
BLF,60,20240708,160000,9.35,9.35,9.35,9.35,230,0
BLF,60,20240709,120000,9.6,9.6,9.6,9.6,499,0
BLF,60,20240709,160000,9.3,9.3,9.3,9.3,239,0
BLF,60,20240711,120000,9.2,9.5,9.2,9.5,500,0
BLF,60,20240711,160000,9.2,9.2,9.2,9.2,250,0
BLF,60,20240712,120000,9.7,9.7,9.7,9.7,435,0
BLF,60,20240712,160000,9.9,9.9,9.9,9.9,500,0
BLF,60,20240715,120000,10,10,10,10,835,0
BLF,60,20240716,160000,10,10,8,8,757,0
BLF,60,20240717,120000,8.4,8.4,8.4,8.4,2,0
BLF,60,20240717,160000,9.1,9.1,9.1,9.1,40,0
BLF,60,20240718,120000,10.1,10.1,10.1,10.1,730,0
BLF,60,20240718,160000,11.2,11.2,11.2,11.2,280,0
BLF,60,20240725,120000,11,11,10.5,10.5,2,0
BLF,60,20240725,160000,10,10,10,10,20,0
BLF,60,20240726,120000,9.9,9.9,9.9,9.9,2,0
BLF,60,20240730,160000,9.3,9.3,9.3,9.3,2,0
BLF,60,20240731,120000,9.3,9.3,9.3,9.3,252,0
BLF,60,20240801,160000,9.3,9.3,9,9,42,0
BLF,60,20240802,120000,8.45,8.45,8.45,8.45,140,0
BLF,60,20240802,160000,10.1,10.1,10.1,10.1,1,0
BLF,60,20240809,120000,8.6,8.6,8.2,8.2,8,0
BLF,60,20240813,160000,8,8,8,8,5,0
BLF,60,20240816,120000,8,8,8,8,2,0
BLF,60,20240816,160000,8,8,8,8,1,0
BLF,60,20240819,120000,8.5,8.5,8.5,8.5,5,0
BLF,60,20240822,160000,8.5,8.7,8,8,189,0
BLF,60,20240826,120000,8,8,8,8,27,0
BLF,60,20240826,160000,8,8,8,8,1,0
BLF,60,20240827,120000,8,8,8,8,2,0
BLF,60,20240827,160000,8,8,8,8,4,0
BLF,60,20240830,120000,8,8,8,8,4,0
BLF,60,20240903,160000,8,8,8,8,2,0
BLF,60,20240909,120000,8,8,8,8,126,0
BLF,60,20240909,160000,8.2,8.2,8.2,8.2,138,0
BLF,60,20240910,120000,8.3,8.3,8.3,8.3,2,0
BLF,60,20240910,160000,8.5,8.5,8.5,8.5,50,0
BLF,60,20240911,120000,8.7,8.7,8.7,8.7,170,0
BLF,60,20240911,160000,8.7,8.7,8.7,8.7,120,0
BLF,60,20240916,120000,9,9.2,9,9.2,880,0
BLF,60,20240917,160000,9.2,9.8,9.2,9.8,609,0
BLF,60,20241003,120000,9.8,9.8,9.4,9.5,254,0
BLF,60,20241003,160000,9.5,9.5,9.5,9.5,8,0
BLF,60,20241009,120000,9.45,9.45,8.4,8.4,68,0
BLF,60,20241009,160000,8,8,8,8,20,0
BLF,60,20241010,120000,8,8,8,8,320,0
BLF,60,20241010,160000,7.4,7.4,7.4,7.4,20,0
BLF,60,20241017,120000,9.45,9.45,9.35,9.35,2106,0
BLF,60,20241018,160000,9.3,9.3,9.3,9.3,202,0
BLF,60,20241021,120000,8,8,8,8,20,0
BLF,60,20241028,160000,9.25,9.3,9.25,9.3,500,0
BLF,60,20241031,120000,9,9,7.4,7.4,263,0
BLF,60,20241031,160000,8.7,8.7,8.7,8.7,200,0
BLF,60,20241105,120000,8,8,7.5,7.5,60,0
BLF,60,20241107,160000,7.5,7.5,7,7,210,0
BLF,60,20241112,120000,5.7,5.7,5.7,5.7,21,0
BLF,60,20241118,160000,8.75,8.75,5.75,5.8,1774,0
BLF,60,20241202,120000,5.8,6.3,5.8,6.25,130,0
BLF,60,20241202,160000,6.25,6.25,6.25,6.25,50,0
BLF,60,20241203,120000,6.25,6.25,6.25,6.25,1,0
BLF,60,20241203,160000,5.8,5.8,5.8,5.8,45,0
BLF,60,20241213,120000,5.8,5.8,5.5,5.5,364,0
BLF,60,20241216,160000,5.5,5.5,5.5,5.5,2,0
BLF,60,20241218,120000,5.5,5.5,5.5,5.5,15,0
BLF,60,20241218,160000,5.5,5.5,5.5,5.5,8,0
BLF,60,20241219,120000,5.5,5.5,5.5,5.5,2,0
BLF,60,20241219,160000,5.5,5.5,5.5,5.5,8,0
BLF,60,20241223,120000,5.55,5.55,5.5,5.5,301,0
BLF,60,20241223,160000,5.5,5.5,5.5,5.5,300,0
BLF,60,20241227,120000,5.5,5.5,5.5,5.5,5,0
BLF,60,20241227,160000,5.6,5.6,5.6,5.6,1400,0
BLF,60,20250103,120000,5.8,5.8,5.7,5.7,485,0
BLF,60,20250103,160000,5.7,5.7,5.7,5.7,15,0
BLF,60,20250108,120000,5.7,5.7,5.7,5.7,4,0
BLF,60,20250108,160000,6.3,6.3,6.3,6.3,735,0
BLF,60,20250114,120000,6.3,6.3,6.3,6.3,646,0
BLF,60,20250114,160000,6.35,6.35,6.35,6.35,200,0
BLF,60,20250130,120000,6.4,6.4,6.4,6.4,179,0
BLF,60,20250203,160000,6,6,6,6,10,0
BLF,60,20250207,120000,6,6,5,5.7,1440,0
BLF,60,20250207,160000,5.2,5.2,5.2,5.2,442,0
BLF,60,20250212,120000,5,5,4.6,4.6,1345,0
BLF,60,20250212,160000,4.8,4.8,4.8,4.8,900,0
BLF,60,20250218,120000,4.8,4.8,4.8,4.8,100,0
BLF,60,20250218,160000,4.5,4.5,4.5,4.5,531,0
BLF,60,20250219,120000,4.3,4.3,4.3,4.3,140,0
BLF,60,20250219,160000,4.3,4.3,4.3,4.3,736,0
BLF,60,20250220,120000,4.2,4.2,4.2,4.2,10,0
BLF,60,20250220,160000,4.28,4.28,4.28,4.28,500,0
BLF,60,20250221,120000,4.3,4.3,4.3,4.3,840,0
BLF,60,20250224,160000,4.2,4.3,4.2,4.3,975,0
BLF,60,20250225,120000,4.12,4.12,4.12,4.12,98,0
BLF,60,20250226,160000,4.12,4.12,4,4,2192,0
BLF,60,20250228,120000,4,4.1,4,4.1,456,0
BLF,60,20250228,160000,4,4,4,4,355,0
BLF,60,20250305,120000,4,4.3,4,4,392,0
BLF,60,20250305,160000,4.38,4.38,4.38,4.38,32,0
BLF,60,20250306,120000,4.38,4.38,4.38,4.38,559,0
BLF,60,20250306,160000,4,4,4,4,10,0
BLF,60,20250314,120000,4,4,4,4,939,0
BLF,60,20250317,160000,3.98,3.98,3.98,3.98,550,0
BLF,60,20250319,120000,3.8,3.8,3.8,3.8,901,0
BLF,60,20250319,160000,4,4,4,4,5,0
BLF,60,20250328,120000,3.98,3.98,3.7,3.7,506,0
BLF,60,20250331,160000,3.8,3.9,3.8,3.9,150,0
BLF,60,20250403,120000,4,4,4,4,219,0
BLF,60,20250506,160000,4.2,4.2,4.2,4.2,20,0
BLF,60,20250509,120000,4.3,4.3,4.3,4.3,626,0
BLF,60,20250512,160000,4.3,4.3,4.3,4.3,400,0
BLF,60,20250519,120000,4.3,4.3,4.3,4.3,80,0
BLF,60,20250522,160000,4.3,4.32,4.3,4.32,295,0
BLF,60,20250526,120000,4.32,4.32,4.32,4.32,5,0
BLF,60,20250527,160000,4.32,4.32,4.32,4.32,5,0
BLF,60,20250529,120000,4.32,4.32,4.32,4.32,5,0
BLF,60,20250530,160000,4.32,4.32,4.32,4.32,5,0
BLF,60,20250721,120000,4.32,4.32,4.12,4.12,1654,0
BLF,60,20250725,160000,4.16,4.16,4.16,4.16,32,0
BLF,60,20250814,120000,4.1,4.1,4.1,4.1,30,0
BLF,60,20250818,160000,3.96,3.96,3.96,3.96,20,0
BLF,60,20250819,120000,3.9,3.9,3.9,3.9,20,0
BLF,60,20251002,160000,3.8,4,3.8,4,125,0
BLF,60,20251003,120000,3.98,3.98,3.98,3.98,50,0
BLF,60,20251014,160000,4,4,4,4,3,0
BLF,60,20251020,120000,4,4,3.7,3.7,345,0
BLF,60,20251020,160000,3,3,3,3,1600,0
BLF,60,20251023,120000,3.48,3.48,3.22,3.22,231,0
BLF,60,20251023,160000,3.24,3.24,3.24,3.24,400,0
BLF,60,20251024,120000,3.4,3.4,3.4,3.4,100,0
BLF,60,20251024,160000,3.42,3.42,3.42,3.42,235,0
BLF,60,20251028,120000,3.42,3.42,3.1,3.1,165,0
BLF,60,20251028,160000,2.7,2.7,2.7,2.7,1443,0
BLF,60,20251031,120000,2.72,3.06,2.72,3,1001,0
BLF,60,20251103,160000,3.04,3.04,3.04,3.04,100,0
BLF,60,20251104,120000,3.04,3.04,3.04,3.04,170,0
BLF,60,20251105,160000,3.06,3.06,3.06,3.06,1000,0
BLF,60,20251106,120000,3.06,3.06,3.06,3.06,5,0
BLF,60,20251107,160000,3.06,3.06,3.06,3.06,10,0
BLF,60,20251112,120000,3.06,3.06,3.06,3.06,15,0
BLF,60,20251114,160000,3.04,3.04,3.04,3.04,10,0
BLF,60,20251119,120000,3.04,3.04,3.04,3.04,15,0
BLF,60,20251124,160000,3.04,3.44,3.04,3.44,1019,0
BLF,60,20251127,120000,3.44,3.44,3.44,3.44,15,0
BLF,60,20251128,160000,3.46,3.46,3.46,3.46,723,0
BLF,60,20251202,120000,3.46,3.46,3.46,3.46,10,0
BLF,60,20251202,160000,3.46,3.46,3.46,3.46,555,0
BLF,60,20251204,120000,3.46,3.46,3.46,3.46,500,0
BLF,60,20251205,160000,2.82,3.46,2.82,3.46,739,0
BLF,60,20251208,120000,3.46,3.46,3.46,3.46,480,0
BLF,60,20251211,160000,3.8,3.8,3.8,3.8,1077,0
BLF,60,20251230,120000,3.96,3.96,3.92,3.92,2261,0
