<TICKER>,<PER>,<DATE>,<TIME>,<OPEN>,<HIGH>,<LOW>,<CLOSE>,<VOL>,<OPENINT>
CWA,60,20240411,120000,3.16,3.16,3.16,3.16,86,0
CWA,60,20240411,130000,3.18,3.18,3.18,3.18,1,0
CWA,60,20240411,160000,3.18,3.18,3.18,3.18,292,0
CWA,60,20240411,170000,3.03,3.1,3.03,3.1,242,0
CWA,60,20240412,130000,3.03,3.03,3.03,3.03,200,0
CWA,60,20240412,140000,3.03,3.03,3,3,450,0
CWA,60,20240412,150000,3,3,2.98,2.98,98,0
CWA,60,20240412,160000,2.98,2.98,2.98,2.98,373,0
CWA,60,20240412,170000,3,3.06,3,3.06,398,0
CWA,60,20240415,100000,3.07,3.07,3.07,3.07,4,0
CWA,60,20240415,150000,3,3,3,3,275,0
CWA,60,20240415,160000,3,3.02,3,3.02,342,0
CWA,60,20240416,100000,2.98,2.98,2.98,2.98,200,0
CWA,60,20240416,120000,2.98,2.98,2.98,2.98,350,0
CWA,60,20240416,150000,2.95,2.95,2.95,2.95,335,0
CWA,60,20240416,160000,3,3,3,3,236,0
CWA,60,20240418,100000,3.01,3.01,3.01,3.01,8,0
CWA,60,20240418,150000,3,3,3,3,200,0
CWA,60,20240419,100000,3.01,3.01,3.01,3.01,1,0
CWA,60,20240424,110000,3,3,2.9,2.9,339,0
CWA,60,20240424,150000,2.9,2.9,2.9,2.9,445,0
CWA,60,20240425,100000,2.9,2.9,2.9,2.9,6,0
CWA,60,20240425,120000,2.99,3,2.99,3,350,0
CWA,60,20240425,150000,3,3,2.805,2.805,1280,0
CWA,60,20240426,110000,2.94,3,2.94,3,1501,0
CWA,60,20240429,100000,3.01,3.02,2.81,3.02,1769,0
CWA,60,20240430,170000,2.91,2.91,2.91,2.91,110,0
CWA,60,20240502,130000,2.91,2.91,2.82,2.82,925,0
CWA,60,20240502,170000,2.99,2.99,2.99,2.99,1,0
CWA,60,20240506,100000,2.9,2.9,2.9,2.9,2,0
CWA,60,20240506,110000,2.82,2.82,2.805,2.805,175,0
CWA,60,20240506,150000,2.89,2.99,2.89,2.99,1167,0
CWA,60,20240506,160000,2.99,3.02,2.99,2.99,93,0
CWA,60,20240507,100000,2.99,2.99,2.88,2.88,104,0
CWA,60,20240507,110000,2.91,2.91,2.91,2.91,132,0
CWA,60,20240507,140000,2.83,2.83,2.83,2.83,190,0
CWA,60,20240507,150000,2.9,2.9,2.9,2.9,100,0
CWA,60,20240508,110000,2.83,2.83,2.83,2.83,210,0
CWA,60,20240509,100000,2.85,2.85,2.805,2.805,1125,0
CWA,60,20240509,110000,2.805,2.805,2.805,2.805,145,0
CWA,60,20240509,120000,2.75,2.75,2.725,2.725,350,0
CWA,60,20240509,140000,2.805,2.84,2.805,2.84,365,0
CWA,60,20240509,160000,2.84,2.84,2.84,2.84,1000,0
CWA,60,20240510,170000,2.84,2.84,2.78,2.78,37,0
CWA,60,20240513,100000,2.785,2.785,2.785,2.785,4,0
CWA,60,20240513,120000,2.895,2.9,2.895,2.9,735,0
CWA,60,20240513,140000,2.85,2.85,2.85,2.85,579,0
CWA,60,20240513,160000,2.85,2.85,2.85,2.85,21,0
CWA,60,20240516,120000,2.895,2.895,2.895,2.895,37,0
CWA,60,20240517,140000,2.82,2.82,2.82,2.82,2,0
CWA,60,20240520,130000,2.895,3.02,2.895,3.02,2163,0
CWA,60,20240520,170000,3.02,3.02,2.93,2.93,349,0
CWA,60,20240521,110000,3.03,3.03,3.03,3.03,5,0
CWA,60,20240521,150000,3.02,3.04,3.02,3.04,878,0
CWA,60,20240521,160000,3.04,3.04,3.04,3.04,33,0
CWA,60,20240524,120000,2.93,2.93,2.93,2.93,315,0
CWA,60,20240524,150000,3,3.09,2.93,3.09,1237,0
CWA,60,20240524,170000,3.09,3.09,3.09,3.09,400,0
CWA,60,20240527,100000,3.09,3.09,2.94,2.94,1275,0
CWA,60,20240527,120000,3,3,3,3,1,0
CWA,60,20240527,130000,3,3,3,3,199,0
CWA,60,20240527,140000,3.06,3.06,3.06,3.06,1,0
CWA,60,20240527,150000,3.06,3.06,3.06,3.06,200,0
CWA,60,20240528,160000,2.92,2.96,2.8,2.96,1500,0
CWA,60,20240528,170000,2.83,2.83,2.83,2.83,100,0
CWA,60,20240529,100000,2.83,2.83,2.83,2.83,30,0
CWA,60,20240531,150000,2.83,2.83,2.83,2.83,514,0
CWA,60,20240603,100000,2.83,2.83,2.83,2.83,4,0
CWA,60,20240603,150000,2.83,2.83,2.83,2.83,250,0
CWA,60,20240603,160000,2.83,2.83,2.83,2.83,220,0
CWA,60,20240604,100000,2.83,2.92,2.83,2.92,300,0
CWA,60,20240604,130000,2.86,2.86,2.86,2.86,350,0
CWA,60,20240605,160000,2.93,2.93,2.86,2.86,208,0
CWA,60,20240606,150000,2.98,2.98,2.98,2.98,1,0
CWA,60,20240606,160000,2.96,2.98,2.96,2.98,680,0
CWA,60,20240606,170000,2.98,3.02,2.98,3.02,220,0
CWA,60,20240607,150000,2.86,2.86,2.84,2.84,600,0
CWA,60,20240611,160000,2.94,2.94,2.94,2.94,1,0
CWA,60,20240614,130000,2.82,2.82,2.8,2.8,1000,0
CWA,60,20240614,160000,2.85,2.87,2.85,2.87,150,0
CWA,60,20240614,170000,2.935,2.935,2.935,2.935,1,0
CWA,60,20240617,160000,2.795,2.795,2.79,2.79,1000,0
CWA,60,20240617,170000,2.93,2.93,2.93,2.93,1,0
CWA,60,20240618,100000,2.93,2.93,2.93,2.93,4,0
CWA,60,20240618,160000,2.79,2.79,2.78,2.78,316,0
CWA,60,20240618,170000,2.86,2.86,2.86,2.86,200,0
CWA,60,20240619,100000,2.8,2.8,2.5,2.6,8600,0
CWA,60,20240619,110000,2.7,2.7,2.52,2.52,2500,0
CWA,60,20240619,120000,2.6,2.6,2.53,2.54,1696,0
CWA,60,20240619,130000,2.6,2.6,2.6,2.6,365,0
CWA,60,20240619,150000,2.6,2.64,2.6,2.64,1085,0
CWA,60,20240619,160000,2.64,2.64,2.64,2.64,55,0
CWA,60,20240620,170000,2.76,2.76,2.62,2.72,1108,0
CWA,60,20240621,100000,2.73,2.77,2.73,2.77,1015,0
CWA,60,20240621,120000,2.77,2.78,2.6,2.78,419,0
CWA,60,20240621,160000,2.76,2.76,2.76,2.76,150,0
CWA,60,20240621,170000,2.775,2.775,2.775,2.775,1,0
CWA,60,20240624,100000,2.775,2.775,2.775,2.775,150,0
CWA,60,20240624,110000,2.78,2.78,2.78,2.78,500,0
CWA,60,20240624,120000,2.69,2.77,2.67,2.77,1561,0
CWA,60,20240626,100000,2.77,2.77,2.77,2.77,19,0
CWA,60,20240626,110000,2.66,2.74,2.66,2.74,301,0
CWA,60,20240626,130000,2.66,2.66,2.5,2.64,5669,0
CWA,60,20240626,140000,2.64,2.64,2.64,2.64,29,0
CWA,60,20240627,100000,2.55,2.55,2.55,2.55,200,0
CWA,60,20240627,160000,2.63,2.72,2.63,2.72,2323,0
CWA,60,20240627,170000,2.74,2.76,2.72,2.76,400,0
CWA,60,20240628,100000,2.76,2.76,2.76,2.76,5,0
CWA,60,20240628,110000,2.7,2.7,2.7,2.7,500,0
CWA,60,20240628,120000,2.7,2.7,2.7,2.7,2,0
CWA,60,20240701,100000,2.62,2.75,2.62,2.75,15,0
CWA,60,20240701,110000,2.75,2.78,2.75,2.78,1879,0
CWA,60,20240701,130000,2.775,2.775,2.775,2.775,10,0
CWA,60,20240701,160000,2.66,2.775,2.66,2.775,515,0
CWA,60,20240702,100000,2.775,2.775,2.775,2.775,10,0
CWA,60,20240702,130000,2.66,2.66,2.66,2.66,400,0
CWA,60,20240702,170000,2.74,2.74,2.74,2.74,1,0
CWA,60,20240703,140000,2.68,2.68,2.68,2.68,200,0
CWA,60,20240709,100000,2.66,2.78,2.66,2.78,1020,0
CWA,60,20240709,110000,2.73,2.73,2.73,2.73,200,0
CWA,60,20240709,150000,2.775,2.775,2.775,2.775,400,0
CWA,60,20240709,160000,2.7,2.84,2.7,2.84,20,0
CWA,60,20240709,170000,2.84,2.9,2.7,2.9,3094,0
CWA,60,20240710,100000,2.9,2.92,2.74,2.74,1458,0
CWA,60,20240710,130000,2.7,2.7,2.7,2.7,455,0
CWA,60,20240710,140000,2.7,2.7,2.7,2.7,450,0
CWA,60,20240710,160000,2.7,2.78,2.7,2.78,52,0
CWA,60,20240712,100000,2.7,2.7,2.67,2.67,450,0
CWA,60,20240712,110000,2.7,2.7,2.7,2.7,250,0
CWA,60,20240712,150000,2.72,2.8,2.68,2.8,1151,0
CWA,60,20240712,170000,2.8,2.84,2.8,2.84,390,0
CWA,60,20240715,130000,2.86,3.045,2.78,2.92,3402,0
CWA,60,20240715,140000,2.92,2.92,2.76,2.76,889,0
CWA,60,20240715,150000,2.86,2.86,2.86,2.86,400,0
CWA,60,20240715,160000,2.86,3,2.86,3,160,0
CWA,60,20240715,170000,3.02,3.02,3.02,3.02,50,0
CWA,60,20240717,160000,3,3,2.8,2.8,436,0
CWA,60,20240718,100000,2.8,2.81,2.8,2.8,397,0
CWA,60,20240718,120000,2.9,2.9,2.9,2.9,1,0
CWA,60,20240718,140000,2.9,2.9,2.9,2.9,1199,0
CWA,60,20240718,150000,2.9,2.9,2.9,2.9,801,0
CWA,60,20240719,110000,2.95,2.95,2.95,2.95,15,0
CWA,60,20240719,140000,2.95,2.95,2.95,2.95,29,0
CWA,60,20240722,100000,2.95,2.95,2.64,2.64,1872,0
CWA,60,20240722,110000,2.8,2.8,2.8,2.8,1,0
CWA,60,20240722,140000,2.8,2.82,2.8,2.82,200,0
CWA,60,20240722,170000,2.69,2.69,2.69,2.69,340,0
CWA,60,20240723,100000,2.7,2.7,2.7,2.7,4,0
CWA,60,20240723,110000,2.8,2.83,2.8,2.83,617,0
CWA,60,20240723,130000,2.84,2.85,2.72,2.85,215,0
CWA,60,20240725,110000,2.85,2.94,2.72,2.94,588,0
CWA,60,20240725,120000,3,3,3,3,1,0
CWA,60,20240726,100000,2.95,2.95,2.95,2.95,210,0
CWA,60,20240726,170000,2.86,2.86,2.86,2.86,96,0
CWA,60,20240729,100000,2.94,2.94,2.94,2.94,1,0
CWA,60,20240730,110000,2.94,2.94,2.94,2.94,15,0
CWA,60,20240730,170000,2.935,3,2.935,2.98,1607,0
CWA,60,20240802,100000,2.98,2.98,2.96,2.97,369,0
CWA,60,20240802,170000,2.86,2.86,2.86,2.86,100,0
CWA,60,20240805,100000,2.95,2.95,2.95,2.95,1,0
CWA,60,20240805,110000,2.86,2.86,2.86,2.86,4,0
CWA,60,20240806,100000,2.86,2.86,2.86,2.86,5,0
CWA,60,20240806,120000,2.8,2.82,2.62,2.78,2286,0
CWA,60,20240807,130000,2.7,2.7,2.7,2.7,10,0
CWA,60,20240807,140000,2.75,2.78,2.75,2.78,150,0
CWA,60,20240808,120000,2.78,2.8,2.78,2.8,420,0
CWA,60,20240809,100000,2.8,2.86,2.8,2.86,930,0
CWA,60,20240809,120000,2.86,2.86,2.86,2.86,10,0
CWA,60,20240809,130000,2.85,2.86,2.85,2.86,50,0
CWA,60,20240812,100000,2.9,2.9,2.9,2.9,1,0
CWA,60,20240812,170000,2.89,2.95,2.89,2.95,841,0
CWA,60,20240813,110000,2.95,2.95,2.95,2.95,5,0
CWA,60,20240813,130000,2.8,2.8,2.8,2.8,380,0
CWA,60,20240814,110000,2.79,2.79,2.79,2.79,5,0
CWA,60,20240814,130000,2.77,2.77,2.62,2.62,795,0
CWA,60,20240814,140000,2.625,2.7,2.625,2.7,25,0
CWA,60,20240814,160000,2.7,2.8,2.7,2.8,159,0
CWA,60,20240814,170000,2.8,2.8,2.8,2.8,1000,0
CWA,60,20240816,100000,2.8,2.85,2.8,2.85,657,0
CWA,60,20240816,110000,2.85,2.97,2.85,2.96,1000,0
CWA,60,20240819,100000,2.95,2.95,2.95,2.95,4,0
CWA,60,20240820,110000,2.95,2.95,2.95,2.95,4,0
CWA,60,20240821,100000,2.95,2.95,2.95,2.95,4,0
CWA,60,20240821,120000,2.9,2.9,2.9,2.9,1600,0
CWA,60,20240821,130000,2.94,3,2.9,2.9,4601,0
CWA,60,20240821,140000,2.9,2.9,2.9,2.9,240,0
CWA,60,20240822,100000,2.98,3.02,2.98,3.02,583,0
CWA,60,20240822,110000,3,3,2.995,2.995,567,0
CWA,60,20240822,120000,3.015,3.015,2.89,2.97,357,0
CWA,60,20240823,110000,2.9,3.015,2.9,3.015,25,0
CWA,60,20240826,100000,2.9,2.9,2.84,2.84,275,0
CWA,60,20240826,110000,2.84,2.93,2.84,2.93,20,0
CWA,60,20240827,100000,2.95,2.95,2.95,2.95,4,0
CWA,60,20240827,120000,2.94,2.97,2.94,2.97,1600,0
CWA,60,20240828,100000,2.97,2.97,2.97,2.97,4,0
CWA,60,20240828,130000,2.96,2.97,2.96,2.97,492,0
CWA,60,20240828,150000,2.95,2.95,2.95,2.95,1000,0
CWA,60,20240829,100000,2.92,3,2.92,3,20,0
CWA,60,20240829,120000,3,3,3,3,584,0
CWA,60,20240829,150000,2.995,2.995,2.995,2.995,75,0
CWA,60,20240830,100000,2.92,2.92,2.8,2.8,4451,0
CWA,60,20240830,110000,2.86,3,2.86,3,1619,0
CWA,60,20240830,140000,2.88,2.88,2.8,2.8,1902,0
CWA,60,20240830,150000,2.8,2.8,2.8,2.8,72,0
CWA,60,20240902,110000,2.93,2.995,2.8,2.995,2459,0
CWA,60,20240902,150000,2.99,3.16,2.99,3.1,4522,0
CWA,60,20240902,160000,3.18,3.3,3.18,3.2,10380,0
CWA,60,20240902,170000,3.2,3.3,3.12,3.12,2511,0
CWA,60,20240903,100000,3.31,3.63,3.31,3.63,1870,0
CWA,60,20240903,120000,3.44,3.56,3.3,3.56,846,0
CWA,60,20240903,130000,3.56,3.68,3.54,3.68,2260,0
CWA,60,20240903,150000,3.66,3.7,3.66,3.7,1257,0
CWA,60,20240903,170000,3.7,3.895,3.7,3.895,4233,0
CWA,60,20240904,100000,3.34,3.8,3.34,3.64,613,0
CWA,60,20240904,160000,3.44,3.44,3.38,3.38,1322,0
CWA,60,20240904,170000,3.52,3.52,3.52,3.52,100,0
CWA,60,20240905,100000,3.52,3.56,3.5,3.56,620,0
CWA,60,20240905,140000,3.5,3.5,3.5,3.5,202,0
CWA,60,20240905,160000,3.56,3.56,3.56,3.56,10,0
CWA,60,20240905,170000,3.5,3.5,3.44,3.44,630,0
CWA,60,20240906,100000,3.5,3.54,3.5,3.54,416,0
CWA,60,20240906,120000,3.4,3.4,3.35,3.35,939,0
CWA,60,20240906,130000,3.49,3.49,3.49,3.49,1,0
CWA,60,20240909,100000,3.485,3.54,3.36,3.36,1300,0
CWA,60,20240909,120000,3.5,3.5,3.5,3.5,1,0
CWA,60,20240909,160000,3.405,3.5,3.4,3.5,667,0
CWA,60,20240910,110000,3.52,3.52,3.35,3.47,2057,0
CWA,60,20240910,120000,3.355,3.355,3.35,3.35,1000,0
CWA,60,20240910,130000,3.35,3.35,3.35,3.35,2764,0
CWA,60,20240910,160000,3.45,3.46,3.45,3.46,500,0
CWA,60,20240910,170000,3.52,3.57,3.36,3.36,1200,0
CWA,60,20240911,100000,3.54,3.54,3.54,3.54,1,0
CWA,60,20240911,160000,3.48,3.48,3.48,3.48,100,0
CWA,60,20240911,170000,3.39,3.39,3.12,3.3,3260,0
CWA,60,20240912,160000,3.36,3.36,3.36,3.36,10,0
CWA,60,20240912,170000,3.36,3.38,3.36,3.38,380,0
CWA,60,20240913,100000,3.34,3.34,3.34,3.34,3,0
CWA,60,20240913,110000,3.19,3.19,3.18,3.18,297,0
CWA,60,20240913,120000,3.33,3.35,3.33,3.35,350,0
CWA,60,20240916,100000,3.2,3.24,3.2,3.24,1010,0
CWA,60,20240916,110000,3.24,3.24,3.24,3.24,210,0
CWA,60,20240917,100000,3.3,3.3,3.3,3.3,10,0
CWA,60,20240918,120000,3.205,3.205,2.9,3.1,10330,0
CWA,60,20240918,150000,3.12,3.14,3,3,550,0
CWA,60,20240918,170000,3.16,3.16,3.16,3.16,20,0
CWA,60,20240925,100000,3.16,3.16,3.075,3.12,518,0
CWA,60,20240925,120000,3.12,3.16,3.12,3.12,1169,0
CWA,60,20240925,140000,3.18,3.18,3.18,3.18,5,0
CWA,60,20240926,100000,3.19,3.19,3.19,3.19,10,0
CWA,60,20240926,120000,3.03,3.03,3,3,830,0
CWA,60,20240926,140000,2.91,3,2.825,3,42,0
CWA,60,20240926,150000,3,3,2.85,2.85,1300,0
CWA,60,20240927,110000,2.92,2.92,2.92,2.92,50,0
CWA,60,20240927,130000,2.93,2.93,2.93,2.93,170,0
CWA,60,20240927,170000,3.02,3.02,3.02,3.02,300,0
CWA,60,20240930,100000,3.02,3.02,3.02,3.02,30,0
CWA,60,20240930,160000,2.94,2.94,2.925,2.925,227,0
CWA,60,20241001,100000,2.92,2.92,2.92,2.92,4,0
CWA,60,20241001,140000,2.95,2.95,2.95,2.95,486,0
CWA,60,20241001,170000,2.925,2.925,2.92,2.92,473,0
CWA,60,20241002,100000,2.925,2.925,2.925,2.925,10,0
CWA,60,20241002,120000,2.945,2.945,2.94,2.94,188,0
CWA,60,20241002,150000,2.94,2.94,2.92,2.92,500,0
CWA,60,20241002,170000,2.95,2.95,2.95,2.95,2500,0
CWA,60,20241003,100000,2.92,2.92,2.91,2.91,150,0
CWA,60,20241003,110000,2.91,2.99,2.91,2.99,25,0
CWA,60,20241004,140000,2.925,2.925,2.92,2.92,370,0
CWA,60,20241008,100000,2.91,3.16,2.89,3.16,4157,0
CWA,60,20241008,120000,2.91,3.12,2.9,3.12,1110,0
CWA,60,20241010,110000,2.95,3.08,2.9,3.08,730,0
CWA,60,20241010,120000,2.95,2.95,2.95,2.95,2500,0
CWA,60,20241014,140000,3.05,3.05,3.05,3.05,1,0
CWA,60,20241014,150000,3.05,3.05,3.05,3.05,130,0
CWA,60,20241014,160000,2.955,3.05,2.91,3.05,710,0
CWA,60,20241014,170000,2.91,3.05,2.88,3.05,361,0
CWA,60,20241015,110000,3,3.04,3,3.04,500,0
CWA,60,20241015,120000,2.88,2.9,2.865,2.9,603,0
CWA,60,20241015,150000,2.945,2.945,2.94,2.94,350,0
CWA,60,20241016,140000,3.05,3.08,3.05,3.08,370,0
CWA,60,20241016,170000,2.965,2.965,2.9,2.9,468,0
CWA,60,20241017,140000,2.9,2.9,2.88,2.88,520,0
CWA,60,20241017,160000,2.88,3.04,2.88,3.04,20,0
CWA,60,20241018,100000,3.01,3.01,3.01,3.01,4,0
CWA,60,20241018,110000,3.01,3.01,3.01,3.01,700,0
CWA,60,20241021,100000,2.87,2.98,2.87,2.98,282,0
CWA,60,20241022,150000,2.83,2.83,2.825,2.825,451,0
CWA,60,20241022,170000,2.825,2.825,2.825,2.825,125,0
CWA,60,20241023,100000,2.825,2.825,2.825,2.825,75,0
CWA,60,20241023,160000,2.98,2.98,2.98,2.98,25,0
CWA,60,20241029,100000,2.98,3,2.98,3,17,0
CWA,60,20241029,150000,2.98,2.99,2.98,2.99,1500,0
CWA,60,20241030,160000,2.885,2.885,2.86,2.86,300,0
CWA,60,20241031,110000,2.86,2.86,2.86,2.86,10,0
CWA,60,20241108,100000,2.86,2.86,2.84,2.85,2484,0
CWA,60,20241108,130000,2.97,2.975,2.94,2.975,717,0
CWA,60,20241108,140000,2.97,2.97,2.97,2.97,200,0
CWA,60,20241108,150000,2.985,2.995,2.985,2.995,1500,0
CWA,60,20241112,100000,2.995,2.995,2.995,2.995,5,0
CWA,60,20241112,170000,2.88,2.995,2.87,2.995,405,0
CWA,60,20241113,100000,2.995,2.995,2.995,2.995,4,0
CWA,60,20241113,170000,2.845,2.99,2.82,2.99,960,0
CWA,60,20241118,120000,2.84,2.84,2.8,2.8,1675,0
CWA,60,20241119,110000,2.825,2.825,2.825,2.825,200,0
CWA,60,20241119,150000,2.88,2.9,2.88,2.9,700,0
CWA,60,20241119,160000,2.83,2.83,2.82,2.82,850,0
CWA,60,20241120,100000,2.83,2.83,2.83,2.83,100,0
CWA,60,20241120,110000,2.835,2.835,2.815,2.815,861,0
CWA,60,20241120,120000,2.82,2.82,2.8,2.8,2000,0
CWA,60,20241120,170000,2.88,2.88,2.88,2.88,48,0
CWA,60,20241121,100000,2.88,2.88,2.88,2.88,4,0
CWA,60,20241121,110000,2.87,2.93,2.87,2.93,500,0
CWA,60,20241121,120000,2.93,2.98,2.93,2.98,1000,0
CWA,60,20241121,140000,2.98,3.01,2.98,3.01,1000,0
CWA,60,20241121,170000,2.935,2.935,2.86,2.86,1000,0
CWA,60,20241128,100000,2.85,2.85,2.85,2.85,504,0
CWA,60,20241128,110000,2.84,2.85,2.84,2.85,190,0
CWA,60,20241129,100000,2.845,2.845,2.845,2.845,4,0
CWA,60,20241129,140000,2.81,2.81,2.74,2.74,1000,0
CWA,60,20241129,170000,2.83,2.875,2.83,2.875,500,0
CWA,60,20241203,100000,2.85,2.85,2.84,2.84,8,0
CWA,60,20241203,130000,2.835,2.845,2.835,2.845,522,0
CWA,60,20241204,100000,2.84,2.84,2.7,2.74,2106,0
CWA,60,20241204,130000,2.795,2.8,2.795,2.8,170,0
CWA,60,20241205,100000,2.795,2.795,2.795,2.795,4,0
CWA,60,20241205,120000,2.79,2.8,2.79,2.8,1000,0
CWA,60,20241205,130000,2.8,2.8,2.8,2.8,846,0
CWA,60,20241206,100000,2.795,2.795,2.79,2.795,504,0
CWA,60,20241206,140000,2.795,2.8,2.795,2.8,452,0
CWA,60,20241206,150000,2.8,2.86,2.8,2.86,1003,0
CWA,60,20241210,100000,2.85,2.85,2.7,2.7,1656,0
CWA,60,20241210,160000,2.79,2.85,2.665,2.665,2692,0
CWA,60,20241210,170000,2.84,2.84,2.84,2.84,300,0
CWA,60,20241211,130000,2.83,2.84,2.83,2.84,2000,0
CWA,60,20241211,150000,2.82,2.84,2.82,2.84,1000,0
CWA,60,20241212,110000,2.83,2.83,2.83,2.83,4,0
CWA,60,20241212,140000,2.825,2.84,2.825,2.84,2091,0
CWA,60,20241213,110000,2.84,2.84,2.84,2.84,4,0
CWA,60,20241213,130000,2.755,2.755,2.755,2.755,50,0
CWA,60,20241213,150000,2.755,2.755,2.68,2.68,1290,0
CWA,60,20241213,160000,2.7,2.7,2.7,2.7,775,0
CWA,60,20241216,100000,2.7,2.7,2.7,2.7,4,0
CWA,60,20241216,120000,2.58,2.58,2.54,2.54,500,0
CWA,60,20241216,150000,2.54,2.54,2.54,2.54,1287,0
CWA,60,20241216,160000,2.67,2.7,2.67,2.7,592,0
CWA,60,20241217,100000,2.54,2.54,2.52,2.52,319,0
CWA,60,20241217,130000,2.66,2.67,2.66,2.67,208,0
CWA,60,20241217,140000,2.56,2.56,2.56,2.56,1850,0
CWA,60,20241217,160000,2.66,2.68,2.66,2.68,795,0
CWA,60,20241217,170000,2.68,2.68,2.68,2.68,8,0
CWA,60,20241219,100000,2.61,2.7,2.61,2.7,328,0
CWA,60,20241219,110000,2.64,2.64,2.6,2.6,472,0
CWA,60,20241219,130000,2.57,2.685,2.54,2.685,1661,0
CWA,60,20241227,100000,2.585,2.68,2.585,2.68,749,0
CWA,60,20241227,130000,2.68,2.68,2.68,2.68,155,0
CWA,60,20241230,100000,2.84,2.84,2.84,2.84,1552,0
CWA,60,20250102,140000,2.845,2.845,2.845,2.845,150,0
CWA,60,20250102,170000,2.845,2.9,2.845,2.9,587,0
CWA,60,20250107,100000,2.69,2.69,2.59,2.69,1602,0
CWA,60,20250107,110000,2.71,2.71,2.71,2.71,900,0
CWA,60,20250107,120000,2.72,2.79,2.72,2.79,600,0
CWA,60,20250107,140000,2.715,2.715,2.65,2.65,1500,0
CWA,60,20250108,100000,2.655,2.655,2.65,2.65,2000,0
CWA,60,20250108,120000,2.65,2.65,2.65,2.65,371,0
CWA,60,20250108,130000,2.7,2.7,2.625,2.625,790,0
CWA,60,20250108,140000,2.605,2.605,2.52,2.52,1000,0
CWA,60,20250108,160000,2.525,2.525,2.52,2.52,600,0
CWA,60,20250109,120000,2.64,2.65,2.64,2.65,250,0
CWA,60,20250109,160000,2.66,2.69,2.66,2.69,250,0
CWA,60,20250113,110000,2.715,2.715,2.715,2.715,4,0
CWA,60,20250114,170000,2.715,2.715,2.715,2.715,2000,0
CWA,60,20250120,100000,2.715,2.73,2.71,2.73,1090,0
CWA,60,20250120,110000,2.745,2.765,2.745,2.765,400,0
CWA,60,20250120,130000,2.77,2.775,2.77,2.775,400,0
CWA,60,20250120,140000,2.705,2.705,2.69,2.69,600,0
CWA,60,20250120,160000,2.67,2.67,2.65,2.65,505,0
CWA,60,20250120,170000,2.735,2.76,2.735,2.76,387,0
CWA,60,20250122,100000,2.77,2.795,2.7,2.7,2700,0
CWA,60,20250122,110000,2.7,2.7,2.67,2.7,1010,0
CWA,60,20250122,150000,2.775,2.8,2.7,2.7,1250,0
CWA,60,20250123,100000,2.78,2.815,2.78,2.815,400,0
CWA,60,20250123,150000,2.81,2.9,2.81,2.9,1899,0
CWA,60,20250124,100000,2.92,2.92,2.92,2.92,49,0
CWA,60,20250124,130000,2.93,3.015,2.93,3.015,1152,0
CWA,60,20250124,160000,3.05,3.2,3.05,3.2,1127,0
CWA,60,20250124,170000,3.2,3.23,3.2,3.23,960,0
CWA,60,20250127,100000,3.7,4,3.5,3.95,33565,0
CWA,60,20250127,110000,3.71,3.88,3.45,3.6,17249,0
CWA,60,20250127,120000,3.52,3.73,3.5,3.595,11576,0
CWA,60,20250127,130000,3.55,3.66,3.42,3.45,7922,0
CWA,60,20250127,140000,3.47,3.88,3.45,3.5,24561,0
CWA,60,20250127,150000,3.55,3.64,3.52,3.6,4123,0
CWA,60,20250127,160000,3.63,3.63,3.63,3.63,300,0
CWA,60,20250127,170000,3.46,3.59,3.45,3.59,1956,0
CWA,60,20250128,100000,3.65,3.74,3.65,3.715,1718,0
CWA,60,20250128,110000,3.6,3.6,3.555,3.555,404,0
CWA,60,20250128,120000,3.555,3.555,3.54,3.54,550,0
CWA,60,20250128,130000,3.54,3.54,3.5,3.5,2000,0
CWA,60,20250128,140000,3.5,3.655,3.5,3.655,700,0
CWA,60,20250128,170000,3.68,3.98,3.68,3.72,5000,0
CWA,60,20250129,100000,3.89,4.38,3.89,4.18,5010,0
CWA,60,20250129,110000,3.95,4.04,3.95,4.02,2500,0
CWA,60,20250129,120000,3.99,4,3.99,4,3470,0
CWA,60,20250129,130000,4.04,4.04,4.04,4.04,7,0
CWA,60,20250129,140000,4,4.11,3.84,3.84,6090,0
CWA,60,20250129,150000,3.84,3.99,3.84,3.99,4826,0
CWA,60,20250129,160000,4,4.18,4,4.1,12521,0
CWA,60,20250129,170000,4.1,4.2,3.83,4.15,17112,0
CWA,60,20250130,100000,4.15,4.37,4,4.37,10574,0
CWA,60,20250130,110000,4.36,4.5,4.3,4.5,14318,0
CWA,60,20250130,120000,4.49,4.575,4.22,4.395,2680,0
CWA,60,20250130,130000,4.395,4.5,4.34,4.34,2670,0
CWA,60,20250130,140000,4.36,4.58,4.35,4.36,1800,0
CWA,60,20250130,150000,4.49,4.555,4.49,4.555,580,0
CWA,60,20250130,160000,4.54,4.8,4.54,4.8,4786,0
CWA,60,20250130,170000,4.8,5.8,4.665,5.38,14052,0
CWA,60,20250131,100000,5,5.57,4.85,5.26,15565,0
CWA,60,20250131,110000,5.11,5.22,4.8,5.22,6813,0
CWA,60,20250131,120000,5.22,5.36,5.22,5.3,1023,0
CWA,60,20250131,130000,5.06,5.06,4.81,4.81,1242,0
CWA,60,20250131,140000,5.25,5.25,5.25,5.25,200,0
CWA,60,20250131,150000,4.91,4.91,4.62,4.62,8739,0
CWA,60,20250131,160000,4.89,4.96,4.89,4.96,685,0
CWA,60,20250131,170000,5.09,5.09,4.53,4.53,310,0
CWA,60,20250203,100000,4.98,5.6,4.83,4.96,13112,0
CWA,60,20250203,110000,5.22,5.22,5.07,5.07,2100,0
CWA,60,20250203,120000,5.07,5.07,4.83,4.83,4768,0
CWA,60,20250203,130000,4.86,4.86,4.85,4.85,1052,0
CWA,60,20250203,140000,4.95,5.11,4.95,5.11,445,0
CWA,60,20250204,100000,5.1,5.1,4.87,4.87,1190,0
CWA,60,20250204,120000,4.66,4.66,4.64,4.64,300,0
CWA,60,20250204,140000,4.89,4.91,4.73,4.73,500,0
CWA,60,20250204,150000,4.9,4.91,4.9,4.91,994,0
CWA,60,20250204,160000,4.91,4.91,4.9,4.9,287,0
CWA,60,20250205,100000,4.96,4.98,4.96,4.98,400,0
CWA,60,20250205,110000,4.99,5.09,4.99,5.09,700,0
CWA,60,20250205,140000,4.95,4.95,4.95,4.95,112,0
CWA,60,20250205,150000,4.95,4.95,4.95,4.95,188,0
CWA,60,20250205,160000,4.8,4.8,4.8,4.8,342,0
CWA,60,20250205,170000,4.98,4.98,4.98,4.98,7,0
CWA,60,20250206,100000,4.95,4.95,4.95,4.95,3,0
CWA,60,20250206,150000,4.79,4.92,4.74,4.92,1003,0
CWA,60,20250206,160000,4.74,4.92,4.6,4.92,2427,0
CWA,60,20250206,170000,4.91,5.29,4.91,5.29,3340,0
CWA,60,20250207,100000,5.2,5.45,5,5.16,5998,0
CWA,60,20250207,110000,5.02,5.02,4.9,4.9,587,0
CWA,60,20250207,120000,5.1,5.16,5.1,5.16,855,0
CWA,60,20250207,130000,5.1,5.1,5.1,5.1,950,0
CWA,60,20250207,140000,5.1,5.3,5.1,5.3,1351,0
CWA,60,20250207,150000,5.03,5.03,5.02,5.02,805,0
CWA,60,20250207,160000,5.28,5.28,5.28,5.28,56,0
CWA,60,20250207,170000,5.28,5.3,5.28,5.3,604,0
CWA,60,20250210,100000,5.32,5.32,5.06,5.06,1492,0
CWA,60,20250210,120000,5.01,5.01,5.01,5.01,1700,0
CWA,60,20250210,130000,5,5.12,4.8,5.01,3232,0
CWA,60,20250210,140000,4.9,4.9,4.9,4.9,118,0
CWA,60,20250210,160000,4.9,4.9,4.9,4.9,300,0
CWA,60,20250210,170000,5.12,5.12,5.12,5.12,3,0
CWA,60,20250211,100000,5.12,5.12,5.12,5.12,2,0
CWA,60,20250211,120000,4.82,4.82,4.7,4.7,3350,0
CWA,60,20250211,140000,4.72,4.72,4.7,4.7,700,0
CWA,60,20250211,150000,4.99,5,4.99,5,243,0
CWA,60,20250211,160000,4.7,4.7,4.7,4.7,618,0
CWA,60,20250211,170000,5,5.05,5,5.05,200,0
CWA,60,20250212,100000,5.04,5.04,5.04,5.04,190,0
CWA,60,20250212,120000,5.04,5.2,5.04,5.17,1000,0
CWA,60,20250212,130000,5.17,5.2,5.17,5.2,800,0
CWA,60,20250212,140000,5,5,5,5,260,0
CWA,60,20250212,170000,5.19,5.2,5.19,5.2,60,0
CWA,60,20250213,100000,5.2,5.2,5.2,5.2,1725,0
CWA,60,20250213,110000,5.03,5.03,5.03,5.03,243,0
CWA,60,20250213,140000,5.04,5.04,5.04,5.04,330,0
CWA,60,20250213,170000,5.14,5.14,5.14,5.14,1,0
CWA,60,20250214,100000,5.03,5.2,5.03,5.2,1708,0
CWA,60,20250214,110000,5.02,5.02,4.7,4.7,1400,0
CWA,60,20250214,140000,4.96,4.99,4.96,4.99,100,0
CWA,60,20250214,170000,4.81,4.94,4.7,4.94,1903,0
CWA,60,20250217,100000,4.96,4.96,4.8,4.94,24600,0
CWA,60,20250217,110000,4.94,5.1,4.94,5.1,1391,0
CWA,60,20250217,120000,5.1,5.1,5.1,5.1,379,0
CWA,60,20250217,130000,5.1,5.8,5.1,5.5,4238,0
CWA,60,20250217,140000,5.61,5.64,5.59,5.59,2739,0
CWA,60,20250217,150000,5.3,5.3,5.3,5.3,870,0
CWA,60,20250217,160000,5.59,5.59,5.59,5.59,120,0
CWA,60,20250217,170000,5.55,5.64,5.55,5.64,3265,0
CWA,60,20250218,100000,5.59,5.65,5.59,5.63,2579,0
CWA,60,20250218,110000,5.63,5.64,5.63,5.64,200,0
CWA,60,20250218,120000,5.41,5.61,5.2,5.49,1911,0
CWA,60,20250218,130000,5.25,5.25,5,5,3000,0
CWA,60,20250218,160000,5.11,5.11,4.8,5.1,9266,0
CWA,60,20250218,170000,5,5.16,4.95,5.14,999,0
CWA,60,20250219,100000,5.1,5.5,4.82,4.82,5064,0
CWA,60,20250219,110000,4.9,4.9,4.82,4.82,1714,0
CWA,60,20250219,130000,5.12,5.24,5.12,5.24,640,0
CWA,60,20250219,160000,5,5,5,5,485,0
CWA,60,20250219,170000,5.2,5.2,5.2,5.2,1,0
CWA,60,20250220,100000,5.2,5.2,5.2,5.2,2,0
CWA,60,20250220,170000,4.95,4.98,4.84,4.98,2901,0
CWA,60,20250221,100000,4.76,4.96,4.76,4.94,710,0
CWA,60,20250221,110000,4.84,4.94,4.82,4.82,2300,0
CWA,60,20250221,130000,4.88,4.98,4.88,4.98,1044,0
CWA,60,20250221,170000,4.98,4.98,4.98,4.98,274,0
CWA,60,20250224,100000,4.96,4.96,4.72,4.72,1087,0
CWA,60,20250224,120000,4.76,4.76,4.76,4.76,45,0
CWA,60,20250224,140000,4.85,4.87,4.85,4.87,100,0
CWA,60,20250224,170000,4.92,5,4.92,5,275,0
CWA,60,20250225,100000,5.1,5.1,5.1,5.1,1,0
CWA,60,20250225,120000,5.1,5.1,4.95,4.95,609,0
CWA,60,20250225,140000,5.14,5.2,5.14,5.2,971,0
CWA,60,20250226,100000,5.17,5.17,4.9,4.9,125,0
CWA,60,20250226,110000,4.9,4.9,4.9,4.9,40,0
CWA,60,20250226,170000,5,5.09,5,5.09,202,0
CWA,60,20250227,100000,5.1,5.1,5.1,5.1,105,0
CWA,60,20250227,130000,5,5,4.92,4.99,4265,0
CWA,60,20250227,150000,4.99,4.99,4.99,4.99,30,0
CWA,60,20250228,100000,4.88,4.88,4.6,4.78,4553,0
CWA,60,20250228,110000,4.775,4.8,4.775,4.8,1500,0
CWA,60,20250303,160000,4.52,4.52,4.5,4.5,1450,0
CWA,60,20250303,170000,4.69,4.7,4.69,4.7,200,0
CWA,60,20250304,100000,4.7,4.7,4.7,4.7,3,0
CWA,60,20250304,120000,4.45,4.59,4.31,4.59,753,0
CWA,60,20250304,130000,4.59,4.6,4.59,4.6,200,0
CWA,60,20250305,170000,4.68,4.68,4.68,4.68,66,0
CWA,60,20250306,100000,4.69,4.7,4.3,4.3,1725,0
CWA,60,20250306,110000,4.3,4.4,4.3,4.4,397,0
CWA,60,20250306,170000,4.3,4.3,4.28,4.28,100,0
CWA,60,20250307,110000,4.5,4.5,4.5,4.5,3,0
CWA,60,20250307,150000,4.25,4.25,4.25,4.25,90,0
CWA,60,20250310,100000,4.25,4.25,4.24,4.24,432,0
CWA,60,20250310,110000,4.24,4.3,4.24,4.3,333,0
CWA,60,20250310,120000,4.31,4.31,4.31,4.31,50,0
CWA,60,20250310,150000,4.24,4.24,4.24,4.24,136,0
CWA,60,20250310,160000,4.3,4.3,4.3,4.3,50,0
CWA,60,20250310,170000,4.31,4.32,4.31,4.32,100,0
CWA,60,20250311,130000,4.32,4.5,4.32,4.5,500,0
CWA,60,20250311,150000,4.28,4.28,4.28,4.28,125,0
CWA,60,20250312,100000,4.28,4.28,4.28,4.28,3,0
CWA,60,20250312,130000,4.49,4.5,4.49,4.5,100,0
CWA,60,20250312,140000,4.5,4.6,4.5,4.6,660,0
CWA,60,20250312,150000,4.6,4.6,4.6,4.6,30,0
CWA,60,20250313,120000,4.6,4.6,4.5,4.5,654,0
CWA,60,20250313,140000,4.5,4.5,4.5,4.5,565,0
CWA,60,20250313,150000,4.5,4.5,4.5,4.5,135,0
CWA,60,20250314,100000,4.68,4.74,4.68,4.74,419,0
CWA,60,20250314,140000,4.72,4.75,4.72,4.75,1400,0
CWA,60,20250314,170000,4.75,4.75,4.75,4.75,538,0
CWA,60,20250317,100000,4.66,5,4.66,4.98,2901,0
CWA,60,20250317,110000,4.97,4.98,4.965,4.965,390,0
CWA,60,20250317,120000,4.9,4.9,4.9,4.9,250,0
CWA,60,20250317,130000,4.965,4.965,4.965,4.965,499,0
CWA,60,20250317,150000,4.98,4.98,4.98,4.98,400,0
CWA,60,20250317,170000,4.84,4.84,4.8,4.81,1100,0
CWA,60,20250318,100000,4.8,4.995,4.75,4.995,2400,0
CWA,60,20250318,110000,4.98,4.985,4.98,4.985,92,0
CWA,60,20250318,130000,4.85,4.85,4.84,4.84,270,0
CWA,60,20250318,150000,4.975,4.975,4.975,4.975,334,0
CWA,60,20250318,160000,4.85,4.92,4.84,4.92,1283,0
CWA,60,20250319,110000,4.85,4.85,4.8,4.8,400,0
CWA,60,20250319,170000,4.78,4.78,4.6,4.6,708,0
CWA,60,20250320,100000,4.6,4.86,4.5,4.5,2868,0
CWA,60,20250320,110000,4.5,4.5,4.5,4.5,172,0
CWA,60,20250320,130000,4.52,4.52,4.28,4.28,11000,0
CWA,60,20250320,140000,4.38,4.52,4.38,4.52,340,0
CWA,60,20250320,170000,4.44,4.44,4.44,4.44,67,0
CWA,60,20250321,100000,4.45,4.78,4.45,4.78,1200,0
CWA,60,20250321,110000,4.83,4.84,4.83,4.84,100,0
CWA,60,20250321,160000,4.87,4.9,4.87,4.9,250,0
CWA,60,20250321,170000,4.9,5.01,4.9,5,6238,0
CWA,60,20250324,100000,5.01,5.01,4.86,4.99,4370,0
CWA,60,20250324,110000,4.985,4.985,4.985,4.985,200,0
CWA,60,20250324,120000,4.985,4.985,4.985,4.985,200,0
CWA,60,20250324,130000,4.88,4.95,4.84,4.95,302,0
CWA,60,20250324,170000,4.95,4.98,4.95,4.98,200,0
CWA,60,20250325,100000,4.95,4.95,4.76,4.9,2799,0
CWA,60,20250325,110000,4.9,4.9,4.89,4.9,2069,0
CWA,60,20250325,150000,4.8,4.8,4.8,4.8,16,0
CWA,60,20250325,160000,4.77,4.77,4.76,4.76,184,0
CWA,60,20250326,100000,4.83,4.83,4.7,4.7,500,0
CWA,60,20250326,110000,4.69,4.69,4.62,4.62,390,0
CWA,60,20250326,120000,4.6,4.6,4.6,4.6,63,0
CWA,60,20250326,140000,4.58,4.59,4.5,4.59,1777,0
CWA,60,20250327,160000,4.6,4.6,4.6,4.6,200,0
CWA,60,20250331,140000,4.51,4.51,4.51,4.51,50,0
CWA,60,20250331,160000,4.47,4.47,4.47,4.47,250,0
CWA,60,20250401,170000,4.5,4.5,4.5,4.5,200,0
CWA,60,20250402,100000,4.57,4.57,4.57,4.57,3,0
CWA,60,20250402,170000,4.5,4.5,4.49,4.49,52,0
CWA,60,20250403,110000,4.4,4.4,4.36,4.36,400,0
CWA,60,20250403,130000,4.4,4.4,4.4,4.4,300,0
CWA,60,20250403,140000,4.4,4.4,4.4,4.4,100,0
CWA,60,20250403,160000,4.3,4.3,4.26,4.26,505,0
CWA,60,20250404,120000,4.38,4.38,4.38,4.38,50,0
CWA,60,20250404,130000,4.44,4.44,4.26,4.26,400,0
CWA,60,20250408,100000,4.2,4.2,3.91,4.16,2235,0
CWA,60,20250408,110000,4.04,4.04,3.98,3.98,100,0
CWA,60,20250408,120000,3.92,3.92,3.7,3.7,4376,0
CWA,60,20250408,130000,3.9,3.9,3.89,3.89,700,0
CWA,60,20250408,150000,3.7,3.7,3.7,3.7,854,0
CWA,60,20250408,160000,3.6,3.79,3.39,3.78,2599,0
CWA,60,20250408,170000,3.48,3.48,3.48,3.48,491,0
CWA,60,20250409,100000,3.79,3.79,3.72,3.72,292,0
CWA,60,20250409,110000,3.82,3.9,3.82,3.9,1259,0
CWA,60,20250409,120000,3.9,3.9,3.9,3.9,336,0
CWA,60,20250409,130000,3.9,4.1,3.9,4.1,160,0
CWA,60,20250409,150000,3.88,3.88,3.82,3.82,230,0
CWA,60,20250410,100000,3.78,3.94,3.52,3.52,541,0
CWA,60,20250410,110000,3.58,3.58,3.5,3.5,1769,0
CWA,60,20250410,120000,3.64,3.64,3.64,3.64,200,0
CWA,60,20250410,140000,3.68,3.72,3.68,3.72,250,0
CWA,60,20250410,170000,3.86,3.88,3.86,3.88,100,0
CWA,60,20250411,100000,3.91,3.91,3.91,3.91,2,0
CWA,60,20250411,130000,3.94,3.94,3.94,3.94,9,0
CWA,60,20250411,140000,4,4.12,4,4.12,185,0
CWA,60,20250415,110000,4.2,4.2,3.9,3.9,1801,0
CWA,60,20250415,130000,3.9,3.9,3.9,3.9,50,0
CWA,60,20250415,150000,3.9,3.9,3.9,3.9,400,0
CWA,60,20250415,160000,3.9,3.9,3.9,3.9,211,0
CWA,60,20250415,170000,3.9,3.9,3.9,3.9,995,0
CWA,60,20250416,110000,3.86,3.86,3.56,3.56,2943,0
CWA,60,20250416,120000,3.69,3.69,3.56,3.56,338,0
CWA,60,20250416,130000,3.56,3.56,3.43,3.5,3924,0
CWA,60,20250416,140000,3.68,3.68,3.68,3.68,79,0
CWA,60,20250417,100000,3.68,3.88,3.68,3.8,1743,0
CWA,60,20250417,110000,3.74,3.74,3.74,3.74,600,0
CWA,60,20250417,120000,3.68,3.68,3.64,3.64,1500,0
CWA,60,20250417,130000,3.62,3.62,3.6,3.6,1500,0
CWA,60,20250417,140000,3.56,3.6,3.46,3.6,3758,0
CWA,60,20250417,150000,3.51,3.51,3.51,3.51,896,0
CWA,60,20250417,170000,3.63,3.63,3.63,3.63,500,0
CWA,60,20250422,100000,3.65,4,3.65,3.76,4804,0
CWA,60,20250422,110000,3.92,3.94,3.92,3.94,100,0
CWA,60,20250422,150000,3.72,3.72,3.65,3.65,1350,0
CWA,60,20250422,160000,3.96,3.96,3.96,3.96,1,0
CWA,60,20250422,170000,3.96,3.98,3.96,3.98,50,0
CWA,60,20250423,100000,3.82,3.82,3.82,3.82,400,0
CWA,60,20250423,110000,3.8,3.86,3.5,3.68,1185,0
CWA,60,20250423,120000,3.72,3.72,3.72,3.72,50,0
CWA,60,20250423,140000,3.76,3.95,3.76,3.95,1000,0
CWA,60,20250423,150000,3.76,3.76,3.76,3.76,585,0
CWA,60,20250423,160000,3.76,3.76,3.7,3.7,605,0
CWA,60,20250423,170000,3.8,3.82,3.8,3.82,905,0
CWA,60,20250424,100000,3.72,3.72,3.7,3.7,595,0
CWA,60,20250424,110000,3.76,3.78,3.76,3.78,57,0
CWA,60,20250424,120000,3.68,3.68,3.5,3.68,1701,0
CWA,60,20250424,130000,3.48,3.48,3.44,3.44,107,0
CWA,60,20250424,140000,3.64,3.64,3.64,3.64,50,0
CWA,60,20250425,100000,3.68,3.93,3.68,3.93,6208,0
CWA,60,20250425,120000,3.93,3.93,3.93,3.93,245,0
CWA,60,20250425,140000,3.8,3.89,3.5,3.72,1052,0
CWA,60,20250425,160000,3.66,3.68,3.66,3.68,272,0
CWA,60,20250428,100000,3.86,4,3.68,3.99,9957,0
CWA,60,20250428,110000,3.97,3.99,3.97,3.99,900,0
CWA,60,20250428,120000,3.99,4.04,3.99,4.03,5700,0
CWA,60,20250428,130000,3.99,4.08,3.99,4.08,15590,0
CWA,60,20250428,150000,4,4,3.86,3.86,1496,0
CWA,60,20250428,160000,3.76,3.76,3.7,3.7,250,0
CWA,60,20250428,170000,3.98,3.98,3.98,3.98,1000,0
CWA,60,20250429,100000,3.82,3.94,3.8,3.94,1133,0
CWA,60,20250429,110000,3.94,4.04,3.94,4.04,902,0
CWA,60,20250429,120000,3.88,3.88,3.84,3.84,975,0
CWA,60,20250429,130000,3.84,3.84,3.84,3.84,25,0
CWA,60,20250430,100000,4.02,4.02,3.54,3.78,3586,0
CWA,60,20250430,110000,3.78,3.92,3.78,3.92,764,0
CWA,60,20250430,120000,3.94,3.98,3.92,3.92,220,0
CWA,60,20250430,150000,3.92,3.96,3.92,3.94,402,0
CWA,60,20250502,110000,3.93,3.94,3.78,3.94,1294,0
CWA,60,20250502,160000,3.9,3.96,3.9,3.96,234,0
CWA,60,20250505,100000,3.9,3.9,3.8,3.8,1330,0
CWA,60,20250505,110000,3.78,3.78,3.78,3.78,715,0
CWA,60,20250505,130000,3.74,3.74,3.74,3.74,390,0
CWA,60,20250505,140000,3.88,3.88,3.88,3.88,50,0
CWA,60,20250505,150000,3.74,3.74,3.7,3.7,1073,0
CWA,60,20250505,170000,3.82,3.96,3.82,3.96,130,0
CWA,60,20250506,100000,3.88,3.88,3.88,3.88,300,0
CWA,60,20250506,170000,3.82,3.82,3.75,3.75,455,0
CWA,60,20250507,100000,3.75,3.84,3.5,3.84,5660,0
CWA,60,20250507,140000,3.82,3.82,3.82,3.82,100,0
CWA,60,20250507,160000,3.83,3.86,3.83,3.86,825,0
CWA,60,20250508,100000,3.91,3.96,3.9,3.92,1558,0
CWA,60,20250508,110000,3.92,3.92,3.88,3.88,4096,0
CWA,60,20250508,120000,3.95,3.96,3.95,3.96,1000,0
CWA,60,20250508,140000,3.98,4.34,3.98,4.34,11490,0
CWA,60,20250508,150000,4.22,4.3,4.16,4.3,1535,0
CWA,60,20250508,160000,4.3,4.3,4,4,2370,0
CWA,60,20250509,100000,4.06,4.32,4.06,4.32,1050,0
CWA,60,20250509,110000,4.26,4.27,4.26,4.27,456,0
CWA,60,20250509,120000,4.27,4.29,4.15,4.15,744,0
CWA,60,20250509,150000,4.15,4.29,4.15,4.29,509,0
CWA,60,20250509,160000,4.15,4.29,4.15,4.29,747,0
CWA,60,20250509,170000,4.15,4.15,4.04,4.04,3130,0
CWA,60,20250512,100000,4.12,4.15,4.12,4.15,680,0
CWA,60,20250512,110000,4.15,4.15,4.1,4.12,1286,0
CWA,60,20250512,120000,4.04,4.12,4,4,2222,0
CWA,60,20250512,150000,4.1,4.12,4.1,4.12,56,0
CWA,60,20250512,170000,4.11,4.11,4.11,4.11,18,0
CWA,60,20250513,100000,4,4,4,4,400,0
CWA,60,20250513,130000,4,4.06,4,4.06,400,0
CWA,60,20250513,160000,4.1,4.16,4.09,4.16,595,0
CWA,60,20250513,170000,4.16,4.5,4.16,4.5,1002,0
CWA,60,20250514,100000,4.5,4.5,4.45,4.45,2003,0
CWA,60,20250514,110000,4.4,4.48,4.4,4.48,655,0
CWA,60,20250514,120000,4.31,4.31,4.31,4.31,1000,0
CWA,60,20250514,130000,4.48,4.49,4.48,4.49,1510,0
CWA,60,20250514,170000,4.48,4.72,4.48,4.72,1718,0
CWA,60,20250515,110000,4.79,4.79,4.5,4.79,703,0
CWA,60,20250515,120000,4.5,4.5,4.5,4.5,50,0
CWA,60,20250515,130000,4.5,4.5,4.5,4.5,310,0
CWA,60,20250515,140000,4.42,4.79,4.31,4.79,622,0
CWA,60,20250516,100000,4.79,4.79,4.38,4.38,303,0
CWA,60,20250516,110000,4.77,4.77,4.77,4.77,2,0
CWA,60,20250519,100000,4.5,4.5,4.5,4.5,400,0
CWA,60,20250519,110000,4.7,4.7,4.5,4.5,3,0
CWA,60,20250519,120000,4.69,4.69,4.69,4.69,1,0
CWA,60,20250519,130000,4.5,4.5,4.14,4.14,205,0
CWA,60,20250519,140000,4.32,4.5,4.32,4.5,600,0
CWA,60,20250519,160000,4.4,4.4,4.4,4.4,334,0
CWA,60,20250519,170000,4.4,4.48,4.3,4.48,205,0
CWA,60,20250520,100000,4.24,4.36,4,4.29,2450,0
CWA,60,20250520,140000,4.28,4.28,4.28,4.28,10,0
CWA,60,20250520,150000,4.28,4.3,4.28,4.3,100,0
CWA,60,20250520,160000,4.3,4.49,4.3,4.49,982,0
CWA,60,20250520,170000,4.59,4.59,4.5,4.5,990,0
CWA,60,20250521,100000,4.32,4.55,4.2,4.4,1818,0
CWA,60,20250521,110000,4.18,4.18,4.18,4.18,950,0
CWA,60,20250521,120000,4.2,4.36,4.1,4.12,2490,0
CWA,60,20250521,130000,4.12,4.36,4.12,4.36,551,0
CWA,60,20250521,170000,4.36,4.36,4.15,4.15,559,0
CWA,60,20250522,100000,4.36,4.36,4.36,4.36,5,0
CWA,60,20250522,110000,4.3,4.3,4.1,4.28,504,0
CWA,60,20250522,120000,4.1,4.28,3.94,4.28,573,0
CWA,60,20250522,130000,4,4.28,4,4.28,442,0
CWA,60,20250522,160000,3.94,3.94,3.94,3.94,123,0
CWA,60,20250522,170000,4.1,4.1,4.1,4.1,12,0
CWA,60,20250523,110000,4,4,3.5,3.99,3115,0
CWA,60,20250523,120000,3.84,4.04,3.82,4.04,2585,0
CWA,60,20250523,160000,4.06,4.06,3.92,3.92,550,0
CWA,60,20250523,170000,4,4,3.85,4,978,0
CWA,60,20250526,110000,4,4.06,3.94,3.94,65,0
CWA,60,20250526,140000,4.06,4.16,4.06,4.16,202,0
CWA,60,20250526,170000,4.16,4.24,4.16,4.24,400,0
CWA,60,20250527,110000,4.04,4.08,3.8,3.8,3544,0
CWA,60,20250527,120000,3.9,4.16,3.9,3.94,1175,0
CWA,60,20250527,130000,4.04,4.04,4.04,4.04,500,0
CWA,60,20250527,140000,3.96,3.96,3.92,3.92,1100,0
CWA,60,20250527,160000,4,4.06,4,4.06,486,0
CWA,60,20250527,170000,4.08,4.08,4.08,4.08,12,0
CWA,60,20250528,100000,4.08,4.08,4.08,4.08,15,0
CWA,60,20250528,110000,4.08,4.3,3.96,4.16,4740,0
CWA,60,20250528,120000,4.06,4.06,4.06,4.06,1600,0
CWA,60,20250528,130000,4.2,4.2,4.04,4.04,501,0
CWA,60,20250528,140000,4.14,4.4,4.14,4.3,1803,0
CWA,60,20250528,150000,4.18,4.18,4.14,4.14,510,0
CWA,60,20250528,160000,4.23,4.23,4.1,4.1,93,0
CWA,60,20250528,170000,4.06,4.26,4.06,4.26,120,0
CWA,60,20250529,100000,4.06,4.18,4,4.18,2117,0
CWA,60,20250529,110000,4.02,4.02,3.98,3.98,750,0
CWA,60,20250529,120000,4.16,4.16,4.16,4.16,5,0
CWA,60,20250529,140000,4.16,4.16,4.16,4.16,128,0
CWA,60,20250529,150000,4.18,4.18,4.18,4.18,72,0
CWA,60,20250530,100000,4.18,4.18,4.18,4.18,3,0
CWA,60,20250530,160000,4.16,4.16,4.16,4.16,2,0
CWA,60,20250530,170000,4,4.15,4,4.15,403,0
CWA,60,20250602,100000,4,4.18,3.94,4.18,807,0
CWA,60,20250602,110000,4.16,4.16,4.16,4.16,100,0
CWA,60,20250602,120000,3.98,4.2,3.98,4.2,519,0
CWA,60,20250602,140000,3.96,4.2,3.93,4.2,1140,0
CWA,60,20250602,150000,4.2,4.2,4.08,4.08,1059,0
CWA,60,20250602,160000,4.06,4.06,3.9,3.9,1197,0
CWA,60,20250602,170000,4.02,4.2,4.02,4.2,205,0
CWA,60,20250603,100000,4.02,4.16,4.02,4.16,7,0
CWA,60,20250603,130000,4.02,4.02,4.02,4.02,45,0
CWA,60,20250603,140000,4.16,4.2,4.16,4.2,700,0
CWA,60,20250604,100000,4.08,4.08,4.04,4.04,600,0
CWA,60,20250604,110000,4.15,4.15,4.15,4.15,100,0
CWA,60,20250604,120000,4.02,4.02,3.96,3.96,610,0
CWA,60,20250604,130000,4.06,4.06,4.06,4.06,10,0
CWA,60,20250604,140000,4.08,4.08,4.08,4.08,2,0
CWA,60,20250604,150000,3.94,3.94,3.77,3.77,2793,0
CWA,60,20250604,160000,4,4.44,4,4.28,2771,0
CWA,60,20250604,170000,4.4,4.42,4.4,4.42,56,0
CWA,60,20250605,100000,4.38,4.39,4.38,4.39,1039,0
CWA,60,20250605,110000,4.28,4.28,4.2,4.22,397,0
CWA,60,20250605,120000,4.29,4.35,4.29,4.35,276,0
CWA,60,20250605,140000,4.3,4.3,4.3,4.3,20,0
CWA,60,20250605,150000,4.3,4.3,4.3,4.3,5,0
CWA,60,20250605,160000,4.14,4.14,3.92,3.92,800,0
CWA,60,20250605,170000,4.1,4.1,4.1,4.1,1013,0
CWA,60,20250606,100000,4.1,4.1,4,4,463,0
CWA,60,20250606,110000,4.1,4.1,4,4.1,94,0
CWA,60,20250606,120000,4.09,4.09,4.09,4.09,5,0
CWA,60,20250606,130000,4.09,4.1,4.09,4.1,200,0
CWA,60,20250609,100000,4.09,4.12,3.98,4.12,2253,0
CWA,60,20250609,160000,4.12,4.24,4.02,4.02,410,0
CWA,60,20250610,100000,4.12,4.16,4.04,4.16,570,0
CWA,60,20250610,110000,4.16,4.16,4.16,4.16,300,0
CWA,60,20250610,140000,4.1,4.1,4,4,5632,0
CWA,60,20250610,160000,4,4.1,4,4.1,302,0
CWA,60,20250611,100000,4,4,3.99,3.99,1305,0
CWA,60,20250611,120000,4.07,4.07,4.07,4.07,5,0
CWA,60,20250611,140000,4.07,4.08,4.07,4.08,600,0
CWA,60,20250611,160000,4.08,4.1,4.08,4.1,1011,0
CWA,60,20250611,170000,4.1,4.1,4.1,4.1,380,0
CWA,60,20250612,100000,4.13,4.13,4,4,332,0
CWA,60,20250612,110000,3.96,4.11,3.96,4.11,53,0
CWA,60,20250612,140000,4.09,4.14,4.09,4.14,1486,0
CWA,60,20250612,170000,4.16,4.16,4.15,4.15,450,0
CWA,60,20250613,110000,4.14,4.14,4.14,4.14,30,0
CWA,60,20250613,120000,4.13,4.13,4.13,4.13,5,0
CWA,60,20250613,160000,4.13,4.13,4.13,4.13,315,0
CWA,60,20250613,170000,4.14,4.14,4.14,4.14,315,0
CWA,60,20250616,100000,4.14,4.25,4.14,4.25,404,0
CWA,60,20250616,110000,4.17,4.95,4.17,4.95,3076,0
CWA,60,20250616,120000,4.7,4.7,4.7,4.7,15,0
CWA,60,20250616,130000,4.6,4.6,4.6,4.6,50,0
CWA,60,20250616,150000,4.65,4.65,4.65,4.65,2,0
CWA,60,20250616,160000,4.64,4.7,4.64,4.7,588,0
CWA,60,20250616,170000,4.55,4.55,4.09,4.47,2390,0
CWA,60,20250617,100000,4.47,4.47,4.02,4.29,1005,0
CWA,60,20250617,110000,4.3,4.35,4.3,4.35,450,0
CWA,60,20250617,120000,4.15,4.15,3.94,3.94,2716,0
CWA,60,20250617,130000,4.15,4.15,4,4,1770,0
CWA,60,20250617,140000,4,4,3.96,3.99,228,0
CWA,60,20250617,150000,3.96,3.97,3.9,3.9,1711,0
CWA,60,20250617,160000,3.93,3.93,3.91,3.91,1000,0
CWA,60,20250617,170000,4.08,4.1,4.08,4.1,155,0
CWA,60,20250618,100000,4.14,4.14,4,4.12,908,0
CWA,60,20250618,110000,4.12,4.18,4.04,4.04,2730,0
CWA,60,20250618,120000,4.1,4.1,4.1,4.1,40,0
CWA,60,20250618,130000,4.1,4.1,4.1,4.1,10,0
CWA,60,20250618,140000,4.14,4.15,4.14,4.15,498,0
CWA,60,20250620,100000,4.3,4.39,4,4.28,7852,0
CWA,60,20250620,110000,4.18,4.44,4.18,4.44,2990,0
CWA,60,20250620,120000,4.32,4.49,4.32,4.35,4327,0
CWA,60,20250620,130000,4.4,4.53,4.4,4.51,2884,0
CWA,60,20250620,140000,4.53,4.78,4.37,4.78,2753,0
CWA,60,20250620,150000,4.76,5.1,4.76,5,5875,0
CWA,60,20250620,160000,4.8,5.14,4.51,4.68,1417,0
CWA,60,20250620,170000,4.67,4.91,4.54,4.79,1874,0
CWA,60,20250623,100000,4.85,4.92,4.72,4.8,2614,0
CWA,60,20250623,110000,4.8,4.84,4.5,4.84,1249,0
CWA,60,20250623,130000,4.88,4.89,4.88,4.89,200,0
CWA,60,20250623,140000,4.71,4.72,4.5,4.72,225,0
CWA,60,20250623,150000,4.61,4.61,4.3,4.5,6002,0
CWA,60,20250623,160000,4.5,4.84,4.5,4.82,235,0
CWA,60,20250623,170000,4.6,4.77,4.56,4.77,111,0
CWA,60,20250624,100000,4.74,4.74,4.35,4.35,4150,0
CWA,60,20250624,110000,4.56,4.66,4.56,4.66,227,0
CWA,60,20250624,120000,4.5,4.5,4.5,4.5,5,0
CWA,60,20250624,130000,4.64,4.64,4.64,4.64,667,0
CWA,60,20250624,150000,4.64,4.64,4.64,4.64,637,0
CWA,60,20250625,100000,4.64,4.64,4.64,4.64,11,0
CWA,60,20250625,120000,4.63,4.64,4.63,4.64,72,0
CWA,60,20250625,170000,4.55,4.55,4.5,4.5,200,0
CWA,60,20250626,100000,4.6,4.64,4.3,4.48,5171,0
CWA,60,20250626,110000,4.48,4.55,4.48,4.55,410,0
CWA,60,20250626,120000,4.56,4.58,4.56,4.58,400,0
CWA,60,20250626,130000,4.5,4.6,4.5,4.6,1000,0
CWA,60,20250627,100000,4.49,4.49,4.46,4.46,956,0
CWA,60,20250627,120000,4.49,4.49,4.49,4.49,5,0
CWA,60,20250627,130000,4.54,4.59,4.49,4.59,1135,0
CWA,60,20250627,160000,4.59,4.64,4.59,4.64,1731,0
CWA,60,20250630,100000,4.64,4.64,4.5,4.64,2108,0
CWA,60,20250630,130000,4.63,4.7,4.63,4.7,2311,0
CWA,60,20250630,150000,4.64,4.73,4.59,4.73,1005,0
CWA,60,20250630,160000,4.73,4.79,4.73,4.79,837,0
CWA,60,20250630,170000,4.73,4.79,4.67,4.79,542,0
CWA,60,20250701,100000,4.79,4.79,4.79,4.79,275,0
CWA,60,20250701,110000,4.67,4.67,4.59,4.59,12320,0
CWA,60,20250701,120000,4.59,4.59,4.59,4.59,129,0
CWA,60,20250701,130000,4.6,4.6,4.6,4.6,440,0
CWA,60,20250701,140000,4.64,4.64,4.64,4.64,15,0
CWA,60,20250701,150000,4.7,4.7,4.7,4.7,1985,0
CWA,60,20250701,170000,4.7,4.7,4.7,4.7,4,0
CWA,60,20250702,100000,4.7,4.7,4.7,4.7,900,0
CWA,60,20250702,110000,4.75,4.79,4.74,4.74,685,0
CWA,60,20250702,130000,4.73,4.82,4.73,4.82,1829,0
CWA,60,20250702,140000,4.84,5.12,4.84,5.12,4330,0
CWA,60,20250702,150000,5.14,5.48,5.14,5.48,1978,0
CWA,60,20250702,160000,5.28,5.48,4.87,5.1,3678,0
CWA,60,20250702,170000,5.48,5.48,5.02,5.42,705,0
CWA,60,20250703,100000,5.42,5.64,5.2,5.5,2707,0
CWA,60,20250703,110000,5.5,5.5,5.46,5.46,510,0
CWA,60,20250703,120000,5.46,5.46,5.02,5.44,3505,0
CWA,60,20250703,130000,5.44,5.44,5.44,5.44,1665,0
CWA,60,20250703,140000,5.4,5.5,5.4,5.4,2600,0
CWA,60,20250703,150000,5.4,5.4,5.4,5.4,533,0
CWA,60,20250703,160000,5.4,5.4,5.4,5.4,9,0
CWA,60,20250703,170000,5.42,5.42,5.4,5.4,200,0
CWA,60,20250704,100000,5.44,5.48,5.44,5.48,180,0
CWA,60,20250704,110000,5.42,5.48,5.38,5.38,1360,0
CWA,60,20250704,130000,5.32,5.32,5.26,5.26,435,0
CWA,60,20250704,140000,5.4,5.4,5.4,5.4,50,0
CWA,60,20250704,150000,5.4,5.4,5.3,5.3,640,0
CWA,60,20250704,160000,5.3,5.48,5.3,5.48,965,0
CWA,60,20250704,170000,5.36,5.48,5.34,5.48,159,0
CWA,60,20250707,100000,5.46,5.72,5.46,5.72,1275,0
CWA,60,20250707,110000,5.68,5.68,5.5,5.5,122,0
CWA,60,20250707,130000,5.58,5.58,5.58,5.58,1153,0
CWA,60,20250707,140000,5.58,5.58,5.58,5.58,372,0
CWA,60,20250707,150000,5.68,5.68,5.5,5.5,3517,0
CWA,60,20250707,160000,5.68,5.7,5.68,5.7,1100,0
CWA,60,20250707,170000,5.7,5.72,5.7,5.72,1052,0
CWA,60,20250708,100000,5.68,5.68,5.68,5.68,202,0
CWA,60,20250708,110000,5.68,5.84,5.68,5.84,3513,0
CWA,60,20250708,120000,5.84,5.9,5.84,5.9,2786,0
CWA,60,20250708,130000,5.9,6.72,5.9,6.5,3421,0
CWA,60,20250708,140000,6.6,6.78,6.48,6.7,3179,0
CWA,60,20250708,150000,6.7,6.78,6.22,6.74,2002,0
CWA,60,20250708,160000,6.32,6.74,6.32,6.72,3950,0
CWA,60,20250708,170000,6.74,6.78,6.5,6.78,1579,0
CWA,60,20250709,100000,6.78,7.46,6.78,7.38,11138,0
CWA,60,20250709,110000,7.3,7.38,7.3,7.38,1408,0
CWA,60,20250709,120000,7.32,7.44,7.12,7.44,1043,0
CWA,60,20250709,130000,7.28,7.28,7.12,7.12,700,0
CWA,60,20250709,140000,7.12,7.4,7.12,7.4,624,0
CWA,60,20250709,150000,7.12,7.3,7,7.3,3455,0
CWA,60,20250709,160000,7.08,7.08,7,7,736,0
CWA,60,20250709,170000,7,7.28,7,7.28,1033,0
CWA,60,20250710,100000,7.28,7.3,7.2,7.26,1307,0
CWA,60,20250710,110000,7.2,7.24,7.2,7.24,62,0
CWA,60,20250710,120000,7.26,7.26,7.26,7.26,44,0
CWA,60,20250710,130000,7.26,7.26,7.24,7.24,1136,0
CWA,60,20250710,140000,7.24,7.36,7.24,7.36,2280,0
CWA,60,20250710,150000,7.06,7.28,6.62,7.28,900,0
CWA,60,20250710,160000,6.84,6.84,6.84,6.84,14,0
CWA,60,20250710,170000,6.84,6.84,6.1,6.1,8772,0
CWA,60,20250711,100000,6.62,6.7,6.48,6.7,1170,0
CWA,60,20250711,110000,6.7,6.72,6.7,6.72,173,0
CWA,60,20250711,120000,6.7,6.7,6.7,6.7,50,0
CWA,60,20250711,130000,6.72,6.92,6.7,6.7,1527,0
CWA,60,20250711,140000,6.7,6.7,6.7,6.7,5,0
CWA,60,20250711,150000,6.7,6.7,6.7,6.7,442,0
CWA,60,20250711,160000,6.8,6.84,6.8,6.84,478,0
CWA,60,20250711,170000,6.88,6.98,6.88,6.94,994,0
CWA,60,20250714,100000,6.94,6.94,6.48,6.74,1571,0
CWA,60,20250714,110000,6.5,6.5,6,6.4,2913,0
CWA,60,20250714,120000,6.46,6.6,6.46,6.5,6445,0
CWA,60,20250714,130000,6.5,6.5,6.2,6.2,2005,0
CWA,60,20250714,140000,6.46,6.46,6,6.02,1324,0
CWA,60,20250714,150000,6,6.28,6,6.28,815,0
CWA,60,20250714,160000,6.28,6.28,5.98,5.98,172,0
CWA,60,20250714,170000,6.2,6.2,6,6,5493,0
CWA,60,20250715,100000,6.2,6.32,6.2,6.32,10,0
CWA,60,20250715,110000,6.32,6.32,6.32,6.32,350,0
CWA,60,20250715,120000,6.3,6.3,6.3,6.3,85,0
CWA,60,20250715,130000,6,6,5.84,5.84,887,0
CWA,60,20250715,140000,5.9,6.28,5.84,6.24,2345,0
CWA,60,20250715,150000,6,6,6,6,350,0
CWA,60,20250715,160000,6.26,6.26,6.26,6.26,2,0
CWA,60,20250715,170000,6.02,6.26,6.02,6.26,282,0
CWA,60,20250716,100000,6.26,6.26,5.72,6.1,896,0
CWA,60,20250716,110000,6.1,6.2,6.1,6.2,600,0
CWA,60,20250716,120000,6,6,6,6,25,0
CWA,60,20250716,130000,6.18,6.2,6.18,6.2,674,0
CWA,60,20250716,140000,6.2,6.2,6.2,6.2,1279,0
CWA,60,20250716,150000,6.1,6.1,5.94,5.94,1000,0
CWA,60,20250716,160000,5.94,6.16,5.84,6.16,1481,0
CWA,60,20250716,170000,6,6.24,5.9,6.24,2917,0
CWA,60,20250717,100000,6.3,6.3,6.3,6.3,55,0
CWA,60,20250717,110000,6.38,6.56,6.32,6.56,1785,0
CWA,60,20250717,120000,6.56,6.56,6.56,6.56,1760,0
CWA,60,20250717,130000,6.56,6.56,6.36,6.36,361,0
CWA,60,20250717,150000,6.36,6.36,6.36,6.36,310,0
CWA,60,20250717,160000,6.36,6.56,6.36,6.56,885,0
CWA,60,20250718,100000,6.56,6.56,6,6,3930,0
CWA,60,20250718,110000,6.02,6.34,6,6.32,866,0
CWA,60,20250718,120000,6.32,6.36,6.32,6.36,479,0
CWA,60,20250718,130000,6.32,6.32,6.32,6.32,17,0
CWA,60,20250718,150000,6.36,6.36,6.36,6.36,1,0
CWA,60,20250718,170000,6.36,6.36,6.36,6.36,5,0
CWA,60,20250721,100000,6.36,6.36,6.2,6.2,554,0
CWA,60,20250721,110000,6.14,6.36,6.1,6.3,152,0
CWA,60,20250721,120000,6.36,6.52,6.36,6.52,553,0
CWA,60,20250721,130000,6.52,6.54,6.52,6.54,169,0
CWA,60,20250721,160000,6.56,6.6,6.56,6.6,1069,0
CWA,60,20250722,100000,6.6,6.62,6.5,6.62,1967,0
CWA,60,20250722,110000,6.64,6.94,6.62,6.94,815,0
CWA,60,20250722,120000,6.98,7.3,6.98,7.24,313,0
CWA,60,20250722,130000,7.3,7.3,7.28,7.3,953,0
CWA,60,20250722,140000,7.26,7.28,7.16,7.16,626,0
CWA,60,20250722,150000,7.04,7.1,7,7.1,882,0
CWA,60,20250722,160000,7,7,6.48,6.8,2446,0
CWA,60,20250722,170000,6.82,6.82,6.82,6.82,267,0
CWA,60,20250723,100000,6.6,6.8,6.6,6.8,518,0
CWA,60,20250723,110000,6.7,6.8,6.6,6.6,1186,0
CWA,60,20250723,120000,6.6,6.6,6.6,6.6,114,0
CWA,60,20250723,140000,6.58,6.6,6.34,6.6,1702,0
CWA,60,20250723,150000,6.5,6.6,6.5,6.6,120,0
CWA,60,20250723,160000,6.6,6.7,6.6,6.7,177,0
CWA,60,20250723,170000,6.74,6.8,6.72,6.8,334,0
CWA,60,20250724,100000,6.86,7.2,6.38,6.74,1857,0
CWA,60,20250724,110000,6.74,6.74,6.74,6.74,2,0
CWA,60,20250724,120000,6.74,6.74,6.74,6.74,2,0
CWA,60,20250724,130000,6.52,6.72,6.5,6.72,880,0
CWA,60,20250724,140000,6.72,6.72,6.7,6.72,336,0
CWA,60,20250724,160000,6.72,6.72,6.72,6.72,1,0
CWA,60,20250724,170000,6.54,6.66,6.42,6.66,231,0
CWA,60,20250725,120000,6.5,6.5,6.5,6.5,300,0
CWA,60,20250725,130000,6.52,6.52,6.5,6.5,500,0
CWA,60,20250725,140000,6.6,6.74,6.6,6.74,2523,0
CWA,60,20250725,160000,6.7,6.7,6.6,6.6,550,0
CWA,60,20250725,170000,6.58,6.58,6.58,6.58,10,0
CWA,60,20250728,100000,6.6,7,6.58,7,1031,0
CWA,60,20250728,110000,7,7.1,7,7.1,336,0
CWA,60,20250728,120000,6.82,6.98,6.72,6.98,200,0
CWA,60,20250728,130000,6.98,6.98,6.98,6.98,117,0
CWA,60,20250728,140000,6.98,6.98,6.98,6.98,305,0
CWA,60,20250728,150000,6.8,6.8,6.76,6.76,150,0
CWA,60,20250728,160000,6.74,6.74,6.74,6.74,27,0
CWA,60,20250728,170000,6.9,6.96,6.9,6.96,300,0
CWA,60,20250729,100000,6.8,6.92,6.6,6.9,702,0
CWA,60,20250729,110000,6.9,6.98,6.7,6.98,905,0
CWA,60,20250729,120000,6.7,6.7,6.7,6.7,264,0
CWA,60,20250729,130000,6.9,6.92,6.9,6.92,50,0
CWA,60,20250729,140000,6.9,6.9,6.9,6.9,20,0
CWA,60,20250729,150000,6.9,6.94,6.9,6.94,450,0
CWA,60,20250730,100000,6.8,7.18,6.8,7.18,3481,0
CWA,60,20250730,110000,6.9,7.14,6.9,6.9,320,0
CWA,60,20250730,120000,7.1,7.14,7.1,7.14,60,0
CWA,60,20250730,130000,7.1,7.14,7.02,7.06,723,0
CWA,60,20250730,140000,7.04,7.04,7,7,645,0
CWA,60,20250730,150000,7.06,7.06,7.06,7.06,632,0
CWA,60,20250730,160000,7.06,7.3,7.06,7.3,1742,0
CWA,60,20250730,170000,7.2,7.36,7.2,7.36,1600,0
CWA,60,20250731,100000,7.36,7.4,7.2,7.38,601,0
CWA,60,20250731,110000,7.38,7.4,7.12,7.4,790,0
CWA,60,20250731,150000,7.2,7.4,7.2,7.4,215,0
CWA,60,20250731,170000,7.4,7.48,7.4,7.48,609,0
CWA,60,20250801,100000,7.48,7.48,7,7.46,3356,0
CWA,60,20250801,110000,7.46,7.56,7.46,7.56,1440,0
CWA,60,20250801,120000,7.2,7.78,7.2,7.78,2027,0
CWA,60,20250801,130000,7.76,7.78,7.76,7.76,5,0
CWA,60,20250801,140000,7.3,7.6,7.26,7.6,850,0
CWA,60,20250801,150000,7.6,7.6,7.6,7.6,4,0
CWA,60,20250801,160000,7.6,7.98,7.6,7.98,3534,0
CWA,60,20250801,170000,7.98,7.98,7.88,7.88,177,0
CWA,60,20250804,100000,7.9,8.32,7.9,8.14,4687,0
CWA,60,20250804,110000,7.96,8.2,7.96,8.2,1463,0
CWA,60,20250804,120000,8.2,8.24,7.86,8.2,4752,0
CWA,60,20250804,130000,7.86,8.14,7.86,8.14,2400,0
CWA,60,20250804,140000,8.14,8.2,7.76,8.2,1532,0
CWA,60,20250804,150000,7.9,7.9,7.9,7.9,150,0
CWA,60,20250804,160000,8.2,8.2,7.76,8.18,5767,0
CWA,60,20250804,170000,8.1,8.2,7.86,8.2,2211,0
CWA,60,20250805,100000,8.2,8.2,7.88,8.2,355,0
CWA,60,20250805,110000,7.96,8,7.9,7.9,500,0
CWA,60,20250805,130000,7.9,8.2,7.88,8.2,337,0
CWA,60,20250805,140000,8.24,8.28,8,8,250,0
CWA,60,20250805,150000,8.28,8.28,7.84,8.22,1386,0
CWA,60,20250805,160000,8.22,8.26,8,8,1439,0
CWA,60,20250805,170000,8.1,8.24,8.1,8.24,60,0
CWA,60,20250806,100000,8,8.24,8,8.24,5040,0
CWA,60,20250806,110000,7.96,8.24,7.96,8.24,921,0
CWA,60,20250806,120000,8.24,8.24,8.24,8.24,60,0
CWA,60,20250806,130000,8.26,8.34,8.26,8.34,3909,0
CWA,60,20250806,140000,8.38,8.38,8.38,8.38,62,0
CWA,60,20250806,150000,8.38,8.44,8.02,8.2,2902,0
CWA,60,20250806,160000,8.02,8.4,7.92,8.36,3528,0
CWA,60,20250806,170000,8.28,8.28,8.28,8.28,494,0
CWA,60,20250807,100000,8.28,8.28,7.9,8.18,1631,0
CWA,60,20250807,110000,7.9,8.18,7.66,8.1,6401,0
CWA,60,20250807,120000,7.9,8,7.56,7.96,4335,0
CWA,60,20250807,130000,7.6,7.94,7.5,7.94,1958,0
CWA,60,20250807,140000,7.86,7.94,7.6,7.92,1220,0
CWA,60,20250807,150000,7.92,7.92,7.64,7.78,694,0
CWA,60,20250807,160000,7.78,7.78,7.44,7.66,2524,0
CWA,60,20250807,170000,7.66,7.7,7.48,7.48,540,0
CWA,60,20250808,100000,7.6,7.6,7.24,7.46,5194,0
CWA,60,20250808,110000,7.46,7.66,7.46,7.66,1661,0
CWA,60,20250808,120000,7.7,8.1,7.68,8.1,3063,0
CWA,60,20250808,130000,8.16,8.18,8.16,8.18,892,0
CWA,60,20250808,140000,8.18,8.18,8.18,8.18,100,0
CWA,60,20250808,160000,7.88,8.1,7.5,8.1,1507,0
CWA,60,20250808,170000,8.08,8.08,8.08,8.08,10,0
CWA,60,20250811,100000,8.08,8.38,8,8.38,3277,0
CWA,60,20250811,110000,8.32,8.32,8,8,511,0
CWA,60,20250811,130000,8.14,8.14,8.14,8.14,2,0
CWA,60,20250811,140000,8.14,8.14,8.14,8.14,29,0
CWA,60,20250811,150000,8.14,8.14,8.14,8.14,55,0
CWA,60,20250811,170000,8.02,8.16,8,8.16,355,0
CWA,60,20250812,100000,8.16,8.28,8.16,8.28,3320,0
CWA,60,20250812,110000,8.1,8.26,8.04,8.26,102,0
CWA,60,20250812,120000,8.26,8.26,8.26,8.26,7,0
CWA,60,20250812,130000,8.02,8.2,8.02,8.2,115,0
CWA,60,20250812,150000,8.08,8.08,8.04,8.04,200,0
CWA,60,20250812,160000,8.2,8.2,7.9,8.2,206,0
CWA,60,20250812,170000,8.2,8.28,7.86,8.18,460,0
CWA,60,20250813,100000,8.2,8.2,8.2,8.2,20,0
CWA,60,20250813,130000,8.18,8.18,8.18,8.18,3013,0
CWA,60,20250813,160000,8.04,8.04,8.04,8.04,3,0
CWA,60,20250813,170000,8,8.14,8,8.14,50,0
CWA,60,20250814,100000,8.16,8.2,8,8,195,0
CWA,60,20250814,110000,8.1,8.1,7.86,8.04,422,0
CWA,60,20250814,120000,7.9,7.98,7.76,7.98,850,0
CWA,60,20250814,150000,7.96,7.96,7.96,7.96,33,0
CWA,60,20250814,160000,7.84,7.84,7.58,7.58,500,0
CWA,60,20250814,170000,7.82,7.84,7.82,7.84,155,0
CWA,60,20250818,100000,7.84,8,7.42,8,3778,0
CWA,60,20250818,110000,7.98,8,7.98,7.98,2300,0
CWA,60,20250818,120000,7.8,7.98,7.8,7.9,513,0
CWA,60,20250818,140000,7.84,7.84,7.84,7.84,146,0
CWA,60,20250818,160000,7.8,7.84,7.72,7.84,33,0
CWA,60,20250818,170000,7.72,7.72,7.54,7.66,1219,0
CWA,60,20250819,110000,7.58,7.7,7.58,7.7,40,0
CWA,60,20250819,150000,7.7,7.7,7.7,7.7,194,0
CWA,60,20250819,160000,7.7,7.72,7.7,7.72,10,0
CWA,60,20250820,100000,7.72,7.72,7.72,7.72,400,0
CWA,60,20250820,150000,7.7,7.72,7.7,7.72,109,0
CWA,60,20250821,100000,7.68,7.68,7.68,7.68,2,0
CWA,60,20250821,110000,7.52,7.52,7.28,7.46,562,0
CWA,60,20250821,140000,7.3,7.4,7.06,7.4,320,0
CWA,60,20250821,150000,7.34,7.34,7.34,7.34,13,0
CWA,60,20250821,160000,7.32,7.32,7.32,7.32,63,0
CWA,60,20250821,170000,7.28,7.34,7.28,7.34,180,0
CWA,60,20250822,100000,7.34,7.34,7.34,7.34,2,0
CWA,60,20250822,120000,7.24,7.28,7,7.2,940,0
CWA,60,20250822,130000,7.12,7.24,7,7.02,980,0
CWA,60,20250822,140000,7.26,7.26,7.26,7.26,10,0
CWA,60,20250822,160000,7.2,7.26,7.02,7.04,804,0
CWA,60,20250822,170000,7.2,7.22,7.2,7.22,60,0
CWA,60,20250825,100000,7.06,7.2,7,7.2,210,0
CWA,60,20250825,110000,7.04,7.14,6.98,7.14,571,0
CWA,60,20250825,130000,7.12,7.12,7.12,7.12,6,0
CWA,60,20250825,140000,7.12,7.12,7.12,7.12,711,0
CWA,60,20250825,150000,7.12,7.14,7.12,7.14,296,0
CWA,60,20250825,170000,7.02,7.16,6.98,7.16,330,0
CWA,60,20250826,100000,7.16,7.18,7.16,7.18,40,0
CWA,60,20250826,110000,7,7,6.98,6.98,60,0
CWA,60,20250826,120000,6.98,7.14,6.98,7.14,1255,0
CWA,60,20250826,140000,6.94,7.14,6.94,7.14,260,0
CWA,60,20250826,160000,6.96,7.04,6.86,7.04,470,0
CWA,60,20250826,170000,6.9,7.02,6.9,7.02,332,0
CWA,60,20250827,110000,6.88,7,6.8,6.98,947,0
CWA,60,20250827,160000,6.98,7.04,6.98,7.04,500,0
CWA,60,20250828,100000,7.02,7.04,7.02,7.04,127,0
CWA,60,20250828,150000,7.02,7.02,6.52,6.52,1166,0
CWA,60,20250828,160000,6.88,6.96,6.88,6.96,50,0
CWA,60,20250829,110000,6.6,6.8,6.6,6.8,330,0
CWA,60,20250829,120000,6.8,6.8,6.8,6.8,2,0
CWA,60,20250829,130000,6.8,6.8,6.78,6.78,100,0
CWA,60,20250829,140000,6.78,7.06,6.78,7.06,2369,0
CWA,60,20250829,150000,7.08,7.08,7.08,7.08,2,0
CWA,60,20250829,170000,6.86,7.08,6.78,7.08,1502,0
CWA,60,20250901,100000,7.06,7.06,6.62,6.82,562,0
CWA,60,20250901,110000,6.84,6.86,6.84,6.86,22,0
CWA,60,20250901,120000,6.8,6.92,6.8,6.92,580,0
CWA,60,20250901,130000,6.92,6.96,6.82,6.96,1046,0
CWA,60,20250901,150000,6.82,7.1,6.82,7.1,2015,0
CWA,60,20250901,160000,6.88,7.1,6.86,7.1,905,0
CWA,60,20250901,170000,7,7.1,7,7.1,1040,0
CWA,60,20250902,100000,7,7.24,7,7.24,1532,0
CWA,60,20250902,110000,7.12,7.12,7.12,7.12,500,0
CWA,60,20250902,130000,7.14,7.16,7.02,7.16,2452,0
CWA,60,20250902,150000,7.06,7.2,7.04,7.2,808,0
CWA,60,20250903,110000,7.2,7.24,7.2,7.24,20,0
CWA,60,20250903,140000,7.24,7.3,7.24,7.3,60,0
CWA,60,20250903,150000,7.3,7.32,7.3,7.32,20,0
CWA,60,20250903,160000,7.3,7.32,7.3,7.32,121,0
CWA,60,20250903,170000,7.2,7.2,7.2,7.2,258,0
CWA,60,20250904,100000,7.62,7.62,7.2,7.56,1148,0
CWA,60,20250904,110000,7.32,7.32,7.32,7.32,482,0
CWA,60,20250904,120000,7.56,7.56,7.32,7.56,555,0
CWA,60,20250904,130000,7.56,7.56,7.56,7.56,200,0
CWA,60,20250904,140000,7.42,7.42,7.2,7.2,1140,0
CWA,60,20250904,150000,7.4,7.54,7.2,7.4,530,0
CWA,60,20250904,160000,7.22,7.22,7.2,7.2,1183,0
CWA,60,20250904,170000,7.4,7.4,7.4,7.4,2,0
CWA,60,20250905,100000,7.42,7.42,7.2,7.4,323,0
CWA,60,20250905,120000,7.2,7.2,7.18,7.18,200,0
CWA,60,20250905,130000,7.36,7.36,7.36,7.36,2,0
CWA,60,20250908,100000,7.36,7.4,7.26,7.4,353,0
CWA,60,20250908,120000,7.38,7.38,7.3,7.38,1860,0
CWA,60,20250908,130000,7.3,7.3,7.3,7.3,19,0
CWA,60,20250908,140000,7.26,7.26,7.24,7.24,200,0
CWA,60,20250908,150000,7.3,7.3,7.3,7.3,100,0
CWA,60,20250908,170000,7.24,7.38,7.24,7.38,201,0
CWA,60,20250909,110000,7.26,7.28,7.26,7.28,164,0
CWA,60,20250909,120000,7.26,7.28,7.1,7.28,1070,0
CWA,60,20250909,150000,7.12,7.32,7.12,7.32,99,0
CWA,60,20250909,160000,7.12,7.38,7.1,7.38,1659,0
CWA,60,20250909,170000,7.38,7.4,7.38,7.4,25,0
CWA,60,20250910,100000,7.38,7.38,7.14,7.28,510,0
CWA,60,20250910,110000,7.14,7.24,7,7.2,717,0
CWA,60,20250910,120000,7,7.14,6.9,7,375,0
CWA,60,20250910,160000,6.98,7,6.98,7,650,0
CWA,60,20250910,170000,6.88,7.2,6.8,7.2,1990,0
CWA,60,20250911,110000,6.94,7.12,6.94,7.12,58,0
CWA,60,20250911,120000,6.94,7.12,6.8,7.12,1220,0
CWA,60,20250911,170000,7.02,7.1,7.02,7.1,179,0
CWA,60,20250912,100000,7.1,7.1,7.1,7.1,42,0
CWA,60,20250912,110000,7,7,6.48,6.8,2292,0
CWA,60,20250912,120000,6.8,6.96,6.8,6.96,495,0
CWA,60,20250912,150000,6.96,6.96,6.8,6.8,178,0
CWA,60,20250912,160000,6.8,6.8,6.8,6.8,5,0
CWA,60,20250912,170000,6.8,7,6.68,7,2550,0
CWA,60,20250915,100000,7,7,6.92,7,880,0
CWA,60,20250915,120000,6.9,6.9,6.9,6.9,3,0
CWA,60,20250915,130000,7,7,7,7,497,0
CWA,60,20250915,150000,6.84,6.84,6.66,6.7,550,0
CWA,60,20250915,160000,6.82,6.84,6.82,6.84,1407,0
CWA,60,20250915,170000,6.66,7,6.64,6.9,1400,0
CWA,60,20250916,100000,6.8,6.8,6.74,6.74,372,0
CWA,60,20250916,110000,6.66,6.7,6.44,6.7,1396,0
CWA,60,20250916,120000,6.8,6.8,6.8,6.8,8,0
CWA,60,20250916,140000,6.52,6.52,6.52,6.52,120,0
CWA,60,20250916,150000,6.8,6.8,6.8,6.8,20,0
CWA,60,20250916,160000,6.76,6.8,6.76,6.8,450,0
CWA,60,20250916,170000,6.9,6.9,6.9,6.9,42,0
CWA,60,20250917,130000,6.74,6.74,6.72,6.72,680,0
CWA,60,20250917,140000,6.74,6.74,6.74,6.74,1790,0
CWA,60,20250917,170000,6.74,6.86,6.74,6.86,274,0
CWA,60,20250918,100000,6.86,6.86,6.86,6.86,2,0
CWA,60,20250918,150000,6.84,6.86,6.84,6.86,500,0
CWA,60,20250918,170000,6.88,6.88,6.88,6.88,20,0
CWA,60,20250919,100000,6.9,6.9,6.9,6.9,2,0
CWA,60,20250919,130000,6.88,6.88,6.88,6.88,20,0
CWA,60,20250919,140000,6.88,6.9,6.88,6.9,261,0
CWA,60,20250919,170000,6.98,6.98,6.98,6.98,11,0
CWA,60,20250923,100000,6.8,7.24,6.5,7.24,5418,0
CWA,60,20250923,110000,7.06,7.22,7,7.22,228,0
CWA,60,20250923,120000,7.2,7.22,7.2,7.22,340,0
CWA,60,20250923,140000,7.22,7.22,7.22,7.22,500,0
CWA,60,20250923,150000,7.22,7.26,7.22,7.26,625,0
CWA,60,20250924,100000,7.26,7.26,7.26,7.26,2,0
CWA,60,20250924,110000,7.14,7.26,7.04,7.26,272,0
CWA,60,20250924,170000,7.28,7.28,7.28,7.28,10,0
CWA,60,20250925,100000,7.04,7.2,7,7.16,240,0
CWA,60,20250925,150000,7,7.14,7,7.14,310,0
CWA,60,20250926,100000,7.14,7.14,7.14,7.14,2,0
CWA,60,20250926,170000,7.14,7.14,7.14,7.14,30,0
CWA,60,20250929,100000,7.14,7.14,7,7.12,212,0
CWA,60,20250929,110000,7.12,7.14,7.12,7.12,276,0
CWA,60,20250929,140000,7.04,7.04,6.8,6.96,853,0
CWA,60,20250929,170000,6.84,7.22,6.76,7.22,902,0
CWA,60,20250930,100000,7.22,7.22,7.22,7.22,318,0
CWA,60,20250930,110000,7.22,7.22,7.22,7.22,28,0
CWA,60,20250930,120000,7.06,7.06,5.92,6.9,6099,0
CWA,60,20250930,130000,6.9,6.9,6.9,6.9,1,0
CWA,60,20250930,140000,6.74,6.86,6.7,6.86,420,0
CWA,60,20250930,150000,6.86,6.86,6.86,6.86,2,0
CWA,60,20250930,170000,6.88,6.88,6.88,6.88,300,0
CWA,60,20251001,100000,6.8,6.82,6.8,6.82,415,0
CWA,60,20251002,110000,6.62,6.62,6.24,6.24,1812,0
CWA,60,20251002,120000,6.48,6.66,6.48,6.66,1335,0
CWA,60,20251002,130000,6.68,6.7,6.44,6.7,132,0
CWA,60,20251002,140000,6.7,6.76,6.7,6.74,200,0
CWA,60,20251002,170000,6.72,6.82,6.72,6.82,1050,0
CWA,60,20251003,110000,6.66,6.74,6.5,6.72,704,0
CWA,60,20251003,120000,6.52,6.76,6.48,6.76,704,0
CWA,60,20251003,130000,6.76,6.82,6.76,6.82,100,0
CWA,60,20251006,100000,6.98,8.36,6.98,8.36,9912,0
CWA,60,20251006,110000,8,8.36,8,8.36,13317,0
CWA,60,20251006,120000,8.66,8.66,8.24,8.24,4017,0
CWA,60,20251006,130000,8.24,8.5,7.56,7.86,1830,0
CWA,60,20251006,140000,7.96,8.56,7.9,7.9,1693,0
CWA,60,20251006,150000,7.86,8.5,7.86,8.5,1118,0
CWA,60,20251006,160000,7.94,8.48,7.6,8.48,930,0
CWA,60,20251006,170000,8.44,8.44,8.4,8.44,292,0
CWA,60,20251007,100000,8.52,8.78,8.4,8.7,8440,0
CWA,60,20251007,110000,8.64,8.64,8.12,8.12,812,0
CWA,60,20251007,120000,8.46,8.46,8.44,8.46,1056,0
CWA,60,20251007,130000,8.46,8.46,8.3,8.3,3146,0
CWA,60,20251007,140000,8.4,8.48,8,8.4,1499,0
CWA,60,20251007,160000,8,8,8,8,100,0
CWA,60,20251007,170000,8,8.3,8,8.24,1169,0
CWA,60,20251008,100000,7.98,8.5,7.98,8.5,773,0
CWA,60,20251008,110000,8.2,8.4,8.2,8.4,141,0
CWA,60,20251008,120000,8.4,8.62,8.3,8.3,506,0
CWA,60,20251008,130000,8.5,8.64,8.5,8.64,624,0
CWA,60,20251008,140000,8.64,8.78,8.12,8.66,1003,0
CWA,60,20251008,150000,8.5,8.64,8,8.56,3460,0
CWA,60,20251008,160000,8.4,8.56,8.4,8.56,500,0
CWA,60,20251008,170000,8.44,8.44,8.44,8.44,140,0
CWA,60,20251009,100000,8.2,8.44,8.2,8.3,705,0
CWA,60,20251009,110000,8.22,8.3,8,8,2925,0
CWA,60,20251009,120000,8.2,9.5,8.2,9.3,3635,0
CWA,60,20251009,130000,8.9,9.3,8,8,4235,0
CWA,60,20251009,140000,8.5,8.5,8.5,8.5,2,0
CWA,60,20251009,150000,8.5,8.6,8.5,8.6,92,0
CWA,60,20251009,160000,8.6,9,8.06,9,2890,0
CWA,60,20251009,170000,8.78,8.78,8.78,8.78,184,0
CWA,60,20251010,100000,9,9.98,9,9.38,5055,0
CWA,60,20251010,110000,9.38,9.6,9.38,9.5,2351,0
CWA,60,20251010,120000,9.56,9.56,9.16,9.16,232,0
CWA,60,20251010,130000,9.48,9.5,9.28,9.5,1394,0
CWA,60,20251010,140000,9.54,9.58,9.5,9.58,846,0
CWA,60,20251010,150000,9.56,9.58,9.56,9.58,2023,0
CWA,60,20251010,160000,9.56,9.56,9.2,9.2,506,0
CWA,60,20251010,170000,9.48,10.6,9.48,10.6,5415,0
CWA,60,20251013,100000,9.3,10.2,9.3,9.9,2771,0
CWA,60,20251013,110000,10.05,10.05,9.6,9.9,835,0
CWA,60,20251013,130000,9.84,10,9.84,10,431,0
CWA,60,20251013,140000,9.96,10.15,9.96,10,1476,0
CWA,60,20251013,150000,10,10.5,10,10.4,9499,0
CWA,60,20251013,160000,10.4,10.4,10.4,10.4,96,0
CWA,60,20251013,170000,10,10,9.5,9.5,824,0
CWA,60,20251014,100000,9,9.6,8.66,8.66,7356,0
CWA,60,20251014,110000,8.66,8.66,7.84,8.54,8906,0
CWA,60,20251014,120000,8.2,8.38,7.32,7.74,16037,0
CWA,60,20251014,130000,7.74,7.76,7.2,7.42,24138,0
CWA,60,20251014,140000,7.42,7.44,6.7,7.04,16786,0
CWA,60,20251014,150000,7.18,7.2,6.8,7,14272,0
CWA,60,20251014,160000,7,7.3,6.9,7.28,6017,0
CWA,60,20251014,170000,7.22,7.22,6.7,6.96,18639,0
CWA,60,20251015,100000,7.08,7.1,6.72,7.06,3961,0
CWA,60,20251015,110000,7.06,7.44,7.06,7.12,1597,0
CWA,60,20251015,120000,7.12,7.28,7.12,7.28,231,0
CWA,60,20251015,130000,7.12,7.2,7,7.18,2211,0
CWA,60,20251015,140000,7.06,7.06,7,7,4203,0
CWA,60,20251015,160000,7.1,7.1,7.1,7.1,300,0
CWA,60,20251015,170000,7.1,7.12,7.1,7.1,668,0
CWA,60,20251016,100000,7.08,7.26,7.04,7.24,933,0
CWA,60,20251016,110000,7.24,7.24,7.1,7.1,1532,0
CWA,60,20251016,120000,7.2,7.22,7.2,7.22,170,0
CWA,60,20251016,130000,7.12,7.12,7.1,7.1,200,0
CWA,60,20251016,140000,7.2,7.2,7.12,7.12,151,0
CWA,60,20251016,160000,7.14,7.14,7.1,7.1,1620,0
CWA,60,20251016,170000,7.1,7.1,7.08,7.08,50,0
CWA,60,20251017,100000,7.06,7.06,7.06,7.06,3,0
CWA,60,20251017,110000,7.06,7.18,7.06,7.18,283,0
CWA,60,20251017,120000,7.08,7.08,7.06,7.06,487,0
CWA,60,20251017,130000,7.1,7.1,7.1,7.1,1000,0
CWA,60,20251017,140000,7.18,7.18,7.18,7.18,100,0
CWA,60,20251017,160000,7.18,7.32,7.18,7.32,1207,0
CWA,60,20251020,100000,7,7.3,6.96,7.18,1773,0
CWA,60,20251020,110000,6.96,7.2,6.9,6.9,1117,0
CWA,60,20251020,120000,6.86,7,6.76,6.9,505,0
CWA,60,20251020,130000,6.76,6.76,6.62,6.64,1453,0
CWA,60,20251020,140000,6.7,6.76,6.7,6.74,485,0
CWA,60,20251020,150000,6.7,6.7,6.58,6.7,1606,0
CWA,60,20251020,160000,6.58,6.9,6.56,6.9,5302,0
CWA,60,20251020,170000,6.8,6.8,6.8,6.8,1071,0
CWA,60,20251021,100000,6.8,6.8,6.7,6.78,1470,0
CWA,60,20251021,110000,6.72,6.8,6.72,6.78,427,0
CWA,60,20251021,120000,6.8,6.8,6.68,6.68,974,0
CWA,60,20251021,130000,6.68,6.68,6.68,6.68,534,0
CWA,60,20251021,140000,6.7,6.8,6.7,6.8,2220,0
CWA,60,20251021,150000,6.78,6.78,6.78,6.78,250,0
CWA,60,20251021,160000,6.68,6.72,6.68,6.68,1491,0
CWA,60,20251021,170000,6.68,6.76,6.5,6.76,1287,0
CWA,60,20251022,100000,6.74,6.74,6.74,6.74,86,0
CWA,60,20251022,120000,6.72,6.72,6.48,6.54,4303,0
CWA,60,20251022,130000,6.66,6.66,6.66,6.66,10,0
CWA,60,20251022,140000,6.66,6.66,6.54,6.54,1000,0
CWA,60,20251022,150000,6.54,6.54,6.52,6.52,254,0
CWA,60,20251022,160000,6.6,6.6,6.6,6.6,2,0
CWA,60,20251022,170000,6.6,6.64,6.6,6.64,200,0
CWA,60,20251023,100000,6.54,6.54,6.52,6.52,52,0
CWA,60,20251023,110000,6.54,6.62,6.54,6.62,376,0
CWA,60,20251023,120000,6.62,6.66,6.54,6.54,1542,0
CWA,60,20251023,140000,6.5,6.52,6.5,6.52,52,0
CWA,60,20251023,170000,6.5,6.5,6.5,6.5,120,0
CWA,60,20251024,100000,6.52,6.52,6.4,6.52,805,0
CWA,60,20251024,110000,6.5,6.5,6.5,6.5,100,0
CWA,60,20251024,120000,6.5,6.78,6.5,6.78,4939,0
CWA,60,20251024,130000,6.88,7,6.88,6.9,1145,0
CWA,60,20251024,140000,6.9,7,6.9,7,1600,0
CWA,60,20251024,160000,7,7,6.98,7,299,0
CWA,60,20251024,170000,7,7,7,7,72,0
CWA,60,20251027,100000,7.02,7.08,6.9,7.08,256,0
CWA,60,20251027,110000,7,7,6.92,6.92,222,0
CWA,60,20251027,120000,6.98,6.98,6.98,6.98,100,0
CWA,60,20251027,130000,6.98,7.06,6.98,7,1100,0
CWA,60,20251027,150000,7.06,7.2,7,7,1472,0
CWA,60,20251027,160000,7.2,7.2,7.2,7.2,2,0
CWA,60,20251027,170000,7.2,7.2,7,7,12,0
CWA,60,20251028,100000,7.18,7.18,7.18,7.18,10,0
CWA,60,20251028,110000,7.16,7.18,7.16,7.18,142,0
CWA,60,20251028,120000,7,7.16,7,7.16,56,0
CWA,60,20251028,130000,7.16,7.22,7.16,7.2,1000,0
CWA,60,20251028,140000,7.16,7.2,7.16,7.16,24,0
CWA,60,20251029,100000,7.26,7.26,7.22,7.24,3018,0
CWA,60,20251029,110000,7.16,7.16,7,7.14,1045,0
CWA,60,20251029,120000,7.16,7.3,7.16,7.3,515,0
CWA,60,20251029,160000,7.06,7.16,6.92,7.16,360,0
CWA,60,20251030,100000,7.12,7.12,6.76,7,3111,0
CWA,60,20251030,110000,7,7,6.98,6.98,49,0
CWA,60,20251030,120000,6.96,6.96,6.96,6.96,214,0
CWA,60,20251030,130000,6.96,6.96,6.94,6.94,139,0
CWA,60,20251030,160000,6.8,6.94,6.7,6.94,2090,0
CWA,60,20251030,170000,6.7,6.9,6.7,6.9,420,0
CWA,60,20251031,100000,7,7,7,7,1000,0
CWA,60,20251031,130000,6.98,6.98,6.98,6.98,499,0
CWA,60,20251031,140000,6.84,6.94,6.84,6.94,51,0
CWA,60,20251103,100000,6.98,6.98,6.98,6.98,570,0
CWA,60,20251103,120000,6.96,6.98,6.96,6.98,1200,0
CWA,60,20251103,130000,6.88,6.88,6.34,6.6,3561,0
CWA,60,20251103,140000,6.6,6.7,6.1,6.7,5020,0
CWA,60,20251103,150000,6.68,6.74,6.68,6.74,10,0
CWA,60,20251104,100000,6.74,6.74,6.74,6.74,10,0
CWA,60,20251104,110000,6.5,6.5,6.5,6.5,202,0
CWA,60,20251104,130000,6.5,6.5,6.5,6.5,300,0
CWA,60,20251104,140000,6.5,6.5,6.5,6.5,98,0
CWA,60,20251104,150000,6.68,6.68,6.68,6.68,10,0
CWA,60,20251104,160000,6.68,6.68,6.68,6.68,190,0
CWA,60,20251104,170000,6.68,6.68,6.6,6.6,456,0
CWA,60,20251105,100000,6.44,6.66,6.44,6.66,80,0
CWA,60,20251105,130000,6.46,6.66,6.36,6.66,651,0
CWA,60,20251105,150000,6.5,6.66,6.5,6.66,60,0
CWA,60,20251105,160000,6.66,6.66,6.66,6.66,2,0
CWA,60,20251105,170000,6.66,6.76,6.66,6.76,430,0
CWA,60,20251106,150000,6.76,7.22,6.76,7.2,1304,0
CWA,60,20251106,160000,7.18,7.2,6.94,7.2,204,0
CWA,60,20251106,170000,6.9,7.2,6.86,6.86,292,0
CWA,60,20251107,100000,6.64,7.1,6.64,7.1,70,0
CWA,60,20251107,110000,6.68,6.88,6.68,6.88,202,0
CWA,60,20251107,140000,6.68,6.84,6.68,6.84,110,0
CWA,60,20251107,170000,6.78,6.78,6.78,6.78,18,0
CWA,60,20251110,100000,6.7,6.7,6.7,6.7,5,0
CWA,60,20251110,110000,6.72,6.72,6.66,6.66,653,0
CWA,60,20251110,120000,6.74,6.74,6.5,6.72,220,0
CWA,60,20251110,130000,6.5,6.72,6.46,6.68,178,0
CWA,60,20251110,170000,6.68,6.68,6.44,6.62,307,0
CWA,60,20251112,100000,6.44,6.66,6.44,6.66,910,0
CWA,60,20251112,120000,6.5,6.5,6.5,6.5,190,0
CWA,60,20251112,130000,6.64,6.64,6.64,6.64,10,0
CWA,60,20251112,170000,6.5,6.5,6.5,6.5,84,0
CWA,60,20251113,100000,6.64,6.64,6.64,6.64,488,0
CWA,60,20251113,110000,6.68,6.72,6.68,6.72,125,0
CWA,60,20251113,120000,6.72,6.8,6.72,6.8,150,0
CWA,60,20251113,130000,6.82,6.88,6.5,6.88,680,0
CWA,60,20251113,140000,6.88,6.9,6.88,6.9,30,0
CWA,60,20251113,160000,6.54,6.54,6.54,6.54,2,0
CWA,60,20251113,170000,6.54,6.9,6.54,6.9,577,0
CWA,60,20251114,110000,6.56,6.66,6.5,6.66,1002,0
CWA,60,20251114,130000,6.66,6.66,6.66,6.66,160,0
CWA,60,20251114,160000,6.6,6.66,6.6,6.6,1005,0
CWA,60,20251114,170000,6.64,6.74,6.6,6.74,88,0
CWA,60,20251117,110000,6.6,6.62,6.46,6.62,210,0
CWA,60,20251117,120000,6.44,6.54,6.4,6.54,130,0
CWA,60,20251117,140000,6.4,6.58,6.4,6.58,248,0
CWA,60,20251117,150000,6.58,6.62,6.58,6.62,52,0
CWA,60,20251117,160000,6.66,6.66,6.66,6.66,85,0
CWA,60,20251118,100000,6.6,6.6,6.3,6.44,1376,0
CWA,60,20251118,110000,6.32,6.32,6.3,6.3,160,0
CWA,60,20251118,120000,6.44,6.44,6.44,6.44,10,0
CWA,60,20251118,140000,6.34,6.34,6.24,6.24,2007,0
CWA,60,20251118,150000,6.3,6.3,6.3,6.3,102,0
CWA,60,20251118,170000,6.3,6.3,6.26,6.26,600,0
CWA,60,20251119,100000,6.3,6.3,6.3,6.3,2,0
CWA,60,20251119,110000,6.24,6.28,6.1,6.28,202,0
CWA,60,20251119,130000,6.28,6.28,6.28,6.28,2,0
CWA,60,20251119,140000,6.26,6.26,6.26,6.26,265,0
CWA,60,20251119,170000,6.26,6.26,6.26,6.26,59,0
CWA,60,20251120,100000,6.14,6.28,6.06,6.28,1015,0
CWA,60,20251120,110000,6.1,6.24,6.08,6.08,360,0
CWA,60,20251120,120000,6.24,6.24,6.24,6.24,40,0
CWA,60,20251121,100000,6.1,6.22,6.08,6.22,474,0
CWA,60,20251121,110000,6.08,6.08,6.02,6.02,1347,0
CWA,60,20251121,120000,6,6.24,6,6.24,450,0
CWA,60,20251121,150000,6.02,6.02,6,6,248,0
CWA,60,20251121,160000,6.24,6.24,5.96,6.12,480,0
CWA,60,20251121,170000,6.22,6.22,6.18,6.18,310,0
CWA,60,20251124,100000,6,6.2,6,6.2,354,0
CWA,60,20251124,110000,5.98,6.2,5.96,6.2,320,0
CWA,60,20251124,160000,6,6.08,5.96,6.08,485,0
CWA,60,20251124,170000,5.98,6.08,5.98,6.08,210,0
CWA,60,20251125,100000,6.2,6.2,6.2,6.2,500,0
CWA,60,20251125,110000,6.02,6.08,5.96,5.96,200,0
CWA,60,20251125,120000,6.12,6.12,6.12,6.12,10,0
CWA,60,20251125,130000,6,6,5.96,5.96,286,0
CWA,60,20251125,140000,6,6,6,6,5,0
CWA,60,20251125,150000,5.96,5.96,5.86,5.9,3912,0
CWA,60,20251125,160000,5.9,5.9,5.9,5.9,503,0
CWA,60,20251125,170000,5.9,5.9,5.8,5.9,1745,0
CWA,60,20251126,100000,5.9,5.9,5.7,5.78,3046,0
CWA,60,20251126,110000,5.78,5.78,5.7,5.78,443,0
CWA,60,20251126,120000,5.7,5.7,5.62,5.7,439,0
CWA,60,20251126,130000,5.62,5.62,5.6,5.6,518,0
CWA,60,20251126,140000,5.56,5.56,5.4,5.4,1208,0
CWA,60,20251126,150000,5.4,5.4,5.38,5.4,2079,0
CWA,60,20251126,160000,5.4,5.68,5.4,5.68,4007,0
CWA,60,20251126,170000,5.66,6,5.66,6,3809,0
CWA,60,20251127,100000,6,6.06,6,6.06,69,0
CWA,60,20251127,110000,5.84,6.06,5.76,6.06,210,0
CWA,60,20251127,120000,5.78,6.1,5.78,6.1,500,0
CWA,60,20251127,150000,6,6.1,6,6.1,210,0
CWA,60,20251127,160000,6.02,6.1,6,6.1,2050,0
CWA,60,20251127,170000,6.1,6.12,6.1,6.12,17,0
CWA,60,20251128,100000,6.12,6.12,6.12,6.12,5,0
CWA,60,20251128,120000,5.92,6.12,5.9,6.1,186,0
CWA,60,20251128,130000,6,6.08,6,6.08,957,0
CWA,60,20251128,140000,6,6.08,6,6.08,610,0
CWA,60,20251128,170000,6.1,6.44,6.1,6.44,509,0
CWA,60,20251201,100000,6.2,6.42,6.2,6.42,17,0
CWA,60,20251201,110000,6.26,6.4,6.06,6.4,585,0
CWA,60,20251201,130000,6.3,6.36,6.3,6.3,210,0
CWA,60,20251201,140000,6.3,6.44,6.3,6.44,285,0
CWA,60,20251201,150000,6.44,6.5,6.44,6.5,220,0
CWA,60,20251201,160000,6.5,6.56,6.5,6.56,200,0
CWA,60,20251201,170000,6.34,6.56,6.3,6.56,109,0
CWA,60,20251202,100000,6.24,6.36,6.2,6.36,210,0
CWA,60,20251202,120000,6.36,6.36,6.36,6.36,40,0
CWA,60,20251202,130000,6.4,6.4,6.4,6.4,5,0
CWA,60,20251202,140000,6.3,6.3,6.3,6.3,200,0
CWA,60,20251202,160000,6.2,6.38,6.04,6.38,550,0
CWA,60,20251203,100000,6.36,6.36,6.24,6.24,122,0
CWA,60,20251203,120000,6.34,6.34,6.34,6.34,2,0
CWA,60,20251203,130000,6.26,6.26,6.24,6.24,100,0
CWA,60,20251203,140000,6.28,6.28,6.24,6.24,196,0
CWA,60,20251203,150000,6.14,6.22,5.94,6.22,1010,0
CWA,60,20251203,160000,6.16,6.16,6.16,6.16,2,0
CWA,60,20251204,100000,5.86,6.16,5.8,5.8,3950,0
CWA,60,20251204,110000,5.98,5.98,5.66,5.9,2571,0
CWA,60,20251204,120000,5.86,5.86,5.86,5.86,30,0
CWA,60,20251204,130000,5.86,5.86,5.86,5.86,255,0
CWA,60,20251204,140000,5.78,5.78,5.78,5.78,250,0
CWA,60,20251204,150000,5.78,5.78,5.76,5.76,404,0
CWA,60,20251204,160000,5.78,5.78,5.78,5.78,2,0
CWA,60,20251204,170000,5.78,5.78,5.74,5.74,752,0
CWA,60,20251205,100000,5.7,5.7,5.5,5.52,1686,0
CWA,60,20251205,110000,5.52,5.54,5.46,5.5,806,0
CWA,60,20251205,120000,5.54,5.58,5.54,5.58,1221,0
CWA,60,20251205,130000,5.54,5.66,5.5,5.66,3630,0
CWA,60,20251205,140000,5.66,5.78,5.66,5.66,417,0
CWA,60,20251205,150000,5.88,5.88,5.88,5.88,20,0
CWA,60,20251205,160000,5.7,5.84,5.6,5.84,1205,0
CWA,60,20251205,170000,5.9,5.9,5.9,5.9,700,0
CWA,60,20251208,100000,5.62,5.9,5.34,5.48,3816,0
CWA,60,20251208,110000,5.48,5.58,5.32,5.58,1592,0
CWA,60,20251208,120000,5.58,5.6,5.58,5.6,104,0
CWA,60,20251208,130000,5.58,5.62,5.48,5.48,978,0
CWA,60,20251208,140000,5.6,5.6,5.6,5.6,50,0
CWA,60,20251208,150000,5.5,5.58,5.5,5.58,353,0
CWA,60,20251208,160000,5.52,5.58,5.52,5.58,9312,0
CWA,60,20251208,170000,5.52,5.6,5.52,5.6,550,0
CWA,60,20251209,100000,5.7,5.7,5.58,5.68,344,0
CWA,60,20251209,110000,5.44,5.6,5.36,5.52,959,0
CWA,60,20251209,140000,5.52,5.52,5.5,5.5,390,0
CWA,60,20251209,150000,5.5,5.62,5.5,5.56,1846,0
CWA,60,20251209,160000,5.62,5.62,5.62,5.62,796,0
CWA,60,20251209,170000,5.68,5.68,5.68,5.68,30,0
CWA,60,20251210,100000,5.7,5.7,5.7,5.7,142,0
CWA,60,20251210,110000,5.7,5.7,5.7,5.7,326,0
CWA,60,20251210,120000,5.7,5.82,5.6,5.82,1085,0
CWA,60,20251210,130000,5.62,5.62,5.62,5.62,888,0
CWA,60,20251210,140000,5.62,5.62,5.62,5.62,450,0
CWA,60,20251210,150000,5.82,5.82,5.62,5.62,352,0
CWA,60,20251210,160000,5.84,5.84,5.62,5.84,257,0
CWA,60,20251210,170000,5.6,6.1,5.6,6.08,5634,0
CWA,60,20251211,100000,6.06,6.06,6.06,6.06,2,0
CWA,60,20251211,110000,5.76,6.06,5.72,6.06,211,0
CWA,60,20251211,120000,6.06,6.1,6.06,6.1,1640,0
CWA,60,20251211,130000,6.08,6.08,6.08,6.08,104,0
CWA,60,20251211,140000,6.08,6.08,6.08,6.08,100,0
CWA,60,20251211,150000,6.08,6.1,6.08,6.1,400,0
CWA,60,20251211,170000,5.9,6.1,5.9,6.1,74,0
CWA,60,20251212,110000,5.9,6.06,5.9,6.06,247,0
CWA,60,20251212,160000,6,6,6,6,10,0
CWA,60,20251212,170000,6,6,6,6,578,0
CWA,60,20251215,100000,6,6,6,6,6,0
CWA,60,20251215,110000,5.98,5.98,5.98,5.98,5,0
CWA,60,20251215,120000,5.98,5.98,5.98,5.98,424,0
CWA,60,20251215,130000,5.86,5.96,5.72,5.96,252,0
CWA,60,20251215,160000,5.96,5.98,5.96,5.98,97,0
CWA,60,20251216,110000,6,6.04,6,6.04,70,0
CWA,60,20251216,130000,6.02,6.04,5.82,5.82,787,0
CWA,60,20251216,140000,5.82,5.82,5.6,5.82,768,0
CWA,60,20251217,100000,5.76,5.8,5.76,5.78,54,0
CWA,60,20251217,110000,5.82,5.82,5.82,5.82,212,0
CWA,60,20251217,120000,5.82,5.82,5.82,5.82,11,0
CWA,60,20251217,130000,5.82,5.82,5.82,5.82,2218,0
CWA,60,20251217,140000,5.98,5.98,5.98,5.98,52,0
CWA,60,20251217,150000,6,6.04,6,6.04,300,0
CWA,60,20251217,160000,6.06,6.06,5.9,6.04,546,0
CWA,60,20251218,100000,6.04,6.3,6.04,6.06,4139,0
CWA,60,20251218,110000,6.06,6.06,6.06,6.06,1325,0
CWA,60,20251218,120000,6.06,6.2,6.06,6.2,327,0
CWA,60,20251218,140000,6.18,6.18,6.18,6.18,15,0
CWA,60,20251218,150000,6.18,6.18,6.18,6.18,6,0
CWA,60,20251218,170000,6.08,6.08,6.06,6.06,636,0
CWA,60,20251219,100000,6.06,6.06,6.04,6.04,450,0
CWA,60,20251219,110000,6.14,6.14,6.14,6.14,5,0
CWA,60,20251219,120000,6.14,6.18,6.14,6.18,164,0
CWA,60,20251219,130000,6.16,6.16,6.16,6.16,249,0
CWA,60,20251219,150000,6.14,6.14,6.1,6.1,778,0
CWA,60,20251219,160000,6.16,6.3,6.16,6.3,1237,0
CWA,60,20251219,170000,6.34,6.34,6.34,6.34,43,0
CWA,60,20251222,100000,6.38,6.38,6.38,6.38,12,0
CWA,60,20251222,110000,6.3,6.38,6.14,6.26,388,0
CWA,60,20251222,140000,6.26,6.26,6.1,6.1,161,0
CWA,60,20251222,150000,6.3,6.4,6.3,6.4,200,0
CWA,60,20251222,160000,6.38,6.78,6.2,6.66,1935,0
CWA,60,20251222,170000,6.26,6.64,6.2,6.64,803,0
CWA,60,20251223,100000,6.22,6.58,6.2,6.58,282,0
CWA,60,20251223,120000,6.58,6.6,6.36,6.6,749,0
CWA,60,20251223,130000,6.36,6.38,6.36,6.38,100,0
CWA,60,20251223,160000,6.58,6.6,6.58,6.6,300,0
CWA,60,20251223,170000,6.4,6.74,6.4,6.74,329,0
CWA,60,20251229,100000,6.74,6.8,6.74,6.8,407,0
CWA,60,20251229,120000,6.8,7,6.8,6.86,2859,0
CWA,60,20251229,130000,7,7,6.88,7,528,0
CWA,60,20251229,140000,7,7,7,7,750,0
CWA,60,20251229,150000,6.88,6.88,6.88,6.88,100,0
CWA,60,20251229,160000,6.88,7.2,6.88,7.2,2277,0
CWA,60,20251229,170000,7.2,7.2,7.2,7.2,426,0
CWA,60,20251230,100000,7.1,7.3,7.1,7.1,911,0
CWA,60,20251230,110000,7.04,7.28,7,7.28,1221,0
CWA,60,20251230,120000,7.28,7.36,7.12,7.36,486,0
CWA,60,20251230,140000,7.12,7.36,7.12,7.36,313,0
CWA,60,20251230,170000,7.3,7.36,7.22,7.34,848,0
