<TICKER>,<PER>,<DATE>,<TIME>,<OPEN>,<HIGH>,<LOW>,<CLOSE>,<VOL>,<OPENINT>
EGH,60,20240411,120000,4.65963,4.65963,4.65963,4.65963,42.57851239930579,0
EGH,60,20240412,110000,4.58447,4.58447,4.49053,4.49053,153.28264463750082,0
EGH,60,20240412,130000,4.50932,4.50932,4.50932,4.50932,2.128925619965289,0
EGH,60,20240412,170000,4.65963,4.65963,4.65963,4.65963,9.580165289843801,0
EGH,60,20240415,110000,4.52811,4.52811,4.52811,4.52811,3.193388429947934,0
EGH,60,20240415,160000,4.64084,4.65963,4.64084,4.65963,3050.750413410259,0
EGH,60,20240415,170000,4.52811,4.65963,4.52811,4.65963,538.6181818512182,0
EGH,60,20240416,140000,4.62205,4.64084,4.62205,4.64084,4047.087603554,0
EGH,60,20240418,100000,4.65963,5.02601,4.65963,4.97904,5335.087603633014,0
EGH,60,20240418,110000,5.26087,5.26087,4.6972,4.88509,604.61487607014,0
EGH,60,20240418,120000,4.88509,5.26087,4.6972,5.26087,4605.9305787949,0
EGH,60,20240418,130000,5.26087,5.26087,5.26087,5.26087,117.09090909809089,0
EGH,60,20240418,150000,5.26087,5.30784,5.26087,5.30784,485.3950413520859,0
EGH,60,20240418,160000,4.93207,4.93207,4.93207,4.93207,2.128925619965289,0
EGH,60,20240419,100000,5.30784,5.30784,5.30784,5.30784,281.01818183541815,0
EGH,60,20240419,120000,4.93207,4.93207,4.93207,4.93207,10.644628099826447,0
EGH,60,20240419,140000,4.93207,4.93207,4.93207,4.93207,138.38016529774382,0
EGH,60,20240419,150000,4.93207,4.93207,4.83813,4.83813,242.69752067604,0
EGH,60,20240419,170000,5.21389,5.21389,5.21389,5.21389,5.322314049913223,0
EGH,60,20240422,100000,5.21389,5.21389,5.21389,5.21389,1276.2909091692,0
EGH,60,20240422,110000,5.21389,5.21389,5.21389,5.21389,1.0644628099826445,0
EGH,60,20240422,120000,5.26087,5.26087,5.26087,5.26087,1320.9983471885,0
EGH,60,20240422,140000,5.30784,5.5427,5.30784,5.5427,1098.5256199020891,0
EGH,60,20240423,110000,5.11995,5.11995,4.93207,4.93207,621.64628102986,0
EGH,60,20240423,120000,4.97904,4.97904,4.93207,4.93207,1724.429752171884,0
EGH,60,20240423,160000,4.83813,4.83813,4.83813,4.83813,5.322314049913223,0
EGH,60,20240423,170000,5.02601,5.07298,5.02601,5.07298,1705.2694215921965,0
EGH,60,20240424,130000,5.02601,5.07298,5.02601,5.07298,541.8115702811662,0
EGH,60,20240424,160000,5.30784,5.30784,5.30784,5.30784,5.322314049913223,0
EGH,60,20240425,100000,5.30784,5.30784,5.30784,5.30784,635.48429755964,0
EGH,60,20240425,110000,5.35481,5.35481,5.30784,5.30784,42.57851239930579,0
EGH,60,20240425,140000,5.30784,5.30784,5.30784,5.30784,3.193388429947934,0
EGH,60,20240425,160000,5.30784,5.30784,5.30784,5.30784,212.8925619965289,0
EGH,60,20240425,170000,5.49573,5.49573,5.49573,5.49573,65.99669421892396,0
EGH,60,20240426,100000,5.30784,5.30784,5.30784,5.30784,7.451239669878511,0
EGH,60,20240426,110000,5.49573,5.63665,5.49573,5.63665,300.1785124151058,0
EGH,60,20240426,120000,5.30784,5.30784,5.21389,5.21389,212.8925619965289,0
EGH,60,20240426,130000,5.26087,5.35481,5.26087,5.35481,434.30082647292,0
EGH,60,20240426,150000,5.58967,5.58967,5.58967,5.58967,5.322314049913223,0
EGH,60,20240426,160000,5.26087,5.26087,5.26087,5.26087,106.44628099826446,0
EGH,60,20240426,170000,5.58967,5.58967,5.21389,5.58967,170.31404959722,0
EGH,60,20240429,100000,5.5427,5.5427,4.93207,4.93207,499.2330578818603,0
EGH,60,20240429,110000,5.26087,5.26087,5.26087,5.26087,5.322314049913223,0
EGH,60,20240429,130000,5.21389,5.26087,5.21389,5.26087,2365.236363781436,0
EGH,60,20240430,170000,5.26087,5.44876,5.26087,5.44876,104.3173553783,0
EGH,60,20240502,100000,5.16693,5.16693,5.16693,5.16693,3.193388429947934,0
EGH,60,20240502,130000,5.16693,5.16693,5.07298,5.07298,207.5702479466157,0
EGH,60,20240502,150000,5.30784,5.35481,5.30784,5.35481,3210.419834907656,0
EGH,60,20240502,170000,5.35481,5.44876,5.35481,5.44876,21.289256199652893,0
EGH,60,20240506,100000,5.5427,5.5427,5.5427,5.5427,180.95867769704955,0
EGH,60,20240506,120000,5.5427,5.5427,5.30784,5.30784,872.8595041857685,0
EGH,60,20240506,130000,5.30784,5.35481,5.30784,5.35481,2471.6826447797,0
EGH,60,20240506,140000,5.30784,5.30784,5.30784,5.30784,10.644628099826447,0
EGH,60,20240506,160000,5.16693,5.35481,5.16693,5.35481,455.5900826725719,0
EGH,60,20240506,170000,5.07298,5.35481,4.97904,5.35481,28.7404958695314,0
EGH,60,20240508,120000,5.30784,5.30784,5.30784,5.30784,223.53719009635535,0
EGH,60,20240508,170000,5.30784,5.30784,5.30784,5.30784,138.38016529774382,0
EGH,60,20240509,120000,5.21389,5.5427,5.21389,5.5427,555.64958681094,0
EGH,60,20240509,140000,5.5427,5.5427,5.5427,5.5427,532.2314049913223,0
EGH,60,20240509,160000,5.40178,5.40178,5.40178,5.40178,52.158677689149584,0
EGH,60,20240509,170000,5.5427,5.5427,5.5427,5.5427,5.322314049913223,0
EGH,60,20240510,100000,5.58967,5.63665,5.58967,5.63665,398.10909093351,0
EGH,60,20240510,120000,5.58967,5.63665,5.5427,5.5427,5830.0628102749,0
EGH,60,20240510,130000,5.49573,5.49573,5.49573,5.49573,10.644628099826447,0
EGH,60,20240510,150000,5.63665,5.63665,5.49573,5.49573,10.644628099826447,0
EGH,60,20240510,170000,5.63665,5.63665,5.63665,5.63665,5.322314049913223,0
EGH,60,20240513,100000,5.40178,5.63665,5.40178,5.63665,381.07768597379,0
EGH,60,20240513,110000,5.26087,5.26087,5.21389,5.21389,408.7537190333355,0
EGH,60,20240513,130000,5.21389,5.21389,5.21389,5.21389,152.21818182751815,0
EGH,60,20240513,150000,5.26087,5.26087,5.26087,5.26087,374.6909091138909,0
EGH,60,20240513,160000,5.21389,5.63665,5.21389,5.26087,2770.7966943848,0
EGH,60,20240513,170000,5.30784,5.30784,5.30784,5.30784,5.322314049913223,0
EGH,60,20240514,110000,5.16693,5.16693,4.88509,4.88509,1147.4909091612908,0
EGH,60,20240514,120000,5.07298,5.07298,5.07298,5.07298,319.33884299479337,0
EGH,60,20240514,150000,5.02601,5.02601,5.02601,5.02601,612.0661157400207,0
EGH,60,20240514,160000,4.88509,4.88509,4.60326,4.88509,2697.348760496,0
EGH,60,20240514,170000,4.74418,4.83813,4.6972,4.83813,1602.0165290239,0
EGH,60,20240515,100000,4.83813,4.83813,4.83813,4.83813,206.50578513663305,0
EGH,60,20240515,140000,4.83813,4.88509,4.83813,4.88509,212.8925619965289,0
EGH,60,20240515,150000,4.88509,4.88509,4.88509,4.88509,156.47603306744875,0
EGH,60,20240515,160000,4.88509,4.88509,4.88509,4.88509,259.7289256357653,0
EGH,60,20240515,170000,5.02601,5.02601,5.02601,5.02601,271.4380165455744,0
EGH,60,20240516,150000,5.02601,5.02601,5.02601,5.02601,106.44628099826446,0
EGH,60,20240520,100000,4.83813,4.83813,4.6972,4.6972,589.71239673039,0
EGH,60,20240520,110000,4.6972,4.6972,4.6972,4.6972,385.3355372137173,0
EGH,60,20240520,120000,4.6972,4.6972,4.6972,4.6972,25.54710743958347,0
EGH,60,20240520,140000,4.65963,4.65963,4.64084,4.64084,42.57851239930579,0
EGH,60,20240520,170000,4.6972,4.6972,4.6972,4.6972,5.322314049913223,0
EGH,60,20240521,150000,4.74418,5.02601,4.74418,5.02601,2556.8396695783126,0
EGH,60,20240522,120000,4.74418,4.74418,4.74418,4.74418,21.289256199652893,0
EGH,60,20240522,140000,4.93207,4.93207,4.93207,4.93207,405.5603306033876,0
EGH,60,20240523,160000,4.88509,4.93207,4.88509,4.93207,2131.0545455852543,0
EGH,60,20240524,140000,4.79115,4.79115,4.74418,4.74418,721.705785168233,0
EGH,60,20240524,150000,4.79115,4.79115,4.79115,4.79115,14.902479339757022,0
EGH,60,20240527,100000,4.60326,4.60326,4.60326,4.60326,1075.1074380825,0
EGH,60,20240527,110000,4.64084,4.6972,4.60326,4.6972,255.47107439583,0
EGH,60,20240529,100000,4.60326,4.60326,4.60326,4.60326,274.6314049755223,0
EGH,60,20240529,110000,4.60326,4.60326,4.60326,4.60326,15.966942149739667,0
EGH,60,20240529,120000,4.60326,4.60326,4.60326,4.60326,28.7404958695314,0
EGH,60,20240529,130000,4.60326,4.60326,4.58447,4.58447,745.1239669878512,0
EGH,60,20240529,170000,4.67841,4.67841,4.67841,4.67841,1.0644628099826445,0
EGH,60,20240531,120000,4.67841,4.67841,4.67841,4.67841,5.322314049913223,0
EGH,60,20240531,170000,4.67841,4.67841,4.67841,4.67841,319.33884299479337,0
EGH,60,20240603,100000,4.65963,4.65963,4.58447,4.58447,151.15371901754,0
EGH,60,20240603,140000,4.65963,4.67841,4.65963,4.67841,3195.517355567899,0
EGH,60,20240604,110000,4.65963,4.65963,4.65963,4.65963,4.257851239930578,0
EGH,60,20240605,160000,4.64084,4.65963,4.64084,4.65963,2169.37520674463,0
EGH,60,20240607,120000,4.60326,4.65963,4.58447,4.65963,143.70247934766,0
EGH,60,20240607,170000,4.60326,4.6972,4.60326,4.6972,262.92231406571,0
EGH,60,20240610,120000,4.67841,4.6972,4.62205,4.6972,6876.4297524879,0
EGH,60,20240610,150000,4.6972,4.6972,4.6972,4.6972,425.7851239930578,0
EGH,60,20240610,160000,4.79115,4.79115,4.79115,4.79115,266.11570249566,0
EGH,60,20240611,140000,4.74418,4.79115,4.74418,4.79115,3196.5818183778815,0
EGH,60,20240611,150000,4.6972,4.6972,4.6972,4.6972,106.44628099826446,0
EGH,60,20240611,170000,4.74418,4.74418,4.74418,4.74418,42.57851239930579,0
EGH,60,20240612,110000,4.79115,4.79115,4.79115,4.79115,262.9223140657132,0
EGH,60,20240612,140000,4.83813,5.16693,4.83813,5.16693,769.606611617452,0
EGH,60,20240612,160000,4.79115,4.79115,4.79115,4.79115,15.966942149739667,0
EGH,60,20240612,170000,5.02601,5.02601,5.02601,5.02601,5.322314049913223,0
EGH,60,20240613,100000,4.79115,4.97904,4.79115,4.97904,219.27933885642477,0
EGH,60,20240614,170000,5.02601,5.35481,4.97904,4.97904,949.50082650452,0
EGH,60,20240617,100000,4.79115,5.02601,4.79115,5.02601,715.31900830834,0
EGH,60,20240617,110000,5.26087,5.26087,5.26087,5.26087,23.418181819618,0
EGH,60,20240617,160000,5.02601,5.16693,4.93207,4.97904,9979.3388435873,0
EGH,60,20240617,170000,5.21389,5.26087,5.21389,5.26087,38.320661159375206,0
EGH,60,20240618,100000,5.26087,5.26087,5.26087,5.26087,53.22314049913223,0
EGH,60,20240618,140000,5.02601,5.02601,5.02601,5.02601,14.902479339757022,0
EGH,60,20240618,150000,5.02601,5.02601,5.02601,5.02601,319.33884299479337,0
EGH,60,20240618,160000,5.26087,5.26087,5.26087,5.26087,21.289256199652893,0
EGH,60,20240619,120000,5.02601,5.02601,5.02601,5.02601,107.5107438082471,0
EGH,60,20240619,160000,4.97904,5.02601,4.97904,5.02601,3727.7487605592214,0
EGH,60,20240619,170000,5.02601,5.02601,5.02601,5.02601,222.4727272863727,0
EGH,60,20240620,110000,4.88509,4.88509,4.88509,4.88509,409.81818184331814,0
EGH,60,20240620,170000,5.07298,5.07298,5.07298,5.07298,5.322314049913223,0
EGH,60,20240621,100000,5.07298,5.07298,5.07298,5.07298,2.128925619965289,0
EGH,60,20240621,110000,5.07298,5.07298,5.07298,5.07298,79.83471074869834,0
EGH,60,20240621,120000,5.02601,5.07298,5.02601,5.07298,3730.9421489891693,0
EGH,60,20240621,130000,4.88509,4.88509,4.83813,4.83813,84.09256198862892,0
EGH,60,20240621,140000,5.07298,5.07298,5.07298,5.07298,1.0644628099826445,0
EGH,60,20240624,110000,5.07298,5.07298,5.07298,5.07298,5.322314049913223,0
EGH,60,20240624,140000,5.07298,5.07298,5.02601,5.07298,2036.317355496799,0
EGH,60,20240625,100000,5.07298,5.07298,5.07298,5.07298,8.515702479861156,0
EGH,60,20240625,140000,5.02601,5.07298,5.02601,5.07298,1598.823140593932,0
EGH,60,20240625,160000,5.07298,5.07298,5.07298,5.07298,425.7851239930578,0
EGH,60,20240626,170000,5.07298,5.26086,5.07298,5.26086,1434.8940582442049,0
EGH,60,20240627,110000,5.64348,6.02609,5.64348,6.02609,6.272727272999999,0
EGH,60,20240627,120000,5.97826,5.97826,5.97826,5.97826,219.545454555,0
EGH,60,20240627,130000,5.21304,5.40435,5.21304,5.40435,106.636363641,0
EGH,60,20240627,170000,5.21304,5.64348,5.21304,5.64348,240.454545465,0
EGH,60,20240628,100000,5.6913,5.6913,5.45217,5.64348,575.000000025,0
EGH,60,20240628,160000,5.45217,5.64348,5.45217,5.64348,399.363636381,0
EGH,60,20240628,170000,5.64348,5.64348,5.64348,5.64348,99.3181818225,0
EGH,60,20240701,100000,5.64348,5.64348,5.64348,5.64348,175.636363644,0
EGH,60,20240701,110000,5.64348,5.97826,5.64348,5.6913,571.8636363885,0
EGH,60,20240701,120000,5.5,5.5,5.26087,5.26087,432.818181837,0
EGH,60,20240701,130000,5.73913,5.73913,5.73913,5.73913,5.2272727275,0
EGH,60,20240701,170000,5.5,5.54783,5.3087,5.54783,5854.5454548,0
EGH,60,20240702,100000,5.78696,6.6,5.78696,5.93043,4322.9545456425,0
EGH,60,20240702,110000,6.07391,6.36087,5.93043,5.93043,750.636363669,0
EGH,60,20240702,120000,5.88261,6.12174,5.64348,5.64348,1512.7727273385,0
EGH,60,20240702,130000,5.64348,5.83478,5.64348,5.83478,471.5000000205,0
EGH,60,20240702,140000,5.83478,5.88261,5.83478,5.83478,110.81818182299999,0
EGH,60,20240702,150000,5.83478,5.88261,5.83478,5.88261,83.63636364,0
EGH,60,20240702,160000,5.88261,5.93043,5.88261,5.93043,2154.6818182755,0
EGH,60,20240702,170000,5.93043,6.12174,5.88261,5.88261,558.272727297,0
EGH,60,20240703,100000,5.83478,5.83478,5.26087,5.40435,1294.272727329,0
EGH,60,20240703,110000,5.40435,5.83478,5.40435,5.78696,776.7727273065,0
EGH,60,20240703,140000,5.73913,5.73913,5.73913,5.73913,9.4090909095,0
EGH,60,20240703,170000,5.73913,5.73913,5.40435,5.6913,182.9545454625,0
EGH,60,20240704,100000,5.45217,5.45217,5.40435,5.40435,259.272727284,0
EGH,60,20240704,160000,5.54783,6.02609,5.54783,6.02609,767.3636363969999,0
EGH,60,20240705,100000,6.02609,6.07391,6.02609,6.07391,149.5000000065,0
EGH,60,20240705,110000,5.83478,5.83478,5.83478,5.83478,14.636363636999999,0
EGH,60,20240705,120000,5.83478,5.83478,5.59565,5.83478,748.545454578,0
EGH,60,20240705,150000,5.97826,5.97826,5.97826,5.97826,10.454545455,0
EGH,60,20240705,170000,5.83478,5.97826,5.64348,5.97826,324.090909105,0
EGH,60,20240708,100000,5.97826,5.97826,5.78696,5.78696,9.4090909095,0
EGH,60,20240708,110000,5.97826,5.97826,5.97826,5.97826,2.090909091,0
EGH,60,20240708,130000,6.02609,6.02609,6.02609,6.02609,109.7727272775,0
EGH,60,20240708,140000,5.78696,5.78696,5.78696,5.78696,15.681818182499999,0
EGH,60,20240708,150000,5.78696,5.78696,5.78696,5.78696,20.90909091,0
EGH,60,20240708,160000,5.78696,5.78696,5.78696,5.78696,477.7727272935,0
EGH,60,20240708,170000,6.02609,6.02609,6.02609,6.02609,31.363636364999998,0
EGH,60,20240709,120000,5.83478,5.83478,5.83478,5.83478,39.727272729,0
EGH,60,20240709,140000,5.83478,6.12174,5.83478,6.12174,1335.0454546034998,0
EGH,60,20240709,150000,6.12174,6.12174,6.12174,6.12174,1385.2272727875,0
EGH,60,20240709,160000,6.12174,6.12174,6.12174,6.12174,94.090909095,0
EGH,60,20240710,100000,6.12174,6.36087,6.12174,6.12174,1095.636363684,0
EGH,60,20240710,120000,6.12174,6.12174,6.12174,6.12174,15.681818182499999,0
EGH,60,20240710,170000,6.36087,6.36087,6.36087,6.36087,25.090909091999997,0
EGH,60,20240711,120000,6.07391,6.07391,6.07391,6.07391,10.454545455,0
EGH,60,20240712,160000,6.31304,6.31304,6.31304,6.31304,17.7727272735,0
EGH,60,20240712,170000,6.07391,6.07391,6.07391,6.07391,382.636363653,0
EGH,60,20240715,100000,6.07391,6.07391,6.07391,6.07391,214.31818182749998,0
EGH,60,20240715,130000,5.88261,5.88261,5.88261,5.88261,10.454545455,0
EGH,60,20240715,140000,5.88261,5.88261,5.88261,5.88261,8.363636364,0
EGH,60,20240715,160000,5.78696,5.78696,5.78696,5.78696,346.0454545605,0
EGH,60,20240715,170000,5.83478,5.83478,5.83478,5.83478,5.2272727275,0
EGH,60,20240716,110000,5.73913,6.07391,5.5,6.07391,377.4090909255,0
EGH,60,20240716,120000,5.88261,5.88261,5.73913,5.73913,547.818181842,0
EGH,60,20240716,160000,5.5,5.5,5.5,5.5,40.7727272745,0
EGH,60,20240716,170000,5.6913,5.6913,5.6913,5.6913,5.2272727275,0
EGH,60,20240717,110000,5.59565,5.59565,5.59565,5.59565,52.272727275,0
EGH,60,20240717,120000,5.59565,5.59565,5.59565,5.59565,33.454545456,0
EGH,60,20240717,170000,5.6913,5.6913,5.6913,5.6913,5.2272727275,0
EGH,60,20240719,100000,5.5,5.5,5.5,5.5,108.72727273199999,0
EGH,60,20240719,110000,5.54783,5.54783,5.54783,5.54783,108.72727273199999,0
EGH,60,20240719,120000,5.5,5.5,5.5,5.5,46.000000002,0
EGH,60,20240719,140000,5.5,5.59565,5.5,5.59565,135.909090915,0
EGH,60,20240719,160000,5.59565,5.59565,5.59565,5.59565,52.272727274999994,0
EGH,60,20240719,170000,5.64348,5.64348,5.64348,5.64348,5.2272727275,0
EGH,60,20240722,110000,5.64348,5.64348,5.64348,5.64348,2.090909091,0
EGH,60,20240722,160000,5.64348,5.6913,5.64348,5.6913,30.318181819499998,0
EGH,60,20240722,170000,5.64348,5.6913,5.64348,5.6913,1280.6818182375,0
EGH,60,20240723,100000,5.59565,5.59565,5.5,5.5,83.63636364,0
EGH,60,20240723,110000,5.26087,5.45217,5.26087,5.26087,441.181818201,0
EGH,60,20240723,120000,5.26087,5.26087,5.26087,5.26087,32.4090909105,0
EGH,60,20240723,140000,5.26087,5.3087,5.26087,5.3087,1593.2727273419998,0
EGH,60,20240723,150000,5.45217,5.59565,5.45217,5.59565,1401.9545455154998,0
EGH,60,20240723,170000,5.64348,5.64348,5.64348,5.64348,5.2272727275,0
EGH,60,20240724,100000,5.59565,5.59565,5.59565,5.59565,239.4090909195,0
EGH,60,20240724,110000,5.40435,5.40435,5.40435,5.40435,128.59090909649998,0
EGH,60,20240724,120000,5.45217,5.45217,5.45217,5.45217,128.59090909649998,0
EGH,60,20240724,140000,5.59565,5.64348,5.59565,5.64348,70.04545454849999,0
EGH,60,20240725,120000,5.40435,5.40435,5.40435,5.40435,4.181818182,0
EGH,60,20240725,170000,5.64348,5.64348,5.64348,5.64348,5.2272727275,0
EGH,60,20240726,130000,5.59565,5.64348,5.59565,5.64348,3662.2272728864996,0
EGH,60,20240726,140000,5.64348,5.64348,5.64348,5.64348,2.090909091,0
EGH,60,20240726,150000,5.64348,5.6913,5.64348,5.6913,417.1363636545,0
EGH,60,20240726,160000,5.6913,5.6913,5.6913,5.6913,2196.5000000954997,0
EGH,60,20240726,170000,5.93043,5.93043,5.93043,5.93043,5.2272727275,0
EGH,60,20240729,100000,5.45217,5.45217,5.45217,5.45217,8.363636364,0
EGH,60,20240729,160000,5.6913,5.6913,5.6913,5.6913,30.318181819499998,0
EGH,60,20240729,170000,5.93043,5.93043,5.93043,5.93043,5.2272727275,0
EGH,60,20240731,100000,5.73913,5.93043,5.73913,5.93043,78.40909091249999,0
EGH,60,20240731,170000,5.6913,5.93043,5.6913,5.93043,34.5000000015,0
EGH,60,20240801,100000,5.73913,5.73913,5.73913,5.73913,28.227272728499997,0
EGH,60,20240801,110000,5.6913,5.6913,5.6913,5.6913,285.40909092149997,0
EGH,60,20240801,150000,5.88261,5.93043,5.88261,5.93043,707.7727273035,0
EGH,60,20240801,170000,5.83478,5.83478,5.83478,5.83478,2.090909091,0
EGH,60,20240802,140000,5.83478,5.83478,5.83478,5.83478,26.136363637499997,0
EGH,60,20240802,170000,5.83478,6.02609,5.83478,6.02609,1548.3181818854998,0
EGH,60,20240805,100000,5.83478,5.83478,5.73913,5.73913,2593.7727273855,0
EGH,60,20240805,130000,5.78696,5.78696,5.73913,5.73913,627.2727272999999,0
EGH,60,20240805,150000,5.73913,5.73913,5.73913,5.73913,1045.4545455,0
EGH,60,20240805,170000,6.12174,6.12174,6.12174,6.12174,5.2272727275,0
EGH,60,20240808,150000,6.02609,6.02609,6.02609,6.02609,40.7727272745,0
EGH,60,20240812,110000,6.02609,6.02609,6.02609,6.02609,20.90909091,0
EGH,60,20240812,150000,5.97826,6.02609,5.97826,6.02609,4338.6363638249995,0
EGH,60,20240813,140000,5.83478,5.83478,5.83478,5.83478,2.090909091,0
EGH,60,20240814,130000,5.88261,6.02609,5.88261,6.02609,3227.3181819584997,0
EGH,60,20240814,140000,6.02609,6.02609,6.02609,6.02609,174.5909090985,0
EGH,60,20240816,120000,5.83478,5.83478,5.83478,5.83478,142.181818188,0
EGH,60,20240816,130000,5.83478,5.83478,5.83478,5.83478,16.727272728,0
EGH,60,20240816,170000,5.88261,5.93043,5.88261,5.93043,5232.5000002275,0
EGH,60,20240819,110000,5.93043,5.93043,5.93043,5.93043,10.454545455,0
EGH,60,20240819,160000,5.83478,5.83478,5.83478,5.83478,10.454545455,0
EGH,60,20240819,170000,5.83478,5.93043,5.83478,5.93043,32.4090909105,0
EGH,60,20240820,140000,5.93043,5.93043,5.93043,5.93043,4183.909091091,0
EGH,60,20240820,160000,5.93043,5.93043,5.93043,5.93043,33.454545456,0
EGH,60,20240821,150000,5.83478,5.83478,5.83478,5.83478,261.363636375,0
EGH,60,20240821,170000,5.93043,5.93043,5.93043,5.93043,5.2272727275,0
EGH,60,20240822,110000,5.93043,5.93043,5.93043,5.93043,3.1363636364999996,0
EGH,60,20240822,120000,5.93043,5.93043,5.93043,5.93043,8.363636364,0
EGH,60,20240822,140000,5.93043,6.12174,5.93043,6.12174,669.09090912,0
EGH,60,20240823,110000,6.21739,6.21739,6.07391,6.21739,5469.818182056,0
EGH,60,20240823,140000,5.97826,5.97826,5.93043,5.93043,580.2272727525,0
EGH,60,20240826,120000,6.12174,6.12174,6.07391,6.12174,909.545454585,0
EGH,60,20240827,100000,6.16957,6.16957,6.16957,6.16957,41.81818182,0
EGH,60,20240827,160000,5.93043,5.93043,5.93043,5.93043,8.363636364,0
EGH,60,20240828,120000,5.93043,5.93043,5.93043,5.93043,1.0454545455,0
EGH,60,20240829,100000,5.93043,5.93043,5.93043,5.93043,10.454545455,0
EGH,60,20240829,170000,6.12174,6.12174,6.12174,6.12174,5.2272727275,0
EGH,60,20240902,100000,5.93043,5.93043,5.93043,5.93043,170.4090909165,0
EGH,60,20240902,110000,5.93043,5.93043,5.93043,5.93043,75.272727276,0
EGH,60,20240902,150000,5.93043,5.97826,5.35652,5.97826,848.909090946,0
EGH,60,20240903,120000,5.93043,5.93043,5.93043,5.93043,8.363636364,0
EGH,60,20240903,130000,5.93043,5.93043,5.93043,5.93043,2.090909091,0
EGH,60,20240903,140000,5.93043,5.93043,5.93043,5.93043,427.5909091095,0
EGH,60,20240903,150000,5.73913,5.73913,5.73913,5.73913,3631.9090910669997,0
EGH,60,20240903,160000,5.73913,5.93043,5.73913,5.93043,550.9545454785,0
EGH,60,20240903,170000,5.93043,5.93043,5.93043,5.93043,2.090909091,0
EGH,60,20240904,100000,5.73913,5.73913,5.6913,5.6913,2305.2272728274997,0
EGH,60,20240904,110000,5.6913,5.93043,5.6913,5.93043,355.45454546999997,0
EGH,60,20240904,120000,5.54783,5.93043,5.54783,5.93043,6.272727272999999,0
EGH,60,20240904,170000,5.59565,5.83478,5.59565,5.83478,201.7727272815,0
EGH,60,20240905,100000,5.73913,5.73913,5.73913,5.73913,5852.454545709,0
EGH,60,20240905,170000,5.73913,5.73913,5.73913,5.73913,774.6818182154999,0
EGH,60,20240906,100000,5.73913,6.02609,5.73913,6.02609,151.5909090975,0
EGH,60,20240906,150000,6.02609,6.02609,6.02609,6.02609,522.72727275,0
EGH,60,20240909,100000,6.02609,6.02609,6.02609,6.02609,28.227272728499997,0
EGH,60,20240910,150000,5.73913,5.73913,5.73913,5.73913,62.727272729999996,0
EGH,60,20240910,170000,6.02609,6.02609,6.02609,6.02609,5.2272727275,0
EGH,60,20240911,110000,5.73913,5.73913,5.59565,5.59565,2147.3636364569998,0
EGH,60,20240911,130000,5.83478,5.83478,5.83478,5.83478,117.09090909599999,0
EGH,60,20240911,150000,5.54783,5.54783,5.54783,5.54783,398.31818183549996,0
EGH,60,20240911,170000,5.6913,5.83478,5.6913,5.83478,8.363636364,0
EGH,60,20240912,100000,5.78696,5.83478,5.78696,5.83478,435.9545454735,0
EGH,60,20240913,120000,5.83478,6.02609,5.83478,6.02609,3671.636363796,0
EGH,60,20240917,110000,5.83478,5.83478,5.83478,5.83478,13.590909091499999,0
EGH,60,20240920,100000,5.83478,5.83478,5.54783,5.54783,947.181818223,0
EGH,60,20240920,170000,5.73913,5.73913,5.73913,5.73913,5.2272727275,0
EGH,60,20240923,120000,5.6913,5.73913,5.6913,5.73913,3626.6818183395,0
EGH,60,20240923,130000,5.6913,5.6913,5.6913,5.6913,313.63636364999996,0
EGH,60,20240924,140000,5.64348,5.6913,5.64348,5.6913,9461.363636774999,0
EGH,60,20240924,160000,5.54783,5.54783,5.54783,5.54783,522.72727275,0
EGH,60,20240925,130000,5.59565,5.64348,5.59565,5.64348,1817.000000079,0
EGH,60,20240926,110000,5.64348,5.6913,5.64348,5.6913,1570.2727273409998,0
EGH,60,20240926,170000,5.6913,5.83478,5.6913,5.83478,2808.090909213,0
EGH,60,20241008,110000,5.83478,5.83478,5.40435,5.40435,265.545454557,0
EGH,60,20241008,170000,5.64348,5.64348,5.40435,5.40435,1165.6818182324998,0
EGH,60,20241009,100000,5.45217,5.45217,5.45217,5.45217,240.454545465,0
EGH,60,20241009,170000,5.54783,5.54783,5.54783,5.54783,5.2272727275,0
EGH,60,20241010,100000,5.54783,5.54783,5.54783,5.54783,28.227272728499997,0
EGH,60,20241010,160000,5.40435,5.54783,5.40435,5.54783,9724.818182240999,0
EGH,60,20241011,100000,5.35652,5.35652,5.35652,5.35652,31.363636364999998,0
EGH,60,20241015,120000,5.5,5.54783,5.5,5.54783,6274.8181820909995,0
EGH,60,20241015,130000,5.54783,5.54783,5.54783,5.54783,14.636363636999999,0
EGH,60,20241015,170000,5.35652,5.35652,5.35652,5.35652,26.136363637499997,0
EGH,60,20241016,130000,5.40435,5.40435,5.35652,5.35652,627.2727272999999,0
EGH,60,20241016,170000,5.35652,5.35652,5.35652,5.35652,614.727272754,0
EGH,60,20241017,150000,5.35652,5.40435,5.35652,5.40435,3137.4090910454997,0
EGH,60,20241018,130000,5.40435,5.40435,5.40435,5.40435,2.090909091,0
EGH,60,20241021,100000,5.35652,5.40435,5.35652,5.40435,1904.818181901,0
EGH,60,20241021,120000,5.3087,5.3087,5.16522,5.16522,476.72727274799996,0
EGH,60,20241021,170000,5.35652,5.40435,5.35652,5.40435,62.727272729999996,0
EGH,60,20241022,110000,5.3087,5.35652,5.3087,5.35652,10456.636364090999,0
EGH,60,20241025,150000,5.3087,5.35652,5.3087,5.35652,2200.6818182775,0
EGH,60,20241029,100000,5.35652,5.35652,5.35652,5.35652,20.90909091,0
EGH,60,20241029,150000,5.16522,5.16522,5.11739,5.11739,264.5000000115,0
EGH,60,20241029,160000,5.16522,5.16522,5.16522,5.16522,196.545454554,0
EGH,60,20241030,120000,5.3087,5.40435,5.3087,5.40435,815.45454549,0
EGH,60,20241104,170000,5.35652,5.40435,5.35652,5.40435,1424.9545455164998,0
EGH,60,20241105,140000,5.5,5.5,5.5,5.5,330.36363637799997,0
EGH,60,20241105,170000,5.5,5.93043,5.5,5.93043,855.181818219,0
EGH,60,20241106,110000,5.93043,5.93043,5.93043,5.93043,20.90909091,0
EGH,60,20241108,120000,5.93043,5.93043,5.93043,5.93043,21.9545454555,0
EGH,60,20241108,140000,5.73913,5.73913,5.6913,5.6913,62.727272729999996,0
EGH,60,20241108,160000,5.83478,5.88261,5.83478,5.88261,1881.8181819,0
EGH,60,20241108,170000,5.88261,5.88261,5.88261,5.88261,6.272727272999999,0
EGH,60,20241112,130000,5.78696,5.88261,5.78696,5.88261,4539.363636561,0
EGH,60,20241113,100000,5.6913,5.6913,5.6913,5.6913,354.4090909245,0
EGH,60,20241113,140000,5.6913,5.73913,5.6913,5.73913,4183.909091091,0
EGH,60,20241114,110000,5.73913,5.73913,5.73913,5.73913,322.00000001399997,0
EGH,60,20241114,140000,5.73913,5.73913,5.73913,5.73913,61.681818184499996,0
EGH,60,20241114,150000,5.6913,5.6913,5.6913,5.6913,354.4090909245,0
EGH,60,20241115,160000,5.5,5.5,5.5,5.5,303.181818195,0
EGH,60,20241115,170000,5.54783,5.73913,5.54783,5.73913,669.09090912,0
EGH,60,20241118,130000,5.6913,5.73913,5.6913,5.6913,6757.818182112,0
EGH,60,20241118,140000,5.54783,5.54783,5.54783,5.54783,20.90909091,0
EGH,60,20241119,100000,5.5,5.5,5.16522,5.16522,378.45454547099996,0
EGH,60,20241119,120000,5.5,5.6913,5.5,5.6913,3542.000000154,0
EGH,60,20241119,130000,5.5,5.5,5.5,5.5,144.27272727899998,0
EGH,60,20241119,160000,5.64348,5.6913,5.64348,5.6913,34.5000000015,0
EGH,60,20241120,140000,5.6913,5.6913,5.6913,5.6913,94.090909095,0
EGH,60,20241121,150000,5.54783,5.6913,5.54783,5.6913,2093.000000091,0
EGH,60,20241125,120000,5.5,5.5,5.5,5.5,376.36363638,0
EGH,60,20241126,160000,5.35652,5.35652,5.35652,5.35652,67.95454545749999,0
EGH,60,20241126,170000,5.54783,5.64348,5.54783,5.64348,376.36363638,0
EGH,60,20241127,100000,5.5,5.5,5.5,5.5,363.818181834,0
EGH,60,20241127,160000,5.35652,5.5,5.35652,5.5,5080.90909113,0
EGH,60,20241127,170000,5.5,5.5,5.5,5.5,261.363636375,0
EGH,60,20241128,160000,5.40435,5.5,5.40435,5.5,4187.045454727499,0
EGH,60,20241129,100000,5.5,5.5,5.35652,5.35652,1197.0454545975,0
EGH,60,20241129,110000,5.45217,5.5,5.45217,5.5,590.6818182075,0
EGH,60,20241129,170000,5.5,5.5,5.5,5.5,104.54545454999999,0
EGH,60,20241205,130000,5.40435,5.45217,5.40435,5.45217,5802.272727525,0
EGH,60,20241209,120000,5.3087,5.3087,5.3087,5.3087,200.72727273599997,0
EGH,60,20241210,100000,5.35652,5.35652,5.26087,5.26087,28.227272728499997,0
EGH,60,20241210,130000,5.21304,5.21304,5.16522,5.16522,262.4090909205,0
EGH,60,20241210,140000,5.40435,5.45217,5.40435,5.45217,675.363636393,0
EGH,60,20241210,160000,5.40435,5.45217,5.40435,5.45217,2.090909091,0
EGH,60,20241211,100000,5.45217,5.45217,5.45217,5.45217,10.454545455,0
EGH,60,20241212,120000,5.3087,5.3087,5.3087,5.3087,78.40909091249999,0
EGH,60,20241216,100000,5.3087,5.3087,5.3087,5.3087,10.454545455,0
EGH,60,20241217,140000,5.3087,5.3087,5.3087,5.3087,209.09090909999998,0
EGH,60,20241217,150000,5.3087,5.35652,5.3087,5.35652,5688.3181820655,0
EGH,60,20241220,100000,5.16522,5.3087,5.16522,5.26087,16223.363637069,0
EGH,60,20241220,170000,5.11739,5.45217,4.97391,5.45217,3222.090909231,0
EGH,60,20241223,110000,5.45217,5.45217,5.45217,5.45217,2090.909091,0
EGH,60,20241223,150000,5.06957,5.16522,4.83043,5.16522,385.7727272895,0
EGH,60,20241223,170000,5.16522,5.45217,5.16522,5.45217,1375.818181878,0
EGH,60,20241227,100000,4.92609,4.92609,4.92609,4.92609,214.31818182749998,0
EGH,60,20241227,120000,5.16522,5.16522,5.16522,5.16522,19.8636363645,0
EGH,60,20241227,140000,5.16522,5.6913,5.16522,5.6913,2541.5000001105,0
EGH,60,20241227,160000,5.83478,5.88261,5.83478,5.88261,20.90909091,0
EGH,60,20241230,100000,5.88261,5.93043,5.88261,5.93043,46.000000002,0
EGH,60,20241230,110000,5.93043,5.97826,5.93043,5.97826,397.27272729,0
EGH,60,20241230,170000,5.97826,6.21739,5.5,6.21739,678.5000000295,0
EGH,60,20250102,100000,6.21739,6.21739,6.21739,6.21739,10.454545455,0
EGH,60,20250102,120000,6.21739,6.21739,6.21739,6.21739,2.090909091,0
EGH,60,20250102,130000,6.21739,6.21739,6.21739,6.21739,7.318181818499999,0
EGH,60,20250102,140000,6.21739,6.21739,6.21739,6.21739,31.363636364999998,0
EGH,60,20250103,120000,5.97826,5.97826,5.97826,5.97826,10.454545455,0
EGH,60,20250103,130000,5.97826,6.21739,5.97826,6.21739,23.000000001,0
EGH,60,20250107,100000,6.21739,6.21739,6.21739,6.21739,104.54545454999999,0
EGH,60,20250107,110000,6.21739,6.21739,6.21739,6.21739,313.63636364999996,0
EGH,60,20250107,130000,5.97826,5.97826,5.93043,5.93043,20.90909091,0
EGH,60,20250107,150000,5.93043,5.93043,5.93043,5.93043,31.363636364999998,0
EGH,60,20250107,170000,6.21739,6.21739,6.21739,6.21739,672.2272727564999,0
EGH,60,20250108,130000,6.21739,6.26522,6.21739,6.26522,1045.4545455,0
EGH,60,20250110,100000,6.26522,6.26522,6.26522,6.26522,14291.363636985,0
EGH,60,20250110,110000,6.26522,6.26522,6.26522,6.26522,271.81818182999996,0
EGH,60,20250110,120000,6.26522,6.26522,6.26522,6.26522,14.636363636999999,0
EGH,60,20250113,100000,6.26522,6.26522,6.26522,6.26522,3197.000000139,0
EGH,60,20250113,110000,6.26522,6.26522,6.26522,6.26522,5.2272727275,0
EGH,60,20250113,120000,6.26522,6.26522,6.02609,6.02609,490.31818183949997,0
EGH,60,20250113,140000,6.21739,6.21739,6.21739,6.21739,36.5909090925,0
EGH,60,20250114,100000,6.21739,6.21739,6.12174,6.12174,799.7727273075,0
EGH,60,20250114,120000,6.16957,6.16957,6.07391,6.07391,837.4090909455,0
EGH,60,20250114,130000,6.16957,6.16957,6.16957,6.16957,2.090909091,0
EGH,60,20250114,170000,6.07391,6.07391,6.07391,6.07391,1.0454545455,0
EGH,60,20250115,100000,6.02609,6.21739,6.02609,6.21739,543.63636366,0
EGH,60,20250115,110000,6.02609,6.02609,6.02609,6.02609,338.72727274199997,0
EGH,60,20250115,120000,6.02609,6.07391,6.02609,6.07391,52.272727274999994,0
EGH,60,20250116,150000,6.07391,6.07391,6.07391,6.07391,31.363636364999998,0
EGH,60,20250120,100000,6.07391,6.07391,6.02609,6.02609,151.5909090975,0
EGH,60,20250120,120000,5.83478,5.83478,5.83478,5.83478,1.0454545455,0
EGH,60,20250121,130000,5.97826,6.07391,5.97826,6.07391,104.54545454999999,0
EGH,60,20250121,150000,5.78696,5.78696,5.78696,5.78696,372.181818198,0
EGH,60,20250122,100000,5.59565,5.59565,5.59565,5.59565,627.2727272999999,0
EGH,60,20250122,120000,5.59565,5.59565,5.54783,5.54783,415.0454545635,0
EGH,60,20250122,150000,5.5,5.5,5.45217,5.45217,250.90909091999998,0
EGH,60,20250122,160000,5.59565,5.59565,5.59565,5.59565,362.7727272885,0
EGH,60,20250122,170000,5.54783,5.54783,5.26087,5.54783,1782.5000000775,0
EGH,60,20250123,110000,5.3087,5.3087,5.26087,5.3087,723.454545486,0
EGH,60,20250123,120000,5.3087,5.3087,5.3087,5.3087,1092.5000000475,0
EGH,60,20250123,130000,5.3087,5.3087,5.3087,5.3087,492.4090909305,0
EGH,60,20250124,100000,5.11739,5.11739,5.11739,5.11739,2.090909091,0
EGH,60,20250124,160000,5.3087,5.3087,5.3087,5.3087,452.6818182015,0
EGH,60,20250124,170000,5.21304,5.21304,5.16522,5.16522,1483.5000000645,0
EGH,60,20250128,100000,5.16522,5.16522,5.16522,5.16522,1.0454545455,0
EGH,60,20250128,120000,5.16522,5.16522,5.16522,5.16522,26.136363637499997,0
EGH,60,20250128,140000,5.06957,5.16522,5.06957,5.16522,509.1363636585,0
EGH,60,20250129,130000,5.16522,5.16522,5.16522,5.16522,627.2727272999999,0
EGH,60,20250129,150000,5.16522,5.16522,5.16522,5.16522,66.909090912,0
EGH,60,20250130,100000,5.06957,5.06957,5.06957,5.06957,1045.4545455,0
EGH,60,20250130,120000,5.11739,5.11739,5.11739,5.11739,395.18181819899996,0
EGH,60,20250130,130000,5.11739,5.11739,5.11739,5.11739,346.0454545605,0
EGH,60,20250130,160000,5.11739,5.11739,5.11739,5.11739,81.545454549,0
EGH,60,20250131,110000,5.11739,5.11739,5.11739,5.11739,2130.636363729,0
EGH,60,20250131,130000,5.11739,5.11739,5.11739,5.11739,116.0454545505,0
EGH,60,20250131,140000,5.11739,5.11739,5.11739,5.11739,70.04545454849999,0
EGH,60,20250131,170000,5.11739,5.11739,5.11739,5.11739,20.90909091,0
EGH,60,20250203,100000,5.06957,5.06957,5.02174,5.02174,1060.090909137,0
EGH,60,20250203,110000,5.11739,5.11739,5.11739,5.11739,67.95454545749999,0
EGH,60,20250203,170000,5.06957,5.06957,5.06957,5.06957,2.090909091,0
EGH,60,20250204,100000,5.06957,5.11739,5.06957,5.11739,1271.272727328,0
EGH,60,20250204,110000,5.11739,5.11739,5.11739,5.11739,99.3181818225,0
EGH,60,20250204,150000,5.3087,5.3087,5.3087,5.3087,377.4090909255,0
EGH,60,20250204,170000,5.3087,5.5,5.3087,5.5,430.727272746,0
EGH,60,20250205,150000,5.21304,5.21304,5.21304,5.21304,151.5909090975,0
EGH,60,20250206,160000,5.40435,5.40435,4.92609,4.92609,1531.5909091575,0
EGH,60,20250206,170000,5.11739,5.45217,5.11739,5.45217,149.5000000065,0
EGH,60,20250207,100000,5.16522,5.35652,5.16522,5.35652,228.9545454645,0
EGH,60,20250207,150000,5.06957,5.06957,4.92609,4.92609,1045.4545455,0
EGH,60,20250207,170000,5.26087,5.26087,5.26087,5.26087,106.63636364099999,0
EGH,60,20250210,100000,5.26087,5.26087,5.02174,5.02174,108.72727273199999,0
EGH,60,20250210,120000,5.21304,5.26087,5.21304,5.26087,292.72727274,0
EGH,60,20250210,130000,5.26087,5.26087,5.26087,5.26087,431.7727272915,0
EGH,60,20250210,140000,5.26087,5.40435,5.26087,5.40435,135.90909091499998,0
EGH,60,20250210,160000,5.40435,5.40435,5.40435,5.40435,209.09090909999998,0
EGH,60,20250210,170000,5.40435,5.54783,5.40435,5.54783,203.8636363725,0
EGH,60,20250211,100000,5.45217,5.45217,5.11739,5.11739,1045.4545455,0
EGH,60,20250211,110000,5.11739,5.5,5.11739,5.5,653.4090909375,0
EGH,60,20250212,100000,5.3087,5.3087,5.3087,5.3087,189.22727273549998,0
EGH,60,20250212,120000,5.3087,5.3087,5.3087,5.3087,47.0454545475,0
EGH,60,20250212,130000,5.26087,5.26087,5.26087,5.26087,31.363636364999998,0
EGH,60,20250212,140000,5.35652,5.35652,5.35652,5.35652,10.454545455,0
EGH,60,20250213,100000,5.11739,5.11739,5.02174,5.02174,1045.4545455,0
EGH,60,20250213,110000,5.16522,5.16522,5.16522,5.16522,291.6818181945,0
EGH,60,20250213,120000,5.3087,5.35652,5.3087,5.35652,67.95454545749999,0
EGH,60,20250214,100000,5.35652,5.59565,5.35652,5.54783,1418.6818182435,0
EGH,60,20250214,110000,5.54783,6.21739,5.54783,6.21739,104.54545454999999,0
EGH,60,20250214,120000,6.02609,6.02609,6.02609,6.02609,141.1363636425,0
EGH,60,20250214,130000,6.07391,6.07391,6.07391,6.07391,5.2272727275,0
EGH,60,20250214,140000,5.59565,6.02609,5.59565,6.02609,312.5909091045,0
EGH,60,20250214,160000,6.02609,6.02609,4.97391,5.02174,2947.1363637645,0
EGH,60,20250214,170000,5.3087,5.78696,5.3087,5.78696,393.090909108,0
EGH,60,20250217,100000,5.78696,5.78696,5.78696,5.78696,4.181818182,0
EGH,60,20250217,110000,5.73913,5.78696,5.73913,5.78696,156.81818182499998,0
EGH,60,20250217,130000,5.21304,5.21304,5.06957,5.06957,1045.4545455,0
EGH,60,20250217,140000,5.16522,5.16522,5.16522,5.16522,52.272727274999994,0
EGH,60,20250217,150000,5.40435,5.59565,5.40435,5.59565,115.00000000499999,0
EGH,60,20250218,140000,5.35652,5.35652,5.16522,5.16522,209.0909091,0
EGH,60,20250218,160000,5.45217,5.45217,5.45217,5.45217,6.272727272999999,0
EGH,60,20250218,170000,5.21304,5.45217,5.11739,5.45217,1327.727272785,0
EGH,60,20250219,100000,5.11739,5.11739,5.11739,5.11739,4.181818182,0
EGH,60,20250219,120000,5.26087,5.26087,5.26087,5.26087,1035.000000045,0
EGH,60,20250219,130000,5.26087,5.26087,5.26087,5.26087,10.454545455,0
EGH,60,20250219,170000,5.21304,5.21304,5.21304,5.21304,10.454545455,0
EGH,60,20250220,120000,5.21304,5.21304,5.02174,5.02174,1045.4545455,0
EGH,60,20250221,140000,5.06957,5.06957,4.30435,4.30435,4157.7727274535,0
EGH,60,20250221,150000,4.13217,4.13217,4.13217,4.13217,24.0454545465,0
EGH,60,20250221,160000,5.02174,5.02174,5.02174,5.02174,210.1363636455,0
EGH,60,20250224,170000,5.06957,5.06957,4.32348,4.49565,8561.2272730995,0
EGH,60,20250225,100000,4.97391,4.97391,4.97391,4.97391,313.63636364999996,0
EGH,60,20250226,110000,4.97391,4.97391,4.55304,4.55304,424.454545473,0
EGH,60,20250226,130000,4.57217,4.57217,4.57217,4.57217,158.909090916,0
EGH,60,20250226,160000,4.97391,5.02174,4.97391,5.02174,10.454545455,0
EGH,60,20250227,110000,4.87826,5.02174,4.87826,5.02174,104.54545454999999,0
EGH,60,20250227,120000,5.02174,5.02174,5.02174,5.02174,6.272727272999999,0
EGH,60,20250227,130000,4.87826,4.87826,4.87826,4.87826,165.18181818899998,0
EGH,60,20250228,100000,5.02174,5.02174,5.02174,5.02174,20.90909091,0
EGH,60,20250228,130000,4.78261,4.78261,4.78261,4.78261,5.2272727275,0
EGH,60,20250228,140000,4.78261,4.78261,4.78261,4.78261,2.090909091,0
EGH,60,20250303,100000,5.02174,5.02174,5.02174,5.02174,5.2272727275,0
EGH,60,20250303,130000,4.78261,4.78261,4.78261,4.78261,5.2272727275,0
EGH,60,20250303,150000,4.68696,4.68696,4.68696,4.68696,5.2272727275,0
EGH,60,20250305,100000,4.68696,4.68696,4.68696,4.68696,517.5000000225,0
EGH,60,20250305,120000,4.70609,4.70609,4.70609,4.70609,122.3181818235,0
EGH,60,20250305,130000,4.78261,5.11739,4.78261,5.11739,5229.363636591,0
EGH,60,20250305,140000,4.87826,4.87826,4.87826,4.87826,10.454545455,0
EGH,60,20250306,100000,4.78261,4.78261,4.78261,4.78261,56.454545456999995,0
EGH,60,20250306,130000,4.76348,4.76348,4.76348,4.76348,41.81818182,0
EGH,60,20250310,100000,4.62957,4.62957,4.62957,4.62957,16.727272728,0
EGH,60,20250310,170000,4.76348,4.78261,4.76348,4.78261,234.18181819199998,0
EGH,60,20250311,120000,4.76348,4.78261,4.76348,4.78261,5227.2727275,0
EGH,60,20250311,160000,4.78261,4.78261,4.78261,4.78261,105.5909090955,0
EGH,60,20250312,100000,4.78261,4.78261,4.78261,4.78261,104.54545454999999,0
EGH,60,20250312,110000,4.78261,4.78261,4.78261,4.78261,230.00000001,0
EGH,60,20250312,120000,4.78261,4.78261,4.78261,4.78261,354.4090909245,0
EGH,60,20250312,130000,4.78261,4.78261,4.78261,4.78261,691.0454545755,0
EGH,60,20250313,100000,4.78261,4.78261,4.78261,4.78261,19.8636363645,0
EGH,60,20250313,110000,4.78261,4.78261,4.78261,4.78261,1026.636363681,0
EGH,60,20250313,130000,4.78261,4.78261,4.78261,4.78261,205.95454546349998,0
EGH,60,20250313,170000,4.76348,4.78261,4.76348,4.78261,4393.000000190999,0
EGH,60,20250314,130000,4.78261,4.87826,4.78261,4.87826,858.3181818554999,0
EGH,60,20250314,140000,4.87826,5.16522,4.87826,5.16522,2321.9545455555,0
EGH,60,20250314,150000,4.83043,4.83043,4.83043,4.83043,230.00000000999998,0
EGH,60,20250314,160000,4.92609,4.92609,4.92609,4.92609,20.90909091,0
EGH,60,20250317,110000,4.92609,4.92609,4.92609,4.92609,28.227272728499997,0
EGH,60,20250317,120000,5.16522,5.16522,5.16522,5.16522,345.00000001499996,0
EGH,60,20250317,140000,4.92609,4.92609,4.78261,4.78261,2090.909091,0
EGH,60,20250318,150000,4.78261,4.78261,4.76348,4.76348,838.454545491,0
EGH,60,20250319,100000,4.78261,4.78261,4.74435,4.74435,104.54545454999999,0
EGH,60,20250319,150000,4.78261,4.78261,4.78261,4.78261,2.090909091,0
EGH,60,20250320,100000,4.78261,4.78261,4.78261,4.78261,3.1363636364999996,0
EGH,60,20250320,120000,4.76348,4.78261,4.76348,4.78261,7318.181818499999,0
EGH,60,20250320,170000,4.74435,4.74435,4.74435,4.74435,26.136363637499997,0
EGH,60,20250321,100000,4.74435,4.74435,4.74435,4.74435,429.6818182005,0
EGH,60,20250321,150000,4.74435,4.78261,4.74435,4.78261,458.9545454745,0
EGH,60,20250324,100000,4.78261,4.78261,4.78261,4.78261,522.72727275,0
EGH,60,20250324,140000,4.74435,4.92609,4.74435,4.92609,4708.727272931999,0
EGH,60,20250325,120000,4.72522,4.72522,4.72522,4.72522,20.90909091,0
EGH,60,20250325,130000,4.76348,4.78261,4.76348,4.78261,3136.3636364999998,0
EGH,60,20250325,170000,4.78261,4.78261,4.70609,4.70609,1611.0454546155,0
EGH,60,20250326,100000,4.70609,4.70609,4.70609,4.70609,20.90909091,0
EGH,60,20250326,120000,4.70609,4.70609,4.70609,4.70609,20.90909091,0
EGH,60,20250326,130000,4.70609,4.70609,4.70609,4.70609,10.454545455,0
EGH,60,20250326,140000,4.68696,4.68696,4.5913,4.5913,11.5000000005,0
EGH,60,20250327,120000,4.55304,4.55304,4.55304,4.55304,12.545454545999998,0
EGH,60,20250331,160000,4.70609,4.70609,4.70609,4.70609,5.2272727275,0
EGH,60,20250401,100000,4.70609,4.87826,4.70609,4.87826,19.8636363645,0
EGH,60,20250401,120000,4.78261,4.78261,4.78261,4.78261,397.27272729,0
EGH,60,20250403,140000,4.78261,4.78261,4.78261,4.78261,313.63636364999996,0
EGH,60,20250403,150000,4.5913,4.5913,4.57217,4.57217,16.727272728,0
EGH,60,20250407,100000,4.57217,4.57217,4.45739,4.45739,745.4090909415,0
EGH,60,20250407,140000,4.43826,4.43826,4.43826,4.43826,86.77272727649999,0
EGH,60,20250407,170000,4.4,4.57217,4.4,4.57217,7840.90909125,0
EGH,60,20250408,130000,4.55304,4.57217,4.55304,4.57217,2875.000000125,0
EGH,60,20250409,150000,4.38087,4.38087,4.38087,4.38087,627.2727272999999,0
EGH,60,20250410,100000,4.28522,4.28522,4.28522,4.28522,1155.2272727775,0
EGH,60,20250410,110000,4.2087,4.5913,4.2087,4.5913,925.2272727674999,0
EGH,60,20250410,140000,4.55304,4.66783,4.55304,4.66783,940.90909095,0
EGH,60,20250411,100000,4.66783,4.66783,4.66783,4.66783,313.63636364999996,0
EGH,60,20250411,120000,4.5913,4.5913,4.5913,4.5913,4704.545454749999,0
EGH,60,20250411,150000,4.66783,4.74435,4.66783,4.74435,104.54545454999999,0
EGH,60,20250414,110000,4.62957,4.74435,4.62957,4.74435,8652.181818558,0
EGH,60,20250415,100000,4.5913,4.5913,4.5913,4.5913,225.81818182799998,0
EGH,60,20250415,120000,4.57217,4.57217,4.57217,4.57217,20.90909091,0
EGH,60,20250416,130000,4.57217,4.5913,4.57217,4.5913,6274.8181820909995,0
EGH,60,20250417,120000,4.5913,4.5913,4.5913,4.5913,10.454545455,0
EGH,60,20250417,130000,4.5913,4.5913,4.5913,4.5913,47.0454545475,0
EGH,60,20250422,120000,4.45739,4.45739,4.45739,4.45739,10.454545455,0
EGH,60,20250423,110000,4.49565,4.49565,4.45739,4.45739,278.090909103,0
EGH,60,20250423,120000,4.43826,4.6487,4.43826,4.6487,771.545454579,0
EGH,60,20250423,130000,4.62957,4.6487,4.62957,4.6487,15.681818182499999,0
EGH,60,20250424,110000,4.6487,4.6487,4.6487,4.6487,10.454545455,0
EGH,60,20250424,120000,4.43826,4.43826,4.43826,4.43826,469.4090909295,0
EGH,60,20250424,130000,4.4,4.43826,4.4,4.43826,2846.7727273965,0
EGH,60,20250424,140000,4.43826,4.43826,4.4,4.4,293.7727272855,0
EGH,60,20250424,150000,4.43826,4.43826,4.43826,4.43826,209.09090909999998,0
EGH,60,20250425,100000,4.43826,4.6487,4.43826,4.6487,479.8636363845,0
EGH,60,20250425,110000,4.6487,4.6487,4.6487,4.6487,20.90909091,0
EGH,60,20250425,130000,4.62957,4.6487,4.62957,4.6487,878.18181822,0
EGH,60,20250428,100000,4.43826,4.61043,4.41913,4.61043,59.5909090935,0
EGH,60,20250428,130000,4.61043,4.61043,4.55304,4.55304,94.090909095,0
EGH,60,20250428,150000,4.47652,4.47652,4.47652,4.47652,158.909090916,0
EGH,60,20250428,170000,4.49565,4.49565,4.49565,4.49565,52.272727274999994,0
EGH,60,20250429,130000,4.49565,4.49565,4.49565,4.49565,106.63636364099999,0
EGH,60,20250430,100000,4.68696,4.68696,4.49565,4.49565,439.09090911,0
EGH,60,20250430,140000,4.74435,4.74435,4.74435,4.74435,313.63636364999996,0
EGH,60,20250502,100000,4.76348,4.76348,4.5913,4.5913,33.454545456,0
EGH,60,20250502,110000,4.76348,4.92609,4.76348,4.92609,421.3181818365,0
EGH,60,20250506,130000,4.78261,4.78261,4.78261,4.78261,418.18181819999995,0
EGH,60,20250506,140000,4.78261,4.78261,4.78261,4.78261,41.81818182,0
EGH,60,20250507,100000,4.5913,4.5913,4.57217,4.57217,596.9545454805,0
EGH,60,20250507,110000,4.51478,4.51478,4.51478,4.51478,104.54545454999999,0
EGH,60,20250507,120000,4.49565,4.5913,4.49565,4.5913,787.2272727615,0
EGH,60,20250507,140000,4.5913,4.5913,4.5913,4.5913,9.4090909095,0
EGH,60,20250507,160000,4.74435,4.74435,4.74435,4.74435,1.0454545455,0
EGH,60,20250512,170000,4.5913,5.5,4.5913,5.5,5048.5000002195,0
EGH,60,20250513,100000,5.5,5.93043,5.3087,5.54783,5429.0454547815,0
EGH,60,20250513,110000,5.88261,5.93043,5.16522,5.45217,10768.18181865,0
EGH,60,20250513,120000,5.45217,5.45217,5.3087,5.3087,3136.3636364999998,0
EGH,60,20250513,130000,5.35652,5.45217,5.35652,5.35652,107.6818181865,0
EGH,60,20250513,140000,5.35652,5.35652,5.35652,5.35652,1.0454545455,0
EGH,60,20250513,150000,5.35652,5.35652,5.16522,5.16522,1427.0454546075,0
EGH,60,20250513,160000,5.21304,5.21304,5.21304,5.21304,940.90909095,0
EGH,60,20250514,100000,5.35652,5.35652,5.21304,5.21304,740.181818214,0
EGH,60,20250514,110000,5.21304,5.35652,5.21304,5.35652,400.40909092649997,0
EGH,60,20250514,120000,5.26087,5.40435,5.16522,5.16522,2090.909091,0
EGH,60,20250514,130000,5.26087,5.3087,5.16522,5.3087,3659.09090925,0
EGH,60,20250514,140000,5.3087,5.3087,5.3087,5.3087,143.2272727335,0
EGH,60,20250514,150000,5.21304,5.21304,5.16522,5.16522,175.636363644,0
EGH,60,20250514,160000,4.87826,4.87826,4.83043,4.83043,2209.0454546415,0
EGH,60,20250514,170000,4.97391,4.97391,4.97391,4.97391,3.1363636364999996,0
EGH,60,20250515,100000,4.97391,4.97391,4.97391,4.97391,360.6818181975,0
EGH,60,20250515,120000,4.97391,5.06957,4.97391,5.06957,73.181818185,0
EGH,60,20250515,130000,5.06957,5.06957,4.87826,4.87826,8.363636364,0
EGH,60,20250515,140000,5.02174,5.02174,5.02174,5.02174,393.090909108,0
EGH,60,20250519,100000,4.92609,4.97391,4.2087,4.87826,4991.000000217,0
EGH,60,20250519,110000,4.78261,4.78261,4.78261,4.78261,352.3181818335,0
EGH,60,20250519,130000,4.78261,4.78261,4.78261,4.78261,52.272727274999994,0
EGH,60,20250519,140000,4.68696,4.68696,4.68696,4.68696,8.363636364,0
EGH,60,20250519,170000,4.74435,4.78261,4.74435,4.74435,836.3636364,0
EGH,60,20250520,100000,4.61043,4.76348,4.61043,4.76348,533.181818205,0
EGH,60,20250520,130000,4.87826,4.87826,4.87826,4.87826,104.54545454999999,0
EGH,60,20250520,160000,4.83043,4.83043,4.83043,4.83043,2.090909091,0
EGH,60,20250521,170000,4.70609,4.97391,4.70609,4.97391,1538.909090976,0
EGH,60,20250522,100000,4.97391,4.97391,4.97391,4.97391,83.63636364,0
EGH,60,20250522,120000,4.87826,5.16522,4.87826,4.97391,2042.818181907,0
EGH,60,20250522,130000,4.78261,4.78261,4.78261,4.78261,1262.909090964,0
EGH,60,20250522,150000,4.78261,4.97391,4.78261,4.97391,852.0454545824999,0
EGH,60,20250522,160000,5.02174,5.02174,4.78261,5.02174,2112.8636364555,0
EGH,60,20250523,100000,4.97391,5.3087,4.97391,5.3087,1237.818181872,0
EGH,60,20250523,110000,5.3087,5.3087,4.68696,4.68696,20.90909091,0
EGH,60,20250523,120000,4.97391,4.97391,4.97391,4.97391,77.363636367,0
EGH,60,20250523,130000,4.97391,4.97391,4.97391,4.97391,10.454545455,0
EGH,60,20250523,150000,4.78261,4.78261,4.78261,4.78261,136.9545454605,0
EGH,60,20250526,100000,5.26087,5.35652,5.02174,5.02174,1771.000000077,0
EGH,60,20250526,110000,5.64348,5.64348,5.64348,5.64348,313.63636364999996,0
EGH,60,20250526,120000,5.54783,5.54783,5.54783,5.54783,648.18181821,0
EGH,60,20250526,130000,5.06957,5.06957,5.06957,5.06957,4716.0454547505,0
EGH,60,20250526,160000,5.06957,5.06957,5.06957,5.06957,4.181818182,0
EGH,60,20250526,170000,5.02174,5.02174,5.02174,5.02174,2.090909091,0
EGH,60,20250527,100000,5.02174,5.02174,5.02174,5.02174,621.0000000269999,0
EGH,60,20250527,110000,5.02174,5.3087,5.02174,5.3087,1051.727272773,0
EGH,60,20250527,120000,5.26087,5.26087,5.26087,5.26087,104.54545454999999,0
EGH,60,20250527,150000,5.16522,5.16522,5.02174,5.02174,1472.000000064,0
EGH,60,20250527,160000,5.02174,5.02174,5.02174,5.02174,590.6818182075,0
EGH,60,20250527,170000,4.97391,4.97391,4.97391,4.97391,3.1363636364999996,0
EGH,60,20250528,100000,5.02174,5.11739,4.97391,4.97391,511.2272727495,0
EGH,60,20250528,110000,5.11739,5.26087,5.02174,5.26087,3654.909091068,0
EGH,60,20250528,120000,5.26087,5.26087,5.26087,5.26087,420.272727291,0
EGH,60,20250528,130000,5.26087,5.26087,5.26087,5.26087,78.40909091249999,0
EGH,60,20250528,150000,5.26087,5.35652,5.02174,5.02174,671.181818211,0
EGH,60,20250528,160000,5.40435,5.93043,5.35652,5.93043,4809.0909093,0
EGH,60,20250528,170000,5.26087,5.26087,5.26087,5.26087,522.72727275,0
EGH,60,20250529,160000,5.83478,5.83478,5.83478,5.83478,1.0454545455,0
EGH,60,20250530,100000,5.26087,5.26087,5.26087,5.26087,1568.18181825,0
EGH,60,20250530,120000,5.26087,5.26087,5.21304,5.21304,104.54545454999999,0
EGH,60,20250530,130000,5.21304,5.21304,5.21304,5.21304,271.81818182999996,0
EGH,60,20250530,170000,5.21304,5.21304,5.16522,5.21304,241.50000001049997,0
EGH,60,20250602,120000,5.06957,5.06957,4.92609,4.92609,3659.0909092499996,0
EGH,60,20250603,100000,4.97391,4.97391,4.97391,4.97391,2.090909091,0
EGH,60,20250603,110000,4.97391,4.97391,4.97391,4.97391,181.909090917,0
EGH,60,20250604,100000,5.16522,5.16522,4.53391,4.55304,4809.0909093,0
EGH,60,20250604,120000,4.83043,4.87826,4.83043,4.87826,36.5909090925,0
EGH,60,20250604,130000,4.87826,4.87826,4.87826,4.87826,209.09090909999998,0
EGH,60,20250604,150000,4.87826,4.87826,4.83043,4.83043,8677.272727649999,0
EGH,60,20250605,130000,4.76348,4.76348,4.68696,4.68696,15.681818182499999,0
EGH,60,20250605,140000,4.78261,4.83043,4.78261,4.83043,5.2272727275,0
EGH,60,20250605,150000,4.83043,4.83043,4.78261,4.78261,993.181818225,0
EGH,60,20250605,170000,4.68696,4.68696,4.68696,4.68696,198.636363645,0
EGH,60,20250606,140000,4.78261,4.83043,4.78261,4.83043,52.272727274999994,0
EGH,60,20250609,100000,4.83043,4.83043,4.83043,4.83043,2.090909091,0
EGH,60,20250609,170000,4.78261,4.78261,4.78261,4.78261,5.2272727275,0
EGH,60,20250610,120000,4.68696,4.68696,4.66783,4.66783,104.54545454999999,0
EGH,60,20250610,130000,4.83043,4.83043,4.83043,4.83043,30.318181819499998,0
EGH,60,20250611,150000,4.83043,4.83043,4.83043,4.83043,289.5909091035,0
EGH,60,20250613,110000,4.83043,4.87826,4.83043,4.87826,418.18181819999995,0
EGH,60,20250613,130000,4.87826,4.87826,4.87826,4.87826,2.090909091,0
EGH,60,20250616,120000,4.74435,5.06957,4.74435,5.06957,339.7727272875,0
EGH,60,20250616,130000,4.87826,4.87826,4.87826,4.87826,407.727272745,0
EGH,60,20250616,150000,4.87826,4.87826,4.87826,4.87826,3.1363636364999996,0
EGH,60,20250617,110000,4.87826,4.87826,4.87826,4.87826,7.318181818499999,0
EGH,60,20250617,120000,4.72522,4.72522,4.72522,4.72522,8.363636364,0
EGH,60,20250618,130000,5.02174,5.02174,5.02174,5.02174,83.63636364,0
EGH,60,20250618,140000,4.78261,4.78261,4.78261,4.78261,10.454545455,0
EGH,60,20250623,110000,5.02174,5.02174,5.02174,5.02174,386.81818183499996,0
EGH,60,20250623,120000,4.78261,4.78261,4.78261,4.78261,422.363636382,0
EGH,60,20250623,130000,4.78261,4.78261,4.78261,4.78261,100.36363636799999,0
EGH,60,20250624,100000,4.78261,5.02174,4.74435,4.74435,538.4090909325,0
EGH,60,20250624,130000,4.78261,4.78261,4.78261,4.78261,1254.5454545999999,0
EGH,60,20250624,150000,4.78261,4.78261,4.78261,4.78261,10.454545455,0
EGH,60,20250624,160000,4.78261,4.78261,4.78261,4.78261,8.363636364,0
EGH,60,20250624,170000,4.78261,4.78261,4.78261,4.78261,399.363636381,0
EGH,60,20250625,100000,4.97391,4.97391,4.78261,4.78261,3.1363636364999996,0
EGH,60,20250625,130000,4.83043,4.83043,4.83043,4.83043,1568.1818182499999,0
EGH,60,20250625,170000,4.78261,4.78261,4.78261,4.78261,9.4090909095,0
EGH,60,20250626,120000,4.97391,4.97391,4.97391,4.97391,5.2272727275,0
EGH,60,20250626,140000,4.78261,4.78261,4.78261,4.78261,125.45454545999999,0
EGH,60,20250626,160000,4.78261,4.78261,4.78261,4.78261,292.72727274,0
EGH,60,20250627,100000,4.83043,4.83043,4.83043,4.83043,125.45454545999999,0
EGH,60,20250627,120000,4.78261,4.78261,4.78261,4.78261,1254.5454545999999,0
EGH,60,20250627,130000,4.78261,4.78261,4.78261,4.78261,939.8636364045,0
EGH,60,20250627,160000,4.78261,4.78261,4.78261,4.78261,112.90909091399999,0
EGH,60,20250630,100000,4.92609,4.97391,4.92609,4.97391,1006.7727273165,0
EGH,60,20250630,110000,4.97391,4.97391,4.97391,4.97391,5.2272727275,0
EGH,60,20250630,120000,5.02174,5.02174,5.02174,5.02174,107.6818181865,0
EGH,60,20250630,130000,5.02174,5.06957,5.02174,5.06957,446.40909092849995,0
EGH,60,20250630,140000,5.06957,5.06957,5.06957,5.06957,927.3181818585,0
EGH,60,20250630,150000,5.11739,5.11739,5.11739,5.11739,112.90909091399999,0
EGH,60,20250630,160000,5.11739,5.11739,5.06957,5.06957,29.272727273999998,0
EGH,60,20250701,100000,5.06957,5.06957,5.06957,5.06957,1.0454545455,0
EGH,60,20250701,120000,5.06957,5.06957,5.06957,5.06957,1018.272727317,0
EGH,60,20250701,130000,5.11739,5.21304,5.11739,5.21304,383.68181819849997,0
EGH,60,20250702,110000,5.21304,5.21304,5.21304,5.21304,20.90909091,0
EGH,60,20250703,100000,5.21304,5.40435,5.21304,5.40435,1419.727272789,0
EGH,60,20250703,110000,5.40435,5.40435,5.40435,5.40435,104.54545454999999,0
EGH,60,20250703,120000,5.26087,5.26087,5.26087,5.26087,49.1363636385,0
EGH,60,20250703,160000,5.40435,5.40435,5.40435,5.40435,1246.181818236,0
EGH,60,20250703,170000,5.40435,5.5,5.40435,5.5,370.09090910699996,0
EGH,60,20250704,100000,5.54783,5.54783,5.02174,5.06957,432.818181837,0
EGH,60,20250704,130000,5.5,5.5,5.5,5.5,20.90909091,0
EGH,60,20250704,150000,5.5,5.5,5.5,5.5,418.18181819999995,0
EGH,60,20250707,100000,5.75,5.75,5.35,5.35,431,0
EGH,60,20250707,110000,5.45,5.45,5.45,5.45,50,0
EGH,60,20250707,130000,5.7,5.7,5.7,5.7,351,0
EGH,60,20250707,140000,5.5,5.75,5.5,5.75,816,0
EGH,60,20250708,100000,5.5,5.5,5.5,5.5,20,0
EGH,60,20250708,110000,5.5,5.5,5.5,5.5,100,0
EGH,60,20250709,100000,5.55,5.55,5.55,5.55,7,0
EGH,60,20250709,150000,5.5,5.5,5.5,5.5,1500,0
EGH,60,20250714,100000,5.45,5.5,5.35,5.5,472,0
EGH,60,20250714,130000,5.55,5.55,5.55,5.55,25,0
EGH,60,20250714,160000,5.5,5.5,5.5,5.5,16,0
EGH,60,20250715,100000,5.5,5.5,5.5,5.5,22,0
EGH,60,20250715,160000,5.35,5.35,5.35,5.35,514,0
EGH,60,20250716,120000,5.3,5.3,5.3,5.3,40,0
EGH,60,20250716,140000,5.35,5.35,5.35,5.35,9,0
EGH,60,20250716,170000,5.35,5.35,5.35,5.35,2,0
EGH,60,20250717,100000,5.3,5.3,5,5,1941,0
EGH,60,20250717,110000,5.15,5.15,4.94,4.94,80,0
EGH,60,20250717,120000,5.15,5.15,5.15,5.15,4,0
EGH,60,20250717,130000,4.98,4.98,4.98,4.98,4,0
EGH,60,20250717,160000,5.05,5.05,5,5,560,0
EGH,60,20250718,100000,5,5,5,5,4009,0
EGH,60,20250718,110000,5,5,5,5,4799,0
EGH,60,20250718,120000,5,5,5,5,676,0
EGH,60,20250718,130000,4.98,4.98,4.92,4.92,887,0
EGH,60,20250718,140000,5.15,5.15,5.15,5.15,20,0
EGH,60,20250718,170000,5,5,5,5,2000,0
EGH,60,20250721,100000,5.15,5.15,5.15,5.15,2,0
EGH,60,20250721,110000,5,5,5,5,1000,0
EGH,60,20250721,130000,5.15,5.15,5.15,5.15,392,0
EGH,60,20250722,110000,5.2,5.2,5.2,5.2,108,0
EGH,60,20250722,130000,5.2,5.2,5.2,5.2,3,0
EGH,60,20250722,150000,5.2,5.2,5.2,5.2,100,0
EGH,60,20250723,100000,5.15,5.15,5.15,5.15,360,0
EGH,60,20250723,130000,5.2,5.4,5.2,5.4,1600,0
EGH,60,20250723,140000,5.15,5.15,5,5,860,0
EGH,60,20250723,150000,5,5,5,5,2140,0
EGH,60,20250724,100000,5.1,5.1,5,5,161,0
EGH,60,20250724,120000,5.1,5.15,5.1,5.15,1033,0
EGH,60,20250724,130000,5,5.05,5,5,960,0
EGH,60,20250724,150000,5.15,5.15,5.15,5.15,800,0
EGH,60,20250724,160000,5,5,5,5,400,0
EGH,60,20250725,110000,5.15,5.15,5.15,5.15,2,0
EGH,60,20250725,170000,5.15,5.15,5.15,5.15,100,0
EGH,60,20250728,120000,5.1,5.1,5.1,5.1,3800,0
EGH,60,20250728,150000,5.05,5.05,5.05,5.05,10,0
EGH,60,20250728,160000,5.05,5.05,5.05,5.05,98,0
EGH,60,20250728,170000,5.1,5.1,5.1,5.1,63,0
EGH,60,20250730,100000,5.05,5.05,5.05,5.05,206,0
EGH,60,20250730,110000,5.05,5.05,5.05,5.05,111,0
EGH,60,20250730,130000,5.15,5.15,5.15,5.15,20,0
EGH,60,20250730,170000,5.05,5.05,5.05,5.05,100,0
EGH,60,20250731,140000,5.05,5.05,5,5,800,0
EGH,60,20250801,110000,5.15,5.15,5.15,5.15,20,0
EGH,60,20250805,130000,5,5.15,5,5.15,685,0
EGH,60,20250805,150000,5.15,5.15,5.15,5.15,1088,0
EGH,60,20250805,160000,5.2,5.2,5.2,5.2,10,0
EGH,60,20250805,170000,5.2,5.2,5.2,5.2,157,0
EGH,60,20250806,160000,5.25,5.25,5.25,5.25,8,0
EGH,60,20250807,100000,5.25,5.25,5.25,5.25,10,0
EGH,60,20250807,150000,5.25,5.25,5.25,5.25,591,0
EGH,60,20250808,160000,5.1,5.1,5.05,5.05,750,0
EGH,60,20250811,100000,5.25,5.55,5.05,5.55,3792,0
EGH,60,20250811,110000,5.55,6.1,5.55,6,6635,0
EGH,60,20250811,120000,6,6,5.75,6,1767,0
EGH,60,20250811,130000,6,6.2,6,6.1,2459,0
EGH,60,20250811,140000,5.9,6.1,5.8,5.8,597,0
EGH,60,20250811,150000,6.05,6.05,6,6,209,0
EGH,60,20250811,160000,6,6.05,5.85,6.05,656,0
EGH,60,20250811,170000,5.9,5.9,5.6,5.6,271,0
EGH,60,20250812,100000,5.95,5.95,5.95,5.95,13,0
EGH,60,20250812,110000,5.95,5.95,5.95,5.95,334,0
EGH,60,20250812,130000,5.75,5.75,5.75,5.75,407,0
EGH,60,20250812,160000,5.75,5.75,5.75,5.75,306,0
EGH,60,20250812,170000,5.75,5.75,5.7,5.7,249,0
EGH,60,20250813,110000,5.7,5.7,5.7,5.7,140,0
EGH,60,20250813,120000,5.7,5.7,5.7,5.7,916,0
EGH,60,20250813,130000,5.6,5.6,5.6,5.6,21,0
EGH,60,20250813,140000,5.6,5.6,5.6,5.6,2,0
EGH,60,20250813,150000,5.7,5.7,5.7,5.7,674,0
EGH,60,20250813,170000,5.8,5.8,5.8,5.8,2,0
EGH,60,20250818,120000,5.7,5.7,5.55,5.55,623,0
EGH,60,20250818,140000,5.55,5.55,5.2,5.2,1550,0
EGH,60,20250818,160000,5.55,5.55,5.55,5.55,4,0
EGH,60,20250818,170000,5.55,5.55,5.55,5.55,349,0
EGH,60,20250819,120000,5.55,5.55,5.55,5.55,221,0
EGH,60,20250820,160000,5.35,5.35,5.35,5.35,2,0
EGH,60,20250820,170000,5.35,5.55,5.35,5.55,29,0
EGH,60,20250821,110000,5.55,5.55,5.55,5.55,128,0
EGH,60,20250822,140000,5.35,5.35,5.35,5.35,9,0
EGH,60,20250822,150000,5.35,5.35,5.1,5.3,3209,0
EGH,60,20250822,160000,5.4,5.4,5.4,5.4,154,0
EGH,60,20250825,100000,5.15,5.35,5.05,5.35,4082,0
EGH,60,20250825,150000,5.1,5.1,5.1,5.1,2,0
EGH,60,20250825,160000,5.25,5.25,5.25,5.25,676,0
EGH,60,20250825,170000,5.3,5.3,5.1,5.1,1020,0
EGH,60,20250826,100000,5.15,5.25,5.1,5.25,4404,0
EGH,60,20250826,110000,5.25,5.35,5.25,5.35,1878,0
EGH,60,20250826,130000,5.35,5.35,5.35,5.35,20,0
EGH,60,20250826,140000,5.35,5.35,5.35,5.35,800,0
EGH,60,20250826,170000,5.35,5.35,5.35,5.35,70,0
EGH,60,20250827,100000,5.25,5.25,5.25,5.25,299,0
EGH,60,20250827,120000,5.35,5.5,5.35,5.5,2272,0
EGH,60,20250827,130000,5.5,5.5,5.25,5.25,2593,0
EGH,60,20250827,160000,5.45,5.85,5.45,5.85,2284,0
EGH,60,20250827,170000,5.9,6.7,5.85,6.3,22648,0
EGH,60,20250828,100000,6.3,6.6,5.95,6.3,2863,0
EGH,60,20250828,110000,6.3,6.75,6.3,6.3,5549,0
EGH,60,20250828,120000,6.35,6.35,6.15,6.15,5105,0
EGH,60,20250828,130000,6.3,6.35,6.3,6.3,936,0
EGH,60,20250828,150000,6.35,6.35,6.35,6.35,3,0
EGH,60,20250828,160000,6.35,6.35,6.1,6.1,1616,0
EGH,60,20250828,170000,6.15,6.3,6,6,1300,0
EGH,60,20250829,100000,6,6,5.65,5.65,83,0
EGH,60,20250829,110000,5.9,5.9,5.9,5.9,100,0
EGH,60,20250829,120000,5.85,6,5.7,5.8,560,0
EGH,60,20250829,130000,5.7,5.8,5.65,5.8,2505,0
EGH,60,20250829,150000,5.7,5.7,5.7,5.7,790,0
EGH,60,20250829,170000,5.8,5.8,5.8,5.8,126,0
EGH,60,20250901,150000,5.85,6,5.85,6,224,0
EGH,60,20250901,160000,5.85,5.85,5.8,5.8,885,0
EGH,60,20250903,100000,5.9,5.9,5.9,5.9,500,0
EGH,60,20250903,150000,5.9,5.9,5.9,5.9,50,0
EGH,60,20250903,160000,5.9,6,5.9,6,100,0
EGH,60,20250905,140000,5.8,5.8,5.8,5.8,16,0
EGH,60,20250905,150000,5.9,5.9,5.9,5.9,289,0
EGH,60,20250908,110000,5.75,5.75,5.75,5.75,200,0
EGH,60,20250908,130000,5.8,5.8,5.8,5.8,3,0
EGH,60,20250908,140000,5.8,5.8,5.8,5.8,4,0
EGH,60,20250909,130000,5.75,5.75,5.75,5.75,478,0
EGH,60,20250909,170000,5.75,5.75,5.75,5.75,11,0
EGH,60,20250910,110000,5.65,5.8,5.65,5.8,921,0
EGH,60,20250910,150000,5.9,5.9,5.9,5.9,50,0
EGH,60,20250911,110000,5.95,5.95,5.95,5.95,10,0
EGH,60,20250911,130000,5.95,5.95,5.95,5.95,86,0
EGH,60,20250912,120000,5.85,5.85,5.85,5.85,40,0
EGH,60,20250912,130000,5.9,5.9,5.9,5.9,50,0
EGH,60,20250915,120000,5.95,5.95,5.95,5.95,300,0
EGH,60,20250915,160000,5.7,5.9,5.65,5.65,783,0
EGH,60,20250916,100000,6.1,6.35,6,6,7130,0
EGH,60,20250916,120000,6.15,6.15,6.15,6.15,45,0
EGH,60,20250916,130000,6.15,6.15,6.15,6.15,199,0
EGH,60,20250916,140000,6.2,6.3,6.2,6.3,1977,0
EGH,60,20250916,150000,6.25,6.3,6.15,6.15,1061,0
EGH,60,20250917,100000,6.3,6.3,6.15,6.15,216,0
EGH,60,20250917,110000,6.05,6.05,6,6,1100,0
EGH,60,20250917,120000,5.85,5.85,5.8,5.8,3865,0
EGH,60,20250917,140000,5.85,5.85,5.85,5.85,500,0
EGH,60,20250917,160000,5.9,6.1,5.9,6.1,540,0
EGH,60,20250918,100000,5.95,6.05,5.95,6.05,240,0
EGH,60,20250918,110000,5.95,5.95,5.75,5.9,3745,0
EGH,60,20250918,130000,6.05,6.05,6.05,6.05,100,0
EGH,60,20250918,140000,5.9,5.9,5.9,5.9,500,0
EGH,60,20250918,150000,6.05,6.05,6.05,6.05,20,0
EGH,60,20250918,160000,6,6,6,6,480,0
EGH,60,20250919,100000,5.9,6.1,5.9,6.1,669,0
EGH,60,20250922,110000,6.1,6.3,5.9,6.3,2902,0
EGH,60,20250922,120000,6.3,6.3,6.3,6.3,150,0
EGH,60,20250923,160000,6.15,6.15,6.15,6.15,2,0
EGH,60,20250923,170000,6,6.05,6,6.05,400,0
EGH,60,20250924,110000,6,6,5.9,5.9,100,0
EGH,60,20250925,140000,6.05,6.15,6.05,6.15,3188,0
EGH,60,20250925,150000,6.15,6.15,6.15,6.15,84,0
EGH,60,20250925,160000,6.15,6.15,6.15,6.15,80,0
EGH,60,20250926,110000,6,6.25,6,6.25,807,0
EGH,60,20250926,120000,6.3,6.3,6.25,6.3,400,0
EGH,60,20250926,140000,6.3,6.3,5.95,5.95,1456,0
EGH,60,20250926,150000,5.95,5.95,5.95,5.95,30,0
EGH,60,20250926,160000,6.15,6.15,6.15,6.15,54,0
EGH,60,20250926,170000,6,6,6,6,297,0
EGH,60,20250929,100000,6,6,6,6,10,0
EGH,60,20250929,120000,6.25,6.25,6.2,6.2,500,0
EGH,60,20250930,100000,6.1,6.3,6.1,6.3,1191,0
EGH,60,20250930,170000,6.2,6.2,5.95,5.95,370,0
EGH,60,20251001,100000,5.95,5.95,5.95,5.95,309,0
EGH,60,20251001,110000,6,6,5.95,5.95,350,0
EGH,60,20251001,140000,6.1,6.25,6.1,6.25,407,0
EGH,60,20251001,170000,6.25,6.25,6.25,6.25,4,0
EGH,60,20251002,110000,6.1,6.1,6.1,6.1,16,0
EGH,60,20251002,120000,6.1,6.1,6.1,6.1,400,0
EGH,60,20251002,130000,6.2,6.2,6.2,6.2,2300,0
EGH,60,20251002,170000,6.25,6.25,6.05,6.05,1023,0
EGH,60,20251003,140000,6.1,6.1,6.05,6.05,500,0
EGH,60,20251003,150000,6.05,6.05,6.05,6.05,1022,0
EGH,60,20251003,170000,6.2,6.5,6.2,6.5,3183,0
EGH,60,20251006,100000,6.45,7,6.1,6.75,11382,0
EGH,60,20251006,110000,6.9,6.95,6.9,6.9,1264,0
EGH,60,20251006,120000,6.8,6.8,6.8,6.8,200,0
EGH,60,20251006,130000,6.9,6.9,6.85,6.85,138,0
EGH,60,20251006,140000,6.85,6.85,6.65,6.85,309,0
EGH,60,20251006,150000,6.65,6.85,6.65,6.85,478,0
EGH,60,20251006,160000,6.85,6.85,6.85,6.85,4,0
EGH,60,20251006,170000,6.65,6.65,6.65,6.65,5,0
EGH,60,20251007,100000,6.85,6.85,6.85,6.85,154,0
EGH,60,20251007,110000,6.65,6.65,6.65,6.65,13,0
EGH,60,20251007,120000,6.85,6.85,6.85,6.85,856,0
EGH,60,20251007,130000,6.85,6.85,6.8,6.8,213,0
EGH,60,20251007,140000,6.8,6.8,6.7,6.7,787,0
EGH,60,20251007,160000,6.75,6.9,6.7,6.9,430,0
EGH,60,20251007,170000,6.9,6.9,6.9,6.9,10,0
EGH,60,20251008,100000,6.9,6.9,6.8,6.8,42,0
EGH,60,20251008,120000,6.8,6.8,6.8,6.8,19,0
EGH,60,20251008,140000,6.8,6.8,6.8,6.8,88,0
EGH,60,20251008,150000,6.9,6.9,6.8,6.8,788,0
EGH,60,20251008,170000,6.8,6.9,6.75,6.9,202,0
EGH,60,20251009,100000,6.65,6.65,6.6,6.6,300,0
EGH,60,20251009,110000,6.55,6.85,6.55,6.85,570,0
EGH,60,20251009,130000,6.85,7.85,6.45,7.75,8537,0
EGH,60,20251009,150000,7.4,7.4,7.4,7.4,2,0
EGH,60,20251009,160000,7.1,7.1,7.1,7.1,2,0
EGH,60,20251009,170000,7.35,7.35,7.35,7.35,200,0
EGH,60,20251010,100000,7.4,7.4,7.1,7.4,182,0
EGH,60,20251010,110000,7.4,7.45,7.1,7.45,1264,0
EGH,60,20251010,130000,7.05,7.25,7,7.25,149,0
EGH,60,20251010,140000,7,7,7,7,1,0
EGH,60,20251010,150000,7.25,7.25,7.25,7.25,2,0
EGH,60,20251010,160000,7.25,7.25,7.25,7.25,3,0
EGH,60,20251010,170000,7.15,7.5,7.15,7.5,1206,0
EGH,60,20251013,100000,7.15,7.5,7.15,7.5,116,0
EGH,60,20251013,110000,7.5,7.5,7.5,7.5,134,0
EGH,60,20251013,140000,7.2,7.2,7.2,7.2,131,0
EGH,60,20251013,160000,7.45,7.45,7.45,7.45,8,0
EGH,60,20251013,170000,7.2,7.2,7.2,7.2,2,0
EGH,60,20251014,100000,7.15,7.15,7.15,7.15,80,0
EGH,60,20251014,120000,7.1,7.1,7.1,7.1,49,0
EGH,60,20251014,130000,7.1,7.1,7.1,7.1,50,0
EGH,60,20251014,150000,7.1,7.1,7,7,945,0
EGH,60,20251015,100000,6.8,7.1,6.8,7.1,26,0
EGH,60,20251015,130000,7.05,7.05,7.05,7.05,50,0
EGH,60,20251016,100000,6.9,7.1,6.8,7.1,429,0
EGH,60,20251016,110000,7.1,7.1,6.8,6.8,680,0
EGH,60,20251016,160000,6.95,6.95,6.95,6.95,4,0
EGH,60,20251017,120000,6.95,6.95,6.95,6.95,155,0
EGH,60,20251020,170000,6.65,6.65,6.5,6.5,1214,0
EGH,60,20251021,100000,6.5,7.3,6.5,7.3,802,0
EGH,60,20251021,110000,6.75,6.8,6.75,6.8,48,0
EGH,60,20251021,140000,6.9,6.9,6.9,6.9,85,0
EGH,60,20251022,100000,6.9,6.9,6.9,6.9,16,0
EGH,60,20251023,160000,7.25,7.45,7.25,7.45,3803,0
EGH,60,20251023,170000,7.1,7.1,7.1,7.1,5,0
EGH,60,20251024,100000,7.25,7.25,7.25,7.25,4,0
EGH,60,20251024,120000,7.2,7.2,7.2,7.2,96,0
EGH,60,20251024,130000,7.2,7.2,7.2,7.2,25,0
EGH,60,20251027,100000,7.35,7.45,7.35,7.45,5783,0
EGH,60,20251027,110000,7.45,7.45,7.3,7.3,16,0
EGH,60,20251027,120000,7.35,7.35,7.3,7.3,119,0
EGH,60,20251027,130000,7.3,7.3,7.3,7.3,106,0
EGH,60,20251027,150000,7.2,7.2,7.2,7.2,300,0
EGH,60,20251027,170000,7.1,7.1,7.05,7.05,180,0
EGH,60,20251028,100000,7.45,7.45,7.45,7.45,210,0
EGH,60,20251028,110000,7.45,7.45,7.45,7.45,3,0
EGH,60,20251028,130000,7.05,7.05,7.05,7.05,4,0
EGH,60,20251028,160000,7,7.4,7,7.4,7,0
EGH,60,20251029,110000,7,7,7,7,4,0
EGH,60,20251029,120000,7.35,7.35,7.35,7.35,15,0
EGH,60,20251029,130000,7.35,7.35,7.35,7.35,55,0
EGH,60,20251030,110000,7.35,7.35,7.35,7.35,6,0
EGH,60,20251031,100000,7.05,7.05,6.7,6.7,8100,0
EGH,60,20251103,150000,7.2,7.2,7.05,7.05,408,0
EGH,60,20251103,160000,6.95,6.95,6.95,6.95,600,0
EGH,60,20251103,170000,6.95,6.95,6.95,6.95,492,0
EGH,60,20251104,150000,7.1,7.1,7.1,7.1,109,0
EGH,60,20251105,100000,7,7.1,6.85,7.1,250,0
EGH,60,20251105,110000,6.85,7.1,6.85,7.1,420,0
EGH,60,20251105,120000,6.85,6.85,6.85,6.85,400,0
EGH,60,20251105,160000,7.1,7.1,7.1,7.1,7,0
EGH,60,20251106,100000,6.85,6.85,6.85,6.85,4,0
EGH,60,20251106,120000,7.1,7.25,7.1,7.25,200,0
EGH,60,20251106,160000,7.1,7.1,7.1,7.1,5,0
EGH,60,20251106,170000,7,7,7,7,144,0
EGH,60,20251107,120000,7.25,7.25,7.25,7.25,5,0
EGH,60,20251107,140000,7.25,7.25,7.25,7.25,152,0
EGH,60,20251110,100000,7.25,7.25,7.25,7.25,5,0
EGH,60,20251110,120000,6.85,7.1,6.85,7.1,192,0
EGH,60,20251110,160000,7.05,7.05,7.05,7.05,30,0
EGH,60,20251112,100000,7.1,7.1,7.1,7.1,20,0
EGH,60,20251112,110000,7,7,7,7,2,0
EGH,60,20251112,120000,7,7,7,7,20,0
EGH,60,20251112,140000,6.95,6.95,6.95,6.95,144,0
EGH,60,20251112,160000,6.9,6.9,6.9,6.9,5,0
EGH,60,20251113,100000,6.85,6.85,6.85,6.85,4,0
EGH,60,20251113,130000,6.95,6.95,6.95,6.95,550,0
EGH,60,20251114,100000,6.8,7.25,6.45,6.45,2660,0
EGH,60,20251114,110000,6.45,6.45,6.45,6.45,1000,0
EGH,60,20251114,120000,6.75,6.75,6.75,6.75,16,0
EGH,60,20251114,140000,6.5,6.5,6.45,6.45,817,0
EGH,60,20251114,160000,6.45,6.45,6.45,6.45,100,0
EGH,60,20251117,100000,6.55,6.55,6.1,6.1,2908,0
EGH,60,20251117,110000,6.1,6.35,6.05,6.05,630,0
EGH,60,20251117,120000,6.05,6.2,6.05,6.05,922,0
EGH,60,20251117,130000,6.15,6.15,6.1,6.1,302,0
EGH,60,20251117,140000,6.1,6.15,6.1,6.15,900,0
EGH,60,20251117,170000,6.05,6.1,6,6.1,925,0
EGH,60,20251118,100000,6.15,6.15,6.15,6.15,56,0
EGH,60,20251118,140000,6.15,6.15,6.15,6.15,6,0
EGH,60,20251118,150000,6.15,6.15,6.15,6.15,300,0
EGH,60,20251119,110000,6.3,6.45,6.3,6.45,500,0
EGH,60,20251119,120000,6.45,6.45,6.45,6.45,3,0
EGH,60,20251121,100000,6.65,6.65,6.65,6.65,200,0
EGH,60,20251121,110000,6.25,6.25,6.05,6.05,790,0
EGH,60,20251121,140000,6.1,6.1,6.1,6.1,29,0
EGH,60,20251121,150000,6.1,6.1,6.05,6.05,200,0
EGH,60,20251121,170000,6.25,6.65,6.25,6.6,680,0
EGH,60,20251124,100000,6.6,6.6,6.6,6.6,2,0
EGH,60,20251124,120000,6.5,6.5,6.5,6.5,2,0
EGH,60,20251125,100000,6.5,6.5,6.5,6.5,100,0
EGH,60,20251125,120000,6.15,6.15,6.15,6.15,2,0
EGH,60,20251125,160000,6.2,6.2,6.15,6.15,437,0
EGH,60,20251125,170000,6.15,6.55,6.1,6.55,2101,0
EGH,60,20251126,150000,6.45,6.45,6.2,6.2,300,0
EGH,60,20251127,110000,6.3,6.3,6.3,6.3,676,0
EGH,60,20251127,120000,6.3,6.3,6.3,6.3,3384,0
EGH,60,20251127,130000,6.45,6.45,6.45,6.45,5,0
EGH,60,20251127,140000,6.4,6.4,6.2,6.2,520,0
EGH,60,20251127,150000,6.4,6.4,6.3,6.3,3224,0
EGH,60,20251128,130000,6.25,6.25,6.25,6.25,1,0
EGH,60,20251201,100000,6.5,6.5,6.5,6.5,155,0
EGH,60,20251201,130000,6.5,6.5,6.5,6.5,240,0
EGH,60,20251201,150000,6.5,6.8,6.5,6.8,35,0
EGH,60,20251202,160000,6.8,6.8,6.55,6.55,64,0
EGH,60,20251202,170000,6.55,7,6.55,6.9,1690,0
EGH,60,20251203,100000,6.45,6.45,6.45,6.45,20,0
EGH,60,20251203,120000,6.7,7.05,6.7,7.05,219,0
EGH,60,20251203,130000,6.7,6.7,6.7,6.7,221,0
EGH,60,20251203,150000,6.7,6.7,6.7,6.7,2,0
EGH,60,20251203,170000,6.7,7.2,6.7,7.1,4120,0
EGH,60,20251204,100000,7.1,7.1,7.1,7.1,10,0
EGH,60,20251204,110000,7,7,7,7,3,0
EGH,60,20251204,150000,7,7,7,7,140,0
EGH,60,20251208,100000,7.1,7.1,6.7,6.7,131,0
EGH,60,20251208,170000,7.1,7.1,7.1,7.1,1000,0
EGH,60,20251209,100000,6.7,6.7,6.7,6.7,155,0
EGH,60,20251209,110000,7.05,7.05,7.05,7.05,3,0
EGH,60,20251210,100000,6.7,6.7,6.7,6.7,5,0
EGH,60,20251210,120000,6.8,6.8,6.8,6.8,6,0
EGH,60,20251210,160000,7,7,7,7,10,0
EGH,60,20251211,100000,7.05,7.05,7.05,7.05,32,0
EGH,60,20251211,120000,7.05,7.05,7.05,7.05,140,0
EGH,60,20251212,110000,7.05,7.05,7.05,7.05,1290,0
EGH,60,20251212,120000,7,7.05,7,7.05,2300,0
EGH,60,20251212,160000,7.05,7.05,7.05,7.05,2120,0
EGH,60,20251215,100000,7.05,7.05,7.05,7.05,20,0
EGH,60,20251215,120000,6.9,7.05,6.9,7.05,955,0
EGH,60,20251215,130000,7.05,7.05,7.05,7.05,10,0
EGH,60,20251215,140000,6.9,6.9,6.85,6.85,100,0
EGH,60,20251215,150000,7.05,7.05,7.05,7.05,830,0
EGH,60,20251216,100000,7.05,7.05,7.05,7.05,2,0
EGH,60,20251216,110000,7.05,7.05,7.05,7.05,892,0
EGH,60,20251216,120000,7.05,7.05,7.05,7.05,50,0
EGH,60,20251217,100000,6.95,6.95,6.95,6.95,200,0
EGH,60,20251217,120000,6.95,6.95,6.95,6.95,9,0
EGH,60,20251217,130000,7.05,7.05,7,7.05,640,0
EGH,60,20251217,150000,7.1,7.1,7.1,7.1,1108,0
EGH,60,20251217,160000,7.1,7.1,7.1,7.1,8,0
EGH,60,20251218,100000,7.05,7.1,7.05,7.1,1583,0
EGH,60,20251218,110000,6.95,6.95,6.85,6.85,266,0
EGH,60,20251218,120000,6.85,6.85,6.85,6.85,344,0
EGH,60,20251218,140000,6.8,6.8,6.8,6.8,3,0
EGH,60,20251218,170000,6.8,6.8,6.8,6.8,155,0
EGH,60,20251219,100000,6.75,6.75,6.75,6.75,200,0
EGH,60,20251219,160000,6.7,6.7,6.7,6.7,141,0
EGH,60,20251223,110000,6.7,6.7,6.45,6.45,27,0
EGH,60,20251223,160000,6.85,6.85,6.85,6.85,100,0
EGH,60,20251229,100000,6.9,6.9,6.9,6.9,10,0
EGH,60,20251229,160000,6.9,6.9,6.9,6.9,2,0
EGH,60,20251230,100000,6.9,6.9,6.9,6.9,600,0
EGH,60,20251230,110000,6.9,6.9,6.9,6.9,28,0
EGH,60,20251230,160000,7.1,7.2,6.9,7.2,70,0
