<TICKER>,<PER>,<DATE>,<TIME>,<OPEN>,<HIGH>,<LOW>,<CLOSE>,<VOL>,<OPENINT>
FVE,60,20240411,110000,0.352,0.37,0.346,0.368,17590,0
FVE,60,20240412,100000,0.354,0.36,0.354,0.36,4050,0
FVE,60,20240412,130000,0.36,0.36,0.36,0.36,200,0
FVE,60,20240412,160000,0.366,0.366,0.366,0.366,350,0
FVE,60,20240412,170000,0.366,0.37,0.366,0.37,3400,0
FVE,60,20240415,100000,0.37,0.37,0.37,0.37,4000,0
FVE,60,20240415,110000,0.37,0.37,0.37,0.37,100,0
FVE,60,20240415,120000,0.37,0.37,0.37,0.37,6982,0
FVE,60,20240416,160000,0.37,0.37,0.362,0.362,129,0
FVE,60,20240417,120000,0.37,0.37,0.37,0.37,50,0
FVE,60,20240418,110000,0.37,0.37,0.37,0.37,40,0
FVE,60,20240418,170000,0.36,0.36,0.36,0.36,4,0
FVE,60,20240419,140000,0.354,0.366,0.29,0.366,35346,0
FVE,60,20240419,160000,0.31,0.364,0.294,0.364,2100,0
FVE,60,20240422,130000,0.3,0.3,0.29,0.29,1200,0
FVE,60,20240422,140000,0.3,0.3,0.3,0.3,100,0
FVE,60,20240422,150000,0.3,0.33,0.3,0.33,2400,0
FVE,60,20240423,130000,0.304,0.304,0.29,0.29,7884,0
FVE,60,20240423,140000,0.29,0.29,0.29,0.29,10200,0
FVE,60,20240423,160000,0.296,0.33,0.296,0.33,18400,0
FVE,60,20240424,170000,0.292,0.32,0.284,0.286,10865,0
FVE,60,20240425,110000,0.288,0.288,0.288,0.288,400,0
FVE,60,20240425,120000,0.29,0.29,0.288,0.288,1800,0
FVE,60,20240425,160000,0.298,0.3,0.298,0.3,300,0
FVE,60,20240425,170000,0.29,0.29,0.29,0.29,200,0
FVE,60,20240426,100000,0.298,0.326,0.298,0.326,1200,0
FVE,60,20240502,130000,0.3,0.3,0.3,0.3,100,0
FVE,60,20240502,140000,0.29,0.29,0.26,0.26,2313,0
FVE,60,20240502,170000,0.298,0.298,0.298,0.298,8,0
FVE,60,20240506,120000,0.29,0.3,0.29,0.3,3747,0
FVE,60,20240506,150000,0.3,0.3,0.3,0.3,12838,0
FVE,60,20240507,110000,0.304,0.306,0.304,0.306,2000,0
FVE,60,20240508,100000,0.306,0.306,0.306,0.306,1600,0
FVE,60,20240508,130000,0.306,0.306,0.306,0.306,400,0
FVE,60,20240508,140000,0.306,0.306,0.306,0.306,48,0
FVE,60,20240509,110000,0.306,0.306,0.306,0.306,1000,0
FVE,60,20240509,120000,0.306,0.306,0.306,0.306,100,0
FVE,60,20240509,140000,0.306,0.306,0.306,0.306,16740,0
FVE,60,20240509,150000,0.306,0.31,0.306,0.31,1000,0
FVE,60,20240510,120000,0.31,0.37,0.31,0.37,44165,0
FVE,60,20240510,130000,0.324,0.324,0.324,0.324,165,0
FVE,60,20240510,150000,0.348,0.348,0.322,0.322,15052,0
FVE,60,20240510,160000,0.32,0.35,0.32,0.35,2490,0
FVE,60,20240513,170000,0.346,0.346,0.346,0.346,350,0
FVE,60,20240515,100000,0.32,0.32,0.302,0.302,3000,0
FVE,60,20240515,160000,0.306,0.306,0.306,0.306,1000,0
FVE,60,20240516,110000,0.306,0.306,0.304,0.304,1000,0
FVE,60,20240516,120000,0.304,0.304,0.304,0.304,5000,0
FVE,60,20240516,140000,0.34,0.34,0.34,0.34,4,0
FVE,60,20240516,150000,0.34,0.34,0.34,0.34,1000,0
FVE,60,20240520,100000,0.336,0.338,0.336,0.338,5033,0
FVE,60,20240520,140000,0.346,0.36,0.34,0.36,8450,0
FVE,60,20240527,100000,0.37,0.37,0.37,0.37,31000,0
FVE,60,20240603,110000,0.368,0.368,0.368,0.368,500,0
FVE,60,20240604,100000,0.37,0.37,0.37,0.37,40,0
FVE,60,20240604,140000,0.34,0.34,0.32,0.32,1000,0
FVE,60,20240610,100000,0.32,0.322,0.32,0.322,11130,0
FVE,60,20240611,110000,0.324,0.324,0.324,0.324,40,0
FVE,60,20240612,120000,0.322,0.322,0.322,0.322,170,0
FVE,60,20240612,160000,0.322,0.322,0.322,0.322,1000,0
FVE,60,20240612,170000,0.32,0.32,0.32,0.32,1000,0
FVE,60,20240613,100000,0.348,0.348,0.348,0.348,100,0
FVE,60,20240613,110000,0.348,0.348,0.348,0.348,1000,0
FVE,60,20240617,130000,0.35,0.35,0.348,0.348,7800,0
FVE,60,20240617,140000,0.336,0.336,0.326,0.326,1000,0
FVE,60,20240618,100000,0.37,0.37,0.37,0.37,27000,0
FVE,60,20240618,120000,0.368,0.368,0.368,0.368,1016,0
FVE,60,20240618,140000,0.368,0.368,0.368,0.368,1000,0
FVE,60,20240619,120000,0.368,0.37,0.368,0.37,400,0
FVE,60,20240619,130000,0.37,0.37,0.37,0.37,1900,0
FVE,60,20240619,140000,0.37,0.37,0.37,0.37,3050,0
FVE,60,20240619,150000,0.34,0.37,0.332,0.37,38095,0
FVE,60,20240619,160000,0.36,0.37,0.36,0.37,12900,0
FVE,60,20240620,100000,0.368,0.368,0.368,0.368,2547,0
FVE,60,20240621,110000,0.368,0.368,0.368,0.368,1030,0
FVE,60,20240621,140000,0.36,0.368,0.36,0.368,14030,0
FVE,60,20240624,100000,0.366,0.366,0.366,0.366,527,0
FVE,60,20240624,110000,0.364,0.364,0.364,0.364,150,0
FVE,60,20240624,140000,0.366,0.366,0.366,0.366,800,0
FVE,60,20240624,150000,0.346,0.346,0.346,0.346,200,0
FVE,60,20240624,170000,0.346,0.346,0.346,0.346,550,0
FVE,60,20240626,130000,0.364,0.364,0.364,0.364,1000,0
FVE,60,20240626,150000,0.346,0.346,0.346,0.346,5000,0
FVE,60,20240628,100000,0.362,0.364,0.348,0.362,5350,0
FVE,60,20240628,130000,0.352,0.352,0.35,0.35,1000,0
FVE,60,20240628,160000,0.362,0.362,0.362,0.362,400,0
FVE,60,20240628,170000,0.35,0.36,0.35,0.36,2000,0
FVE,60,20240701,120000,0.346,0.346,0.34,0.34,1400,0
FVE,60,20240701,130000,0.34,0.35,0.34,0.35,5600,0
FVE,60,20240702,170000,0.358,0.358,0.358,0.358,500,0
FVE,60,20240703,100000,0.36,0.36,0.36,0.36,250,0
FVE,60,20240704,140000,0.34,0.364,0.34,0.364,3158,0
FVE,60,20240705,100000,0.364,0.364,0.364,0.364,250,0
FVE,60,20240705,170000,0.364,0.364,0.364,0.364,1000,0
FVE,60,20240708,110000,0.36,0.36,0.36,0.36,50,0
FVE,60,20240709,100000,0.344,0.344,0.34,0.34,20000,0
FVE,60,20240709,110000,0.344,0.344,0.344,0.344,6000,0
FVE,60,20240709,140000,0.36,0.362,0.36,0.362,600,0
FVE,60,20240710,100000,0.362,0.362,0.362,0.362,50,0
FVE,60,20240712,110000,0.362,0.362,0.346,0.346,1050,0
FVE,60,20240712,130000,0.346,0.346,0.346,0.346,3091,0
FVE,60,20240712,170000,0.36,0.36,0.36,0.36,100,0
FVE,60,20240716,150000,0.35,0.36,0.35,0.36,424,0
FVE,60,20240717,170000,0.35,0.35,0.34,0.34,2511,0
FVE,60,20240718,120000,0.326,0.326,0.312,0.312,7309,0
FVE,60,20240718,160000,0.34,0.34,0.34,0.34,300,0
FVE,60,20240719,110000,0.338,0.338,0.338,0.338,50,0
FVE,60,20240719,140000,0.314,0.314,0.314,0.314,300,0
FVE,60,20240719,170000,0.338,0.338,0.338,0.338,211,0
FVE,60,20240722,110000,0.316,0.316,0.312,0.312,10894,0
FVE,60,20240722,170000,0.338,0.338,0.338,0.338,19,0
FVE,60,20240723,110000,0.314,0.314,0.312,0.312,1000,0
FVE,60,20240723,160000,0.334,0.338,0.334,0.338,757,0
FVE,60,20240724,120000,0.338,0.338,0.338,0.338,30,0
FVE,60,20240725,110000,0.338,0.338,0.338,0.338,2050,0
FVE,60,20240725,120000,0.338,0.338,0.338,0.338,4000,0
FVE,60,20240725,130000,0.33,0.33,0.33,0.33,3333,0
FVE,60,20240726,100000,0.33,0.33,0.33,0.33,20,0
FVE,60,20240726,130000,0.33,0.338,0.33,0.338,1000,0
FVE,60,20240726,140000,0.338,0.34,0.338,0.34,770,0
FVE,60,20240726,160000,0.342,0.342,0.342,0.342,1897,0
FVE,60,20240729,100000,0.346,0.348,0.346,0.348,400,0
FVE,60,20240729,110000,0.346,0.346,0.346,0.346,450,0
FVE,60,20240731,150000,0.346,0.346,0.346,0.346,3701,0
FVE,60,20240801,160000,0.346,0.37,0.346,0.37,52631,0
FVE,60,20240801,170000,0.37,0.37,0.37,0.37,10113,0
FVE,60,20240802,100000,0.37,0.37,0.348,0.348,24082,0
FVE,60,20240802,110000,0.35,0.35,0.348,0.348,500,0
FVE,60,20240802,120000,0.368,0.37,0.368,0.37,250,0
FVE,60,20240802,130000,0.37,0.37,0.368,0.368,12218,0
FVE,60,20240802,140000,0.37,0.37,0.368,0.37,23800,0
FVE,60,20240802,150000,0.37,0.37,0.37,0.37,10500,0
FVE,60,20240802,160000,0.37,0.37,0.37,0.37,6500,0
FVE,60,20240805,100000,0.35,0.35,0.348,0.348,8554,0
FVE,60,20240805,130000,0.348,0.366,0.348,0.366,1403,0
FVE,60,20240806,100000,0.366,0.366,0.366,0.366,1317,0
FVE,60,20240806,110000,0.35,0.366,0.348,0.366,1370,0
FVE,60,20240806,120000,0.344,0.344,0.34,0.34,2890,0
FVE,60,20240808,100000,0.34,0.34,0.34,0.34,50,0
FVE,60,20240812,110000,0.35,0.35,0.35,0.35,1000,0
FVE,60,20240813,130000,0.358,0.358,0.358,0.358,1200,0
FVE,60,20240813,140000,0.362,0.362,0.362,0.362,22,0
FVE,60,20240814,100000,0.364,0.51,0.364,0.498,137986,0
FVE,60,20240814,110000,0.498,0.498,0.444,0.444,58650,0
FVE,60,20240814,120000,0.444,0.498,0.444,0.49,27738,0
FVE,60,20240814,130000,0.49,0.49,0.448,0.448,16001,0
FVE,60,20240814,140000,0.478,0.478,0.478,0.478,1050,0
FVE,60,20240814,150000,0.478,0.48,0.478,0.48,20380,0
FVE,60,20240814,160000,0.478,0.49,0.478,0.49,12029,0
FVE,60,20240814,170000,0.484,0.484,0.484,0.484,2037,0
FVE,60,20240816,100000,0.51,0.61,0.51,0.59,128024,0
FVE,60,20240816,120000,0.67,0.67,0.66,0.67,36417,0
FVE,60,20240816,130000,0.66,0.665,0.615,0.63,15190,0
FVE,60,20240816,140000,0.615,0.65,0.615,0.65,7005,0
FVE,60,20240816,150000,0.605,0.64,0.57,0.63,26131,0
FVE,60,20240816,160000,0.62,0.63,0.62,0.62,5950,0
FVE,60,20240816,170000,0.615,0.66,0.59,0.66,37245,0
FVE,60,20240819,100000,0.63,0.855,0.63,0.8,147089,0
FVE,60,20240819,110000,0.81,0.83,0.76,0.815,50348,0
FVE,60,20240819,120000,0.795,0.83,0.77,0.82,53674,0
FVE,60,20240819,130000,0.81,0.81,0.81,0.81,4240,0
FVE,60,20240819,140000,0.77,0.8,0.72,0.75,45218,0
FVE,60,20240819,150000,0.76,0.76,0.69,0.7,20366,0
FVE,60,20240819,160000,0.7,0.82,0.68,0.815,99323,0
FVE,60,20240819,170000,0.815,0.9,0.8,0.88,84138,0
FVE,60,20240820,100000,0.88,0.88,0.73,0.81,110355,0
FVE,60,20240820,110000,0.78,0.85,0.755,0.85,36137,0
FVE,60,20240820,120000,0.795,0.805,0.77,0.77,26201,0
FVE,60,20240820,130000,0.8,0.8,0.72,0.76,44530,0
FVE,60,20240820,140000,0.74,0.77,0.73,0.77,13405,0
FVE,60,20240820,150000,0.77,0.77,0.73,0.77,37334,0
FVE,60,20240820,160000,0.71,0.76,0.71,0.74,45167,0
FVE,60,20240820,170000,0.72,0.77,0.72,0.75,20300,0
FVE,60,20240821,100000,0.73,0.745,0.65,0.66,76093,0
FVE,60,20240821,110000,0.66,0.715,0.64,0.715,114016,0
FVE,60,20240821,120000,0.71,0.71,0.65,0.7,18565,0
FVE,60,20240821,140000,0.665,0.79,0.65,0.7,100430,0
FVE,60,20240821,150000,0.74,0.75,0.7,0.75,21644,0
FVE,60,20240821,160000,0.73,0.73,0.68,0.72,20946,0
FVE,60,20240821,170000,0.7,0.73,0.7,0.73,3946,0
FVE,60,20240822,100000,0.75,0.75,0.655,0.71,25805,0
FVE,60,20240822,110000,0.67,0.7,0.64,0.69,62931,0
FVE,60,20240822,120000,0.695,0.695,0.655,0.655,3006,0
FVE,60,20240822,130000,0.695,0.695,0.645,0.69,10706,0
FVE,60,20240822,160000,0.645,0.665,0.64,0.655,15459,0
FVE,60,20240822,170000,0.66,0.725,0.63,0.68,74965,0
FVE,60,20240823,100000,0.655,0.66,0.65,0.66,47610,0
FVE,60,20240823,110000,0.66,0.66,0.635,0.66,711,0
FVE,60,20240823,120000,0.63,0.66,0.63,0.66,300,0
FVE,60,20240823,130000,0.635,0.66,0.635,0.66,4001,0
FVE,60,20240823,140000,0.635,0.635,0.635,0.635,1500,0
FVE,60,20240823,150000,0.66,0.66,0.635,0.66,17364,0
FVE,60,20240823,160000,0.66,0.66,0.63,0.63,1670,0
FVE,60,20240823,170000,0.66,0.66,0.63,0.63,2521,0
FVE,60,20240826,100000,0.66,0.66,0.605,0.66,1020,0
FVE,60,20240826,110000,0.63,0.64,0.585,0.625,5512,0
FVE,60,20240826,120000,0.625,0.66,0.59,0.66,6886,0
FVE,60,20240826,130000,0.635,0.65,0.635,0.65,1606,0
FVE,60,20240826,140000,0.65,0.655,0.65,0.655,200,0
FVE,60,20240826,150000,0.63,0.65,0.6,0.65,9001,0
FVE,60,20240826,160000,0.61,0.645,0.61,0.645,11142,0
FVE,60,20240826,170000,0.65,0.695,0.65,0.695,27944,0
FVE,60,20240827,100000,0.71,0.71,0.7,0.71,2664,0
FVE,60,20240827,120000,0.68,0.71,0.68,0.71,2100,0
FVE,60,20240827,130000,0.68,0.7,0.635,0.635,14401,0
FVE,60,20240827,150000,0.69,0.69,0.69,0.69,100,0
FVE,60,20240827,170000,0.69,0.695,0.69,0.695,500,0
FVE,60,20240828,100000,0.695,0.695,0.65,0.65,11500,0
FVE,60,20240828,110000,0.65,0.65,0.645,0.65,2054,0
FVE,60,20240828,120000,0.65,0.68,0.645,0.68,3000,0
FVE,60,20240828,130000,0.685,0.685,0.685,0.685,1,0
FVE,60,20240828,150000,0.65,0.65,0.65,0.65,2100,0
FVE,60,20240828,160000,0.65,0.68,0.63,0.68,10145,0
FVE,60,20240828,170000,0.68,0.68,0.63,0.68,3411,0
FVE,60,20240829,100000,0.685,0.685,0.685,0.685,333,0
FVE,60,20240829,120000,0.64,0.675,0.63,0.675,2305,0
FVE,60,20240829,130000,0.64,0.675,0.64,0.675,1095,0
FVE,60,20240829,140000,0.68,0.68,0.68,0.68,100,0
FVE,60,20240829,160000,0.63,0.63,0.63,0.63,4600,0
FVE,60,20240829,170000,0.675,0.675,0.675,0.675,11,0
FVE,60,20240830,100000,0.675,0.68,0.61,0.62,11070,0
FVE,60,20240830,110000,0.62,0.645,0.62,0.645,1400,0
FVE,60,20240830,130000,0.63,0.645,0.62,0.645,3589,0
FVE,60,20240830,160000,0.625,0.66,0.61,0.66,1500,0
FVE,60,20240830,170000,0.655,0.655,0.655,0.655,500,0
FVE,60,20240902,100000,0.66,0.665,0.66,0.665,110,0
FVE,60,20240902,120000,0.62,0.65,0.6,0.6,6040,0
FVE,60,20240902,130000,0.63,0.63,0.63,0.63,200,0
FVE,60,20240902,160000,0.6,0.635,0.57,0.635,10797,0
FVE,60,20240902,170000,0.585,0.6,0.58,0.6,9714,0
FVE,60,20240903,100000,0.58,0.58,0.58,0.58,5000,0
FVE,60,20240903,110000,0.58,0.61,0.58,0.61,8609,0
FVE,60,20240903,130000,0.6,0.6,0.6,0.6,2000,0
FVE,60,20240903,140000,0.56,0.59,0.474,0.535,65731,0
FVE,60,20240903,150000,0.525,0.56,0.525,0.55,7559,0
FVE,60,20240903,160000,0.55,0.55,0.55,0.55,500,0
FVE,60,20240903,170000,0.525,0.55,0.525,0.55,2318,0
FVE,60,20240904,100000,0.49,0.54,0.49,0.535,41172,0
FVE,60,20240904,110000,0.53,0.535,0.53,0.535,220,0
FVE,60,20240904,130000,0.53,0.57,0.53,0.55,19027,0
FVE,60,20240904,140000,0.57,0.57,0.55,0.56,4766,0
FVE,60,20240904,150000,0.51,0.55,0.49,0.55,5011,0
FVE,60,20240904,160000,0.545,0.58,0.5,0.575,58599,0
FVE,60,20240904,170000,0.57,0.605,0.51,0.605,19806,0
FVE,60,20240905,100000,0.62,0.63,0.605,0.63,7697,0
FVE,60,20240905,110000,0.63,0.645,0.63,0.645,1500,0
FVE,60,20240905,120000,0.645,0.65,0.645,0.65,800,0
FVE,60,20240905,140000,0.65,0.665,0.65,0.665,2093,0
FVE,60,20240905,150000,0.665,0.67,0.6,0.625,90312,0
FVE,60,20240905,170000,0.6,0.6,0.6,0.6,14900,0
FVE,60,20240906,100000,0.635,0.635,0.61,0.635,519,0
FVE,60,20240906,120000,0.6,0.63,0.595,0.63,1190,0
FVE,60,20240906,140000,0.63,0.635,0.63,0.635,360,0
FVE,60,20240906,150000,0.6,0.635,0.6,0.635,2930,0
FVE,60,20240906,160000,0.58,0.595,0.565,0.595,2146,0
FVE,60,20240906,170000,0.595,0.595,0.595,0.595,90,0
FVE,60,20240909,100000,0.57,0.6,0.555,0.6,3357,0
FVE,60,20240909,160000,0.59,0.595,0.59,0.595,600,0
FVE,60,20240909,170000,0.595,0.595,0.595,0.595,301,0
FVE,60,20240910,100000,0.565,0.58,0.51,0.58,17673,0
FVE,60,20240910,110000,0.535,0.585,0.53,0.585,35486,0
FVE,60,20240910,120000,0.58,0.585,0.58,0.585,1214,0
FVE,60,20240911,100000,0.59,0.59,0.58,0.58,102,0
FVE,60,20240911,110000,0.565,0.565,0.55,0.55,4466,0
FVE,60,20240911,170000,0.55,0.55,0.55,0.55,9697,0
FVE,60,20240912,100000,0.58,0.58,0.58,0.58,15,0
FVE,60,20240912,110000,0.55,0.55,0.55,0.55,2000,0
FVE,60,20240912,140000,0.55,0.55,0.55,0.55,5400,0
FVE,60,20240913,170000,0.55,0.585,0.53,0.585,14102,0
FVE,60,20240916,100000,0.595,0.66,0.595,0.61,8355,0
FVE,60,20240916,110000,0.65,0.65,0.62,0.62,4900,0
FVE,60,20240916,140000,0.62,0.62,0.615,0.615,1094,0
FVE,60,20240916,150000,0.61,0.61,0.61,0.61,1406,0
FVE,60,20240916,160000,0.625,0.64,0.625,0.64,6865,0
FVE,60,20240916,170000,0.635,0.635,0.635,0.635,100,0
FVE,60,20240917,100000,0.64,0.64,0.64,0.64,20,0
FVE,60,20240917,130000,0.635,0.64,0.635,0.64,4147,0
FVE,60,20240917,160000,0.62,0.62,0.62,0.62,1571,0
FVE,60,20240917,170000,0.655,0.655,0.655,0.655,11,0
FVE,60,20240918,100000,0.655,0.655,0.655,0.655,3389,0
FVE,60,20240918,110000,0.665,0.665,0.655,0.655,5312,0
FVE,60,20240918,130000,0.655,0.655,0.655,0.655,500,0
FVE,60,20240918,140000,0.655,0.66,0.655,0.66,902,0
FVE,60,20240918,160000,0.65,0.65,0.65,0.65,1500,0
FVE,60,20240920,100000,0.65,0.665,0.65,0.665,80,0
FVE,60,20240920,110000,0.665,0.665,0.665,0.665,1090,0
FVE,60,20240920,170000,0.67,0.67,0.67,0.67,10,0
FVE,60,20240923,100000,0.665,0.665,0.635,0.635,1100,0
FVE,60,20240923,110000,0.635,0.635,0.635,0.635,1000,0
FVE,60,20240923,120000,0.645,0.65,0.645,0.65,2951,0
FVE,60,20240923,170000,0.67,0.67,0.67,0.67,5,0
FVE,60,20240924,100000,0.675,0.675,0.675,0.675,3000,0
FVE,60,20240924,110000,0.67,0.675,0.67,0.675,9500,0
FVE,60,20240924,150000,0.675,0.675,0.675,0.675,5000,0
FVE,60,20240924,170000,0.68,0.68,0.68,0.68,900,0
FVE,60,20240925,110000,0.675,0.675,0.675,0.675,30,0
FVE,60,20240925,120000,0.655,0.655,0.64,0.64,500,0
FVE,60,20240925,160000,0.67,0.675,0.67,0.675,350,0
FVE,60,20240925,170000,0.67,0.675,0.67,0.675,2220,0
FVE,60,20240926,100000,0.68,0.72,0.68,0.72,6943,0
FVE,60,20240926,110000,0.7,0.7,0.7,0.7,3500,0
FVE,60,20240926,130000,0.685,0.685,0.685,0.685,3333,0
FVE,60,20240926,170000,0.7,0.7,0.7,0.7,11,0
FVE,60,20240927,120000,0.7,0.7,0.7,0.7,20,0
FVE,60,20240927,150000,0.695,0.7,0.695,0.7,2500,0
FVE,60,20240930,100000,0.69,0.69,0.69,0.69,300,0
FVE,60,20240930,140000,0.7,0.7,0.7,0.7,200,0
FVE,60,20241001,100000,0.7,0.7,0.68,0.68,1000,0
FVE,60,20241001,110000,0.68,0.68,0.68,0.68,500,0
FVE,60,20241001,120000,0.65,0.65,0.61,0.61,2833,0
FVE,60,20241001,130000,0.61,0.61,0.565,0.61,10901,0
FVE,60,20241001,140000,0.57,0.57,0.56,0.56,10000,0
FVE,60,20241001,160000,0.605,0.655,0.605,0.65,8270,0
FVE,60,20241001,170000,0.65,0.68,0.65,0.68,6885,0
FVE,60,20241002,140000,0.685,0.685,0.685,0.685,11,0
FVE,60,20241002,150000,0.65,0.65,0.59,0.59,8200,0
FVE,60,20241002,170000,0.65,0.65,0.65,0.65,7,0
FVE,60,20241003,120000,0.62,0.65,0.62,0.65,241,0
FVE,60,20241003,130000,0.61,0.645,0.59,0.645,11620,0
FVE,60,20241003,170000,0.645,0.645,0.64,0.64,2000,0
FVE,60,20241004,130000,0.595,0.595,0.575,0.575,1000,0
FVE,60,20241004,140000,0.64,0.64,0.64,0.64,100,0
FVE,60,20241004,150000,0.6,0.64,0.6,0.64,2500,0
FVE,60,20241004,170000,0.64,0.64,0.64,0.64,3,0
FVE,60,20241007,110000,0.605,0.605,0.605,0.605,100,0
FVE,60,20241008,140000,0.605,0.64,0.58,0.64,7350,0
FVE,60,20241008,170000,0.61,0.61,0.61,0.61,200,0
FVE,60,20241009,140000,0.6,0.6,0.56,0.56,8174,0
FVE,60,20241009,150000,0.56,0.56,0.56,0.56,4000,0
FVE,60,20241009,170000,0.56,0.56,0.56,0.56,350,0
FVE,60,20241010,100000,0.555,0.555,0.555,0.555,70,0
FVE,60,20241010,130000,0.56,0.56,0.555,0.555,130,0
FVE,60,20241011,160000,0.58,0.58,0.58,0.58,1000,0
FVE,60,20241014,100000,0.6,0.6,0.6,0.6,371,0
FVE,60,20241014,170000,0.61,0.61,0.61,0.61,3,0
FVE,60,20241015,100000,0.61,0.61,0.61,0.61,497,0
FVE,60,20241015,110000,0.61,0.61,0.61,0.61,1203,0
FVE,60,20241016,100000,0.58,0.58,0.58,0.58,200,0
FVE,60,20241016,110000,0.58,0.58,0.55,0.55,7654,0
FVE,60,20241016,120000,0.54,0.57,0.54,0.57,1900,0
FVE,60,20241016,130000,0.53,0.53,0.52,0.52,6863,0
FVE,60,20241016,140000,0.57,0.57,0.57,0.57,11,0
FVE,60,20241017,110000,0.525,0.525,0.525,0.525,550,0
FVE,60,20241017,120000,0.525,0.525,0.525,0.525,440,0
FVE,60,20241017,150000,0.56,0.56,0.53,0.53,7571,0
FVE,60,20241017,160000,0.52,0.52,0.48,0.5,16037,0
FVE,60,20241017,170000,0.49,0.53,0.47,0.53,20200,0
FVE,60,20241018,110000,0.47,0.47,0.47,0.47,200,0
FVE,60,20241018,120000,0.498,0.498,0.498,0.498,200,0
FVE,60,20241018,130000,0.498,0.5,0.498,0.5,1216,0
FVE,60,20241018,150000,0.53,0.53,0.53,0.53,50,0
FVE,60,20241022,100000,0.53,0.645,0.53,0.645,10550,0
FVE,60,20241022,110000,0.635,0.635,0.635,0.635,1000,0
FVE,60,20241022,130000,0.55,0.55,0.55,0.55,45,0
FVE,60,20241022,160000,0.6,0.6,0.6,0.6,200,0
FVE,60,20241023,100000,0.63,0.63,0.63,0.63,200,0
FVE,60,20241023,110000,0.595,0.595,0.595,0.595,1080,0
FVE,60,20241023,170000,0.595,0.595,0.595,0.595,450,0
FVE,60,20241024,100000,0.595,0.595,0.595,0.595,100,0
FVE,60,20241024,110000,0.6,0.6,0.6,0.6,91,0
FVE,60,20241024,120000,0.57,0.57,0.57,0.57,1779,0
FVE,60,20241024,140000,0.57,0.57,0.565,0.565,236,0
FVE,60,20241024,150000,0.59,0.59,0.59,0.59,10,0
FVE,60,20241024,160000,0.59,0.59,0.565,0.565,2150,0
FVE,60,20241024,170000,0.59,0.59,0.59,0.59,15,0
FVE,60,20241025,100000,0.59,0.59,0.59,0.59,40,0
FVE,60,20241025,140000,0.59,0.595,0.59,0.595,280,0
FVE,60,20241025,170000,0.59,0.59,0.59,0.59,365,0
FVE,60,20241028,100000,0.595,0.595,0.595,0.595,20,0
FVE,60,20241028,120000,0.595,0.595,0.595,0.595,375,0
FVE,60,20241028,160000,0.595,0.595,0.595,0.595,12350,0
FVE,60,20241028,170000,0.57,0.63,0.56,0.63,314,0
FVE,60,20241029,100000,0.64,0.64,0.64,0.64,60,0
FVE,60,20241029,160000,0.62,0.62,0.62,0.62,4000,0
FVE,60,20241029,170000,0.63,0.66,0.63,0.66,7913,0
FVE,60,20241030,100000,0.66,0.66,0.66,0.66,20,0
FVE,60,20241030,130000,0.62,0.62,0.62,0.62,500,0
FVE,60,20241030,140000,0.61,0.61,0.61,0.61,1000,0
FVE,60,20241030,170000,0.61,0.66,0.61,0.66,3848,0
FVE,60,20241031,100000,0.66,0.66,0.66,0.66,597,0
FVE,60,20241031,130000,0.615,0.615,0.615,0.615,303,0
FVE,60,20241031,160000,0.675,0.68,0.675,0.68,2000,0
FVE,60,20241104,140000,0.625,0.625,0.615,0.615,550,0
FVE,60,20241104,170000,0.655,0.655,0.655,0.655,5,0
FVE,60,20241106,140000,0.62,0.62,0.62,0.62,60,0
FVE,60,20241106,170000,0.655,0.655,0.655,0.655,5,0
FVE,60,20241107,100000,0.655,0.69,0.655,0.69,2462,0
FVE,60,20241107,120000,0.66,0.66,0.66,0.66,250,0
FVE,60,20241108,110000,0.685,0.685,0.685,0.685,100,0
FVE,60,20241108,160000,0.66,0.66,0.66,0.66,123,0
FVE,60,20241108,170000,0.66,0.66,0.64,0.66,6236,0
FVE,60,20241112,100000,0.66,0.66,0.66,0.66,14790,0
FVE,60,20241112,110000,0.65,0.65,0.65,0.65,1500,0
FVE,60,20241112,140000,0.66,0.66,0.66,0.66,3050,0
FVE,60,20241112,160000,0.64,0.66,0.64,0.66,5010,0
FVE,60,20241112,170000,0.66,0.66,0.66,0.66,3800,0
FVE,60,20241113,100000,0.66,0.66,0.66,0.66,1070,0
FVE,60,20241113,110000,0.66,0.66,0.61,0.61,9900,0
FVE,60,20241113,120000,0.65,0.65,0.65,0.65,501,0
FVE,60,20241113,140000,0.61,0.66,0.6,0.66,2353,0
FVE,60,20241113,170000,0.59,0.59,0.56,0.59,5500,0
FVE,60,20241114,100000,0.595,0.595,0.595,0.595,500,0
FVE,60,20241114,140000,0.595,0.62,0.595,0.62,374,0
FVE,60,20241114,170000,0.65,0.65,0.65,0.65,5,0
FVE,60,20241115,160000,0.645,0.645,0.645,0.645,762,0
FVE,60,20241118,100000,0.6,0.63,0.58,0.63,1255,0
FVE,60,20241118,130000,0.63,0.65,0.63,0.65,21505,0
FVE,60,20241119,100000,0.62,0.62,0.55,0.6,24199,0
FVE,60,20241119,110000,0.55,0.55,0.53,0.53,2062,0
FVE,60,20241119,130000,0.595,0.595,0.595,0.595,5,0
FVE,60,20241119,140000,0.595,0.595,0.595,0.595,500,0
FVE,60,20241119,160000,0.54,0.54,0.54,0.54,2800,0
FVE,60,20241119,170000,0.59,0.59,0.59,0.59,10,0
FVE,60,20241120,140000,0.59,0.59,0.59,0.59,2205,0
FVE,60,20241120,160000,0.59,0.59,0.59,0.59,445,0
FVE,60,20241121,110000,0.54,0.54,0.54,0.54,1,0
FVE,60,20241121,130000,0.59,0.59,0.59,0.59,100,0
FVE,60,20241125,140000,0.54,0.58,0.52,0.58,4099,0
FVE,60,20241125,150000,0.59,0.59,0.59,0.59,10,0
FVE,60,20241127,130000,0.525,0.54,0.486,0.535,8980,0
FVE,60,20241127,150000,0.535,0.535,0.52,0.52,1520,0
FVE,60,20241127,170000,0.55,0.55,0.55,0.55,4,0
FVE,60,20241128,100000,0.525,0.525,0.525,0.525,679,0
FVE,60,20241128,110000,0.525,0.55,0.51,0.55,3127,0
FVE,60,20241128,120000,0.52,0.52,0.51,0.51,3500,0
FVE,60,20241128,170000,0.55,0.55,0.55,0.55,50,0
FVE,60,20241129,100000,0.515,0.515,0.515,0.515,91,0
FVE,60,20241129,110000,0.515,0.515,0.51,0.51,1500,0
FVE,60,20241129,170000,0.545,0.545,0.545,0.545,6,0
FVE,60,20241202,130000,0.545,0.625,0.51,0.625,25203,0
FVE,60,20241202,140000,0.595,0.595,0.595,0.595,10,0
FVE,60,20241203,110000,0.55,0.585,0.54,0.585,3933,0
FVE,60,20241203,120000,0.585,0.59,0.585,0.59,300,0
FVE,60,20241203,130000,0.53,0.53,0.484,0.484,3800,0
FVE,60,20241203,140000,0.545,0.545,0.545,0.545,1015,0
FVE,60,20241203,150000,0.55,0.55,0.55,0.55,169,0
FVE,60,20241203,160000,0.55,0.555,0.55,0.555,1931,0
FVE,60,20241203,170000,0.57,0.6,0.57,0.6,32410,0
FVE,60,20241204,100000,0.6,0.6,0.6,0.6,1000,0
FVE,60,20241204,150000,0.57,0.6,0.55,0.595,6600,0
FVE,60,20241204,170000,0.595,0.64,0.595,0.64,21294,0
FVE,60,20241205,110000,0.645,0.65,0.645,0.65,500,0
FVE,60,20241205,140000,0.64,0.645,0.64,0.645,2139,0
FVE,60,20241205,170000,0.65,0.65,0.65,0.65,338,0
FVE,60,20241206,100000,0.645,0.645,0.645,0.645,197,0
FVE,60,20241206,110000,0.6,0.6,0.55,0.55,3565,0
FVE,60,20241206,150000,0.62,0.7,0.62,0.7,41945,0
FVE,60,20241206,160000,0.7,0.71,0.7,0.71,6850,0
FVE,60,20241206,170000,0.71,0.72,0.685,0.685,4105,0
FVE,60,20241209,100000,0.665,0.665,0.665,0.665,300,0
FVE,60,20241209,110000,0.71,0.71,0.66,0.71,300,0
FVE,60,20241209,140000,0.705,0.71,0.705,0.71,124,0
FVE,60,20241209,150000,0.665,0.665,0.58,0.65,4250,0
FVE,60,20241209,160000,0.67,0.67,0.63,0.63,579,0
FVE,60,20241209,170000,0.67,0.675,0.67,0.675,91,0
FVE,60,20241210,100000,0.675,0.675,0.675,0.675,2000,0
FVE,60,20241211,150000,0.67,0.69,0.67,0.69,9853,0
FVE,60,20241211,160000,0.69,0.69,0.68,0.69,5772,0
FVE,60,20241212,100000,0.685,0.685,0.685,0.685,20,0
FVE,60,20241212,170000,0.655,0.68,0.65,0.68,570,0
FVE,60,20241213,100000,0.68,0.74,0.655,0.74,8929,0
FVE,60,20241213,170000,0.68,0.72,0.68,0.72,1050,0
FVE,60,20241216,100000,0.735,0.735,0.735,0.735,5,0
FVE,60,20241217,170000,0.715,0.715,0.71,0.71,150,0
FVE,60,20241218,100000,0.695,0.695,0.695,0.695,1000,0
FVE,60,20241218,120000,0.69,0.69,0.68,0.68,494,0
FVE,60,20241218,130000,0.67,0.68,0.655,0.68,1000,0
FVE,60,20241219,100000,0.645,0.645,0.62,0.62,2081,0
FVE,60,20241219,110000,0.62,0.64,0.62,0.64,619,0
FVE,60,20241219,130000,0.6,0.6,0.59,0.59,3000,0
FVE,60,20241219,150000,0.59,0.59,0.59,0.59,1250,0
FVE,60,20241219,160000,0.58,0.59,0.565,0.59,2000,0
FVE,60,20241219,170000,0.62,0.625,0.62,0.625,650,0
FVE,60,20241220,150000,0.625,0.63,0.625,0.63,1525,0
FVE,60,20241220,160000,0.625,0.625,0.625,0.625,92,0
FVE,60,20241227,100000,0.625,0.625,0.625,0.625,20,0
FVE,60,20241227,120000,0.61,0.625,0.61,0.625,570,0
FVE,60,20250102,140000,0.57,0.625,0.57,0.62,370,0
FVE,60,20250102,150000,0.56,0.56,0.56,0.56,14,0
FVE,60,20250102,170000,0.62,0.62,0.62,0.62,11,0
FVE,60,20250103,100000,0.62,0.62,0.62,0.62,20,0
FVE,60,20250103,170000,0.58,0.58,0.575,0.575,3855,0
FVE,60,20250107,110000,0.6,0.62,0.6,0.62,3656,0
FVE,60,20250107,130000,0.625,0.63,0.625,0.63,210,0
FVE,60,20250108,100000,0.64,0.64,0.64,0.64,3200,0
FVE,60,20250108,110000,0.64,0.64,0.64,0.64,5580,0
FVE,60,20250108,130000,0.65,0.67,0.65,0.67,2418,0
FVE,60,20250108,160000,0.67,0.67,0.67,0.67,200,0
FVE,60,20250109,100000,0.68,0.68,0.68,0.68,15,0
FVE,60,20250109,110000,0.68,0.68,0.68,0.68,20,0
FVE,60,20250109,150000,0.66,0.68,0.66,0.68,210,0
FVE,60,20250110,100000,0.68,0.68,0.68,0.68,200,0
FVE,60,20250110,110000,0.68,0.68,0.68,0.68,30,0
FVE,60,20250113,100000,0.65,0.65,0.645,0.645,150,0
FVE,60,20250113,110000,0.645,0.65,0.645,0.65,1621,0
FVE,60,20250113,120000,0.635,0.635,0.625,0.625,3263,0
FVE,60,20250113,130000,0.63,0.63,0.605,0.605,2948,0
FVE,60,20250113,140000,0.6,0.6,0.6,0.6,10902,0
FVE,60,20250113,150000,0.6,0.63,0.6,0.63,8700,0
FVE,60,20250113,170000,0.6,0.63,0.6,0.63,1010,0
FVE,60,20250114,100000,0.66,0.66,0.66,0.66,135,0
FVE,60,20250114,130000,0.61,0.61,0.61,0.61,1500,0
FVE,60,20250114,140000,0.61,0.65,0.61,0.65,342,0
FVE,60,20250115,160000,0.645,0.65,0.585,0.64,1010,0
FVE,60,20250116,110000,0.64,0.64,0.64,0.64,20,0
FVE,60,20250116,120000,0.64,0.64,0.64,0.64,3000,0
FVE,60,20250116,150000,0.64,0.65,0.64,0.65,437,0
FVE,60,20250117,100000,0.615,0.615,0.615,0.615,100,0
FVE,60,20250117,150000,0.615,0.615,0.61,0.61,2000,0
FVE,60,20250117,160000,0.615,0.64,0.585,0.64,8000,0
FVE,60,20250122,120000,0.64,0.645,0.64,0.64,200,0
FVE,60,20250122,170000,0.64,0.68,0.64,0.68,23672,0
FVE,60,20250123,100000,0.68,0.7,0.68,0.68,11155,0
FVE,60,20250123,120000,0.68,0.7,0.68,0.7,800,0
FVE,60,20250123,130000,0.66,0.66,0.66,0.66,330,0
FVE,60,20250123,140000,0.66,0.775,0.66,0.775,8970,0
FVE,60,20250123,160000,0.76,0.76,0.76,0.76,200,0
FVE,60,20250124,100000,0.76,0.76,0.76,0.76,655,0
FVE,60,20250127,120000,0.75,0.75,0.75,0.75,1000,0
FVE,60,20250127,170000,0.68,0.68,0.645,0.645,5385,0
FVE,60,20250128,100000,0.71,0.74,0.71,0.74,1300,0
FVE,60,20250128,140000,0.735,0.735,0.735,0.735,10000,0
FVE,60,20250128,150000,0.725,0.73,0.725,0.73,5000,0
FVE,60,20250128,160000,0.73,0.73,0.73,0.73,500,0
FVE,60,20250129,170000,0.675,0.675,0.675,0.675,3408,0
FVE,60,20250130,100000,0.725,0.735,0.725,0.735,4000,0
FVE,60,20250130,110000,0.675,0.675,0.65,0.65,500,0
FVE,60,20250130,120000,0.73,0.73,0.73,0.73,60,0
FVE,60,20250130,140000,0.73,0.75,0.67,0.75,10490,0
FVE,60,20250130,150000,0.74,0.82,0.72,0.785,135598,0
FVE,60,20250130,160000,0.72,0.75,0.72,0.75,2029,0
FVE,60,20250130,170000,0.75,0.795,0.72,0.795,1537,0
FVE,60,20250131,100000,0.78,0.9,0.78,0.89,72549,0
FVE,60,20250131,110000,0.89,0.89,0.83,0.88,14211,0
FVE,60,20250131,120000,0.805,0.86,0.75,0.85,43481,0
FVE,60,20250131,130000,0.805,0.85,0.8,0.845,13155,0
FVE,60,20250131,140000,0.845,0.845,0.845,0.845,5132,0
FVE,60,20250131,160000,0.8,0.8,0.75,0.75,36507,0
FVE,60,20250131,170000,0.77,0.795,0.74,0.795,33352,0
FVE,60,20250203,100000,0.75,0.795,0.75,0.795,5338,0
FVE,60,20250203,110000,0.78,0.785,0.78,0.785,1368,0
FVE,60,20250203,120000,0.79,0.79,0.785,0.79,3723,0
FVE,60,20250203,130000,0.79,0.795,0.72,0.795,5572,0
FVE,60,20250203,150000,0.785,0.795,0.71,0.72,14290,0
FVE,60,20250204,110000,0.72,0.72,0.72,0.72,831,0
FVE,60,20250204,120000,0.77,0.775,0.77,0.775,500,0
FVE,60,20250204,160000,0.725,0.725,0.72,0.72,2419,0
FVE,60,20250204,170000,0.72,0.76,0.69,0.76,2600,0
FVE,60,20250205,100000,0.76,0.79,0.76,0.79,4420,0
FVE,60,20250205,110000,0.745,0.745,0.745,0.745,1200,0
FVE,60,20250205,120000,0.79,0.79,0.79,0.79,50,0
FVE,60,20250205,130000,0.79,0.79,0.785,0.79,2120,0
FVE,60,20250205,140000,0.785,0.79,0.785,0.79,2000,0
FVE,60,20250205,160000,0.75,0.75,0.73,0.73,596,0
FVE,60,20250205,170000,0.79,0.79,0.79,0.79,500,0
FVE,60,20250206,100000,0.8,0.8,0.8,0.8,500,0
FVE,60,20250206,110000,0.79,0.79,0.79,0.79,27,0
FVE,60,20250206,120000,0.77,0.77,0.77,0.77,1577,0
FVE,60,20250206,130000,0.79,0.795,0.79,0.795,697,0
FVE,60,20250206,140000,0.795,0.795,0.795,0.795,3976,0
FVE,60,20250206,150000,0.8,0.8,0.8,0.8,5500,0
FVE,60,20250210,100000,0.8,0.86,0.795,0.86,10993,0
FVE,60,20250210,110000,0.785,0.79,0.78,0.78,13200,0
FVE,60,20250210,120000,0.78,0.83,0.7,0.83,14339,0
FVE,60,20250210,130000,0.82,0.83,0.76,0.83,10927,0
FVE,60,20250210,160000,0.835,0.835,0.775,0.775,530,0
FVE,60,20250210,170000,0.83,0.83,0.8,0.8,1004,0
FVE,60,20250211,100000,0.8,0.8,0.775,0.775,3600,0
FVE,60,20250211,110000,0.775,0.775,0.775,0.775,926,0
FVE,60,20250211,140000,0.785,0.83,0.785,0.825,4500,0
FVE,60,20250211,170000,0.775,0.825,0.775,0.825,2305,0
FVE,60,20250212,100000,0.825,0.825,0.825,0.825,2000,0
FVE,60,20250212,120000,0.815,0.82,0.815,0.82,2600,0
FVE,60,20250212,130000,0.77,0.77,0.77,0.77,2800,0
FVE,60,20250212,140000,0.81,0.815,0.81,0.815,500,0
FVE,60,20250212,170000,0.815,0.815,0.815,0.815,300,0
FVE,60,20250213,120000,0.815,0.82,0.815,0.82,3541,0
FVE,60,20250213,130000,0.825,0.825,0.825,0.825,1995,0
FVE,60,20250213,140000,0.83,0.85,0.83,0.85,6000,0
FVE,60,20250213,150000,0.85,0.855,0.85,0.855,2000,0
FVE,60,20250213,160000,0.85,0.85,0.85,0.85,2000,0
FVE,60,20250214,100000,0.855,0.89,0.855,0.89,2000,0
FVE,60,20250214,120000,0.8,0.8,0.8,0.8,1500,0
FVE,60,20250214,130000,0.81,0.85,0.81,0.85,7089,0
FVE,60,20250214,140000,0.845,0.85,0.845,0.85,246,0
FVE,60,20250214,170000,0.87,0.875,0.87,0.875,4000,0
FVE,60,20250217,100000,0.875,0.875,0.875,0.875,4901,0
FVE,60,20250217,130000,0.87,0.89,0.85,0.89,7613,0
FVE,60,20250217,140000,0.85,0.85,0.85,0.85,1000,0
FVE,60,20250217,150000,0.885,0.885,0.88,0.88,2100,0
FVE,60,20250217,160000,0.88,0.88,0.84,0.865,5900,0
FVE,60,20250218,100000,0.865,0.88,0.78,0.785,10800,0
FVE,60,20250218,120000,0.8,0.8,0.785,0.785,4459,0
FVE,60,20250218,130000,0.85,0.875,0.85,0.875,2200,0
FVE,60,20250218,160000,0.87,0.89,0.87,0.89,10395,0
FVE,60,20250218,170000,0.89,0.89,0.89,0.89,5281,0
FVE,60,20250219,100000,0.845,0.895,0.81,0.895,9889,0
FVE,60,20250219,120000,0.8,0.8,0.795,0.795,431,0
FVE,60,20250219,130000,0.8,0.8,0.795,0.795,3184,0
FVE,60,20250219,140000,0.805,0.805,0.805,0.805,200,0
FVE,60,20250219,150000,0.87,0.87,0.87,0.87,200,0
FVE,60,20250219,160000,0.875,0.88,0.8,0.88,5544,0
FVE,60,20250219,170000,0.805,0.89,0.785,0.89,21850,0
FVE,60,20250220,100000,0.89,0.89,0.84,0.84,2399,0
FVE,60,20250220,110000,0.8,0.85,0.8,0.805,6600,0
FVE,60,20250220,120000,0.855,0.895,0.855,0.895,20264,0
FVE,60,20250220,130000,0.85,0.89,0.805,0.89,28011,0
FVE,60,20250220,150000,0.87,0.87,0.87,0.87,5000,0
FVE,60,20250220,160000,0.89,0.89,0.89,0.89,1000,0
FVE,60,20250220,170000,0.885,0.885,0.82,0.82,2717,0
FVE,60,20250221,120000,0.88,0.89,0.88,0.89,2811,0
FVE,60,20250221,170000,0.835,0.89,0.83,0.89,7573,0
FVE,60,20250225,130000,0.88,0.88,0.88,0.88,75,0
FVE,60,20250225,160000,0.84,0.875,0.805,0.875,1350,0
FVE,60,20250226,100000,0.87,0.87,0.795,0.87,1045,0
FVE,60,20250226,130000,0.795,0.795,0.795,0.795,470,0
FVE,60,20250226,140000,0.795,0.875,0.795,0.875,2160,0
FVE,60,20250303,130000,0.825,0.825,0.755,0.755,1900,0
FVE,60,20250303,140000,0.8,0.8,0.8,0.8,800,0
FVE,60,20250303,170000,0.835,0.85,0.835,0.85,550,0
FVE,60,20250304,100000,0.785,0.785,0.785,0.785,200,0
FVE,60,20250304,140000,0.785,0.79,0.785,0.79,2338,0
FVE,60,20250304,170000,0.81,0.81,0.81,0.81,100,0
FVE,60,20250305,130000,0.795,0.86,0.795,0.8,5287,0
FVE,60,20250305,140000,0.8,0.85,0.78,0.84,4995,0
FVE,60,20250306,160000,0.825,0.825,0.825,0.825,200,0
FVE,60,20250310,110000,0.82,0.82,0.82,0.82,20,0
FVE,60,20250311,100000,0.77,0.77,0.74,0.74,965,0
FVE,60,20250311,120000,0.74,0.74,0.74,0.74,620,0
FVE,60,20250311,150000,0.79,0.8,0.79,0.8,1000,0
FVE,60,20250313,110000,0.75,0.75,0.74,0.74,570,0
FVE,60,20250313,120000,0.73,0.73,0.705,0.705,7380,0
FVE,60,20250313,130000,0.71,0.755,0.7,0.755,13492,0
FVE,60,20250314,100000,0.69,0.69,0.69,0.69,2325,0
FVE,60,20250314,110000,0.69,0.77,0.69,0.77,4108,0
FVE,60,20250317,100000,0.79,0.83,0.79,0.8,894,0
FVE,60,20250317,130000,0.805,0.805,0.8,0.8,1000,0
FVE,60,20250317,140000,0.805,0.805,0.77,0.795,33719,0
FVE,60,20250317,150000,0.77,0.8,0.77,0.8,9698,0
FVE,60,20250317,170000,0.805,0.81,0.805,0.81,1000,0
FVE,60,20250318,110000,0.775,0.775,0.77,0.77,1000,0
FVE,60,20250318,140000,0.79,0.79,0.79,0.79,22,0
FVE,60,20250318,150000,0.79,0.8,0.79,0.8,185,0
FVE,60,20250318,170000,0.79,0.8,0.79,0.8,1833,0
FVE,60,20250319,100000,0.8,0.82,0.79,0.79,5411,0
FVE,60,20250319,120000,0.775,0.775,0.77,0.77,1598,0
FVE,60,20250319,130000,0.78,0.78,0.78,0.78,60,0
FVE,60,20250319,160000,0.8,0.8,0.8,0.8,150,0
FVE,60,20250320,100000,0.8,0.815,0.79,0.79,9192,0
FVE,60,20250320,110000,0.805,0.815,0.79,0.79,9100,0
FVE,60,20250320,120000,0.79,0.81,0.79,0.79,7101,0
FVE,60,20250320,130000,0.78,0.78,0.78,0.78,1000,0
FVE,60,20250320,140000,0.81,0.85,0.81,0.85,8746,0
FVE,60,20250320,160000,0.8,0.8,0.79,0.79,1600,0
FVE,60,20250320,170000,0.78,0.78,0.76,0.76,5499,0
FVE,60,20250321,110000,0.76,0.76,0.755,0.755,3101,0
FVE,60,20250321,140000,0.755,0.755,0.755,0.755,45,0
FVE,60,20250321,170000,0.795,0.8,0.795,0.8,400,0
FVE,60,20250324,100000,0.8,0.8,0.8,0.8,3041,0
FVE,60,20250324,110000,0.755,0.755,0.755,0.755,500,0
FVE,60,20250324,160000,0.77,0.8,0.77,0.8,2100,0
FVE,60,20250325,140000,0.8,0.805,0.8,0.805,1630,0
FVE,60,20250325,150000,0.8,0.805,0.8,0.805,4248,0
FVE,60,20250325,160000,0.81,0.81,0.81,0.81,200,0
FVE,60,20250328,170000,0.795,0.815,0.795,0.81,15812,0
FVE,60,20250331,100000,0.81,0.81,0.81,0.81,20,0
FVE,60,20250331,170000,0.77,0.77,0.74,0.74,4000,0
FVE,60,20250401,140000,0.808,0.808,0.808,0.808,744,0
FVE,60,20250401,170000,0.74,0.74,0.676,0.676,1664,0
FVE,60,20250402,110000,0.702,0.702,0.7,0.7,1000,0
FVE,60,20250403,130000,0.75,0.82,0.75,0.82,1120,0
FVE,60,20250403,150000,0.75,0.75,0.75,0.75,200,0
FVE,60,20250403,160000,0.75,0.75,0.75,0.75,749,0
FVE,60,20250407,100000,0.7,0.7,0.7,0.7,3210,0
FVE,60,20250407,170000,0.75,0.76,0.75,0.76,200,0
FVE,60,20250409,100000,0.77,0.79,0.77,0.78,400,0
FVE,60,20250411,120000,0.79,0.79,0.788,0.79,3433,0
FVE,60,20250411,160000,0.798,0.8,0.798,0.8,150,0
FVE,60,20250416,110000,0.79,0.79,0.79,0.79,100,0
FVE,60,20250417,100000,0.79,0.79,0.79,0.79,20,0
FVE,60,20250417,120000,0.79,0.884,0.79,0.81,36853,0
FVE,60,20250422,100000,0.8,0.8,0.79,0.79,3435,0
FVE,60,20250422,130000,0.786,0.8,0.786,0.8,918,0
FVE,60,20250422,140000,0.8,0.8,0.8,0.8,200,0
FVE,60,20250423,110000,0.78,0.78,0.77,0.77,500,0
FVE,60,20250423,120000,0.764,0.764,0.764,0.764,397,0
FVE,60,20250423,170000,0.77,0.77,0.77,0.77,380,0
FVE,60,20250424,110000,0.77,0.77,0.77,0.77,20,0
FVE,60,20250425,150000,0.77,0.77,0.77,0.77,20,0
FVE,60,20250428,100000,0.77,0.77,0.77,0.77,20,0
FVE,60,20250428,150000,0.75,0.75,0.75,0.75,100,0
FVE,60,20250429,100000,0.75,0.75,0.75,0.75,20,0
FVE,60,20250429,160000,0.74,0.77,0.7,0.77,10394,0
FVE,60,20250430,110000,0.77,0.78,0.77,0.78,3000,0
FVE,60,20250430,140000,0.78,0.78,0.78,0.78,141,0
FVE,60,20250502,130000,0.77,0.77,0.77,0.77,20,0
FVE,60,20250502,150000,0.77,0.77,0.77,0.77,1940,0
FVE,60,20250502,160000,0.77,0.78,0.77,0.78,5899,0
FVE,60,20250502,170000,0.79,0.88,0.79,0.88,5265,0
FVE,60,20250505,120000,0.81,0.85,0.79,0.85,9934,0
FVE,60,20250505,130000,0.848,0.848,0.848,0.848,200,0
FVE,60,20250506,100000,0.85,0.85,0.85,0.85,15,0
FVE,60,20250506,110000,0.79,0.79,0.78,0.78,200,0
FVE,60,20250506,120000,0.78,0.78,0.78,0.78,1659,0
FVE,60,20250506,160000,0.782,0.848,0.78,0.848,3517,0
FVE,60,20250507,100000,0.85,0.85,0.85,0.85,316,0
FVE,60,20250507,110000,0.77,0.77,0.77,0.77,1251,0
FVE,60,20250507,170000,0.8,0.81,0.8,0.81,4705,0
FVE,60,20250508,100000,0.81,0.81,0.81,0.81,630,0
FVE,60,20250508,110000,0.8,0.8,0.8,0.8,500,0
FVE,60,20250508,170000,0.762,0.762,0.75,0.75,1500,0
FVE,60,20250512,100000,0.77,0.848,0.77,0.848,4304,0
FVE,60,20250512,140000,0.8,0.8,0.79,0.79,600,0
FVE,60,20250513,130000,0.838,0.84,0.838,0.84,600,0
FVE,60,20250515,100000,0.8,0.8,0.8,0.8,2000,0
FVE,60,20250515,130000,0.77,0.77,0.76,0.76,5120,0
FVE,60,20250515,140000,0.742,0.8,0.742,0.8,1700,0
FVE,60,20250515,150000,0.77,0.79,0.742,0.79,5545,0
FVE,60,20250516,110000,0.74,0.74,0.74,0.74,754,0
FVE,60,20250516,130000,0.74,0.74,0.74,0.74,10000,0
FVE,60,20250516,140000,0.78,0.78,0.78,0.78,1300,0
FVE,60,20250516,150000,0.752,0.8,0.75,0.8,5805,0
FVE,60,20250516,160000,0.81,0.82,0.81,0.82,700,0
FVE,60,20250516,170000,0.82,0.83,0.82,0.83,4000,0
FVE,60,20250519,100000,0.83,0.83,0.83,0.83,301,0
FVE,60,20250520,120000,0.82,0.82,0.79,0.79,226,0
FVE,60,20250520,160000,0.79,0.79,0.79,0.79,13,0
FVE,60,20250521,140000,0.79,0.79,0.79,0.79,13,0
FVE,60,20250521,170000,0.79,0.79,0.79,0.79,126,0
FVE,60,20250522,100000,0.79,0.79,0.79,0.79,20,0
FVE,60,20250522,130000,0.79,0.79,0.79,0.79,100,0
FVE,60,20250522,170000,0.782,0.782,0.77,0.77,500,0
FVE,60,20250523,100000,0.79,0.79,0.79,0.79,20,0
FVE,60,20250526,160000,0.78,0.78,0.78,0.78,699,0
FVE,60,20250526,170000,0.78,0.78,0.78,0.78,460,0
FVE,60,20250527,130000,0.77,0.77,0.75,0.75,3420,0
FVE,60,20250527,160000,0.74,0.74,0.74,0.74,7046,0
FVE,60,20250529,100000,0.73,0.73,0.73,0.73,174,0
FVE,60,20250529,110000,0.76,0.76,0.76,0.76,530,0
FVE,60,20250603,130000,0.76,0.76,0.76,0.76,200,0
FVE,60,20250603,160000,0.76,0.76,0.76,0.76,3471,0
FVE,60,20250605,110000,0.73,0.73,0.73,0.73,3381,0
FVE,60,20250610,120000,0.73,0.73,0.71,0.71,2975,0
FVE,60,20250611,100000,0.73,0.73,0.73,0.73,150,0
FVE,60,20250611,120000,0.73,0.74,0.73,0.74,514,0
FVE,60,20250611,170000,0.71,0.71,0.68,0.68,1396,0
FVE,60,20250612,110000,0.708,0.71,0.682,0.71,1402,0
FVE,60,20250612,130000,0.69,0.69,0.682,0.682,1100,0
FVE,60,20250613,170000,0.676,0.676,0.676,0.676,1000,0
FVE,60,20250616,100000,0.676,0.676,0.676,0.676,2404,0
FVE,60,20250616,110000,0.65,0.77,0.63,0.77,11500,0
FVE,60,20250616,130000,0.75,0.758,0.75,0.75,502,0
FVE,60,20250616,170000,0.7,0.7,0.7,0.7,600,0
FVE,60,20250617,110000,0.73,0.73,0.73,0.73,22,0
FVE,60,20250617,120000,0.73,0.74,0.73,0.73,130,0
FVE,60,20250617,130000,0.7,0.71,0.65,0.698,8233,0
FVE,60,20250617,140000,0.71,0.78,0.71,0.78,6531,0
FVE,60,20250618,170000,0.78,0.78,0.71,0.71,488,0
FVE,60,20250623,100000,0.71,0.71,0.682,0.682,520,0
FVE,60,20250624,110000,0.69,0.718,0.69,0.718,395,0
FVE,60,20250624,130000,0.736,0.736,0.736,0.736,35,0
FVE,60,20250624,150000,0.718,0.718,0.69,0.69,35,0
FVE,60,20250627,110000,0.7,0.7,0.7,0.7,15,0
FVE,60,20250701,100000,0.7,0.71,0.7,0.71,16,0
FVE,60,20250701,140000,0.7,0.71,0.68,0.68,2950,0
FVE,60,20250702,130000,0.68,0.68,0.68,0.68,20,0
FVE,60,20250703,100000,0.68,0.68,0.68,0.68,20,0
FVE,60,20250703,110000,0.68,0.68,0.68,0.68,185,0
FVE,60,20250703,130000,0.708,0.71,0.708,0.71,400,0
FVE,60,20250703,140000,0.71,0.71,0.672,0.672,2624,0
FVE,60,20250703,170000,0.706,0.72,0.706,0.72,2650,0
FVE,60,20250708,150000,0.71,0.71,0.71,0.71,2000,0
FVE,60,20250709,140000,0.69,0.69,0.58,0.59,7660,0
FVE,60,20250710,120000,0.61,0.61,0.61,0.61,3391,0
FVE,60,20250711,100000,0.6,0.6,0.6,0.6,50,0
FVE,60,20250714,130000,0.61,0.61,0.61,0.61,220,0
FVE,60,20250715,100000,0.61,0.61,0.61,0.61,1,0
FVE,60,20250715,110000,0.638,0.64,0.636,0.64,263,0
FVE,60,20250715,130000,0.65,0.668,0.64,0.668,4746,0
FVE,60,20250715,140000,0.67,0.728,0.67,0.728,3812,0
FVE,60,20250715,160000,0.67,0.67,0.67,0.67,1797,0
FVE,60,20250715,170000,0.67,0.67,0.63,0.63,2809,0
FVE,60,20250716,130000,0.65,0.65,0.65,0.65,2500,0
FVE,60,20250716,150000,0.65,0.72,0.63,0.72,6549,0
FVE,60,20250716,160000,0.72,0.72,0.72,0.72,1959,0
FVE,60,20250717,100000,0.65,0.718,0.64,0.718,5515,0
FVE,60,20250717,150000,0.708,0.708,0.708,0.708,900,0
FVE,60,20250717,160000,0.71,0.728,0.71,0.728,2100,0
FVE,60,20250718,100000,0.682,0.682,0.682,0.682,80,0
FVE,60,20250718,140000,0.726,0.73,0.682,0.682,3627,0
FVE,60,20250718,150000,0.692,0.692,0.692,0.692,200,0
FVE,60,20250718,160000,0.718,0.738,0.68,0.738,10005,0
FVE,60,20250718,170000,0.738,0.738,0.738,0.738,3320,0
FVE,60,20250721,120000,0.738,0.738,0.738,0.738,48,0
FVE,60,20250721,130000,0.692,0.692,0.692,0.692,48,0
FVE,60,20250722,100000,0.724,0.724,0.724,0.724,30,0
FVE,60,20250722,170000,0.692,0.722,0.672,0.722,5650,0
FVE,60,20250723,110000,0.68,0.68,0.68,0.68,2491,0
FVE,60,20250723,120000,0.728,0.728,0.728,0.728,200,0
FVE,60,20250723,140000,0.684,0.718,0.68,0.712,4000,0
FVE,60,20250723,150000,0.69,0.69,0.69,0.69,1479,0
FVE,60,20250724,140000,0.69,0.69,0.69,0.69,5,0
FVE,60,20250725,130000,0.708,0.718,0.708,0.718,400,0
FVE,60,20250725,170000,0.674,0.674,0.664,0.664,4665,0
FVE,60,20250728,130000,0.71,0.71,0.708,0.708,1000,0
FVE,60,20250729,100000,0.71,0.71,0.71,0.71,125,0
FVE,60,20250729,110000,0.71,0.71,0.71,0.71,570,0
FVE,60,20250730,100000,0.708,0.71,0.708,0.71,6800,0
FVE,60,20250730,140000,0.708,0.708,0.708,0.708,80,0
FVE,60,20250730,160000,0.708,0.708,0.708,0.708,265,0
FVE,60,20250801,110000,0.7,0.7,0.7,0.7,20,0
FVE,60,20250804,120000,0.708,0.718,0.708,0.718,2493,0
FVE,60,20250804,130000,0.696,0.728,0.696,0.728,2100,0
FVE,60,20250804,140000,0.728,0.79,0.726,0.788,24506,0
FVE,60,20250804,160000,0.77,0.77,0.71,0.77,3500,0
FVE,60,20250804,170000,0.778,0.78,0.778,0.78,650,0
FVE,60,20250805,100000,0.75,0.75,0.75,0.75,30,0
FVE,60,20250805,130000,0.718,0.74,0.718,0.74,5624,0
FVE,60,20250805,140000,0.752,0.78,0.752,0.78,291,0
FVE,60,20250805,160000,0.78,0.78,0.74,0.74,285,0
FVE,60,20250807,110000,0.74,0.74,0.74,0.74,20,0
FVE,60,20250807,130000,0.73,0.73,0.616,0.616,14370,0
FVE,60,20250807,170000,0.696,0.696,0.696,0.696,48,0
FVE,60,20250808,100000,0.63,0.63,0.63,0.63,200,0
FVE,60,20250808,150000,0.686,0.686,0.686,0.686,16,0
FVE,60,20250812,170000,0.64,0.662,0.616,0.662,4062,0
FVE,60,20250813,120000,0.668,0.68,0.668,0.68,3511,0
FVE,60,20250814,100000,0.68,0.68,0.68,0.68,20,0
FVE,60,20250818,120000,0.68,0.68,0.68,0.68,20,0
FVE,60,20250819,100000,0.68,0.68,0.68,0.68,20,0
FVE,60,20250821,130000,0.646,0.646,0.616,0.616,7505,0
FVE,60,20250822,110000,0.622,0.622,0.622,0.622,50,0
FVE,60,20250822,130000,0.674,0.68,0.674,0.68,2600,0
FVE,60,20250822,140000,0.68,0.68,0.68,0.68,520,0
FVE,60,20250822,160000,0.63,0.63,0.63,0.63,1766,0
FVE,60,20250825,150000,0.678,0.68,0.678,0.68,400,0
FVE,60,20250827,110000,0.68,0.68,0.68,0.68,20,0
FVE,60,20250827,120000,0.624,0.624,0.624,0.624,1000,0
FVE,60,20250829,100000,0.676,0.676,0.67,0.67,220,0
FVE,60,20250829,120000,0.65,0.65,0.612,0.612,5147,0
FVE,60,20250829,130000,0.61,0.61,0.61,0.61,1639,0
FVE,60,20250829,140000,0.61,0.61,0.61,0.61,150,0
FVE,60,20250829,150000,0.61,0.61,0.61,0.61,1600,0
FVE,60,20250902,110000,0.658,0.658,0.608,0.608,1520,0
FVE,60,20250902,150000,0.612,0.612,0.612,0.612,30,0
FVE,60,20250903,100000,0.612,0.612,0.612,0.612,20,0
FVE,60,20250903,120000,0.646,0.646,0.612,0.646,3140,0
FVE,60,20250903,130000,0.648,0.648,0.62,0.62,760,0
FVE,60,20250903,160000,0.62,0.646,0.6,0.646,8336,0
FVE,60,20250908,100000,0.61,0.61,0.61,0.61,486,0
FVE,60,20250908,150000,0.61,0.67,0.512,0.668,21128,0
FVE,60,20250908,160000,0.61,0.65,0.602,0.602,1200,0
FVE,60,20250908,170000,0.602,0.602,0.602,0.602,1000,0
FVE,60,20250909,120000,0.61,0.61,0.61,0.61,76,0
FVE,60,20250910,130000,0.636,0.638,0.636,0.636,342,0
FVE,60,20250910,170000,0.636,0.636,0.636,0.636,40,0
FVE,60,20250911,110000,0.638,0.638,0.638,0.638,20,0
FVE,60,20250911,140000,0.62,0.62,0.62,0.62,156,0
FVE,60,20250911,170000,0.61,0.61,0.55,0.61,18521,0
FVE,60,20250912,130000,0.598,0.6,0.598,0.6,75,0
FVE,60,20250915,120000,0.598,0.6,0.598,0.6,150,0
FVE,60,20250915,130000,0.57,0.57,0.5,0.5,13267,0
FVE,60,20250915,140000,0.55,0.55,0.512,0.512,1300,0
FVE,60,20250915,150000,0.55,0.55,0.55,0.55,2535,0
FVE,60,20250915,160000,0.52,0.566,0.51,0.566,8455,0
FVE,60,20250915,170000,0.56,0.56,0.56,0.56,4000,0
FVE,60,20250916,100000,0.55,0.55,0.55,0.55,3100,0
FVE,60,20250916,110000,0.56,0.56,0.56,0.56,1000,0
FVE,60,20250916,120000,0.56,0.56,0.56,0.56,2100,0
FVE,60,20250916,130000,0.57,0.58,0.53,0.58,5660,0
FVE,60,20250916,140000,0.52,0.55,0.45,0.452,23000,0
FVE,60,20250916,150000,0.46,0.492,0.46,0.47,1800,0
FVE,60,20250916,160000,0.51,0.51,0.51,0.51,2000,0
FVE,60,20250916,170000,0.51,0.518,0.51,0.518,2061,0
FVE,60,20250917,100000,0.51,0.51,0.504,0.504,3284,0
FVE,60,20250917,110000,0.52,0.524,0.52,0.524,1900,0
FVE,60,20250917,120000,0.49,0.49,0.49,0.49,2200,0
FVE,60,20250917,150000,0.518,0.518,0.518,0.518,100,0
FVE,60,20250919,110000,0.518,0.518,0.518,0.518,18,0
FVE,60,20250919,120000,0.52,0.52,0.52,0.52,450,0
FVE,60,20250919,140000,0.53,0.53,0.53,0.53,500,0
FVE,60,20250919,150000,0.538,0.54,0.538,0.54,1900,0
FVE,60,20250919,160000,0.54,0.54,0.454,0.454,3136,0
FVE,60,20250924,100000,0.47,0.52,0.47,0.52,2025,0
FVE,60,20250924,110000,0.53,0.544,0.49,0.53,7540,0
FVE,60,20250924,120000,0.53,0.53,0.53,0.53,100,0
FVE,60,20250924,130000,0.52,0.52,0.52,0.52,300,0
FVE,60,20250924,160000,0.48,0.48,0.48,0.48,100,0
FVE,60,20250925,110000,0.48,0.48,0.48,0.48,10,0
FVE,60,20250925,160000,0.48,0.48,0.48,0.48,371,0
FVE,60,20250926,140000,0.48,0.48,0.47,0.47,100,0
FVE,60,20250930,100000,0.47,0.47,0.47,0.47,100,0
FVE,60,20250930,110000,0.47,0.47,0.47,0.47,20,0
FVE,60,20250930,150000,0.47,0.47,0.47,0.47,61,0
FVE,60,20251001,100000,0.462,0.462,0.462,0.462,500,0
FVE,60,20251001,120000,0.461,0.461,0.461,0.461,1738,0
FVE,60,20251001,140000,0.462,0.475,0.462,0.475,2444,0
FVE,60,20251002,100000,0.462,0.462,0.462,0.462,130,0
FVE,60,20251002,110000,0.463,0.463,0.44,0.44,9944,0
FVE,60,20251002,120000,0.43,0.5,0.401,0.5,6850,0
FVE,60,20251002,150000,0.48,0.48,0.48,0.48,115,0
FVE,60,20251002,170000,0.43,0.46,0.411,0.46,1050,0
FVE,60,20251003,100000,0.46,0.46,0.46,0.46,46,0
FVE,60,20251003,120000,0.46,0.467,0.46,0.467,1854,0
FVE,60,20251003,130000,0.469,0.469,0.469,0.469,130,0
FVE,60,20251003,150000,0.469,0.54,0.469,0.52,12451,0
FVE,60,20251008,160000,0.52,0.52,0.518,0.518,170,0
FVE,60,20251009,150000,0.518,0.518,0.518,0.518,100,0
FVE,60,20251015,100000,0.518,0.53,0.46,0.53,1081,0
FVE,60,20251015,120000,0.53,0.53,0.53,0.53,100,0
FVE,60,20251016,100000,0.53,0.544,0.47,0.544,1448,0
FVE,60,20251020,120000,0.5,0.53,0.5,0.53,2888,0
FVE,60,20251020,160000,0.504,0.504,0.504,0.504,38,0
FVE,60,20251021,100000,0.55,0.55,0.52,0.52,1100,0
FVE,60,20251021,140000,0.52,0.52,0.52,0.52,700,0
FVE,60,20251021,160000,0.52,0.55,0.51,0.51,12366,0
FVE,60,20251021,170000,0.54,0.54,0.54,0.54,300,0
FVE,60,20251022,160000,0.548,0.55,0.548,0.55,203,0
FVE,60,20251023,110000,0.548,0.548,0.548,0.548,100,0
FVE,60,20251023,140000,0.51,0.51,0.51,0.51,780,0
FVE,60,20251023,170000,0.51,0.51,0.51,0.51,3920,0
FVE,60,20251024,100000,0.548,0.548,0.548,0.548,20,0
FVE,60,20251027,120000,0.548,0.548,0.548,0.548,30,0
FVE,60,20251027,130000,0.548,0.548,0.51,0.51,100,0
FVE,60,20251028,150000,0.558,0.558,0.558,0.558,100,0
FVE,60,20251103,100000,0.558,0.558,0.558,0.558,50,0
FVE,60,20251103,140000,0.53,0.53,0.53,0.53,2000,0
FVE,60,20251104,110000,0.53,0.53,0.53,0.53,11,0
FVE,60,20251110,100000,0.52,0.52,0.52,0.52,25,0
FVE,60,20251110,170000,0.52,0.52,0.471,0.471,2000,0
FVE,60,20251112,100000,0.528,0.528,0.528,0.528,500,0
FVE,60,20251112,110000,0.526,0.526,0.5,0.5,112,0
FVE,60,20251112,130000,0.5,0.5,0.5,0.5,144,0
FVE,60,20251112,170000,0.472,0.472,0.471,0.471,3920,0
FVE,60,20251113,130000,0.472,0.472,0.472,0.472,100,0
FVE,60,20251114,110000,0.499,0.499,0.473,0.473,1509,0
FVE,60,20251114,140000,0.473,0.473,0.471,0.471,9900,0
FVE,60,20251120,100000,0.472,0.472,0.471,0.471,211,0
FVE,60,20251124,110000,0.471,0.471,0.47,0.47,4000,0
FVE,60,20251126,150000,0.488,0.488,0.488,0.488,200,0
FVE,60,20251126,160000,0.489,0.489,0.489,0.489,100,0
FVE,60,20251128,170000,0.49,0.496,0.49,0.496,200,0
FVE,60,20251203,100000,0.494,0.494,0.47,0.47,130,0
FVE,60,20251204,110000,0.47,0.47,0.47,0.47,100,0
FVE,60,20251204,120000,0.465,0.465,0.465,0.465,223,0
FVE,60,20251205,100000,0.465,0.465,0.465,0.465,7,0
FVE,60,20251205,110000,0.468,0.468,0.468,0.468,5,0
FVE,60,20251205,120000,0.469,0.469,0.469,0.469,25,0
FVE,60,20251205,130000,0.467,0.467,0.467,0.467,611,0
FVE,60,20251208,100000,0.469,0.469,0.469,0.469,50,0
FVE,60,20251208,110000,0.469,0.469,0.469,0.469,213,0
FVE,60,20251208,130000,0.463,0.463,0.463,0.463,18,0
FVE,60,20251209,100000,0.463,0.463,0.44,0.44,1823,0
FVE,60,20251209,150000,0.433,0.433,0.433,0.433,15,0
FVE,60,20251209,160000,0.433,0.433,0.433,0.433,1089,0
FVE,60,20251209,170000,0.46,0.46,0.46,0.46,196,0
FVE,60,20251210,110000,0.432,0.432,0.43,0.43,1500,0
FVE,60,20251210,130000,0.42,0.42,0.42,0.42,900,0
FVE,60,20251210,140000,0.412,0.412,0.412,0.412,600,0
FVE,60,20251210,150000,0.403,0.403,0.403,0.403,20,0
FVE,60,20251210,170000,0.42,0.42,0.42,0.42,4800,0
FVE,60,20251211,120000,0.459,0.459,0.459,0.459,2100,0
FVE,60,20251211,150000,0.45,0.45,0.45,0.45,4800,0
FVE,60,20251211,160000,0.46,0.46,0.46,0.46,304,0
FVE,60,20251212,130000,0.422,0.422,0.422,0.422,1000,0
FVE,60,20251216,100000,0.44,0.44,0.44,0.44,9400,0
FVE,60,20251216,130000,0.42,0.42,0.41,0.41,1178,0
FVE,60,20251217,110000,0.41,0.41,0.41,0.41,30,0
FVE,60,20251217,150000,0.404,0.404,0.404,0.404,1000,0
FVE,60,20251218,100000,0.41,0.41,0.41,0.41,500,0
FVE,60,20251219,140000,0.41,0.41,0.41,0.41,3075,0
FVE,60,20251223,120000,0.43,0.46,0.43,0.46,1162,0
FVE,60,20251223,140000,0.42,0.42,0.405,0.405,350,0
FVE,60,20251229,100000,0.404,0.41,0.404,0.41,1100,0
FVE,60,20251229,130000,0.404,0.41,0.404,0.41,3400,0
FVE,60,20251229,160000,0.41,0.457,0.41,0.457,3200,0
FVE,60,20251230,150000,0.46,0.46,0.46,0.46,30,0
