<TICKER>,<PER>,<DATE>,<TIME>,<OPEN>,<HIGH>,<LOW>,<CLOSE>,<VOL>,<OPENINT>
HEN,60,20240411,120000,1.955,1.955,1.955,1.955,2010,0
HEN,60,20240411,160000,1.99,1.99,1.99,1.99,668,0
HEN,60,20240412,120000,1.99,1.99,1.99,1.99,10,0
HEN,60,20240412,160000,1.99,1.99,1.99,1.99,1,0
HEN,60,20240415,120000,1.92,1.92,1.92,1.92,100,0
HEN,60,20240415,160000,1.99,1.99,1.99,1.99,10,0
HEN,60,20240416,120000,1.945,1.945,1.945,1.945,68,0
HEN,60,20240416,160000,1.945,1.945,1.945,1.945,6,0
HEN,60,20240417,120000,1.9,1.9,1.9,1.9,2337,0
HEN,60,20240417,160000,1.8,1.8,1.8,1.8,2700,0
HEN,60,20240418,120000,1.8,1.8,1.8,1.8,3510,0
HEN,60,20240418,160000,1.72,1.72,1.72,1.72,2521,0
HEN,60,20240419,120000,1.795,1.795,1.795,1.795,12,0
HEN,60,20240419,160000,1.795,1.795,1.795,1.795,576,0
HEN,60,20240422,120000,1.795,1.795,1.795,1.795,1111,0
HEN,60,20240423,160000,1.795,1.8,1.795,1.8,4011,0
HEN,60,20240424,120000,1.75,1.75,1.75,1.75,1706,0
HEN,60,20240424,160000,1.72,1.72,1.72,1.72,3285,0
HEN,60,20240425,120000,1.8,1.8,1.8,1.8,2642,0
HEN,60,20240425,160000,1.8,1.8,1.8,1.8,863,0
HEN,60,20240426,120000,1.72,1.72,1.72,1.72,1230,0
HEN,60,20240426,160000,1.7,1.7,1.7,1.7,5746,0
HEN,60,20240430,120000,1.7,1.75,1.7,1.75,4122,0
HEN,60,20240430,160000,1.8,1.8,1.8,1.8,1961,0
HEN,60,20240502,120000,1.8,1.8,1.8,1.8,120,0
HEN,60,20240502,160000,1.8,1.8,1.8,1.8,1000,0
HEN,60,20240506,120000,1.715,1.715,1.715,1.715,50,0
HEN,60,20240506,160000,1.715,1.715,1.715,1.715,4958,0
HEN,60,20240507,120000,1.72,1.72,1.72,1.72,102,0
HEN,60,20240507,160000,1.79,1.79,1.79,1.79,15,0
HEN,60,20240509,120000,1.79,1.79,1.79,1.79,361,0
HEN,60,20240509,160000,1.79,1.79,1.79,1.79,102,0
HEN,60,20240513,120000,1.78,1.78,1.75,1.75,30,0
HEN,60,20240513,160000,1.755,1.755,1.755,1.755,522,0
HEN,60,20240514,120000,1.76,1.76,1.76,1.76,69,0
HEN,60,20240514,160000,1.76,1.76,1.76,1.76,10,0
HEN,60,20240515,120000,1.75,1.75,1.75,1.75,1300,0
HEN,60,20240515,160000,1.76,1.76,1.76,1.76,624,0
HEN,60,20240516,120000,1.7,1.7,1.7,1.7,4584,0
HEN,60,20240516,160000,1.7,1.7,1.7,1.7,1570,0
HEN,60,20240520,120000,1.7,1.7,1.7,1.7,2901,0
HEN,60,20240520,160000,1.72,1.72,1.72,1.72,6,0
HEN,60,20240521,120000,1.7,1.7,1.7,1.7,478,0
HEN,60,20240521,160000,1.7,1.7,1.7,1.7,130,0
HEN,60,20240522,120000,1.725,1.725,1.725,1.725,206,0
HEN,60,20240522,160000,1.725,1.725,1.725,1.725,116,0
HEN,60,20240523,120000,1.73,1.73,1.73,1.73,1000,0
HEN,60,20240523,160000,1.785,1.785,1.785,1.785,992,0
HEN,60,20240527,120000,1.78,1.78,1.78,1.78,377,0
HEN,60,20240527,160000,1.78,1.78,1.78,1.78,7,0
HEN,60,20240528,120000,1.8,1.8,1.8,1.8,1330,0
HEN,60,20240528,160000,1.81,1.81,1.81,1.81,231,0
HEN,60,20240531,120000,1.82,1.9,1.82,1.9,181,0
HEN,60,20240531,160000,1.81,1.81,1.81,1.81,557,0
HEN,60,20240719,120000,1.78,1.78,1.65,1.65,4559,0
HEN,60,20240719,160000,1.77,1.77,1.77,1.77,2757,0
HEN,60,20240722,120000,1.77,1.77,1.77,1.77,9153,0
HEN,60,20240722,160000,1.77,1.77,1.77,1.77,1308,0
HEN,60,20240723,120000,1.75,1.75,1.75,1.75,3700,0
HEN,60,20240724,160000,1.75,1.75,1.65,1.65,1888,0
HEN,60,20240725,120000,1.66,1.66,1.66,1.66,1520,0
HEN,60,20240725,160000,1.67,1.67,1.67,1.67,2833,0
HEN,60,20240726,120000,1.75,1.75,1.75,1.75,1732,0
HEN,60,20240726,160000,1.75,1.75,1.75,1.75,1089,0
HEN,60,20240729,120000,1.7,1.7,1.7,1.7,438,0
HEN,60,20240730,160000,1.72,1.72,1.69,1.69,1322,0
HEN,60,20240801,120000,1.69,1.7,1.69,1.7,904,0
HEN,60,20240801,160000,1.66,1.66,1.66,1.66,1000,0
HEN,60,20240802,120000,1.66,1.66,1.66,1.66,34,0
HEN,60,20240802,160000,1.665,1.665,1.665,1.665,75,0
HEN,60,20240805,120000,1.75,1.75,1.75,1.75,1,0
HEN,60,20240805,160000,1.75,1.75,1.75,1.75,568,0
HEN,60,20240806,120000,1.8,1.8,1.8,1.8,900,0
HEN,60,20240806,160000,1.8,1.8,1.8,1.8,739,0
HEN,60,20240807,120000,1.9,1.9,1.9,1.9,3346,0
HEN,60,20240807,160000,2.16,2.16,2.16,2.16,2231,0
HEN,60,20240808,120000,1.96,1.96,1.96,1.96,3414,0
HEN,60,20240808,160000,2.3,2.3,2.3,2.3,2350,0
HEN,60,20240809,120000,2.68,2.68,2.68,2.68,12533,0
HEN,60,20240809,160000,2.95,2.95,2.95,2.95,12355,0
HEN,60,20240812,120000,3.2,3.2,3.2,3.2,9242,0
HEN,60,20240812,160000,3.2,3.2,3.2,3.2,9654,0
HEN,60,20240813,120000,3.23,3.23,3.23,3.23,3844,0
HEN,60,20240813,160000,3.23,3.23,3.23,3.23,1453,0
HEN,60,20240814,120000,2.6,2.6,2.6,2.6,5235,0
HEN,60,20240814,160000,2.69,2.69,2.69,2.69,832,0
HEN,60,20240816,120000,2.71,2.71,2.71,2.71,611,0
HEN,60,20240816,160000,2.79,2.79,2.79,2.79,181,0
HEN,60,20240819,120000,2.79,2.79,2.79,2.79,2181,0
HEN,60,20240819,160000,3,3,3,3,3797,0
HEN,60,20240820,120000,3.01,3.01,3.01,3.01,5350,0
HEN,60,20240820,160000,3.23,3.23,3.23,3.23,6703,0
HEN,60,20240821,120000,3.23,3.23,3.23,3.23,1191,0
HEN,60,20240821,160000,3.2,3.2,3.2,3.2,1000,0
HEN,60,20240822,120000,3.23,3.23,3.23,3.23,1995,0
HEN,60,20240822,160000,3.22,3.22,3.22,3.22,532,0
HEN,60,20240823,120000,3.2,3.2,3.2,3.2,1200,0
HEN,60,20240823,160000,3.05,3.05,3.05,3.05,500,0
HEN,60,20240826,120000,3.05,3.05,3.05,3.05,600,0
HEN,60,20240826,160000,3.04,3.04,3.04,3.04,765,0
HEN,60,20240828,120000,3.03,3.03,2.9,2.9,386,0
HEN,60,20240829,160000,3.1,3.49,3.1,3.49,7446,0
HEN,60,20240830,120000,3.5,3.5,3.5,3.5,4507,0
HEN,60,20240830,160000,3.6,3.6,3.6,3.6,5855,0
HEN,60,20240902,120000,3.5,3.5,3.5,3.5,2101,0
HEN,60,20240902,160000,3.5,3.5,3.5,3.5,359,0
HEN,60,20240903,120000,3.49,3.49,3.49,3.49,400,0
HEN,60,20240903,160000,3.31,3.31,3.31,3.31,180,0
HEN,60,20240904,120000,4,4,4,4,14371,0
HEN,60,20240904,160000,4.6,4.6,4.6,4.6,20989,0
HEN,60,20240905,120000,5.6,5.6,5.6,5.6,16203,0
HEN,60,20240905,160000,5.3,5.3,5.3,5.3,38726,0
HEN,60,20240906,120000,5.3,5.3,5.3,5.3,11540,0
HEN,60,20240906,160000,4.3,4.3,4.3,4.3,38588,0
HEN,60,20240909,120000,4.14,4.14,4.14,4.14,16688,0
HEN,60,20240909,160000,3.82,3.82,3.82,3.82,6595,0
HEN,60,20240910,120000,3.45,3.45,3.45,3.45,15363,0
HEN,60,20240910,160000,3.2,3.2,3.2,3.2,9644,0
HEN,60,20240911,120000,2.92,2.92,2.92,2.92,12932,0
HEN,60,20240911,160000,2.88,2.88,2.88,2.88,14358,0
HEN,60,20240912,120000,2.45,2.45,2.45,2.45,12156,0
HEN,60,20240912,160000,2.62,2.62,2.62,2.62,2700,0
HEN,60,20240913,120000,2.37,2.37,2.37,2.37,8746,0
HEN,60,20240913,160000,2.41,2.41,2.41,2.41,5905,0
HEN,60,20240916,120000,2.71,2.71,2.71,2.71,1772,0
HEN,60,20240916,160000,2.71,2.71,2.71,2.71,8704,0
HEN,60,20240917,120000,2.5,2.5,2.5,2.5,6607,0
HEN,60,20240917,160000,2.6,2.6,2.6,2.6,1692,0
HEN,60,20240918,120000,3.13,3.13,3.13,3.13,5314,0
HEN,60,20240918,160000,2.62,2.62,2.62,2.62,13117,0
HEN,60,20240919,120000,2.7,2.7,2.7,2.7,3433,0
HEN,60,20240919,160000,2.65,2.65,2.65,2.65,836,0
HEN,60,20240920,120000,2.62,2.62,2.62,2.62,3000,0
HEN,60,20240920,160000,2.7,2.7,2.7,2.7,2344,0
HEN,60,20240923,120000,2.7,2.7,2.7,2.7,1978,0
HEN,60,20240923,160000,2.7,2.7,2.7,2.7,420,0
HEN,60,20240924,120000,2.65,2.65,2.65,2.65,2000,0
HEN,60,20240924,160000,2.6,2.6,2.6,2.6,1500,0
HEN,60,20240925,120000,2.54,2.54,2.54,2.54,847,0
HEN,60,20240925,160000,2.6,2.6,2.6,2.6,3470,0
HEN,60,20240926,120000,2.62,2.62,2.62,2.62,820,0
HEN,60,20240926,160000,2.7,2.7,2.7,2.7,2015,0
HEN,60,20240927,120000,2.7,2.7,2.7,2.7,530,0
HEN,60,20240927,160000,2.61,2.61,2.61,2.61,3844,0
HEN,60,20240930,120000,2.71,2.71,2.71,2.71,1589,0
HEN,60,20240930,160000,2.75,2.75,2.75,2.75,3497,0
HEN,60,20241001,100000,2.8,3.05,2.8,2.8,2408,0
HEN,60,20241001,110000,2.9,3,2.9,3,2644,0
HEN,60,20241001,120000,3,3.04,3,3,5524,0
HEN,60,20241001,130000,2.85,2.88,2.8,2.88,2341,0
HEN,60,20241001,140000,2.88,2.98,2.77,2.96,1243,0
HEN,60,20241001,150000,2.9,2.9,2.77,2.77,1290,0
HEN,60,20241001,160000,2.89,2.98,2.89,2.98,2544,0
HEN,60,20241001,170000,3.02,3.02,2.9,2.99,1605,0
HEN,60,20241002,100000,2.98,2.98,2.9,2.9,803,0
HEN,60,20241002,110000,2.9,2.98,2.84,2.97,1404,0
HEN,60,20241002,120000,2.95,2.95,2.95,2.95,163,0
HEN,60,20241002,130000,2.94,2.94,2.9,2.9,300,0
HEN,60,20241002,140000,2.9,2.94,2.9,2.94,620,0
HEN,60,20241002,150000,2.82,2.82,2.82,2.82,100,0
HEN,60,20241002,160000,2.9,2.9,2.8,2.8,1311,0
HEN,60,20241002,170000,2.73,2.89,2.73,2.89,712,0
HEN,60,20241003,100000,2.78,2.89,2.78,2.89,511,0
HEN,60,20241003,120000,2.75,2.8,2.72,2.72,1808,0
HEN,60,20241003,140000,2.7,2.76,2.61,2.76,1349,0
HEN,60,20241003,150000,2.76,2.76,2.62,2.76,22,0
HEN,60,20241003,170000,2.7,2.76,2.7,2.76,1368,0
HEN,60,20241004,100000,2.76,2.86,2.7,2.76,2428,0
HEN,60,20241004,110000,2.84,3,2.81,2.81,2898,0
HEN,60,20241004,120000,2.92,2.92,2.92,2.92,8,0
HEN,60,20241004,130000,2.97,2.98,2.9,2.9,1654,0
HEN,60,20241004,140000,2.8,2.92,2.78,2.92,3709,0
HEN,60,20241004,150000,2.91,2.91,2.91,2.91,309,0
HEN,60,20241004,160000,2.91,2.91,2.91,2.91,39,0
HEN,60,20241007,100000,2.92,3,2.92,3,1404,0
HEN,60,20241007,120000,2.93,2.99,2.9,2.99,474,0
HEN,60,20241007,140000,2.9,2.9,2.9,2.9,500,0
HEN,60,20241007,160000,2.8,2.8,2.8,2.8,1,0
HEN,60,20241007,170000,2.89,2.89,2.89,2.89,107,0
HEN,60,20241008,100000,3,3,2.97,2.97,2505,0
HEN,60,20241008,110000,2.89,2.89,2.88,2.88,574,0
HEN,60,20241008,120000,2.8,2.8,2.8,2.8,1999,0
HEN,60,20241008,130000,2.76,2.87,2.7,2.87,4736,0
HEN,60,20241008,140000,2.73,2.8,2.62,2.8,4014,0
HEN,60,20241008,150000,2.7,2.8,2.66,2.8,44,0
HEN,60,20241008,160000,2.8,2.8,2.68,2.68,475,0
HEN,60,20241008,170000,2.8,2.8,2.72,2.8,2203,0
HEN,60,20241009,100000,2.8,2.89,2.8,2.89,2296,0
HEN,60,20241009,110000,2.8,2.8,2.8,2.8,750,0
HEN,60,20241009,120000,2.8,2.92,2.76,2.82,1515,0
HEN,60,20241009,130000,2.82,2.82,2.82,2.82,300,0
HEN,60,20241009,140000,2.82,2.93,2.75,2.93,1090,0
HEN,60,20241009,150000,2.83,2.83,2.82,2.82,1070,0
HEN,60,20241009,170000,2.82,2.86,2.82,2.86,506,0
HEN,60,20241010,100000,2.8,2.8,2.8,2.8,1250,0
HEN,60,20241010,120000,2.8,2.8,2.8,2.8,4,0
HEN,60,20241010,140000,2.8,2.8,2.8,2.8,1253,0
HEN,60,20241010,150000,2.85,2.85,2.85,2.85,65,0
HEN,60,20241010,170000,2.85,2.85,2.85,2.85,231,0
HEN,60,20241011,100000,2.85,2.85,2.8,2.8,1083,0
HEN,60,20241011,110000,2.85,2.85,2.85,2.85,4,0
HEN,60,20241011,120000,2.86,2.86,2.86,2.86,4,0
HEN,60,20241011,130000,2.86,2.86,2.86,2.86,118,0
HEN,60,20241011,150000,2.8,2.8,2.8,2.8,417,0
HEN,60,20241011,170000,2.8,2.8,2.8,2.8,4,0
HEN,60,20241014,110000,2.86,2.86,2.77,2.8,2471,0
HEN,60,20241014,150000,2.8,2.83,2.8,2.83,1000,0
HEN,60,20241014,170000,2.83,2.83,2.83,2.83,10,0
HEN,60,20241015,120000,2.81,2.83,2.81,2.83,984,0
HEN,60,20241015,130000,2.83,2.83,2.83,2.83,10,0
HEN,60,20241015,150000,2.83,2.86,2.73,2.86,308,0
HEN,60,20241015,170000,2.73,2.84,2.73,2.84,150,0
HEN,60,20241016,110000,2.8,2.8,2.8,2.8,574,0
HEN,60,20241016,120000,2.8,2.8,2.8,2.8,4,0
HEN,60,20241016,130000,2.8,2.8,2.7,2.7,725,0
HEN,60,20241016,140000,2.8,2.8,2.8,2.8,229,0
HEN,60,20241016,170000,2.72,2.72,2.72,2.72,440,0
HEN,60,20241017,100000,2.62,2.63,2.62,2.63,1100,0
HEN,60,20241017,110000,2.65,2.72,2.65,2.65,1175,0
HEN,60,20241017,120000,2.71,2.76,2.65,2.76,1351,0
HEN,60,20241017,130000,2.76,2.84,2.76,2.84,188,0
HEN,60,20241017,140000,2.86,2.86,2.75,2.75,707,0
HEN,60,20241017,150000,2.75,2.75,2.75,2.75,600,0
HEN,60,20241017,160000,2.71,2.71,2.71,2.71,40,0
HEN,60,20241017,170000,2.75,2.75,2.75,2.75,4,0
HEN,60,20241018,100000,2.71,3.25,2.71,3.25,13436,0
HEN,60,20241018,110000,3.29,3.72,3.12,3.54,40963,0
HEN,60,20241018,120000,3.5,3.9,3.5,3.87,36227,0
HEN,60,20241018,140000,3.9,3.9,3.6,3.6,17165,0
HEN,60,20241018,150000,3.61,3.9,3.61,3.9,3603,0
HEN,60,20241021,100000,4.68,4.87,4.15,4.55,55746,0
HEN,60,20241021,110000,4.55,4.55,4,4.3,15556,0
HEN,60,20241021,120000,4.2,4.53,4.2,4.2,2174,0
HEN,60,20241021,130000,4.2,4.38,4.01,4.36,4888,0
HEN,60,20241021,140000,4.36,4.4,4.21,4.4,3943,0
HEN,60,20241021,150000,4.4,4.4,4.11,4.3,7810,0
HEN,60,20241021,160000,4.25,4.3,4.21,4.3,3867,0
HEN,60,20241021,170000,4.25,4.49,4.25,4.44,5778,0
HEN,60,20241022,100000,4.25,4.4,4.11,4.26,4265,0
HEN,60,20241022,110000,4.26,4.28,4,4,5651,0
HEN,60,20241022,120000,3.99,4.15,3.82,4.05,4183,0
HEN,60,20241022,130000,4.05,4.12,3.95,4.12,552,0
HEN,60,20241022,140000,4,4.12,4,4.12,1603,0
HEN,60,20241022,150000,4,4,3.7,3.73,7356,0
HEN,60,20241022,160000,3.75,3.79,3.6,3.7,3419,0
HEN,60,20241022,170000,3.73,4.12,3.63,4.12,8447,0
HEN,60,20241023,100000,4.14,4.16,3.8,3.8,2860,0
HEN,60,20241023,110000,3.81,3.99,3.7,3.8,5445,0
HEN,60,20241023,120000,3.8,3.98,3.7,3.7,5409,0
HEN,60,20241023,130000,3.72,3.72,3.7,3.7,2000,0
HEN,60,20241023,140000,3.8,4.09,3.7,4.09,1461,0
HEN,60,20241023,150000,3.86,3.86,3.86,3.86,3,0
HEN,60,20241023,160000,3.94,3.96,3.94,3.96,350,0
HEN,60,20241023,170000,3.95,3.99,3.74,3.74,1129,0
HEN,60,20241024,100000,3.74,3.89,3.6,3.88,2415,0
HEN,60,20241024,110000,3.88,3.88,3.8,3.8,1416,0
HEN,60,20241024,120000,3.79,3.8,3.79,3.79,1172,0
HEN,60,20241024,130000,3.79,3.8,3.79,3.8,569,0
HEN,60,20241024,150000,3.79,3.79,3.79,3.79,3,0
HEN,60,20241024,170000,3.69,3.76,3.65,3.76,1068,0
HEN,60,20241025,100000,3.76,3.76,3.47,3.7,7503,0
HEN,60,20241025,110000,3.64,3.65,3.5,3.5,1283,0
HEN,60,20241025,120000,3.59,3.6,3.59,3.6,886,0
HEN,60,20241025,130000,3.6,3.73,3.6,3.73,437,0
HEN,60,20241025,140000,3.71,3.71,3.71,3.71,200,0
HEN,60,20241025,150000,3.65,3.65,3.65,3.65,379,0
HEN,60,20241025,160000,3.65,3.66,3.6,3.66,1335,0
HEN,60,20241025,170000,3.65,3.66,3.65,3.66,540,0
HEN,60,20241028,100000,3.47,3.96,3.47,3.8,5965,0
HEN,60,20241028,110000,3.92,3.92,3.8,3.92,1410,0
HEN,60,20241028,120000,3.92,3.92,3.8,3.8,112,0
HEN,60,20241028,130000,3.8,3.82,3.8,3.82,840,0
HEN,60,20241028,140000,3.82,3.9,3.82,3.9,1056,0
HEN,60,20241028,150000,3.81,3.81,3.72,3.8,2084,0
HEN,60,20241028,160000,3.76,3.76,3.7,3.7,2500,0
HEN,60,20241028,170000,3.71,3.8,3.71,3.8,239,0
HEN,60,20241029,100000,3.65,3.7,3.61,3.7,4429,0
HEN,60,20241029,110000,3.75,3.89,3.75,3.89,950,0
HEN,60,20241029,120000,3.81,3.81,3.8,3.8,403,0
HEN,60,20241029,130000,3.8,3.8,3.77,3.8,1803,0
HEN,60,20241029,140000,3.84,3.85,3.8,3.8,1035,0
HEN,60,20241029,150000,3.8,3.8,3.73,3.73,19,0
HEN,60,20241029,160000,3.8,3.8,3.72,3.79,390,0
HEN,60,20241029,170000,3.77,3.77,3.77,3.77,284,0
HEN,60,20241030,100000,3.66,3.66,3.56,3.6,1300,0
HEN,60,20241030,120000,3.66,3.78,3.61,3.78,1629,0
HEN,60,20241030,130000,3.75,3.75,3.7,3.7,770,0
HEN,60,20241030,140000,3.75,3.75,3.75,3.75,334,0
HEN,60,20241030,150000,3.72,3.72,3.61,3.61,142,0
HEN,60,20241030,160000,3.63,3.63,3.61,3.61,310,0
HEN,60,20241030,170000,3.75,3.75,3.75,3.75,3,0
HEN,60,20241031,100000,3.62,3.65,3.6,3.6,3790,0
HEN,60,20241031,110000,3.6,3.65,3.6,3.6,759,0
HEN,60,20241031,120000,3.6,3.6,3.6,3.6,150,0
HEN,60,20241031,130000,3.6,3.65,3.6,3.65,500,0
HEN,60,20241031,140000,3.65,3.78,3.65,3.78,40,0
HEN,60,20241031,150000,3.77,3.77,3.56,3.6,727,0
HEN,60,20241031,160000,3.76,3.76,3.76,3.76,3,0
HEN,60,20241031,170000,3.75,3.76,3.6,3.76,813,0
HEN,60,20241104,100000,3.76,3.8,3.76,3.76,239,0
HEN,60,20241104,110000,3.76,3.76,3.76,3.76,27,0
HEN,60,20241104,140000,3.9,3.9,3.8,3.89,822,0
HEN,60,20241104,160000,3.61,3.78,3.6,3.78,292,0
HEN,60,20241105,100000,3.7,3.7,3.6,3.6,1477,0
HEN,60,20241105,110000,3.6,3.7,3.55,3.55,1441,0
HEN,60,20241105,120000,3.59,3.59,3.59,3.59,385,0
HEN,60,20241105,130000,3.51,3.51,3.47,3.47,232,0
HEN,60,20241105,140000,3.59,3.59,3.59,3.59,60,0
HEN,60,20241105,150000,3.59,3.6,3.59,3.6,740,0
HEN,60,20241105,160000,3.6,3.6,3.6,3.6,852,0
HEN,60,20241105,170000,3.48,3.6,3.47,3.6,1750,0
HEN,60,20241106,100000,3.6,3.6,3.4,3.4,1835,0
HEN,60,20241106,110000,3.48,3.55,3.48,3.55,1300,0
HEN,60,20241106,120000,3.54,3.6,3.46,3.6,2265,0
HEN,60,20241106,140000,3.47,3.47,3.47,3.47,156,0
HEN,60,20241106,160000,3.57,3.7,3.51,3.61,2240,0
HEN,60,20241106,170000,3.6,3.69,3.54,3.69,926,0
HEN,60,20241107,100000,3.6,3.6,3.6,3.6,400,0
HEN,60,20241107,110000,3.6,3.6,3.6,3.6,400,0
HEN,60,20241107,120000,3.6,3.68,3.6,3.68,695,0
HEN,60,20241107,130000,3.68,3.8,3.68,3.8,1239,0
HEN,60,20241107,140000,3.62,3.79,3.62,3.79,897,0
HEN,60,20241107,150000,3.7,3.7,3.7,3.7,481,0
HEN,60,20241108,100000,3.6,3.7,3.6,3.7,1562,0
HEN,60,20241108,110000,3.76,3.76,3.7,3.7,222,0
HEN,60,20241108,120000,3.64,3.64,3.6,3.6,1870,0
HEN,60,20241108,140000,3.6,3.6,3.6,3.6,130,0
HEN,60,20241108,150000,3.61,3.61,3.46,3.46,968,0
HEN,60,20241108,160000,3.67,3.67,3.63,3.63,19,0
HEN,60,20241108,170000,3.64,3.64,3.64,3.64,3,0
HEN,60,20241112,100000,3.64,3.64,3.58,3.58,533,0
HEN,60,20241112,110000,3.56,3.6,3.49,3.6,520,0
HEN,60,20241112,120000,3.6,3.6,3.6,3.6,104,0
HEN,60,20241112,150000,3.58,3.58,3.49,3.49,500,0
HEN,60,20241112,160000,3.59,3.59,3.59,3.59,481,0
HEN,60,20241112,170000,3.6,3.75,3.6,3.75,580,0
HEN,60,20241113,100000,3.6,3.6,3.43,3.43,649,0
HEN,60,20241113,110000,3.5,3.6,3.5,3.57,966,0
HEN,60,20241113,120000,3.56,3.57,3.56,3.57,1070,0
HEN,60,20241113,130000,3.57,3.78,3.57,3.6,2133,0
HEN,60,20241113,140000,3.6,3.6,3.53,3.53,2920,0
HEN,60,20241113,150000,3.6,3.6,3.6,3.6,400,0
HEN,60,20241113,170000,3.63,3.66,3.63,3.66,307,0
HEN,60,20241114,100000,3.6,3.6,3.4,3.4,3224,0
HEN,60,20241114,110000,3.54,3.54,3.53,3.53,678,0
HEN,60,20241114,120000,3.53,3.53,3.53,3.53,4,0
HEN,60,20241114,140000,3.42,3.47,3.4,3.4,1977,0
HEN,60,20241114,150000,3.4,3.47,3.4,3.4,508,0
HEN,60,20241114,160000,3.47,3.59,3.47,3.59,1000,0
HEN,60,20241114,170000,3.55,3.73,3.55,3.73,2117,0
HEN,60,20241115,100000,3.6,3.6,3.6,3.6,1200,0
HEN,60,20241115,110000,3.43,3.6,3.43,3.6,17,0
HEN,60,20241115,140000,3.6,3.6,3.6,3.6,395,0
HEN,60,20241115,150000,3.73,3.73,3.47,3.47,1409,0
HEN,60,20241115,160000,3.59,3.6,3.47,3.47,670,0
HEN,60,20241115,170000,3.55,3.55,3.43,3.55,2007,0
HEN,60,20241118,100000,3.54,3.54,3.36,3.36,1453,0
HEN,60,20241118,120000,3.5,3.5,3.5,3.5,3,0
HEN,60,20241118,140000,3.38,3.38,3.26,3.36,2359,0
HEN,60,20241118,150000,3.36,3.38,3.36,3.38,824,0
HEN,60,20241118,160000,3.38,3.46,3.38,3.46,100,0
HEN,60,20241119,100000,3.25,3.25,3.16,3.16,1300,0
HEN,60,20241119,110000,3.26,3.45,3.26,3.44,970,0
HEN,60,20241119,130000,3.39,3.43,3.39,3.43,1000,0
HEN,60,20241120,100000,3.3,3.41,3.3,3.41,1123,0
HEN,60,20241120,110000,3.34,3.45,3.34,3.45,1673,0
HEN,60,20241120,120000,3.34,3.4,3.3,3.4,516,0
HEN,60,20241120,130000,3.3,3.4,3.3,3.4,1930,0
HEN,60,20241120,160000,3.39,3.39,3.39,3.39,50,0
HEN,60,20241120,170000,3.4,3.4,3.4,3.4,1110,0
HEN,60,20241121,110000,3.3,3.4,3.2,3.4,2509,0
HEN,60,20241121,120000,3.2,3.4,3.2,3.4,203,0
HEN,60,20241121,130000,3.22,3.39,3.22,3.39,1130,0
HEN,60,20241121,140000,3.22,3.4,3.16,3.35,9625,0
HEN,60,20241121,170000,3.21,3.29,3.2,3.29,1610,0
HEN,60,20241122,100000,3.29,3.29,3.15,3.15,1172,0
HEN,60,20241122,110000,3.18,3.18,3.14,3.14,4233,0
HEN,60,20241122,120000,3.14,3.15,3.08,3.08,1535,0
HEN,60,20241122,130000,3.14,3.14,3.14,3.14,111,0
HEN,60,20241122,150000,3.13,3.13,3.1,3.13,2319,0
HEN,60,20241122,160000,3.12,3.12,3.12,3.12,100,0
HEN,60,20241122,170000,3.12,3.14,3.12,3.14,1035,0
HEN,60,20241125,100000,3.07,3.14,3.07,3.14,703,0
HEN,60,20241125,130000,3.14,3.14,3.14,3.14,1,0
HEN,60,20241125,170000,3.1,3.1,3.1,3.1,5,0
HEN,60,20241126,100000,3.09,3.1,2.97,3.1,2029,0
HEN,60,20241126,120000,3,3,3,3,628,0
HEN,60,20241126,130000,3,3,3,3,1191,0
HEN,60,20241126,140000,2.99,3,2.88,3,3607,0
HEN,60,20241126,150000,3,3,2.85,2.99,5647,0
HEN,60,20241126,160000,2.99,2.99,2.99,2.99,902,0
HEN,60,20241127,100000,2.8,2.8,2.76,2.8,2982,0
HEN,60,20241127,110000,2.79,2.79,2.79,2.79,632,0
HEN,60,20241127,120000,2.8,2.8,2.76,2.8,1391,0
HEN,60,20241127,150000,2.79,2.8,2.79,2.8,2890,0
HEN,60,20241127,160000,2.8,3.23,2.8,2.9,8022,0
HEN,60,20241127,170000,3.1,3.1,3.1,3.1,31,0
HEN,60,20241128,100000,3.09,3.09,2.9,3,1290,0
HEN,60,20241128,110000,3.02,3.02,3,3,12,0
HEN,60,20241128,120000,2.98,2.98,2.95,2.95,469,0
HEN,60,20241128,130000,2.91,2.91,2.91,2.91,204,0
HEN,60,20241128,140000,2.91,2.94,2.91,2.94,896,0
HEN,60,20241128,150000,2.94,2.94,2.94,2.94,200,0
HEN,60,20241128,160000,2.91,2.91,2.82,2.82,1692,0
HEN,60,20241128,170000,2.94,2.94,2.82,2.9,650,0
HEN,60,20241129,110000,2.94,2.94,2.94,2.94,4,0
HEN,60,20241129,120000,2.94,2.94,2.94,2.94,50,0
HEN,60,20241129,150000,2.94,2.95,2.94,2.95,941,0
HEN,60,20241202,110000,2.92,2.92,2.92,2.92,7,0
HEN,60,20241202,170000,2.82,2.82,2.82,2.82,47,0
HEN,60,20241203,100000,2.8,3.23,2.8,3.23,1560,0
HEN,60,20241203,110000,3,3,2.96,2.96,164,0
HEN,60,20241203,120000,2.96,2.96,2.96,2.96,239,0
HEN,60,20241203,130000,2.98,2.98,2.96,2.96,450,0
HEN,60,20241203,140000,2.96,2.96,2.92,2.92,101,0
HEN,60,20241203,160000,2.92,2.92,2.81,2.81,25,0
HEN,60,20241203,170000,2.96,2.96,2.96,2.96,9,0
HEN,60,20241204,100000,2.92,2.92,2.92,2.92,640,0
HEN,60,20241204,110000,2.92,2.92,2.9,2.9,508,0
HEN,60,20241204,120000,2.9,2.9,2.9,2.9,4,0
HEN,60,20241204,130000,2.84,2.84,2.84,2.84,1,0
HEN,60,20241204,140000,2.9,2.9,2.9,2.9,8,0
HEN,60,20241204,150000,2.88,2.88,2.86,2.86,504,0
HEN,60,20241204,160000,2.86,2.92,2.81,2.92,936,0
HEN,60,20241204,170000,2.96,2.96,2.96,2.96,350,0
HEN,60,20241205,100000,2.87,2.87,2.87,2.87,3,0
HEN,60,20241205,120000,2.95,2.95,2.95,2.95,4,0
HEN,60,20241205,150000,2.95,2.95,2.95,2.95,50,0
HEN,60,20241205,160000,2.94,2.94,2.92,2.92,49,0
HEN,60,20241205,170000,2.92,2.92,2.92,2.92,4,0
HEN,60,20241206,100000,2.92,2.95,2.81,2.95,1209,0
HEN,60,20241206,110000,2.95,2.95,2.76,2.79,5089,0
HEN,60,20241206,120000,2.79,2.84,2.79,2.84,620,0
HEN,60,20241206,130000,2.94,2.94,2.94,2.94,4,0
HEN,60,20241206,140000,2.83,2.94,2.83,2.94,4904,0
HEN,60,20241206,170000,2.94,2.94,2.94,2.94,4,0
HEN,60,20241209,100000,2.94,2.94,2.94,2.94,26,0
HEN,60,20241209,110000,2.93,2.93,2.8,2.8,5217,0
HEN,60,20241209,120000,2.76,2.9,2.7,2.8,3931,0
HEN,60,20241209,150000,2.8,3.28,2.8,3.06,38592,0
HEN,60,20241209,160000,3.17,3.17,3.06,3.16,2808,0
HEN,60,20241209,170000,3.06,3.16,3.05,3.1,1427,0
HEN,60,20241210,100000,3.02,3.13,3.01,3.02,1757,0
HEN,60,20241210,110000,3.02,3.02,3,3,1347,0
HEN,60,20241210,120000,3.03,3.03,2.88,2.95,403,0
HEN,60,20241210,130000,2.95,2.95,2.95,2.95,609,0
HEN,60,20241210,140000,2.9,2.9,2.9,2.9,24,0
HEN,60,20241210,150000,2.95,2.95,2.95,2.95,4,0
HEN,60,20241210,160000,2.9,2.9,2.88,2.9,2080,0
HEN,60,20241210,170000,2.9,2.94,2.88,2.93,1122,0
HEN,60,20241211,140000,2.89,2.98,2.89,2.98,934,0
HEN,60,20241211,150000,2.9,2.9,2.9,2.9,858,0
HEN,60,20241211,170000,2.84,2.9,2.72,2.9,1030,0
HEN,60,20241212,110000,2.9,2.9,2.85,2.9,60,0
HEN,60,20241212,120000,2.86,2.98,2.86,2.98,1596,0
HEN,60,20241212,130000,2.9,2.96,2.85,2.9,1333,0
HEN,60,20241212,140000,2.9,2.9,2.85,2.89,123,0
HEN,60,20241212,160000,2.85,2.88,2.85,2.88,218,0
HEN,60,20241212,170000,2.88,2.89,2.75,2.89,714,0
HEN,60,20241213,100000,2.86,2.86,2.86,2.86,4,0
HEN,60,20241213,110000,2.87,2.87,2.75,2.86,1480,0
HEN,60,20241213,120000,2.86,2.86,2.86,2.86,12,0
HEN,60,20241213,140000,2.85,2.85,2.85,2.85,8,0
HEN,60,20241213,150000,2.86,2.87,2.78,2.87,642,0
HEN,60,20241213,160000,2.79,2.79,2.78,2.78,50,0
HEN,60,20241213,170000,2.87,2.87,2.8,2.85,20022,0
HEN,60,20241216,100000,2.75,2.85,2.75,2.85,17,0
HEN,60,20241216,120000,2.84,2.85,2.84,2.85,8,0
HEN,60,20241216,150000,2.84,2.84,2.84,2.84,4,0
HEN,60,20241216,160000,2.84,2.9,2.84,2.9,3000,0
HEN,60,20241216,170000,2.9,2.9,2.9,2.9,16,0
HEN,60,20241217,100000,2.89,2.89,2.89,2.89,6,0
HEN,60,20241217,110000,2.8,2.8,2.77,2.78,1724,0
HEN,60,20241217,120000,2.86,2.86,2.86,2.86,5,0
HEN,60,20241217,140000,2.85,2.85,2.85,2.85,8,0
HEN,60,20241217,150000,2.84,2.84,2.77,2.79,1714,0
HEN,60,20241217,160000,2.8,2.8,2.8,2.8,4,0
HEN,60,20241217,170000,2.75,2.77,2.63,2.75,4699,0
HEN,60,20241218,100000,2.75,2.75,2.75,2.75,14,0
HEN,60,20241218,110000,2.7,2.7,2.65,2.65,1430,0
HEN,60,20241218,120000,2.65,2.7,2.5,2.65,5017,0
HEN,60,20241218,130000,2.66,2.66,2.5,2.55,2911,0
HEN,60,20241218,140000,2.64,2.65,2.6,2.65,1724,0
HEN,60,20241218,160000,2.55,2.64,2.55,2.64,38,0
HEN,60,20241218,170000,2.64,2.68,2.64,2.68,3294,0
HEN,60,20241219,100000,2.51,2.6,2.44,2.59,5188,0
HEN,60,20241219,110000,2.59,2.59,2.48,2.56,1872,0
HEN,60,20241219,120000,2.55,2.56,2.47,2.5,869,0
HEN,60,20241219,130000,2.51,2.51,2.5,2.5,850,0
HEN,60,20241219,140000,2.54,2.54,2.54,2.54,4,0
HEN,60,20241219,150000,2.53,2.55,2.53,2.55,1373,0
HEN,60,20241219,160000,2.49,2.49,2.49,2.49,2200,0
HEN,60,20241219,170000,2.55,2.55,2.2,2.4,6086,0
HEN,60,20241220,100000,2.49,2.49,2.48,2.48,164,0
HEN,60,20241220,110000,2.4,2.4,2.39,2.4,2658,0
HEN,60,20241220,120000,2.46,2.46,2.46,2.46,5,0
HEN,60,20241220,130000,2.44,2.46,2.44,2.46,3395,0
HEN,60,20241220,140000,2.43,2.49,2.43,2.49,430,0
HEN,60,20241220,150000,2.48,2.55,2.47,2.5,2646,0
HEN,60,20241220,160000,2.5,2.5,2.5,2.5,395,0
HEN,60,20241220,170000,2.5,2.52,2.5,2.52,807,0
HEN,60,20241223,100000,2.5,2.52,2.47,2.52,3352,0
HEN,60,20241223,110000,2.55,2.57,2.46,2.56,1986,0
HEN,60,20241223,120000,2.55,2.56,2.55,2.55,605,0
HEN,60,20241223,130000,2.52,2.52,2.46,2.46,555,0
HEN,60,20241223,140000,2.5,2.5,2.47,2.47,132,0
HEN,60,20241223,150000,2.45,2.5,2.45,2.5,611,0
HEN,60,20241223,160000,2.48,2.48,2.34,2.4,1058,0
HEN,60,20241223,170000,2.4,2.48,2.3,2.48,3446,0
HEN,60,20241227,100000,2.35,2.49,2.35,2.49,387,0
HEN,60,20241227,110000,2.49,2.49,2.49,2.49,6,0
HEN,60,20241227,120000,2.48,2.48,2.48,2.48,5,0
HEN,60,20241227,150000,2.42,2.42,2.42,2.42,800,0
HEN,60,20241227,160000,2.42,2.42,2.42,2.42,395,0
HEN,60,20241227,170000,2.42,2.48,2.42,2.48,1863,0
HEN,60,20241230,100000,2.48,2.48,2.42,2.42,25,0
HEN,60,20241230,110000,2.49,2.49,2.49,2.49,5,0
HEN,60,20241230,120000,2.48,2.49,2.38,2.47,991,0
HEN,60,20241230,130000,2.48,2.48,2.4,2.4,178,0
HEN,60,20241230,140000,2.4,2.48,2.4,2.47,60,0
HEN,60,20241230,150000,2.48,2.48,2.45,2.47,515,0
HEN,60,20241230,160000,2.47,2.58,2.47,2.58,2773,0
HEN,60,20241230,170000,2.58,2.69,2.46,2.68,3647,0
HEN,60,20250102,100000,2.68,2.8,2.68,2.8,2127,0
HEN,60,20250102,110000,2.8,3.16,2.79,3.16,10818,0
HEN,60,20250102,120000,3.02,3.02,2.99,2.99,505,0
HEN,60,20250102,130000,2.87,2.99,2.87,2.99,295,0
HEN,60,20250102,140000,2.99,3,2.99,3,788,0
HEN,60,20250102,150000,3,3.16,3,3.1,5993,0
HEN,60,20250102,160000,3.15,3.15,3.15,3.15,904,0
HEN,60,20250102,170000,3,3.09,2.86,3.08,2139,0
HEN,60,20250103,100000,2.95,2.99,2.95,2.99,233,0
HEN,60,20250103,110000,2.99,2.99,2.99,2.99,4,0
HEN,60,20250103,120000,2.9,2.99,2.9,2.9,1408,0
HEN,60,20250103,130000,2.94,2.95,2.94,2.95,284,0
HEN,60,20250103,140000,2.9,2.92,2.9,2.92,518,0
HEN,60,20250103,150000,2.86,2.9,2.8,2.9,1799,0
HEN,60,20250103,160000,2.9,2.95,2.9,2.95,634,0
HEN,60,20250103,170000,2.95,3,2.86,2.99,2139,0
HEN,60,20250107,100000,2.99,3,2.9,2.9,1239,0
HEN,60,20250107,110000,2.99,3,2.95,2.95,1069,0
HEN,60,20250107,120000,2.95,2.95,2.95,2.95,508,0
HEN,60,20250107,140000,2.95,3,2.95,3,50,0
HEN,60,20250107,160000,2.9,2.9,2.8,2.89,5210,0
HEN,60,20250107,170000,2.89,2.89,2.89,2.89,56,0
HEN,60,20250108,100000,2.89,2.89,2.85,2.85,358,0
HEN,60,20250108,110000,2.85,2.9,2.8,2.89,1328,0
HEN,60,20250108,120000,2.89,2.89,2.89,2.89,380,0
HEN,60,20250108,130000,2.89,2.89,2.89,2.89,1000,0
HEN,60,20250108,160000,2.8,2.89,2.8,2.89,511,0
HEN,60,20250108,170000,2.89,2.89,2.89,2.89,4,0
HEN,60,20250109,100000,2.75,2.9,2.75,2.9,1825,0
HEN,60,20250109,110000,2.82,2.89,2.82,2.89,428,0
HEN,60,20250109,130000,2.8,2.8,2.75,2.8,2500,0
HEN,60,20250109,140000,2.8,2.84,2.8,2.84,200,0
HEN,60,20250109,150000,2.84,2.89,2.84,2.89,372,0
HEN,60,20250109,170000,2.89,2.89,2.8,2.89,492,0
HEN,60,20250110,100000,2.89,2.89,2.89,2.89,5,0
HEN,60,20250110,110000,2.8,2.9,2.8,2.9,1230,0
HEN,60,20250110,120000,2.75,2.89,2.75,2.89,1577,0
HEN,60,20250110,130000,2.89,2.89,2.89,2.89,500,0
HEN,60,20250110,140000,2.8,2.8,2.8,2.8,500,0
HEN,60,20250110,160000,2.8,2.8,2.8,2.8,43,0
HEN,60,20250110,170000,2.8,2.8,2.8,2.8,4,0
HEN,60,20250113,100000,2.8,2.8,2.7,2.8,1204,0
HEN,60,20250113,110000,2.79,2.8,2.7,2.8,1301,0
HEN,60,20250113,120000,2.8,2.8,2.8,2.8,9,0
HEN,60,20250113,130000,2.79,2.79,2.79,2.79,4,0
HEN,60,20250113,140000,2.8,2.8,2.8,2.8,4,0
HEN,60,20250113,170000,2.7,2.8,2.7,2.8,173,0
HEN,60,20250114,100000,2.8,2.8,2.8,2.8,94,0
HEN,60,20250114,110000,2.79,2.8,2.79,2.8,8,0
HEN,60,20250114,120000,2.8,2.8,2.8,2.8,504,0
HEN,60,20250114,130000,2.79,2.79,2.7,2.7,2837,0
HEN,60,20250114,140000,2.74,2.8,2.74,2.8,814,0
HEN,60,20250114,170000,2.8,2.8,2.8,2.8,478,0
HEN,60,20250115,100000,2.86,3,2.86,3,2549,0
HEN,60,20250115,110000,3,3,3,3,682,0
HEN,60,20250115,140000,3,3,3,3,11,0
HEN,60,20250115,150000,2.9,2.9,2.82,2.82,2000,0
HEN,60,20250115,160000,2.82,2.9,2.82,2.9,3353,0
HEN,60,20250115,170000,2.9,2.95,2.9,2.95,502,0
HEN,60,20250116,100000,2.97,2.97,2.9,2.9,513,0
HEN,60,20250116,120000,2.88,2.88,2.88,2.88,4,0
HEN,60,20250116,130000,2.89,2.89,2.89,2.89,4,0
HEN,60,20250116,140000,2.84,2.84,2.8,2.8,991,0
HEN,60,20250116,150000,2.88,2.88,2.8,2.8,887,0
HEN,60,20250116,160000,2.8,2.8,2.8,2.8,400,0
HEN,60,20250116,170000,2.88,2.88,2.82,2.82,504,0
HEN,60,20250117,100000,2.88,2.88,2.7,2.84,1567,0
HEN,60,20250117,110000,2.76,2.76,2.76,2.76,500,0
HEN,60,20250117,120000,2.88,2.99,2.88,2.99,400,0
HEN,60,20250117,130000,2.94,2.94,2.94,2.94,22,0
HEN,60,20250117,140000,2.86,2.86,2.86,2.86,2,0
HEN,60,20250117,150000,2.78,2.86,2.78,2.86,304,0
HEN,60,20250117,170000,2.78,2.86,2.7,2.86,708,0
HEN,60,20250120,100000,2.85,2.86,2.7,2.86,2241,0
HEN,60,20250120,110000,2.85,2.85,2.7,2.82,308,0
HEN,60,20250120,140000,2.73,2.73,2.7,2.7,1342,0
HEN,60,20250120,150000,2.76,2.76,2.7,2.76,1174,0
HEN,60,20250120,160000,2.78,2.78,2.7,2.75,1383,0
HEN,60,20250120,170000,2.75,2.76,2.69,2.75,53,0
HEN,60,20250121,100000,2.75,2.75,2.69,2.75,34,0
HEN,60,20250121,110000,2.75,2.75,2.65,2.7,1083,0
HEN,60,20250121,120000,2.7,2.75,2.7,2.75,1103,0
HEN,60,20250121,130000,2.75,2.75,2.75,2.75,288,0
HEN,60,20250121,140000,2.73,2.73,2.65,2.65,1324,0
HEN,60,20250121,150000,2.72,2.72,2.71,2.71,12,0
HEN,60,20250121,160000,2.71,2.71,2.71,2.71,257,0
HEN,60,20250121,170000,2.71,2.71,2.71,2.71,4,0
HEN,60,20250122,100000,2.71,2.75,2.71,2.75,1228,0
HEN,60,20250122,110000,2.75,2.78,2.66,2.77,1323,0
HEN,60,20250122,120000,2.75,2.75,2.66,2.66,126,0
HEN,60,20250122,130000,2.75,2.76,2.75,2.75,374,0
HEN,60,20250122,160000,2.74,2.74,2.66,2.66,1004,0
HEN,60,20250122,170000,2.67,2.67,2.63,2.67,2279,0
HEN,60,20250123,100000,2.67,2.67,2.6,2.6,1000,0
HEN,60,20250123,110000,2.71,2.71,2.71,2.71,16,0
HEN,60,20250123,120000,2.66,2.96,2.62,2.62,5885,0
HEN,60,20250123,130000,2.98,2.98,2.74,2.74,1613,0
HEN,60,20250123,140000,2.74,2.85,2.72,2.84,1008,0
HEN,60,20250123,170000,2.84,2.84,2.84,2.84,4,0
HEN,60,20250124,100000,2.83,2.84,2.83,2.83,12,0
HEN,60,20250124,110000,2.77,2.77,2.76,2.76,4200,0
HEN,60,20250124,120000,2.74,2.84,2.7,2.84,7011,0
HEN,60,20250124,130000,2.76,2.76,2.76,2.76,500,0
HEN,60,20250124,140000,2.84,2.84,2.83,2.83,12,0
HEN,60,20250124,150000,2.76,2.85,2.7,2.85,1364,0
HEN,60,20250124,170000,2.73,2.84,2.73,2.84,164,0
HEN,60,20250127,100000,2.82,2.85,2.82,2.85,301,0
HEN,60,20250127,110000,2.85,2.86,2.85,2.86,262,0
HEN,60,20250127,120000,2.83,2.86,2.83,2.83,1521,0
HEN,60,20250127,150000,2.82,2.82,2.82,2.82,7,0
HEN,60,20250128,100000,2.72,2.82,2.71,2.82,687,0
HEN,60,20250128,110000,2.8,2.8,2.8,2.8,10,0
HEN,60,20250128,130000,2.71,2.71,2.71,2.71,100,0
HEN,60,20250128,140000,2.7,2.79,2.7,2.79,628,0
HEN,60,20250128,150000,2.76,2.76,2.76,2.76,7,0
HEN,60,20250128,160000,2.73,2.73,2.73,2.73,179,0
HEN,60,20250128,170000,2.72,2.76,2.65,2.76,2429,0
HEN,60,20250129,100000,2.73,2.73,2.7,2.7,1000,0
HEN,60,20250129,110000,2.76,2.76,2.7,2.7,115,0
HEN,60,20250129,120000,2.76,2.76,2.75,2.75,8,0
HEN,60,20250129,140000,2.7,2.7,2.67,2.67,262,0
HEN,60,20250129,150000,2.68,2.7,2.67,2.68,5518,0
HEN,60,20250129,160000,2.7,2.7,2.65,2.65,1004,0
HEN,60,20250129,170000,2.7,2.7,2.64,2.64,2588,0
HEN,60,20250130,100000,2.74,2.74,2.73,2.73,1008,0
HEN,60,20250130,110000,2.69,2.73,2.69,2.73,1139,0
HEN,60,20250130,120000,2.67,2.74,2.6,2.74,3734,0
HEN,60,20250130,160000,2.75,2.75,2.75,2.75,6,0
HEN,60,20250131,100000,2.75,2.82,2.75,2.82,1026,0
HEN,60,20250131,110000,2.81,2.81,2.8,2.8,8,0
HEN,60,20250131,130000,2.71,2.8,2.7,2.7,1012,0
HEN,60,20250131,140000,2.75,2.76,2.74,2.74,33,0
HEN,60,20250131,160000,2.74,2.76,2.74,2.76,504,0
HEN,60,20250131,170000,2.73,2.73,2.72,2.72,12,0
HEN,60,20250203,100000,2.75,2.75,2.75,2.75,4,0
HEN,60,20250203,120000,2.71,2.71,2.71,2.71,714,0
HEN,60,20250203,130000,2.71,2.71,2.6,2.66,3415,0
HEN,60,20250203,140000,2.64,2.66,2.63,2.66,2104,0
HEN,60,20250203,150000,2.66,2.7,2.66,2.7,1324,0
HEN,60,20250203,160000,2.64,2.7,2.64,2.7,12,0
HEN,60,20250203,170000,2.65,2.65,2.64,2.65,624,0
HEN,60,20250204,100000,2.7,2.7,2.7,2.7,12,0
HEN,60,20250204,140000,2.64,2.64,2.61,2.61,800,0
HEN,60,20250204,150000,2.69,2.7,2.69,2.7,686,0
HEN,60,20250204,160000,2.7,2.7,2.7,2.7,930,0
HEN,60,20250204,170000,2.72,2.72,2.72,2.72,100,0
HEN,60,20250205,100000,2.72,2.72,2.63,2.71,414,0
HEN,60,20250205,110000,2.71,2.72,2.71,2.72,156,0
HEN,60,20250205,130000,2.72,2.76,2.72,2.76,676,0
HEN,60,20250205,170000,2.7,2.75,2.68,2.75,508,0
HEN,60,20250206,100000,2.74,2.75,2.66,2.75,304,0
HEN,60,20250206,110000,2.74,2.74,2.74,2.74,12,0
HEN,60,20250206,120000,2.74,2.76,2.65,2.73,2671,0
HEN,60,20250206,130000,2.72,2.72,2.72,2.72,996,0
HEN,60,20250206,160000,2.72,2.72,2.6,2.69,2008,0
HEN,60,20250206,170000,2.64,2.71,2.64,2.69,1654,0
HEN,60,20250207,100000,2.68,2.7,2.61,2.7,1598,0
HEN,60,20250207,110000,2.64,2.67,2.64,2.64,26,0
HEN,60,20250207,120000,2.67,2.7,2.67,2.7,808,0
HEN,60,20250207,130000,2.66,2.66,2.66,2.66,20,0
HEN,60,20250207,140000,2.68,2.68,2.68,2.68,4,0
HEN,60,20250207,150000,2.67,2.67,2.66,2.66,10,0
HEN,60,20250207,160000,2.68,2.68,2.68,2.68,6,0
HEN,60,20250207,170000,2.68,2.7,2.68,2.7,400,0
HEN,60,20250210,100000,2.69,2.69,2.64,2.69,1547,0
HEN,60,20250210,110000,2.68,2.7,2.64,2.7,1418,0
HEN,60,20250210,120000,2.68,2.72,2.64,2.72,1830,0
HEN,60,20250210,130000,2.65,2.71,2.64,2.71,5849,0
HEN,60,20250210,140000,2.69,2.69,2.69,2.69,4,0
HEN,60,20250210,150000,2.65,2.65,2.61,2.61,3000,0
HEN,60,20250210,160000,2.68,2.71,2.68,2.71,1400,0
HEN,60,20250210,170000,2.7,2.7,2.7,2.7,500,0
HEN,60,20250211,100000,2.7,2.7,2.68,2.7,4930,0
HEN,60,20250211,110000,2.7,2.7,2.7,2.7,1270,0
HEN,60,20250211,120000,2.7,2.7,2.69,2.7,508,0
HEN,60,20250211,170000,2.7,2.7,2.7,2.7,1318,0
HEN,60,20250212,100000,2.7,2.7,2.69,2.69,74,0
HEN,60,20250212,110000,2.65,2.65,2.65,2.65,100,0
HEN,60,20250212,120000,2.69,2.69,2.65,2.69,87,0
HEN,60,20250212,140000,2.68,2.68,2.68,2.68,12,0
HEN,60,20250212,170000,2.67,2.68,2.67,2.68,525,0
HEN,60,20250213,100000,2.7,2.7,2.7,2.7,204,0
HEN,60,20250213,110000,2.7,2.7,2.7,2.7,922,0
HEN,60,20250213,120000,2.7,2.7,2.7,2.7,59,0
HEN,60,20250213,130000,2.67,2.67,2.6,2.6,2384,0
HEN,60,20250213,140000,2.69,2.69,2.68,2.68,12,0
HEN,60,20250213,150000,2.67,2.67,2.61,2.66,2525,0
HEN,60,20250213,160000,2.64,2.66,2.64,2.66,626,0
HEN,60,20250213,170000,2.64,2.64,2.64,2.64,543,0
HEN,60,20250214,100000,2.66,2.66,2.66,2.66,12,0
HEN,60,20250214,110000,2.63,2.63,2.6,2.6,1868,0
HEN,60,20250214,120000,2.6,2.63,2.6,2.62,185,0
HEN,60,20250214,130000,2.62,2.62,2.62,2.62,360,0
HEN,60,20250214,140000,2.61,2.61,2.58,2.58,1044,0
HEN,60,20250214,150000,2.58,2.61,2.58,2.61,1000,0
HEN,60,20250217,100000,2.63,2.92,2.63,2.75,11454,0
HEN,60,20250217,110000,2.74,2.8,2.72,2.8,1595,0
HEN,60,20250217,120000,2.8,2.8,2.8,2.8,75,0
HEN,60,20250217,130000,2.78,2.8,2.72,2.8,1204,0
HEN,60,20250217,140000,2.79,2.79,2.72,2.79,20,0
HEN,60,20250217,160000,2.79,2.8,2.79,2.8,600,0
HEN,60,20250630,120000,2.65,2.65,2.65,2.65,4330,0
HEN,60,20250630,160000,2.5,2.5,2.5,2.5,4214,0
HEN,60,20250701,120000,2.45,2.45,2.45,2.45,4322,0
HEN,60,20250701,160000,2.37,2.37,2.37,2.37,2297,0
HEN,60,20250702,120000,2.22,2.22,2.22,2.22,4215,0
HEN,60,20250702,160000,2.25,2.25,2.25,2.25,5929,0
HEN,60,20250703,120000,2.12,2.12,2.12,2.12,5400,0
HEN,60,20250703,160000,2.13,2.13,2.13,2.13,879,0
HEN,60,20250704,120000,2.18,2.18,2.18,2.18,490,0
HEN,60,20250704,160000,2.03,2.03,2.03,2.03,7500,0
HEN,60,20250707,120000,2.05,2.05,2.05,2.05,1358,0
HEN,60,20250707,160000,2.05,2.05,2.05,2.05,1772,0
HEN,60,20250708,120000,2.06,2.06,2.06,2.06,1004,0
HEN,60,20250708,160000,2.06,2.06,2.06,2.06,1590,0
HEN,60,20250709,120000,1.88,1.88,1.88,1.88,11400,0
HEN,60,20250709,160000,2.1,2.1,2.1,2.1,2254,0
HEN,60,20250710,120000,2.11,2.11,2.11,2.11,1151,0
HEN,60,20250710,160000,2.11,2.11,2.11,2.11,1700,0
HEN,60,20250711,120000,2.11,2.11,2.11,2.11,2801,0
HEN,60,20250711,160000,2.11,2.11,2.11,2.11,218,0
HEN,60,20250714,120000,2.14,2.14,2.14,2.14,2450,0
HEN,60,20250714,160000,2.15,2.15,2.15,2.15,1326,0
HEN,60,20250715,120000,2.2,2.2,2.2,2.2,1261,0
HEN,60,20250715,160000,2.34,2.34,2.34,2.34,1368,0
HEN,60,20250716,120000,2.34,2.34,2.34,2.34,1809,0
HEN,60,20250716,160000,2.34,2.34,2.34,2.34,1433,0
HEN,60,20250717,120000,2.2,2.2,2.2,2.2,1205,0
HEN,60,20250717,160000,2.25,2.25,2.25,2.25,700,0
HEN,60,20250718,120000,2.25,2.25,2.25,2.25,1069,0
HEN,60,20250718,160000,2.44,2.44,2.44,2.44,2466,0
HEN,60,20250721,120000,2.18,2.18,2.18,2.18,1500,0
HEN,60,20250721,160000,2.29,2.29,2.29,2.29,910,0
HEN,60,20250722,120000,2.29,2.29,2.29,2.29,1497,0
HEN,60,20250722,160000,2.2,2.2,2.2,2.2,651,0
HEN,60,20250723,120000,2.2,2.2,2.2,2.2,301,0
HEN,60,20250723,160000,2.2,2.2,2.2,2.2,1502,0
HEN,60,20250724,120000,2.2,2.2,2.2,2.2,1000,0
HEN,60,20250724,160000,2.2,2.2,2.2,2.2,900,0
HEN,60,20250725,120000,2.29,2.29,2.29,2.29,1245,0
HEN,60,20250725,160000,2.5,2.5,2.5,2.5,605,0
HEN,60,20250729,120000,2.48,2.48,2.46,2.46,4450,0
HEN,60,20250729,160000,2.4,2.4,2.4,2.4,2080,0
HEN,60,20250730,120000,2.4,2.4,2.4,2.4,550,0
HEN,60,20250730,160000,2.4,2.4,2.4,2.4,2153,0
HEN,60,20250731,120000,2.4,2.4,2.4,2.4,3000,0
HEN,60,20250731,160000,2.39,2.39,2.39,2.39,1146,0
HEN,60,20250801,120000,2.38,2.38,2.38,2.38,3075,0
HEN,60,20250801,160000,2.38,2.38,2.38,2.38,1944,0
HEN,60,20250804,120000,2.39,2.39,2.39,2.39,1704,0
HEN,60,20250804,160000,2.38,2.38,2.38,2.38,2076,0
HEN,60,20250805,120000,2.38,2.38,2.38,2.38,1097,0
HEN,60,20250805,160000,2.38,2.38,2.38,2.38,685,0
HEN,60,20250806,120000,2.36,2.36,2.36,2.36,2094,0
HEN,60,20250806,160000,2.38,2.38,2.38,2.38,1900,0
HEN,60,20250807,120000,2.39,2.39,2.39,2.39,1625,0
HEN,60,20250807,160000,2.39,2.39,2.39,2.39,500,0
HEN,60,20250808,120000,2.39,2.39,2.39,2.39,9000,0
HEN,60,20250808,160000,2.4,2.4,2.4,2.4,5400,0
HEN,60,20250811,120000,2.42,2.42,2.42,2.42,1500,0
HEN,60,20250811,160000,2.43,2.43,2.43,2.43,836,0
HEN,60,20250812,120000,2.42,2.42,2.42,2.42,2816,0
HEN,60,20250812,160000,2.42,2.42,2.42,2.42,1000,0
HEN,60,20250813,120000,2.4,2.4,2.4,2.4,4500,0
HEN,60,20250813,160000,2.41,2.41,2.41,2.41,1995,0
HEN,60,20250814,120000,2.5,2.5,2.5,2.5,5,0
HEN,60,20250814,160000,2.41,2.41,2.41,2.41,1052,0
HEN,60,20250818,120000,2.34,2.34,2.34,2.34,1581,0
HEN,60,20250818,160000,2.32,2.32,2.32,2.32,668,0
