<TICKER>,<PER>,<DATE>,<TIME>,<OPEN>,<HIGH>,<LOW>,<CLOSE>,<VOL>,<OPENINT>
INT,60,20240411,100000,5.64875,5.78542,5.64875,5.64875,403.91228067463857,0
INT,60,20240411,110000,5.64875,5.64875,5.64875,5.64875,4.390350876898245,0
INT,60,20240411,120000,5.78542,5.78542,5.78542,5.78542,63.660087715025,0
INT,60,20240411,130000,5.78542,5.83097,5.78542,5.78542,612.4539473273052,0
INT,60,20240411,140000,5.78542,5.78542,5.78542,5.78542,277.68969296381,0
INT,60,20240411,150000,5.64875,5.64875,5.64875,5.64875,219.51754384491224,0
INT,60,20240411,170000,5.64875,5.64875,5.64875,5.64875,8.78070175379649,0
INT,60,20240412,100000,5.78542,5.83097,5.78542,5.83097,1715.529605148,0
INT,60,20240412,110000,5.83097,5.83097,5.83097,5.83097,180.00438595283,0
INT,60,20240412,120000,5.83097,5.83097,5.83097,5.83097,182.19956139127717,0
INT,60,20240412,130000,5.78542,5.78542,5.78542,5.78542,1.0975877192245613,0
INT,60,20240412,160000,5.78542,5.78542,5.64875,5.64875,548.7938596122806,0
INT,60,20240415,100000,5.87653,5.87653,5.87653,5.87653,15.366228069143858,0
INT,60,20240415,120000,5.87653,5.87653,5.87653,5.87653,6.585526315347368,0
INT,60,20240415,140000,5.87653,5.87653,5.87653,5.87653,219.51754384491224,0
INT,60,20240415,150000,5.87653,5.87653,5.87653,5.87653,63.660087715025,0
INT,60,20240416,100000,5.87653,5.87653,5.87653,5.87653,341.34978067883856,0
INT,60,20240416,120000,5.87653,5.87653,5.64875,5.64875,439.03508768982,0
INT,60,20240416,130000,5.64875,5.64875,5.64875,5.64875,548.7938596122806,0
INT,60,20240416,160000,5.6943,5.6943,5.28432,5.28432,2414.692982294,0
INT,60,20240416,170000,5.46653,5.46653,5.28432,5.46653,985.63377186366,0
INT,60,20240417,100000,5.42098,5.42098,5.42098,5.42098,6.585526315347368,0
INT,60,20240417,110000,5.42098,5.46653,5.42098,5.46653,268.90899121002,0
INT,60,20240417,120000,5.46653,5.46653,5.46653,5.46653,366.59429822100344,0
INT,60,20240417,170000,5.51209,5.73986,5.51209,5.51209,435.74232453215,0
INT,60,20240418,100000,5.55764,5.73986,5.55764,5.73986,17.561403507593,0
INT,60,20240418,110000,5.73986,5.73986,5.73986,5.73986,2.1951754384491227,0
INT,60,20240419,140000,5.6943,5.6943,5.6943,5.6943,10.975877192245612,0
INT,60,20240422,100000,5.6943,5.6943,5.6943,5.6943,65.85526315347367,0
INT,60,20240422,120000,5.6943,5.6943,5.6943,5.6943,8.78070175379649,0
INT,60,20240422,160000,5.6943,5.6943,5.6943,5.6943,261.22587717545,0
INT,60,20240423,100000,5.6943,5.6943,5.6943,5.6943,3.292763157673684,0
INT,60,20240423,160000,5.6943,5.6943,5.6943,5.6943,276.59210524459,0
INT,60,20240424,110000,5.64875,5.64875,5.64875,5.64875,340.252192959614,0
INT,60,20240424,130000,5.6943,5.6943,5.64875,5.64875,17.561403507593,0
INT,60,20240425,160000,5.64875,5.64875,5.64875,5.64875,701.35855258449,0
INT,60,20240429,100000,5.73986,5.73986,5.73986,5.73986,16.463815788368418,0
INT,60,20240429,130000,5.73986,5.73986,5.73986,5.73986,24.14692982294,0
INT,60,20240429,170000,5.60319,5.60319,5.46653,5.46653,1201.8585525508945,0
INT,60,20240430,100000,5.55764,5.55764,5.55764,5.55764,331.47149120582,0
INT,60,20240430,110000,5.55764,5.55764,5.55764,5.55764,19.756578946042104,0
INT,60,20240430,150000,5.46653,5.46653,5.46653,5.46653,19.756578946042104,0
INT,60,20240430,170000,5.73986,5.73986,5.73986,5.73986,164.6381578836842,0
INT,60,20240502,100000,5.55764,5.55764,5.46653,5.46653,2140.2960524878945,0
INT,60,20240502,130000,5.46653,5.46653,5.46653,5.46653,1.0975877192245613,0
INT,60,20240502,140000,5.60319,5.60319,5.60319,5.60319,32.927631576736836,0
INT,60,20240506,110000,5.60319,5.60319,5.60319,5.60319,74.63596490727016,0
INT,60,20240506,120000,5.55764,5.55764,5.55764,5.55764,2.1951754384491227,0
INT,60,20240506,170000,5.37542,5.37542,5.37542,5.37542,4.390350876898245,0
INT,60,20240507,120000,5.60319,5.60319,5.60319,5.60319,4.390350876898245,0
INT,60,20240509,110000,5.42098,5.42098,5.42098,5.42098,503.79276312407,0
INT,60,20240509,160000,5.42098,5.55764,5.42098,5.55764,32.927631576737,0
INT,60,20240510,140000,5.55764,5.55764,5.55764,5.55764,274.3969298061403,0
INT,60,20240513,100000,5.60319,5.60319,5.60319,5.60319,10.975877192245612,0
INT,60,20240513,110000,5.60319,5.60319,5.60319,5.60319,307.32456138287716,0
INT,60,20240513,120000,5.73986,5.78542,5.73986,5.73986,673.91885960388,0
INT,60,20240514,110000,5.6943,5.6943,5.6943,5.6943,87.8070175379649,0
INT,60,20240515,130000,5.55764,5.6943,5.55764,5.6943,8.7807017537965,0
INT,60,20240515,150000,5.6943,5.6943,5.6943,5.6943,2285.177631425536,0
INT,60,20240516,100000,5.60319,5.60319,4.91988,5.1021,13659.47916575,0
INT,60,20240516,110000,5.32987,5.32987,5.01099,5.32987,4745.969297927,0
INT,60,20240516,120000,5.19321,5.19321,5.19321,5.19321,1423.571271834256,0
INT,60,20240516,130000,5.19321,5.28432,5.19321,5.28432,242.56688594863,0
INT,60,20240516,140000,5.28432,5.42098,5.28432,5.28432,1307.2269735965,0
INT,60,20240516,160000,5.28432,5.28432,5.28432,5.28432,329.2763157673684,0
INT,60,20240516,170000,5.28432,5.42098,5.28432,5.28432,2849.337719107,0
INT,60,20240517,130000,5.37542,5.37542,5.37542,5.37542,2.1951754384491227,0
INT,60,20240517,150000,5.28432,5.28432,5.28432,5.28432,6.585526315347368,0
INT,60,20240520,100000,5.28432,5.28432,5.19321,5.19321,626.72258767722,0
INT,60,20240520,120000,5.19321,5.23876,5.19321,5.23876,2223.7127191489612,0
INT,60,20240520,150000,5.14765,5.14765,5.14765,5.14765,80.12390350339297,0
INT,60,20240520,160000,5.23876,5.32987,5.23876,5.32987,550.9890350507297,0
INT,60,20240521,120000,5.19321,5.19321,5.19321,5.19321,10.975877192245612,0
INT,60,20240521,160000,5.23876,5.23876,5.23876,5.23876,54.87938596122806,0
INT,60,20240521,170000,5.23876,5.23876,5.23876,5.23876,164.6381578836842,0
INT,60,20240522,100000,5.23876,5.23876,5.23876,5.23876,170.126096479807,0
INT,60,20240522,150000,5.28432,5.28432,5.28432,5.28432,548.7938596122806,0
INT,60,20240522,160000,5.28432,5.28432,5.28432,5.28432,1446.6206139379717,0
INT,60,20240523,100000,5.28432,5.32987,5.28432,5.28432,814.41008766462,0
INT,60,20240523,170000,5.23876,5.23876,5.01099,5.01099,6933.461622341554,0
INT,60,20240524,100000,4.96544,4.96544,4.69211,4.69211,8050.8059205122,0
INT,60,20240524,110000,5.01099,5.1021,5.01099,5.1021,1648.5767542753,0
INT,60,20240524,120000,5.1021,5.14765,5.1021,5.14765,2195.1754384491223,0
INT,60,20240524,130000,4.96544,4.96544,4.96544,4.96544,2200.6633770452454,0
INT,60,20240524,140000,4.82877,4.82877,4.64655,4.73766,14514.499999025598,0
INT,60,20240524,150000,5.01099,5.01099,5.01099,5.01099,219.51754384491224,0
INT,60,20240527,100000,5.01099,5.01099,5.01099,5.01099,193.17543858352278,0
INT,60,20240527,110000,5.01099,5.05655,5.01099,5.05655,522.45175435089,0
INT,60,20240528,130000,5.14765,5.14765,4.91988,4.91988,46.098684207432,0
INT,60,20240528,140000,4.91988,4.91988,4.91988,4.91988,3.292763157673684,0
INT,60,20240528,160000,5.14765,5.14765,5.14765,5.14765,219.51754384491224,0
INT,60,20240529,120000,5.01099,5.01099,4.96544,4.96544,61.46491227657543,0
INT,60,20240531,100000,4.96544,4.96544,4.96544,4.96544,8.78070175379649,0
INT,60,20240531,120000,5.01099,5.01099,5.01099,5.01099,274.3969298061403,0
INT,60,20240531,140000,5.14765,5.14765,5.14765,5.14765,5.487938596122806,0
INT,60,20240603,100000,5.23876,5.28432,5.23876,5.28432,1804.4342104052,0
INT,60,20240603,110000,5.32987,5.32987,5.32987,5.32987,21.951754384491,0
INT,60,20240603,150000,5.28432,5.28432,5.28432,5.28432,63.66008771502456,0
INT,60,20240604,110000,5.23876,5.23876,5.23876,5.23876,299.64144734831,0
INT,60,20240604,130000,5.28432,5.28432,5.28432,5.28432,8.78070175379649,0
INT,60,20240605,100000,5.28432,5.28432,5.28432,5.28432,439.0350876898245,0
INT,60,20240605,110000,5.23876,5.23876,5.23876,5.23876,184.3947368297263,0
INT,60,20240605,120000,5.28432,5.28432,5.28432,5.28432,6.585526315347368,0
INT,60,20240605,130000,5.28432,5.28432,5.28432,5.28432,10.975877192245612,0
INT,60,20240605,170000,5.28432,5.28432,5.28432,5.28432,109.75877192245612,0
INT,60,20240606,130000,5.28432,5.28432,5.28432,5.28432,17.56140350759298,0
INT,60,20240606,170000,5.28432,5.28432,5.28432,5.28432,2.1951754384491227,0
INT,60,20240610,100000,5.32987,5.32987,5.32987,5.32987,4.390350876898245,0
INT,60,20240611,160000,5.23876,5.23876,4.91988,5.01099,1920.778508643,0
INT,60,20240612,130000,5.23876,5.37542,5.23876,5.37542,1046.0010964210069,0
INT,60,20240612,160000,5.37542,5.37542,5.37542,5.37542,2.1951754384491227,0
INT,60,20240613,100000,5.37542,5.37542,5.37542,5.37542,1.0975877192245613,0
INT,60,20240613,110000,5.37542,5.37542,5.37542,5.37542,60.367324557351,0
INT,60,20240617,100000,5.37542,5.37542,5.37542,5.37542,768.3114034571929,0
INT,60,20240617,130000,5.37542,5.37542,5.37542,5.37542,42.805921049758,0
INT,60,20240618,100000,5.23876,5.23876,5.23876,5.23876,10.975877192245612,0
INT,60,20240618,110000,5.37542,5.37542,5.37542,5.37542,1092.0997806284386,0
INT,60,20240618,120000,5.42098,5.42098,5.42098,5.42098,548.7938596122806,0
INT,60,20240619,100000,5.42098,5.46653,5.42098,5.46653,972.46271923296,0
INT,60,20240619,110000,5.46653,5.55764,5.46653,5.55764,166.83333332213,0
INT,60,20240619,160000,5.55764,5.60319,5.55764,5.60319,583.9166666274666,0
INT,60,20240619,170000,5.60319,5.60319,5.60319,5.60319,79.02631578416842,0
INT,60,20240620,100000,5.55764,5.55764,5.55764,5.55764,354.5208333095333,0
INT,60,20240620,110000,5.55764,5.83097,5.55764,5.83097,5510.9879382265,0
INT,60,20240620,140000,5.73986,5.73986,5.73986,5.73986,402.814692955414,0
INT,60,20240620,150000,5.73986,5.83097,5.73986,5.83097,1097.5877192245612,0
INT,60,20240620,170000,5.78542,5.92208,5.78542,5.92208,3106.1732454055,0
INT,60,20240621,100000,5.92208,5.92208,5.92208,5.92208,338.0570175211649,0
INT,60,20240621,130000,5.92208,5.92208,5.92208,5.92208,2500.3048243936,0
INT,60,20240621,170000,5.96763,5.96763,5.96763,5.96763,5.487938596122806,0
INT,60,20240624,100000,5.96763,6.14985,5.96763,6.14985,5344.1546049044,0
INT,60,20240624,120000,6.14985,6.14985,6.14985,6.14985,4.390350876898245,0
INT,60,20240624,140000,6.05874,6.05874,6.05874,6.05874,32.927631576736836,0
INT,60,20240624,150000,6.1043,6.1043,6.1043,6.1043,230.49342103715787,0
INT,60,20240624,160000,6.1043,6.1043,6.1043,6.1043,181.10197367205262,0
INT,60,20240624,170000,6.1043,6.1043,6.01319,6.01319,307.32456138287716,0
INT,60,20240625,100000,6.05874,6.1043,5.73986,6.1043,1684.7971490097016,0
INT,60,20240625,110000,6.05874,6.1043,6.05874,6.1043,428.05921049758,0
INT,60,20240625,130000,6.05874,6.05874,6.05874,6.05874,5.487938596122806,0
INT,60,20240625,140000,6.05874,6.05874,6.05874,6.05874,707.9440788998421,0
INT,60,20240625,170000,6.05874,6.05874,6.05874,6.05874,32.927631576736836,0
INT,60,20240626,100000,6.05874,6.1043,6.05874,6.1043,853.9232455567087,0
INT,60,20240626,110000,6.05874,6.05874,6.05874,6.05874,332.5690789250421,0
INT,60,20240626,120000,6.01319,6.01319,6.01319,6.01319,54.87938596122806,0
INT,60,20240626,130000,5.78542,5.78542,5.78542,5.78542,318.30043857512277,0
INT,60,20240626,160000,5.83097,5.83097,5.78542,5.78542,852.8256578374842,0
INT,60,20240626,170000,5.83097,5.83097,5.64875,5.64875,2937.1447366449,0
INT,60,20240627,100000,5.64875,5.64875,5.64875,5.64875,13.171052630694737,0
INT,60,20240627,110000,5.64875,5.6943,5.64875,5.6943,1103.0756578207,0
INT,60,20240627,140000,5.6943,5.6943,5.6943,5.6943,17.56140350759298,0
INT,60,20240627,160000,5.6943,5.6943,5.6943,5.6943,20.854166665266664,0
INT,60,20240628,100000,5.6943,5.6943,5.6943,5.6943,274.3969298061403,0
INT,60,20240628,130000,5.6943,5.6943,5.6943,5.6943,14.268640349919297,0
INT,60,20240628,140000,5.6943,5.92208,5.6943,5.92208,1206.2489034277928,0
INT,60,20240628,150000,5.87653,5.87653,5.87653,5.87653,299.64144734830523,0
INT,60,20240628,160000,5.87653,5.92208,5.87653,5.92208,2280.7872805486,0
INT,60,20240701,100000,6.41558,6.46494,5.47792,5.47792,584.5921052419,0
INT,60,20240701,110000,6.31688,6.31688,6.02078,6.02078,260.3815789379,0
INT,60,20240701,120000,6.07013,6.07013,6.07013,6.07013,151.97368420499998,0
INT,60,20240701,130000,6.07013,6.07013,6.02078,6.02078,894.6184210201,0
INT,60,20240701,140000,6.11948,6.11948,6.11948,6.11948,20.263157894,0
INT,60,20240701,160000,6.11948,6.11948,6.11948,6.11948,182.36842104599998,0
INT,60,20240702,100000,5.72468,6.02078,5.47792,6.02078,825.7236841805,0
INT,60,20240702,150000,5.92208,5.92208,5.92208,5.92208,3.0394736841,0
INT,60,20240702,160000,5.92208,5.92208,5.92208,5.92208,8.1052631576,0
INT,60,20240703,110000,5.72468,5.72468,5.72468,5.72468,709.21052629,0
INT,60,20240703,120000,5.77403,5.77403,5.77403,5.77403,476.18421050899997,0
INT,60,20240703,130000,5.77403,5.87273,5.77403,5.87273,125.6315789428,0
INT,60,20240703,160000,5.87273,5.87273,5.87273,5.87273,212.76315788699998,0
INT,60,20240704,140000,5.87273,5.92208,5.87273,5.92208,5.0657894735,0
INT,60,20240704,160000,5.92208,5.92208,5.92208,5.92208,348.5263157768,0
INT,60,20240705,150000,6.02078,6.07013,6.02078,6.07013,84.0921052601,0
INT,60,20240710,140000,5.92208,5.92208,5.92208,5.92208,2.0263157894,0
INT,60,20240710,160000,5.82338,5.92208,5.82338,5.92208,32.4210526304,0
INT,60,20240711,110000,5.92208,5.92208,5.92208,5.92208,371.8289473549,0
INT,60,20240711,150000,6.02078,6.02078,6.02078,6.02078,10.131578947,0
INT,60,20240711,170000,6.02078,6.02078,6.02078,6.02078,417.4210526164,0
INT,60,20240712,130000,6.07013,6.07013,6.07013,6.07013,5.0657894735,0
INT,60,20240712,140000,6.07013,6.07013,6.07013,6.07013,324.210526304,0
INT,60,20240712,170000,6.07013,6.07013,6.07013,6.07013,1064.8289473297,0
INT,60,20240715,120000,5.92208,6.16883,5.92208,6.16883,31.4078947357,0
INT,60,20240715,140000,6.16883,6.16883,6.16883,6.16883,15.197368420499998,0
INT,60,20240715,170000,6.07013,6.07013,6.02078,6.02078,206.6842105188,0
INT,60,20240716,100000,6.16883,6.16883,6.16883,6.16883,273.55263156899997,0
INT,60,20240716,110000,6.11948,6.16883,6.11948,6.16883,20.263157894,0
INT,60,20240717,160000,6.11948,6.11948,6.11948,6.11948,202.63157894,0
INT,60,20240718,120000,6.11948,6.11948,6.11948,6.11948,10.131578947,0
INT,60,20240718,160000,6.07013,6.07013,6.07013,6.07013,50.657894735,0
INT,60,20240719,120000,6.02078,6.02078,6.02078,6.02078,405.26315788,0
INT,60,20240719,130000,6.02078,6.02078,6.02078,6.02078,163.11842104669998,0
INT,60,20240719,140000,6.02078,6.02078,6.02078,6.02078,353.5921052503,0
INT,60,20240719,150000,6.11948,6.11948,6.11948,6.11948,131.710526311,0
INT,60,20240722,100000,5.92208,5.92208,5.92208,5.92208,314.078947357,0
INT,60,20240722,110000,5.97143,6.07013,5.97143,6.07013,345.4868420927,0
INT,60,20240723,100000,5.92208,6.11948,5.92208,5.97143,661.5921052391,0
INT,60,20240723,110000,5.92208,5.92208,5.92208,5.92208,338.39473682979997,0
INT,60,20240723,120000,5.92208,6.02078,5.92208,6.02078,2940.1842104193997,0
INT,60,20240723,140000,6.02078,6.02078,6.02078,6.02078,18.2368421046,0
INT,60,20240723,160000,6.02078,6.02078,6.02078,6.02078,2.0263157894,0
INT,60,20240724,120000,5.92208,5.92208,5.92208,5.92208,239.1052631492,0
INT,60,20240724,140000,5.92208,5.92208,5.92208,5.92208,861.184210495,0
INT,60,20240726,100000,5.97143,5.97143,5.97143,5.97143,340.4210526192,0
INT,60,20240729,110000,5.97143,5.97143,5.97143,5.97143,758.8552631302999,0
INT,60,20240729,130000,5.97143,5.97143,5.97143,5.97143,2.0263157894,0
INT,60,20240729,140000,5.92208,5.92208,5.92208,5.92208,16.2105263152,0
INT,60,20240730,100000,5.97143,5.97143,5.97143,5.97143,2.0263157894,0
INT,60,20240730,110000,5.92208,5.92208,5.92208,5.92208,101.31578947,0
INT,60,20240731,100000,5.97143,5.97143,5.97143,5.97143,2.0263157894,0
INT,60,20240731,130000,5.92208,5.97143,5.92208,5.97143,99.2894736806,0
INT,60,20240801,100000,6.02078,6.02078,6.02078,6.02078,302.9342105153,0
INT,60,20240801,110000,6.02078,6.02078,5.97143,5.97143,872.3289473366999,0
INT,60,20240801,120000,5.97143,5.97143,5.97143,5.97143,207.6973684135,0
INT,60,20240801,130000,5.97143,5.97143,5.97143,5.97143,114.4868421011,0
INT,60,20240802,100000,5.97143,5.97143,5.97143,5.97143,147.92105262619998,0
INT,60,20240802,130000,5.97143,5.97143,5.97143,5.97143,10.131578947,0
INT,60,20240802,170000,5.92208,5.92208,5.82338,5.82338,202.63157894,0
INT,60,20240805,100000,5.47792,5.47792,5.42857,5.42857,1256.315789428,0
INT,60,20240805,120000,5.47792,5.47792,5.47792,5.47792,28.3684210516,0
INT,60,20240805,130000,5.47792,5.47792,5.42857,5.42857,31.4078947357,0
INT,60,20240805,140000,5.42857,5.42857,5.42857,5.42857,20.263157894,0
INT,60,20240805,160000,5.47792,5.47792,5.47792,5.47792,246.1973684121,0
INT,60,20240806,140000,5.72468,5.72468,5.72468,5.72468,5.0657894735,0
INT,60,20240807,120000,5.72468,5.72468,5.72468,5.72468,354.605263145,0
INT,60,20240807,140000,5.82338,5.82338,5.82338,5.82338,5.0657894735,0
INT,60,20240808,110000,5.82338,5.82338,5.82338,5.82338,4.0526315788,0
INT,60,20240808,120000,5.82338,5.82338,5.82338,5.82338,4.0526315788,0
INT,60,20240808,170000,5.82338,5.82338,5.82338,5.82338,1440.7105262634,0
INT,60,20240809,140000,5.82338,5.82338,5.82338,5.82338,5.0657894735,0
INT,60,20240809,160000,5.82338,5.82338,5.82338,5.82338,103.3421052594,0
INT,60,20240812,100000,5.92208,5.92208,5.92208,5.92208,169.19736841489998,0
INT,60,20240812,170000,5.92208,5.92208,5.92208,5.92208,243.15789472799997,0
INT,60,20240813,100000,5.92208,5.92208,5.77403,5.77403,253.28947367499998,0
INT,60,20240813,150000,5.82338,5.97143,5.82338,5.97143,909.8157894405999,0
INT,60,20240816,140000,5.92208,5.92208,5.92208,5.92208,91.18421052299999,0
INT,60,20240816,150000,6.02078,6.02078,6.02078,6.02078,50.657894735,0
INT,60,20240819,100000,5.97143,5.97143,5.97143,5.97143,15.197368420499998,0
INT,60,20240819,140000,5.97143,5.97143,5.97143,5.97143,88.1447368389,0
INT,60,20240820,110000,6.02078,6.02078,6.02078,6.02078,2.0263157894,0
INT,60,20240821,120000,5.87273,5.87273,5.87273,5.87273,27.355263156899998,0
INT,60,20240822,160000,5.82338,6.07013,5.82338,6.07013,1420.4473683694,0
INT,60,20240822,170000,6.07013,6.11948,6.07013,6.11948,980.7368420695999,0
INT,60,20240823,110000,6.11948,6.41558,6.11948,6.41558,1582.5526315214,0
INT,60,20240823,170000,5.92208,5.92208,5.87273,5.87273,6.0789473682,0
INT,60,20240826,100000,5.87273,5.87273,5.52727,5.82338,513.6710526129,0
INT,60,20240826,110000,5.87273,5.87273,5.87273,5.87273,27.3552631569,0
INT,60,20240826,170000,5.87273,5.87273,5.87273,5.87273,30.394736840999997,0
INT,60,20240827,110000,6.02078,6.02078,6.02078,6.02078,362.7105263026,0
INT,60,20240828,100000,6.31688,6.31688,6.31688,6.31688,8.1052631576,0
INT,60,20240828,120000,6.31688,6.31688,6.31688,6.31688,273.55263156899997,0
INT,60,20240902,100000,6.31688,6.31688,6.31688,6.31688,101.31578947,0
INT,60,20240902,120000,6.31688,6.36623,6.31688,6.31688,3135.7236840964997,0
INT,60,20240902,150000,6.36623,6.36623,6.36623,6.36623,20.263157894,0
INT,60,20240903,120000,6.31688,6.31688,6.31688,6.31688,1013.1578946999999,0
INT,60,20240903,130000,6.31688,6.31688,6.31688,6.31688,202.63157894,0
INT,60,20240903,150000,6.36623,6.36623,6.36623,6.36623,87.1315789442,0
INT,60,20240904,110000,6.31688,6.31688,6.31688,6.31688,7.0921052629,0
INT,60,20240904,120000,6.31688,6.31688,6.31688,6.31688,296.8552631471,0
INT,60,20240904,130000,6.31688,6.31688,6.26753,6.26753,717.3157894476,0
INT,60,20240904,150000,6.31688,6.31688,6.26753,6.26753,1016.1973683841,0
INT,60,20240905,130000,6.36623,6.36623,6.36623,6.36623,23.302631578099998,0
INT,60,20240906,100000,6.36623,6.36623,6.36623,6.36623,45.592105261499995,0
INT,60,20240909,130000,6.16883,6.16883,6.11948,6.11948,1215.7894736399999,0
INT,60,20240909,140000,6.21818,6.21818,6.21818,6.21818,322.1842105146,0
INT,60,20240909,160000,6.31688,6.31688,6.31688,6.31688,9.1184210523,0
INT,60,20240909,170000,6.31688,6.31688,6.11948,6.11948,1406.2631578435999,0
INT,60,20240910,110000,6.16883,6.16883,6.16883,6.16883,455.92105261499995,0
INT,60,20240911,100000,6.36623,6.36623,6.36623,6.36623,2.0263157894,0
INT,60,20240911,140000,6.21818,6.21818,6.11948,6.11948,759.868421025,0
INT,60,20240911,150000,6.21818,6.21818,6.11948,6.21818,1489.342105209,0
INT,60,20240911,160000,6.07013,6.07013,5.92208,5.92208,280.6447368319,0
INT,60,20240911,170000,6.02078,6.02078,5.97143,5.97143,506.57894734999996,0
INT,60,20240912,130000,6.21818,6.21818,6.21818,6.21818,2.0263157894,0
INT,60,20240912,140000,6.21818,6.36623,6.21818,6.36623,2474.1315788573997,0
INT,60,20240913,100000,6.36623,6.36623,6.36623,6.36623,455.921052615,0
INT,60,20240913,130000,6.41558,6.41558,6.41558,6.41558,10.131578947,0
INT,60,20240913,150000,6.36623,6.36623,6.36623,6.36623,497.46052629769997,0
INT,60,20240916,160000,6.41558,6.41558,6.41558,6.41558,50.657894735,0
INT,60,20240917,110000,6.41558,6.61299,6.41558,6.61299,60.78947368199999,0
INT,60,20240917,120000,6.56364,6.61299,6.56364,6.61299,752.7763157621,0
INT,60,20240917,130000,6.36623,6.36623,6.36623,6.36623,10.131578947,0
INT,60,20240917,150000,6.41558,6.41558,6.41558,6.41558,1003.026315753,0
INT,60,20240918,120000,6.41558,6.41558,6.41558,6.41558,1.0131578947,0
INT,60,20240918,130000,6.31688,6.31688,6.31688,6.31688,5.0657894735,0
INT,60,20240918,150000,6.56364,6.61299,6.56364,6.61299,30.394736840999997,0
INT,60,20240919,110000,6.61299,6.61299,6.61299,6.61299,30.394736840999997,0
INT,60,20240919,120000,6.61299,6.71169,6.61299,6.71169,1105.3552631177,0
INT,60,20240920,160000,6.51429,6.51429,6.51429,6.51429,151.97368420499998,0
INT,60,20240920,170000,6.71169,6.71169,6.71169,6.71169,43.5657894721,0
INT,60,20240923,100000,6.71169,6.71169,6.71169,6.71169,60.78947368199999,0
INT,60,20240923,140000,6.51429,6.51429,6.51429,6.51429,2.0263157894,0
INT,60,20240923,170000,6.71169,6.71169,6.71169,6.71169,2234.0131578134997,0
INT,60,20240924,100000,6.71169,6.71169,6.71169,6.71169,298.8815789365,0
INT,60,20240924,140000,6.71169,6.71169,6.71169,6.71169,2.0263157894,0
INT,60,20240924,150000,6.71169,6.71169,6.71169,6.71169,3885.4605261744996,0
INT,60,20240924,160000,6.66234,6.66234,6.66234,6.66234,2.0263157894,0
INT,60,20240925,100000,6.71169,6.76104,6.71169,6.76104,2167.1447367633,0
INT,60,20240925,120000,6.76104,6.90909,6.61299,6.61299,324.210526304,0
INT,60,20240925,150000,6.85974,6.85974,6.85974,6.85974,295.84210525239996,0
INT,60,20240925,170000,6.85974,6.85974,6.85974,6.85974,319.1447368305,0
INT,60,20240926,100000,6.85974,6.85974,6.61299,6.61299,109.42105262759999,0
INT,60,20240926,120000,6.71169,6.71169,6.71169,6.71169,3.0394736841,0
INT,60,20240926,130000,6.71169,6.71169,6.71169,6.71169,283.684210516,0
INT,60,20240927,110000,6.90909,6.90909,6.90909,6.90909,289.7631578842,0
INT,60,20240927,140000,6.90909,6.90909,6.90909,6.90909,2722.3552630588997,0
INT,60,20240930,120000,6.95844,6.95844,6.95844,6.95844,4.0526315788,0
INT,60,20240930,130000,7.20519,7.4026,6.66234,7.4026,365.7499999867,0
INT,60,20240930,160000,7.25455,7.35325,7.25455,7.35325,40.526315788,0
INT,60,20241001,100000,7.3039,7.3039,7.3039,7.3039,13.1710526311,0
INT,60,20241001,140000,7.3039,7.3039,7.3039,7.3039,5.0657894735,0
INT,60,20241002,100000,7.3039,7.3039,7.3039,7.3039,273.55263156899997,0
INT,60,20241002,130000,7.10649,7.10649,6.95844,6.95844,401.2105263012,0
INT,60,20241002,170000,6.95844,7.00779,6.95844,7.00779,6.0789473682,0
INT,60,20241003,100000,7.00779,7.00779,6.66234,6.66234,305.9736841994,0
INT,60,20241003,110000,7.00779,7.00779,7.00779,7.00779,131.710526311,0
INT,60,20241003,150000,7.00779,7.00779,6.90909,6.90909,464.02631577259996,0
INT,60,20241004,160000,6.90909,7.05714,6.90909,7.05714,410.3289473535,0
INT,60,20241007,100000,7.25455,7.25455,7.25455,7.25455,2.0263157894,0
INT,60,20241007,140000,7.20519,7.20519,7.20519,7.20519,10.131578947,0
INT,60,20241007,170000,7.10649,7.10649,7.10649,7.10649,205.67105262409999,0
INT,60,20241008,130000,7.10649,7.10649,7.10649,7.10649,10.131578947,0
INT,60,20241008,160000,7.10649,7.25455,7.10649,7.25455,37.486842103899995,0
INT,60,20241009,100000,6.95844,6.95844,6.95844,6.95844,6.0789473682,0
INT,60,20241009,140000,6.95844,6.95844,6.95844,6.95844,1.0131578947,0
INT,60,20241011,160000,7.15584,7.15584,7.15584,7.15584,7.0921052629,0
INT,60,20241014,110000,7.25455,7.25455,7.25455,7.25455,81.052631576,0
INT,60,20241016,100000,6.95844,6.95844,6.90909,6.90909,50.657894735,0
INT,60,20241016,130000,6.90909,6.90909,6.66234,6.66234,1013.1578946999999,0
INT,60,20241016,150000,6.66234,6.66234,6.66234,6.66234,20.263157894,0
INT,60,20241017,110000,6.90909,6.90909,6.90909,6.90909,386.0131578807,0
INT,60,20241018,150000,7.05714,7.05714,7.05714,7.05714,227.96052630749998,0
INT,60,20241021,170000,6.85974,7.10649,6.85974,7.10649,29.3815789463,0
INT,60,20241022,150000,6.85974,6.85974,6.81039,6.81039,709.21052629,0
INT,60,20241022,160000,6.81039,6.81039,6.81039,6.81039,25.3289473675,0
INT,60,20241023,110000,6.81039,6.81039,6.71169,6.71169,419.4473684058,0
INT,60,20241023,130000,6.66234,6.66234,6.51429,6.51429,239.1052631492,0
INT,60,20241023,150000,6.81039,6.81039,6.81039,6.81039,2.0263157894,0
INT,60,20241024,100000,6.51429,6.51429,6.51429,6.51429,10.131578947,0
INT,60,20241024,110000,6.51429,6.51429,6.51429,6.51429,91.18421052299999,0
INT,60,20241024,140000,6.51429,6.51429,6.51429,6.51429,318.1315789358,0
INT,60,20241024,150000,6.26753,6.26753,6.07013,6.07013,56.7368421032,0
INT,60,20241024,160000,6.61299,6.61299,6.61299,6.61299,97.2631578912,0
INT,60,20241024,170000,6.71169,6.76104,6.71169,6.76104,6.0789473682,0
INT,60,20241025,100000,6.31688,6.31688,6.26753,6.26753,6.0789473682,0
INT,60,20241025,110000,6.51429,6.51429,6.51429,6.51429,307.99999998879997,0
INT,60,20241025,120000,6.76104,6.76104,6.76104,6.76104,699.078947343,0
INT,60,20241025,160000,6.76104,6.81039,6.76104,6.81039,12.1578947364,0
INT,60,20241025,170000,6.76104,6.76104,6.76104,6.76104,1013.1578946999999,0
INT,60,20241028,110000,6.46494,6.46494,6.46494,6.46494,12.1578947364,0
INT,60,20241028,120000,6.46494,6.46494,6.46494,6.46494,204.6578947294,0
INT,60,20241028,140000,6.51429,6.51429,6.51429,6.51429,303.94736840999997,0
INT,60,20241029,100000,6.51429,6.51429,6.51429,6.51429,5.0657894735,0
INT,60,20241029,170000,6.51429,6.51429,6.51429,6.51429,2.0263157894,0
INT,60,20241031,100000,6.41558,6.71169,6.41558,6.71169,83.0789473654,0
INT,60,20241104,110000,6.71169,6.71169,6.71169,6.71169,2.0263157894,0
INT,60,20241104,160000,6.71169,6.71169,6.71169,6.71169,2.0263157894,0
INT,60,20241106,110000,6.81039,6.90909,6.81039,6.90909,1598.7631578366,0
INT,60,20241106,130000,6.90909,6.90909,6.90909,6.90909,7.0921052629,0
INT,60,20241106,140000,6.81039,6.81039,6.81039,6.81039,73.96052631309999,0
INT,60,20241106,170000,6.66234,6.66234,6.66234,6.66234,10.131578947,0
INT,60,20241107,110000,6.81039,6.81039,6.81039,6.81039,288.7499999895,0
INT,60,20241107,130000,6.66234,6.66234,6.66234,6.66234,4.0526315788,0
INT,60,20241108,150000,6.81039,6.90909,6.81039,6.90909,206.6842105188,0
INT,60,20241108,160000,6.90909,7.20519,6.90909,7.20519,200.6052631506,0
INT,60,20241112,100000,7.10649,7.10649,6.85974,6.85974,305.9736841994,0
INT,60,20241112,110000,6.90909,6.90909,6.90909,6.90909,2.0263157894,0
INT,60,20241112,150000,6.95844,6.95844,6.95844,6.95844,121.57894736399999,0
INT,60,20241112,160000,6.90909,6.90909,6.90909,6.90909,528.8684210334,0
INT,60,20241113,110000,6.85974,6.85974,6.85974,6.85974,2.0263157894,0
INT,60,20241113,140000,6.81039,6.81039,6.76104,6.76104,759.868421025,0
INT,60,20241113,170000,6.76104,6.76104,6.76104,6.76104,196.5526315718,0
INT,60,20241114,110000,6.71169,6.71169,6.71169,6.71169,555.2105262956,0
INT,60,20241114,120000,6.71169,6.71169,6.71169,6.71169,3.0394736841,0
INT,60,20241114,170000,6.90909,6.90909,6.90909,6.90909,410.3289473535,0
INT,60,20241115,100000,6.90909,6.95844,6.90909,6.95844,2.0263157894,0
INT,60,20241115,150000,6.71169,6.71169,6.66234,6.66234,825.7236841805,0
INT,60,20241120,110000,6.71169,6.71169,6.61299,6.71169,455.921052615,0
INT,60,20241128,120000,6.81039,6.81039,6.61299,6.61299,499.4868420871,0
INT,60,20241128,130000,6.56364,6.90909,6.56364,6.90909,1484.2763157355,0
INT,60,20241129,100000,6.90909,6.90909,6.90909,6.90909,2472.105263068,0
INT,60,20241129,130000,6.81039,6.81039,6.81039,6.81039,4.0526315788,0
INT,60,20241129,140000,6.81039,6.81039,6.81039,6.81039,116.5131578905,0
INT,60,20241129,160000,6.81039,6.95844,6.71169,6.95844,911.8421052299999,0
INT,60,20241129,170000,6.90909,6.90909,6.90909,6.90909,288.7499999895,0
INT,60,20241202,100000,6.71169,6.71169,6.71169,6.71169,5.0657894735,0
INT,60,20241202,120000,6.71169,6.71169,6.61299,6.61299,198.5789473612,0
INT,60,20241202,130000,6.66234,6.66234,6.66234,6.66234,4060.7368419576,0
INT,60,20241202,140000,6.66234,6.66234,6.66234,6.66234,121.57894736399999,0
INT,60,20241203,120000,6.76104,6.81039,6.76104,6.81039,156.0263157838,0
INT,60,20241203,140000,6.81039,6.81039,6.81039,6.81039,1.0131578947,0
INT,60,20241204,100000,6.81039,6.81039,6.81039,6.81039,11.144736841699999,0
INT,60,20241204,170000,6.81039,6.81039,6.81039,6.81039,67.8815789449,0
INT,60,20241205,140000,6.76104,6.76104,6.76104,6.76104,1013.1578946999999,0
INT,60,20241205,150000,6.81039,6.81039,6.81039,6.81039,14.1842105258,0
INT,60,20241205,160000,6.81039,6.81039,6.66234,6.66234,9.1184210523,0
INT,60,20241209,100000,6.71169,6.71169,6.71169,6.71169,247.21052630679998,0
INT,60,20241209,110000,6.81039,6.81039,6.81039,6.81039,67.8815789449,0
INT,60,20241209,120000,6.81039,6.90909,6.81039,6.90909,104.3552631541,0
INT,60,20241209,130000,7.20519,7.20519,7.20519,7.20519,81.052631576,0
INT,60,20241210,100000,7.00779,7.00779,7.00779,7.00779,59.7763157873,0
INT,60,20241210,110000,7.00779,7.00779,6.85974,6.85974,6.0789473682,0
INT,60,20241210,120000,6.85974,6.85974,6.85974,6.85974,10.131578947,0
INT,60,20241210,130000,7.00779,7.00779,7.00779,7.00779,5.0657894735,0
INT,60,20241210,170000,7.00779,7.00779,7.00779,7.00779,6.0789473682,0
INT,60,20241211,140000,6.90909,6.90909,6.76104,6.76104,638.289473661,0
INT,60,20241213,120000,6.85974,6.85974,6.85974,6.85974,4.0526315788,0
INT,60,20241216,100000,6.85974,6.85974,6.85974,6.85974,198.5789473612,0
INT,60,20241217,120000,6.71169,6.85974,6.71169,6.85974,32.4210526304,0
INT,60,20241217,130000,6.85974,6.85974,6.85974,6.85974,303.94736840999997,0
INT,60,20241217,140000,6.85974,6.85974,6.85974,6.85974,52.6842105244,0
INT,60,20241217,170000,6.85974,6.85974,6.85974,6.85974,34.4473684198,0
INT,60,20241218,130000,6.90909,6.90909,6.90909,6.90909,7.0921052629,0
INT,60,20241218,150000,6.85974,6.85974,6.85974,6.85974,776.0789473402,0
INT,60,20241218,160000,6.81039,6.81039,6.81039,6.81039,14.1842105258,0
INT,60,20241219,130000,6.81039,6.81039,6.81039,6.81039,93.21052631239999,0
INT,60,20241219,150000,6.81039,6.95844,6.81039,6.95844,3123.5657893601,0
INT,60,20241219,160000,6.81039,6.81039,6.81039,6.81039,3039.4736841,0
INT,60,20241219,170000,6.95844,7.00779,6.95844,7.00779,202.63157894,0
INT,60,20241220,100000,7.00779,7.00779,7.00779,7.00779,14.1842105258,0
INT,60,20241220,130000,7.00779,7.00779,7.00779,7.00779,196.5526315718,0
INT,60,20241220,160000,7.00779,7.00779,7.00779,7.00779,50.657894735,0
INT,60,20241220,170000,7.00779,7.00779,7.00779,7.00779,202.63157894,0
INT,60,20241223,110000,6.90909,6.90909,6.90909,6.90909,2320.131578863,0
INT,60,20241223,130000,6.90909,6.90909,6.81039,6.81039,12.1578947364,0
INT,60,20241223,140000,6.85974,7.00779,6.85974,7.00779,3657.499999867,0
INT,60,20241227,100000,7.00779,7.00779,7.00779,7.00779,6.0789473682,0
INT,60,20241227,110000,6.90909,6.90909,6.90909,6.90909,12.1578947364,0
INT,60,20241227,130000,6.90909,6.90909,6.90909,6.90909,94.22368420709999,0
INT,60,20241227,140000,7.00779,7.00779,7.00779,7.00779,238.09210525449998,0
INT,60,20241227,150000,7.00779,7.00779,7.00779,7.00779,3.0394736841,0
INT,60,20241230,100000,7.20519,7.20519,7.20519,7.20519,31.407894735699998,0
INT,60,20241230,130000,7.20519,7.20519,7.20519,7.20519,410.3289473535,0
INT,60,20241230,140000,7.10649,7.10649,7.10649,7.10649,709.21052629,0
INT,60,20241230,170000,7.05714,7.05714,7.05714,7.05714,20.263157894,0
INT,60,20250102,100000,7.05714,7.6,7.05714,7.6,2084.0657893979,0
INT,60,20250102,110000,7.25455,7.25455,7.25455,7.25455,4.0526315788,0
INT,60,20250102,120000,7.55065,7.55065,7.55065,7.55065,216.81578946579998,0
INT,60,20250102,130000,7.55065,7.55065,7.55065,7.55065,183.3815789407,0
INT,60,20250102,140000,7.55065,7.55065,7.55065,7.55065,454.90789472029996,0
INT,60,20250102,150000,7.55065,7.55065,7.55065,7.55065,2.0263157894,0
INT,60,20250102,160000,7.3039,7.3039,7.3039,7.3039,2.0263157894,0
INT,60,20250102,170000,7.3039,7.3039,7.3039,7.3039,2.0263157894,0
INT,60,20250103,100000,7.20519,7.3039,7.20519,7.3039,15.1973684205,0
INT,60,20250103,110000,7.20519,7.20519,7.20519,7.20519,105.3684210488,0
INT,60,20250103,120000,7.3039,7.3039,7.3039,7.3039,19.249999999299998,0
INT,60,20250103,130000,7.3039,7.3039,7.20519,7.3039,22.2894736834,0
INT,60,20250103,140000,7.3039,7.3039,7.3039,7.3039,204.6578947294,0
INT,60,20250107,100000,7.5013,7.5013,7.5013,7.5013,2.0263157894,0
INT,60,20250107,110000,7.5013,7.6,7.5013,7.6,269.4999999902,0
INT,60,20250107,120000,7.6,7.6,7.6,7.6,70.921052629,0
INT,60,20250107,130000,7.6,7.6,7.6,7.6,1268.4736841644,0
INT,60,20250107,140000,7.6,8.88312,7.6,8.88312,962.4999999649999,0
INT,60,20250107,150000,7.74805,8.78442,7.6987,8.73506,137.7894736792,0
INT,60,20250107,160000,8.73506,8.73506,8.53766,8.53766,22.2894736834,0
INT,60,20250108,100000,8.53766,8.53766,8.53766,8.53766,9.1184210523,0
INT,60,20250109,110000,8.24156,8.24156,8.24156,8.24156,121.57894736399999,0
INT,60,20250109,120000,8.19221,8.19221,8.19221,8.19221,5.0657894735,0
INT,60,20250109,130000,8.09351,8.09351,7.8961,7.8961,6.0789473682,0
INT,60,20250109,140000,8.09351,8.19221,7.8961,8.19221,10.131578947,0
INT,60,20250109,160000,8.19221,8.19221,8.19221,8.19221,2.0263157894,0
INT,60,20250109,170000,7.7974,8.19221,7.7974,8.19221,7.0921052629,0
INT,60,20250110,100000,8.19221,8.68571,8.19221,8.58701,14.1842105258,0
INT,60,20250110,110000,8.58701,8.58701,8.58701,8.58701,6.0789473682,0
INT,60,20250110,120000,8.58701,8.58701,8.58701,8.58701,60.78947368199999,0
INT,60,20250110,130000,7.8961,8.58701,7.6987,8.58701,160.0789473626,0
INT,60,20250110,150000,7.99481,7.99481,7.99481,7.99481,6.0789473682,0
INT,60,20250113,100000,7.7974,7.7974,7.3039,7.3039,4051.6184209053,0
INT,60,20250113,140000,7.6987,7.6987,7.6987,7.6987,105.3684210488,0
INT,60,20250113,150000,7.4026,7.4026,7.4026,7.4026,3.0394736841,0
INT,60,20250114,100000,7.6987,7.6987,7.6987,7.6987,2.0263157894,0
INT,60,20250114,120000,7.6987,7.6987,7.6987,7.6987,25.3289473675,0
INT,60,20250114,130000,7.6987,7.6987,7.6987,7.6987,63.828947366099996,0
INT,60,20250114,140000,7.6987,7.6987,7.6987,7.6987,20.263157894,0
INT,60,20250114,150000,7.6,7.6,7.6,7.6,2.0263157894,0
INT,60,20250114,160000,7.6,7.6,7.6,7.6,40.526315788,0
INT,60,20250114,170000,7.6,7.6987,7.6,7.6987,65.8552631555,0
INT,60,20250115,120000,7.6987,7.6987,7.6987,7.6987,205.67105262409999,0
INT,60,20250116,110000,7.6987,7.6987,7.6987,7.6987,243.15789472799997,0
INT,60,20250116,120000,7.5013,7.5013,7.5013,7.5013,66.8684210502,0
INT,60,20250116,130000,7.6,7.6,7.6,7.6,91.18421052299999,0
INT,60,20250116,150000,7.6,7.6,7.6,7.6,2.0263157894,0
INT,60,20250117,100000,7.4026,7.4026,7.35325,7.35325,1446.7894736316,0
INT,60,20250117,110000,7.4026,7.4026,7.4026,7.4026,42.5526315774,0
INT,60,20250117,120000,7.3039,7.4026,7.3039,7.4026,1040.5131578569,0
INT,60,20250117,170000,7.4026,7.6,7.4026,7.6,8.1052631576,0
INT,60,20250120,100000,7.6987,7.6987,7.6,7.6,87.1315789442,0
INT,60,20250120,110000,7.6,7.8961,7.6,7.8961,1631.184210467,0
INT,60,20250120,120000,7.84675,7.99481,7.7974,7.99481,1907.7763157201,0
INT,60,20250120,130000,8.38961,8.58701,8.34026,8.34026,329.2763157775,0
INT,60,20250120,140000,7.6987,7.6987,7.6987,7.6987,204.6578947294,0
INT,60,20250120,150000,7.7974,7.7974,7.7974,7.7974,25.3289473675,0
INT,60,20250120,170000,8.19221,8.19221,8.19221,8.19221,10.131578947,0
INT,60,20250121,100000,7.8961,8.09351,7.8961,7.8961,187.4342105195,0
INT,60,20250121,110000,8.09351,8.43896,8.09351,8.43896,181.3552631513,0
INT,60,20250121,120000,8.38961,8.38961,8.38961,8.38961,101.31578947,0
INT,60,20250121,130000,8.38961,8.38961,7.84675,7.84675,263.421052622,0
INT,60,20250121,140000,7.84675,7.84675,7.84675,7.84675,60.78947368199999,0
INT,60,20250121,150000,7.84675,7.84675,7.84675,7.84675,122.59210525869999,0
INT,60,20250121,160000,8.04416,8.04416,8.04416,8.04416,4.0526315788,0
INT,60,20250121,170000,8.04416,8.19221,8.04416,8.19221,10.131578947,0
INT,60,20250122,110000,7.94545,8.14286,7.94545,7.94545,363.7236841973,0
INT,60,20250122,120000,8.24156,8.58701,8.24156,8.58701,289.7631578842,0
INT,60,20250123,110000,8.14286,8.14286,8.14286,8.14286,25.3289473675,0
INT,60,20250123,130000,8.14286,8.14286,8.14286,8.14286,20.263157894,0
INT,60,20250123,140000,8.14286,8.14286,8.14286,8.14286,124.61842104809999,0
INT,60,20250123,170000,7.8961,7.8961,7.8961,7.8961,5.0657894735,0
INT,60,20250124,100000,7.94545,7.94545,7.94545,7.94545,371.8289473549,0
INT,60,20250124,150000,7.84675,7.84675,7.6987,7.6987,1012.1447368053,0
INT,60,20250124,160000,7.64935,7.64935,7.5013,7.5013,567.368421032,0
INT,60,20250124,170000,7.6987,7.6987,7.6987,7.6987,3.0394736841,0
INT,60,20250127,120000,7.4026,7.4026,7.4026,7.4026,274.5657894637,0
INT,60,20250127,130000,7.6987,7.6987,7.6987,7.6987,7.0921052629,0
INT,60,20250129,150000,7.6987,7.6987,7.3039,7.3039,344.473684198,0
INT,60,20250129,160000,7.35325,7.6987,7.35325,7.6987,1114.4736841699998,0
INT,60,20250131,100000,7.6987,7.6987,7.4026,7.6987,267.4736842008,0
INT,60,20250131,120000,7.74805,7.74805,7.6987,7.6987,41.5394736827,0
INT,60,20250131,130000,7.4026,7.4026,7.3039,7.4026,157.0394736785,0
INT,60,20250131,140000,7.4026,7.4026,7.4026,7.4026,279.6315789372,0
INT,60,20250131,170000,7.64935,7.6987,7.64935,7.6987,116.5131578905,0
INT,60,20250203,100000,7.3039,7.3039,7.3039,7.3039,116.5131578905,0
INT,60,20250203,130000,7.6987,7.7974,7.6987,7.7974,5.0657894735,0
INT,60,20250203,140000,7.7974,7.7974,7.7974,7.7974,5.0657894735,0
INT,60,20250203,170000,7.35325,7.35325,7.35325,7.35325,171.22368420429999,0
INT,60,20250204,100000,7.7974,7.7974,7.7974,7.7974,2.0263157894,0
INT,60,20250204,150000,7.6,7.6,7.6,7.6,7.0921052629,0
INT,60,20250205,120000,7.6,7.6,7.6,7.6,191.4868420983,0
INT,60,20250205,130000,7.64935,7.64935,7.64935,7.64935,92.19736841769999,0
INT,60,20250205,150000,7.64935,7.64935,7.64935,7.64935,39.5131578933,0
INT,60,20250206,100000,7.4026,7.84675,7.4026,7.84675,1103.3289473283,0
INT,60,20250206,110000,7.8961,7.8961,7.8961,7.8961,2.0263157894,0
INT,60,20250206,130000,7.5013,7.5013,7.5013,7.5013,18.2368421046,0
INT,60,20250206,140000,7.5013,7.5013,7.4026,7.5013,887.5263157572,0
INT,60,20250207,100000,7.5013,7.7974,7.5013,7.7974,10.131578947,0
INT,60,20250207,110000,7.35325,7.35325,7.35325,7.35325,124.61842104809999,0
INT,60,20250207,120000,7.74805,7.74805,7.74805,7.74805,121.57894736399999,0
INT,60,20250207,130000,7.74805,7.74805,7.74805,7.74805,10.131578947,0
INT,60,20250207,150000,7.74805,7.74805,7.74805,7.74805,5.0657894735,0
INT,60,20250207,160000,7.35325,7.35325,7.35325,7.35325,4.0526315788,0
INT,60,20250207,170000,7.74805,7.74805,7.74805,7.74805,7.0921052629,0
INT,60,20250210,100000,7.7974,7.7974,7.7974,7.7974,65.8552631555,0
INT,60,20250210,110000,7.35325,7.7974,7.3039,7.7974,128.6710526269,0
INT,60,20250210,120000,7.7974,7.7974,7.7974,7.7974,19.249999999299998,0
INT,60,20250210,130000,7.7974,7.7974,7.35325,7.35325,87.1315789442,0
INT,60,20250210,170000,7.45195,7.45195,7.45195,7.45195,101.31578947,0
INT,60,20250211,100000,7.45195,7.5013,7.45195,7.5013,444.7763157733,0
INT,60,20250211,120000,7.5013,7.5013,7.5013,7.5013,1320.1447367941,0
INT,60,20250211,140000,7.5013,7.6,7.5013,7.6,96.2499999965,0
INT,60,20250212,100000,7.6,7.6,7.6,7.6,5.0657894735,0
INT,60,20250213,110000,7.6,7.74805,7.6,7.74805,523.8026315599,0
INT,60,20250213,150000,7.74805,7.74805,7.74805,7.74805,10.131578947,0
INT,60,20250214,120000,7.74805,7.74805,7.74805,7.74805,12.1578947364,0
INT,60,20250214,160000,7.74805,7.74805,7.74805,7.74805,384.999999986,0
INT,60,20250217,100000,7.5013,7.5013,7.5013,7.5013,85.1052631548,0
INT,60,20250217,110000,7.7974,7.84675,7.7974,7.84675,50.657894735,0
INT,60,20250217,120000,7.7974,7.7974,7.7974,7.7974,101.31578947,0
INT,60,20250217,150000,7.55065,7.55065,7.55065,7.55065,10.131578947,0
INT,60,20250218,140000,7.7974,7.7974,7.7974,7.7974,10.131578947,0
INT,60,20250218,160000,7.7974,7.7974,7.7974,7.7974,12.1578947364,0
INT,60,20250218,170000,7.7974,7.84675,7.7974,7.84675,324.210526304,0
INT,60,20250219,100000,7.84675,7.84675,7.84675,7.84675,2.0263157894,0
INT,60,20250219,140000,7.84675,7.84675,7.6987,7.6987,41.5394736827,0
INT,60,20250220,100000,7.6987,7.6987,7.6987,7.6987,10.131578947,0
INT,60,20250220,150000,7.84675,7.84675,7.84675,7.84675,3.0394736841,0
INT,60,20250220,160000,7.84675,7.84675,7.7974,7.84675,62.815789471399995,0
INT,60,20250221,100000,7.84675,7.8961,7.84675,7.8961,259.3684210432,0
INT,60,20250221,110000,7.74805,7.8961,7.64935,7.8961,133.7368421004,0
INT,60,20250221,120000,7.6987,7.6987,7.6987,7.6987,169.1973684149,0
INT,60,20250221,130000,7.6987,7.6987,7.6987,7.6987,177.3026315725,0
INT,60,20250221,160000,7.6987,7.6987,7.6987,7.6987,58.7631578926,0
INT,60,20250221,170000,7.8961,7.8961,7.8961,7.8961,50.657894735,0
INT,60,20250224,100000,7.6987,7.8961,7.6987,7.8961,18.2368421046,0
INT,60,20250224,150000,7.8961,7.8961,7.8961,7.8961,171.22368420429999,0
INT,60,20250224,160000,7.6987,7.6987,7.6987,7.6987,111.44736841699999,0
INT,60,20250225,100000,7.6,7.6,7.6,7.6,7.0921052629,0
INT,60,20250225,130000,7.64935,7.64935,7.64935,7.64935,127.65789473219999,0
INT,60,20250226,100000,7.64935,7.64935,7.6,7.6,167.17105262549998,0
INT,60,20250226,110000,7.6,7.6,7.6,7.6,678.815789449,0
INT,60,20250226,150000,7.64935,7.64935,7.64935,7.64935,5.0657894735,0
INT,60,20250226,160000,7.64935,7.64935,7.64935,7.64935,372.8421052496,0
INT,60,20250227,100000,7.74805,7.74805,7.74805,7.74805,57.7499999979,0
INT,60,20250227,170000,7.6,7.6,7.6,7.6,10.131578947,0
INT,60,20250228,110000,7.64935,7.64935,7.64935,7.64935,283.684210516,0
INT,60,20250228,120000,7.64935,7.64935,7.64935,7.64935,14.1842105258,0
INT,60,20250228,150000,7.74805,7.74805,7.74805,7.74805,10.131578947,0
INT,60,20250303,100000,7.74805,7.74805,7.74805,7.74805,10.131578947,0
INT,60,20250303,110000,7.74805,7.74805,7.74805,7.74805,10.131578947,0
INT,60,20250303,120000,7.74805,7.74805,7.6,7.6,483.2763157719,0
INT,60,20250304,110000,7.55065,7.55065,7.55065,7.55065,4.0526315788,0
INT,60,20250304,130000,7.74805,7.74805,7.74805,7.74805,9.1184210523,0
INT,60,20250305,100000,7.74805,7.74805,7.74805,7.74805,20.263157894,0
INT,60,20250305,110000,7.74805,7.74805,7.74805,7.74805,14.1842105258,0
INT,60,20250305,120000,7.74805,7.74805,7.74805,7.74805,10.131578947,0
INT,60,20250305,140000,7.74805,7.84675,7.6,7.6,225.9342105181,0
INT,60,20250306,100000,7.84675,7.84675,7.64935,7.64935,18.2368421046,0
INT,60,20250306,120000,7.64935,7.64935,7.6,7.6,405.26315788,0
INT,60,20250306,130000,7.84675,7.84675,7.84675,7.84675,23.302631578099998,0
INT,60,20250307,100000,7.7974,7.84675,7.7974,7.84675,54.710526313799996,0
INT,60,20250307,140000,7.6,7.84675,7.6,7.84675,238.0921052545,0
INT,60,20250307,160000,7.84675,7.84675,7.84675,7.84675,6.0789473682,0
INT,60,20250310,140000,7.7974,7.84675,7.7974,7.84675,12.1578947364,0
INT,60,20250312,100000,7.84675,7.84675,7.84675,7.84675,138.8026315739,0
INT,60,20250313,110000,7.84675,7.84675,7.84675,7.84675,3.0394736841,0
INT,60,20250313,130000,7.84675,7.84675,7.84675,7.84675,3.0394736841,0
INT,60,20250314,120000,7.64935,7.64935,7.64935,7.64935,303.94736840999997,0
INT,60,20250314,130000,7.64935,7.64935,7.64935,7.64935,101.31578947,0
INT,60,20250319,100000,7.74805,7.8961,7.64935,7.84675,2947.2763156823,0
INT,60,20250319,120000,7.84675,7.84675,7.84675,7.84675,70.921052629,0
INT,60,20250319,130000,7.84675,7.84675,7.84675,7.84675,283.684210516,0
INT,60,20250325,110000,7.8961,7.8961,7.84675,7.84675,284.6973684107,0
INT,60,20250325,140000,7.84675,7.84675,7.84675,7.84675,5.0657894735,0
INT,60,20250326,110000,7.6987,7.6987,7.6987,7.6987,4.0526315788,0
INT,60,20250326,170000,7.6987,7.6987,7.6987,7.6987,50.657894735,0
INT,60,20250328,140000,7.6987,7.6987,7.6987,7.6987,2.0263157894,0
INT,60,20250401,100000,7.7974,7.7974,7.7974,7.7974,18.2368421046,0
INT,60,20250401,110000,7.7974,7.84675,7.7974,7.84675,5.0657894735,0
INT,60,20250402,100000,7.84675,7.84675,7.84675,7.84675,60.78947368199999,0
INT,60,20250402,160000,7.7974,7.7974,7.7974,7.7974,10.131578947,0
INT,60,20250402,170000,7.7974,7.7974,7.74805,7.74805,249.2368420962,0
INT,60,20250403,100000,7.6987,7.6987,7.6987,7.6987,107.39473683819999,0
INT,60,20250403,130000,7.55065,7.55065,7.55065,7.55065,227.96052630749998,0
INT,60,20250404,100000,7.55065,7.55065,7.55065,7.55065,7.0921052629,0
INT,60,20250404,140000,7.4026,7.4026,7.3039,7.3039,235.0526315704,0
INT,60,20250404,150000,7.20519,7.20519,7.20519,7.20519,4.0526315788,0
INT,60,20250404,170000,7.84675,7.84675,7.84675,7.84675,727.4473683946,0
INT,60,20250407,100000,7.84675,7.84675,7.20519,7.20519,17.2236842099,0
INT,60,20250407,110000,7.6987,7.6987,7.6987,7.6987,2.0263157894,0
INT,60,20250407,120000,7.10649,7.10649,7.10649,7.10649,862.1973683897,0
INT,60,20250407,130000,7.55065,7.55065,7.55065,7.55065,151.97368420499998,0
INT,60,20250408,100000,7.55065,7.6987,7.55065,7.6987,405.26315788,0
INT,60,20250408,110000,7.6987,7.6987,7.6987,7.6987,405.26315788,0
INT,60,20250409,170000,7.45195,7.45195,7.45195,7.45195,272.5394736743,0
INT,60,20250410,100000,7.6987,7.6987,7.6987,7.6987,19.249999999299998,0
INT,60,20250414,130000,7.64935,7.64935,7.64935,7.64935,2.0263157894,0
INT,60,20250414,140000,7.64935,7.64935,7.64935,7.64935,18.2368421046,0
INT,60,20250415,160000,7.45195,7.6,7.45195,7.6,1743.6447367787,0
INT,60,20250416,100000,7.6,7.6,7.6,7.6,20.263157894,0
INT,60,20250416,130000,7.6,7.6,7.6,7.6,71.9342105237,0
INT,60,20250417,100000,7.64935,7.64935,7.64935,7.64935,8.1052631576,0
INT,60,20250417,120000,7.6987,7.6987,7.6987,7.6987,10.131578947,0
INT,60,20250417,140000,7.6,7.6,7.6,7.6,240.11842104389999,0
INT,60,20250417,170000,7.6,7.6,7.6,7.6,4.0526315788,0
INT,60,20250422,100000,7.6,7.6,7.6,7.6,70.921052629,0
INT,60,20250422,110000,7.35325,7.35325,7.35325,7.35325,2.0263157894,0
INT,60,20250423,100000,7.35325,7.35325,7.35325,7.35325,45.592105261499995,0
INT,60,20250424,110000,7.6987,7.6987,7.35325,7.35325,15.1973684205,0
INT,60,20250424,130000,7.35325,7.35325,7.35325,7.35325,5.0657894735,0
INT,60,20250424,140000,7.35325,7.35325,7.35325,7.35325,5.0657894735,0
INT,60,20250424,150000,7.35325,7.6987,7.35325,7.6987,4.0526315788,0
INT,60,20250424,160000,7.35325,7.35325,7.35325,7.35325,2.0263157894,0
INT,60,20250425,100000,7.35325,7.35325,7.35325,7.35325,6.0789473682,0
INT,60,20250425,120000,7.35325,7.35325,7.35325,7.35325,59.7763157873,0
INT,60,20250425,130000,7.64935,7.64935,7.64935,7.64935,202.63157894,0
INT,60,20250425,170000,7.35325,7.35325,7.35325,7.35325,10.131578947,0
INT,60,20250428,100000,7.5013,7.5013,7.5013,7.5013,113.4736842064,0
INT,60,20250428,110000,7.6,7.6,7.6,7.6,2.0263157894,0
INT,60,20250429,100000,7.5013,7.5013,7.5013,7.5013,145.8947368368,0
INT,60,20250430,130000,7.5013,7.5013,7.5013,7.5013,62.8157894714,0
INT,60,20250502,110000,7.7974,7.7974,7.7974,7.7974,3.0394736841,0
INT,60,20250502,130000,7.7974,7.7974,7.7974,7.7974,19.249999999299998,0
INT,60,20250502,140000,7.7974,7.7974,7.7974,7.7974,17.2236842099,0
INT,60,20250505,100000,7.7974,7.7974,7.7974,7.7974,415.394736827,0
INT,60,20250505,110000,7.74805,7.74805,7.74805,7.74805,835.8552631274999,0
INT,60,20250506,150000,7.74805,7.74805,7.74805,7.74805,121.57894736399999,0
INT,60,20250507,140000,7.74805,7.74805,7.6987,7.6987,128.6710526269,0
INT,60,20250509,100000,7.84675,7.84675,7.55065,7.55065,685.9078947119,0
INT,60,20250509,120000,7.55065,7.55065,7.55065,7.55065,2.0263157894,0
INT,60,20250509,150000,7.55065,7.6,7.55065,7.6,2332.2894735994,0
INT,60,20250509,160000,7.6987,7.6987,7.6987,7.6987,506.57894734999996,0
INT,60,20250512,100000,7.6987,7.6987,7.6987,7.6987,20.263157894,0
INT,60,20250512,130000,7.6987,7.6987,7.5013,7.5013,323.1973684093,0
INT,60,20250513,110000,7.7974,7.7974,7.7974,7.7974,25.3289473675,0
INT,60,20250513,130000,7.55065,7.55065,7.55065,7.55065,177.3026315725,0
INT,60,20250514,100000,7.64935,7.64935,7.64935,7.64935,3.0394736841,0
INT,60,20250515,140000,7.7974,7.7974,7.7974,7.7974,10.131578947,0
INT,60,20250516,110000,7.74805,7.7974,7.74805,7.7974,252.2763157803,0
INT,60,20250516,150000,7.84675,7.84675,7.84675,7.84675,2.0263157894,0
INT,60,20250516,170000,7.7974,7.7974,7.7974,7.7974,568.3815789267,0
INT,60,20250519,100000,7.64935,7.64935,7.55065,7.55065,30.394736840999997,0
INT,60,20250519,120000,7.55065,7.55065,7.55065,7.55065,37.486842103899995,0
INT,60,20250519,170000,7.7974,7.7974,7.7974,7.7974,2.0263157894,0
INT,60,20250520,100000,7.55065,7.55065,7.55065,7.55065,8.1052631576,0
INT,60,20250521,140000,7.7974,7.84675,7.7974,7.84675,1013.1578946999999,0
INT,60,20250521,170000,7.84675,7.84675,7.84675,7.84675,160.0789473626,0
INT,60,20250522,120000,7.74805,7.74805,7.74805,7.74805,2.0263157894,0
INT,60,20250522,130000,7.55065,7.55065,7.55065,7.55065,101.31578947,0
INT,60,20250522,160000,7.55065,7.55065,7.55065,7.55065,50.657894735,0
INT,60,20250526,100000,7.6987,7.6987,7.6987,7.6987,3.0394736841,0
INT,60,20250526,120000,7.6987,7.6987,7.6987,7.6987,10.131578947,0
INT,60,20250527,140000,7.55065,7.55065,7.55065,7.55065,233.026315781,0
INT,60,20250528,100000,7.55065,7.6987,7.45195,7.45195,880.4342104943,0
INT,60,20250528,150000,7.45195,7.45195,7.45195,7.45195,74.97368420779999,0
INT,60,20250528,170000,7.45195,7.45195,7.45195,7.45195,685.9078947119,0
INT,60,20250529,110000,7.35325,7.35325,7.20519,7.20519,28.3684210516,0
INT,60,20250529,160000,7.55065,7.64935,7.55065,7.64935,1481.2368420514,0
INT,60,20250529,170000,7.5013,7.5013,7.5013,7.5013,267.4736842008,0
INT,60,20250602,100000,7.35325,7.64935,7.35325,7.64935,153.9999999944,0
INT,60,20250602,160000,7.6,7.6,7.6,7.6,4.0526315788,0
INT,60,20250603,140000,7.6,7.6,7.6,7.6,3564.2894735545997,0
INT,60,20250604,100000,7.4026,7.4026,7.4026,7.4026,101.31578947,0
INT,60,20250605,140000,7.4026,7.4026,7.4026,7.4026,116.5131578905,0
INT,60,20250606,100000,7.5013,7.74805,7.5013,7.74805,2402.1973683337,0
INT,60,20250606,140000,7.35325,7.35325,7.35325,7.35325,20.263157894,0
INT,60,20250609,120000,7.6987,7.6987,7.5013,7.5013,30.394736840999997,0
INT,60,20250609,140000,7.6987,7.6987,7.6987,7.6987,50.657894735,0
INT,60,20250610,100000,7.35325,7.35325,7.35325,7.35325,400.1973684065,0
INT,60,20250610,130000,7.64935,7.64935,7.64935,7.64935,101.31578947,0
INT,60,20250610,150000,7.6987,7.6987,7.6987,7.6987,25.3289473675,0
INT,60,20250611,160000,7.6987,7.6987,7.6987,7.6987,10.131578947,0
INT,60,20250612,140000,7.6,7.6,7.6,7.6,15.197368420499998,0
INT,60,20250613,150000,7.6987,7.6987,7.6987,7.6987,14.1842105258,0
INT,60,20250616,170000,7.64935,7.6987,7.35325,7.35325,75.9868421025,0
INT,60,20250618,100000,7.5013,7.5013,7.5013,7.5013,303.94736840999997,0
INT,60,20250618,120000,7.5013,7.5013,7.5013,7.5013,2470.0789472786,0
INT,60,20250618,160000,7.3039,7.3039,7.3039,7.3039,19.249999999299998,0
INT,60,20250620,110000,7.3039,7.3039,7.3039,7.3039,56.7368421032,0
INT,60,20250623,130000,7.3039,7.3039,7.3039,7.3039,761.8947368144,0
INT,60,20250624,160000,7.5013,7.5013,7.5013,7.5013,1013.1578946999999,0
INT,60,20250625,120000,7.5013,7.5013,7.5013,7.5013,1273.5394736378998,0
INT,60,20250625,150000,7.55065,7.55065,7.55065,7.55065,5.0657894735,0
INT,60,20250627,130000,7.5013,7.5013,7.5013,7.5013,1556.2105262592,0
INT,60,20250627,150000,7.5013,7.55065,7.5013,7.55065,2281.6315788643997,0
INT,60,20250627,160000,7.35325,7.35325,7.35325,7.35325,59.7763157873,0
INT,60,20250630,100000,7.35325,7.35325,7.15584,7.25455,1877.3815788791,0
INT,60,20250630,110000,7.4026,7.4026,7.4026,7.4026,5.0657894735,0
INT,60,20250630,130000,7.4026,7.4026,7.4026,7.4026,817.6184210229,0
INT,60,20250630,140000,7.35325,7.35325,7.25455,7.25455,405.26315788,0
INT,60,20250630,160000,7.20519,7.20519,7.20519,7.20519,314.078947357,0
INT,60,20250630,170000,7.4026,7.6,7.4026,7.6,1104.3421052229999,0
INT,60,20250702,110000,7.55065,7.55065,7.55065,7.55065,81.052631576,0
INT,60,20250702,120000,7.55065,7.55065,7.55065,7.55065,172.236842099,0
INT,60,20250703,100000,7.6,7.6,7.6,7.6,19.249999999299998,0
INT,60,20250704,110000,7.6,7.6,7.6,7.6,67.8815789449,0
INT,60,20250704,130000,7.6,7.6,7.6,7.6,30.394736840999997,0
INT,60,20250704,170000,7.6,7.6,7.6,7.6,6.0789473682,0
INT,60,20250708,110000,7,7,6.5,6.5,70,0
INT,60,20250708,130000,7.35,7.4,7.35,7.4,1437,0
INT,60,20250709,120000,7.4,7.4,7.4,7.4,10,0
INT,60,20250709,170000,7.35,7.35,7.35,7.35,3,0
INT,60,20250710,120000,7.3,7.3,7.3,7.3,165,0
INT,60,20250714,130000,7.35,7.5,7.3,7.35,837,0
INT,60,20250714,170000,7.35,7.35,7.35,7.35,150,0
INT,60,20250715,140000,7.4,7.4,7.3,7.3,78,0
INT,60,20250715,150000,7.3,7.3,7.3,7.3,872,0
INT,60,20250716,110000,7.1,7.1,7.1,7.1,960,0
INT,60,20250716,150000,7.4,7.5,7.4,7.5,56,0
INT,60,20250716,160000,7.5,7.5,7.5,7.5,267,0
INT,60,20250717,170000,7.5,7.5,7.5,7.5,40,0
INT,60,20250721,100000,7.15,7.45,7.15,7.45,9,0
INT,60,20250721,110000,7.5,7.5,7.5,7.5,150,0
INT,60,20250721,120000,7.45,7.45,7.25,7.25,589,0
INT,60,20250721,140000,7.25,7.25,7.25,7.25,111,0
INT,60,20250721,160000,7.25,7.25,7.25,7.25,4005,0
INT,60,20250721,170000,7.5,7.5,7.5,7.5,2,0
INT,60,20250722,100000,7.5,7.5,7.5,7.5,50,0
INT,60,20250722,110000,7.15,7.2,7.15,7.2,128,0
INT,60,20250723,100000,7.5,7.5,7.5,7.5,2,0
INT,60,20250724,140000,7.2,7.2,7.2,7.2,2,0
INT,60,20250724,150000,7.5,7.5,7.5,7.5,28,0
INT,60,20250725,100000,7.3,7.3,7.3,7.3,2257,0
INT,60,20250725,110000,7.5,7.5,7.5,7.5,258,0
INT,60,20250728,140000,7.2,7.2,7.2,7.2,3,0
INT,60,20250728,150000,7.3,7.3,7.15,7.15,523,0
INT,60,20250730,100000,7.15,7.15,7,7,141,0
INT,60,20250730,120000,7,7,6.9,6.9,420,0
INT,60,20250730,130000,6.9,7.2,6.9,7.2,4878,0
INT,60,20250730,140000,7.2,7.2,7.2,7.2,93,0
INT,60,20250730,170000,7.2,7.2,7.2,7.2,2,0
INT,60,20250731,130000,7.2,7.2,6.65,7,104,0
INT,60,20250731,150000,6.9,6.95,6.9,6.95,27,0
INT,60,20250731,160000,7,7,7,7,343,0
INT,60,20250731,170000,7.4,7.4,7.4,7.4,589,0
INT,60,20250801,100000,7.4,7.4,7.1,7.1,500,0
INT,60,20250801,170000,7.4,7.4,7.4,7.4,9,0
INT,60,20250804,100000,7.1,7.1,7.1,7.1,45,0
INT,60,20250805,110000,7.4,7.4,7.4,7.4,5,0
INT,60,20250805,140000,7.1,7.1,6.5,6.5,1036,0
INT,60,20250805,170000,7.15,7.15,7.15,7.15,187,0
INT,60,20250806,100000,7.15,7.15,7.15,7.15,4,0
INT,60,20250806,120000,7.1,7.1,6.7,6.7,300,0
INT,60,20250806,170000,6.7,6.7,6.55,6.55,100,0
INT,60,20250807,150000,6.55,6.55,6.55,6.55,2,0
INT,60,20250807,170000,6.85,6.85,6.85,6.85,292,0
INT,60,20250808,130000,7.15,7.15,7.15,7.15,2,0
INT,60,20250811,110000,7.15,7.15,7.15,7.15,2,0
INT,60,20250811,130000,7.15,7.15,7.15,7.15,295,0
INT,60,20250811,150000,7.15,7.15,7.15,7.15,1773,0
INT,60,20250812,110000,7.35,7.35,7.35,7.35,200,0
INT,60,20250812,130000,7,7,7,7,286,0
INT,60,20250813,100000,6.9,6.9,6.9,6.9,10,0
INT,60,20250813,120000,6.9,6.9,6.9,6.9,35,0
INT,60,20250813,130000,7.1,7.5,7.1,7.5,6369,0
INT,60,20250813,140000,7.5,7.6,7.5,7.5,1711,0
INT,60,20250813,150000,7.15,7.15,7.1,7.1,140,0
INT,60,20250813,160000,7.4,7.4,7.4,7.4,71,0
INT,60,20250813,170000,7.4,7.4,7.4,7.4,1229,0
INT,60,20250814,100000,7.35,7.35,7.35,7.35,35,0
INT,60,20250818,110000,7.05,7.05,7.05,7.05,71,0
INT,60,20250818,120000,7.05,7.05,7.05,7.05,234,0
INT,60,20250818,130000,7.05,7.05,7.05,7.05,46,0
INT,60,20250818,140000,7.05,7.05,7.05,7.05,383,0
INT,60,20250818,150000,7.15,7.15,7.05,7.05,1275,0
INT,60,20250819,100000,7.05,7.05,7.05,7.05,5,0
INT,60,20250819,120000,7.2,7.2,7.2,7.2,300,0
INT,60,20250819,130000,7.3,7.3,7.3,7.3,274,0
INT,60,20250822,160000,7.1,7.1,7.1,7.1,150,0
INT,60,20250827,120000,7.1,7.1,7,7,2454,0
INT,60,20250828,110000,6.95,7.3,6.95,7.3,774,0
INT,60,20250902,100000,7.2,7.2,7,7,102,0
INT,60,20250902,110000,7,7,7,7,18,0
INT,60,20250902,120000,7.1,7.1,7.1,7.1,8,0
INT,60,20250902,160000,7,7,7,7,290,0
INT,60,20250903,100000,7.05,7.05,7.05,7.05,3,0
INT,60,20250903,110000,7.05,7.1,7.05,7.1,315,0
INT,60,20250903,120000,7,7,7,7,1288,0
INT,60,20250903,150000,7,7,7,7,120,0
INT,60,20250904,130000,6.9,6.9,6.9,6.9,552,0
INT,60,20250904,140000,6.85,7,6.85,7,60,0
INT,60,20250904,170000,7,7,7,7,2405,0
INT,60,20250905,100000,6.85,6.85,6.85,6.85,12,0
INT,60,20250905,120000,7,7,7,7,780,0
INT,60,20250908,100000,6.85,6.85,6.85,6.85,45,0
INT,60,20250908,120000,7,7,7,7,2926,0
INT,60,20250908,130000,7,7.3,7,7.3,748,0
INT,60,20250908,140000,7.3,7.3,7.3,7.3,4,0
INT,60,20250910,100000,7.05,7.05,7,7,733,0
INT,60,20250910,110000,7,7,7,7,843,0
INT,60,20250910,120000,7,7,7,7,300,0
INT,60,20250910,130000,6.85,6.85,6.85,6.85,160,0
INT,60,20250910,150000,7,7,7,7,19,0
INT,60,20250911,100000,7,7,7,7,2,0
INT,60,20250911,120000,7,7,7,7,2,0
INT,60,20250912,110000,6.85,6.85,6.85,6.85,59,0
INT,60,20250912,160000,7,7,7,7,4,0
INT,60,20250916,170000,6.85,6.85,6.85,6.85,10,0
INT,60,20250917,100000,6.95,6.95,6.95,6.95,100,0
INT,60,20250917,110000,6.95,6.95,6.95,6.95,100,0
INT,60,20250917,160000,6.85,7,6.85,7,2745,0
INT,60,20250919,120000,6.8,7,6.8,7,4,0
INT,60,20250919,170000,7,7,7,7,20,0
INT,60,20250922,140000,6.8,6.8,6.8,6.8,300,0
INT,60,20250925,130000,6.8,6.8,6.8,6.8,36,0
INT,60,20250925,140000,6.9,6.9,6.9,6.9,261,0
INT,60,20250926,100000,6.8,6.8,6.8,6.8,2,0
INT,60,20250926,110000,6.8,6.8,6.8,6.8,88,0
INT,60,20250929,120000,6.85,6.85,6.85,6.85,17,0
INT,60,20250929,130000,6.8,6.8,6.8,6.8,100,0
INT,60,20250930,160000,6.8,6.8,6.8,6.8,308,0
INT,60,20250930,170000,6.9,7.1,6.9,7.1,1742,0
INT,60,20251006,100000,7.1,7.1,6.8,6.8,69,0
INT,60,20251006,120000,7,7,7,7,150,0
INT,60,20251007,100000,6.9,6.9,6.75,6.75,496,0
INT,60,20251007,110000,6.8,6.8,6.75,6.75,20,0
INT,60,20251007,130000,7,7,7,7,2,0
INT,60,20251008,100000,7,7,7,7,2,0
INT,60,20251008,150000,7,7,7,7,568,0
INT,60,20251008,160000,7,7,7,7,147,0
INT,60,20251009,110000,7.05,7.05,7.05,7.05,250,0
INT,60,20251010,130000,6.8,6.8,6.75,6.75,327,0
INT,60,20251010,140000,6.8,6.85,6.8,6.85,370,0
INT,60,20251010,150000,7.05,7.05,7.05,7.05,28,0
INT,60,20251010,160000,7.05,7.05,7.05,7.05,330,0
INT,60,20251010,170000,7.05,7.05,7.05,7.05,61,0
INT,60,20251013,140000,6.85,6.85,6.85,6.85,100,0
INT,60,20251014,110000,6.8,6.8,6.8,6.8,100,0
INT,60,20251015,100000,6.85,7,6.85,7,170,0
INT,60,20251015,140000,7,7,7,7,500,0
INT,60,20251016,100000,7,7,6.8,6.8,9,0
INT,60,20251016,140000,6.8,6.8,6.8,6.8,2,0
INT,60,20251020,110000,7,7,7,7,4,0
INT,60,20251021,140000,7,7,7,7,10,0
INT,60,20251022,150000,6.8,6.8,6.8,6.8,59,0
INT,60,20251027,100000,6.85,6.85,6.85,6.85,2,0
INT,60,20251027,110000,6.85,6.85,6.85,6.85,57,0
INT,60,20251027,170000,6.8,6.8,6.8,6.8,721,0
INT,60,20251028,100000,6.75,6.75,6.75,6.75,3,0
INT,60,20251028,110000,6.8,7,6.8,7,1234,0
INT,60,20251030,100000,7.05,7.05,7.05,7.05,56,0
INT,60,20251030,120000,7.05,7.4,7.05,7.4,596,0
INT,60,20251030,130000,7.7,7.7,7.7,7.7,27,0
INT,60,20251031,100000,7.5,7.5,7.5,7.5,100,0
INT,60,20251031,140000,7,7,7,7,2,0
INT,60,20251031,170000,7.5,7.7,7.5,7.7,353,0
INT,60,20251103,160000,7.6,7.65,7.6,7.65,10,0
INT,60,20251103,170000,7.35,7.35,7.35,7.35,45,0
INT,60,20251104,100000,7.35,7.35,7.35,7.35,2,0
INT,60,20251105,110000,7.65,7.65,7.65,7.65,200,0
INT,60,20251106,100000,7.3,7.3,7.3,7.3,56,0
INT,60,20251106,120000,7.3,7.3,7.3,7.3,3,0
INT,60,20251106,130000,7.35,7.35,7.35,7.35,2,0
INT,60,20251106,160000,7.3,7.3,7.3,7.3,40,0
INT,60,20251106,170000,7.3,7.3,7.3,7.3,9,0
INT,60,20251107,140000,7.35,7.35,7.35,7.35,18,0
INT,60,20251112,150000,7.3,7.3,7.3,7.3,10,0
INT,60,20251113,100000,7.3,7.3,7.3,7.3,5,0
INT,60,20251113,140000,7.35,7.45,7.35,7.45,68,0
INT,60,20251114,160000,7.3,7.3,7.3,7.3,10,0
INT,60,20251114,170000,7.45,7.65,7.45,7.45,876,0
INT,60,20251117,100000,7.7,7.7,7.7,7.7,1070,0
INT,60,20251117,110000,7.8,7.8,7.8,7.8,300,0
INT,60,20251117,120000,7.8,7.8,7.8,7.8,200,0
INT,60,20251117,150000,7.8,7.8,7.8,7.8,5,0
INT,60,20251118,110000,7.5,7.5,7.5,7.5,280,0
INT,60,20251118,150000,7.55,7.55,7.55,7.55,643,0
INT,60,20251118,170000,7.55,7.55,7.55,7.55,222,0
INT,60,20251119,160000,7.8,7.8,7.8,7.8,5,0
INT,60,20251120,140000,7.55,7.55,7.55,7.55,20,0
INT,60,20251120,150000,7.8,7.8,7.8,7.8,4,0
INT,60,20251121,110000,7.55,7.55,7.55,7.55,200,0
INT,60,20251124,130000,7.7,7.7,7.7,7.7,300,0
INT,60,20251124,150000,7.8,7.8,7.8,7.8,2,0
INT,60,20251124,160000,7.8,7.8,7.8,7.8,2,0
INT,60,20251125,110000,7.45,7.45,7.45,7.45,14,0
INT,60,20251127,120000,7.4,7.4,7.4,7.4,80,0
INT,60,20251127,140000,7.6,7.6,7.6,7.6,200,0
INT,60,20251128,110000,7.7,7.7,7.7,7.7,10,0
INT,60,20251201,130000,7.6,7.6,7.6,7.6,4,0
INT,60,20251203,110000,7.4,7.4,7.4,7.4,273,0
INT,60,20251203,120000,7.45,7.45,7.4,7.4,578,0
INT,60,20251203,130000,7.7,7.7,7.7,7.7,67,0
INT,60,20251203,140000,7.7,7.7,7.7,7.7,10,0
INT,60,20251204,100000,7.7,7.7,7.4,7.4,629,0
INT,60,20251204,130000,7.7,7.7,7.7,7.7,2,0
INT,60,20251205,140000,7.4,7.4,7.35,7.35,400,0
INT,60,20251208,130000,7.4,7.4,7.4,7.4,4,0
INT,60,20251208,160000,7.4,7.4,7.4,7.4,4,0
INT,60,20251209,100000,7.4,7.4,7.4,7.4,5,0
INT,60,20251211,140000,7.4,7.65,7.4,7.65,1577,0
INT,60,20251216,100000,7.35,7.35,7.35,7.35,50,0
INT,60,20251216,140000,7.6,7.6,7.6,7.6,300,0
INT,60,20251216,170000,7.5,7.7,7.5,7.7,1500,0
INT,60,20251217,100000,7.35,8.1,7.35,8.1,2298,0
INT,60,20251217,130000,7.5,7.5,7.5,7.5,10,0
INT,60,20251217,160000,7.85,8.05,7.85,8.05,300,0
INT,60,20251218,110000,8.05,8.05,8.05,8.05,180,0
INT,60,20251218,130000,7.5,7.5,7.5,7.5,64,0
INT,60,20251219,100000,8,8,8,8,3,0
INT,60,20251219,120000,8,8,8,8,10,0
INT,60,20251219,150000,7.7,7.7,7.7,7.7,260,0
INT,60,20251219,160000,7.75,7.8,7.75,7.8,602,0
INT,60,20251222,100000,7.5,7.5,7.5,7.5,10,0
INT,60,20251222,120000,7.7,7.7,7.7,7.7,2,0
INT,60,20251222,130000,7.7,8,7.7,8,77391,0
INT,60,20251222,150000,8.05,8.05,8.05,8.05,170,0
INT,60,20251222,160000,8.05,8.05,8.05,8.05,200,0
INT,60,20251223,110000,8.05,8.05,8.05,8.05,2,0
INT,60,20251223,130000,8.05,8.05,7.55,7.55,111,0
INT,60,20251223,140000,7.8,8.05,7.8,8.05,131,0
INT,60,20251223,160000,8.05,8.05,7.7,7.7,30,0
INT,60,20251229,100000,7.7,7.7,7.7,7.7,14,0
INT,60,20251229,110000,8.1,8.1,7.7,7.7,106,0
INT,60,20251229,120000,7.7,8.1,7.7,8.1,5,0
INT,60,20251229,160000,7.9,7.9,7.9,7.9,250,0
INT,60,20251229,170000,7.9,8.1,7.9,8.1,155,0
INT,60,20251230,100000,8.1,8.1,8.1,8.1,2,0
INT,60,20251230,110000,8.1,8.1,8.1,8.1,153,0
INT,60,20251230,120000,7.8,7.8,7.8,7.8,2,0
INT,60,20251230,150000,7.8,7.8,7.8,7.8,1,0
INT,60,20251230,160000,8.05,8.5,8.05,8.5,3612,0
INT,60,20251230,170000,8.6,8.6,8.6,8.6,190,0
