<TICKER>,<PER>,<DATE>,<TIME>,<OPEN>,<HIGH>,<LOW>,<CLOSE>,<VOL>,<OPENINT>
LXB,60,20240411,100000,0.253,0.253,0.253,0.253,20,0
LXB,60,20240411,140000,0.252,0.253,0.252,0.253,2000,0
LXB,60,20240412,100000,0.253,0.253,0.253,0.253,212,0
LXB,60,20240412,130000,0.252,0.252,0.252,0.252,377,0
LXB,60,20240412,160000,0.246,0.246,0.246,0.246,54,0
LXB,60,20240412,170000,0.252,0.252,0.252,0.252,1200,0
LXB,60,20240415,100000,0.253,0.253,0.253,0.253,20,0
LXB,60,20240415,120000,0.24,0.252,0.24,0.252,803,0
LXB,60,20240417,150000,0.24,0.249,0.23,0.249,15701,0
LXB,60,20240419,100000,0.231,0.245,0.23,0.244,4812,0
LXB,60,20240419,130000,0.244,0.245,0.244,0.245,1600,0
LXB,60,20240422,100000,0.245,0.245,0.245,0.245,4450,0
LXB,60,20240422,120000,0.244,0.244,0.244,0.244,1000,0
LXB,60,20240422,170000,0.231,0.244,0.228,0.244,4495,0
LXB,60,20240423,100000,0.244,0.244,0.244,0.244,20,0
LXB,60,20240423,130000,0.242,0.242,0.242,0.242,850,0
LXB,60,20240424,100000,0.242,0.242,0.242,0.242,20,0
LXB,60,20240424,120000,0.225,0.242,0.225,0.242,811,0
LXB,60,20240424,170000,0.238,0.245,0.238,0.245,3950,0
LXB,60,20240425,100000,0.245,0.245,0.245,0.245,775,0
LXB,60,20240426,110000,0.245,0.247,0.245,0.247,1300,0
LXB,60,20240502,100000,0.25,0.254,0.226,0.254,12188,0
LXB,60,20240502,130000,0.254,0.254,0.254,0.254,1100,0
LXB,60,20240506,100000,0.23,0.23,0.23,0.23,1000,0
LXB,60,20240506,110000,0.23,0.253,0.23,0.253,3400,0
LXB,60,20240506,120000,0.253,0.254,0.253,0.254,810,0
LXB,60,20240507,100000,0.231,0.25,0.228,0.23,19732,0
LXB,60,20240507,110000,0.232,0.232,0.231,0.231,2500,0
LXB,60,20240507,120000,0.242,0.242,0.242,0.242,121,0
LXB,60,20240507,150000,0.232,0.241,0.232,0.241,2121,0
LXB,60,20240509,100000,0.241,0.241,0.231,0.241,370,0
LXB,60,20240509,120000,0.232,0.241,0.232,0.241,4131,0
LXB,60,20240509,150000,0.234,0.242,0.232,0.242,11004,0
LXB,60,20240509,160000,0.235,0.242,0.232,0.242,11965,0
LXB,60,20240509,170000,0.242,0.242,0.242,0.242,2210,0
LXB,60,20240510,100000,0.242,0.242,0.232,0.232,1600,0
LXB,60,20240510,110000,0.232,0.242,0.232,0.242,4522,0
LXB,60,20240510,140000,0.232,0.232,0.232,0.232,1000,0
LXB,60,20240510,150000,0.241,0.241,0.241,0.241,11,0
LXB,60,20240516,100000,0.232,0.24,0.221,0.235,12665,0
LXB,60,20240516,140000,0.221,0.234,0.221,0.234,7044,0
LXB,60,20240516,170000,0.221,0.235,0.221,0.235,5622,0
LXB,60,20240520,100000,0.235,0.235,0.221,0.221,3031,0
LXB,60,20240520,140000,0.231,0.231,0.231,0.231,11,0
LXB,60,20240521,100000,0.231,0.231,0.231,0.231,20,0
LXB,60,20240521,150000,0.23,0.23,0.23,0.23,1100,0
LXB,60,20240522,100000,0.229,0.229,0.229,0.229,20,0
LXB,60,20240522,150000,0.228,0.228,0.228,0.228,1100,0
LXB,60,20240523,100000,0.228,0.229,0.22,0.229,2120,0
LXB,60,20240523,120000,0.229,0.229,0.229,0.229,3,0
LXB,60,20240527,100000,0.229,0.237,0.229,0.237,10011,0
LXB,60,20240528,110000,0.23,0.23,0.23,0.23,11,0
LXB,60,20240528,170000,0.229,0.229,0.229,0.229,11,0
LXB,60,20240531,140000,0.22,0.227,0.211,0.227,8205,0
LXB,60,20240603,100000,0.224,0.224,0.224,0.224,20,0
LXB,60,20240603,120000,0.223,0.224,0.223,0.224,2000,0
LXB,60,20240603,160000,0.224,0.227,0.224,0.227,70,0
LXB,60,20240604,170000,0.235,0.235,0.235,0.235,11,0
LXB,60,20240605,140000,0.235,0.254,0.235,0.254,20500,0
LXB,60,20240607,100000,0.253,0.253,0.252,0.252,2131,0
LXB,60,20240607,110000,0.251,0.252,0.251,0.252,3500,0
LXB,60,20240610,100000,0.252,0.252,0.252,0.252,20,0
LXB,60,20240610,130000,0.226,0.252,0.222,0.252,10111,0
LXB,60,20240611,100000,0.249,0.249,0.249,0.249,121,0
LXB,60,20240611,120000,0.22,0.25,0.22,0.25,12738,0
LXB,60,20240611,140000,0.216,0.249,0.216,0.249,5111,0
LXB,60,20240611,170000,0.244,0.244,0.244,0.244,200,0
LXB,60,20240612,100000,0.244,0.244,0.22,0.244,631,0
LXB,60,20240614,170000,0.22,0.243,0.217,0.243,6032,0
LXB,60,20240617,140000,0.217,0.243,0.217,0.243,1111,0
LXB,60,20240619,130000,0.22,0.242,0.216,0.242,13011,0
LXB,60,20240621,100000,0.217,0.242,0.217,0.242,107,0
LXB,60,20240621,130000,0.217,0.242,0.213,0.241,12434,0
LXB,60,20240626,100000,0.218,0.237,0.218,0.237,17921,0
LXB,60,20240626,120000,0.237,0.237,0.237,0.237,2000,0
LXB,60,20240626,150000,0.23,0.237,0.23,0.237,9010,0
LXB,60,20240626,170000,0.23,0.237,0.219,0.237,7033,0
LXB,60,20240627,100000,0.238,0.238,0.237,0.237,4400,0
LXB,60,20240627,140000,0.22,0.238,0.22,0.238,30200,0
LXB,60,20240628,100000,0.1915,0.218,0.1915,0.21,76747,0
LXB,60,20240628,110000,0.21,0.214,0.21,0.214,14681,0
LXB,60,20240628,120000,0.215,0.215,0.215,0.215,6000,0
LXB,60,20240628,160000,0.212,0.215,0.212,0.215,4547,0
LXB,60,20240628,170000,0.215,0.222,0.215,0.222,3566,0
LXB,60,20240701,100000,0.222,0.222,0.222,0.222,55,0
LXB,60,20240702,110000,0.202,0.22,0.2,0.22,11166,0
LXB,60,20240704,100000,0.22,0.22,0.22,0.22,1200,0
LXB,60,20240704,140000,0.222,0.222,0.222,0.222,1849,0
LXB,60,20240704,150000,0.223,0.224,0.223,0.224,450,0
LXB,60,20240704,170000,0.224,0.225,0.224,0.225,261,0
LXB,60,20240705,120000,0.226,0.226,0.226,0.226,11,0
LXB,60,20240712,100000,0.226,0.236,0.226,0.236,137849,0
LXB,60,20240712,150000,0.236,0.237,0.236,0.237,2000,0
LXB,60,20240715,140000,0.23,0.23,0.23,0.23,50,0
LXB,60,20240716,100000,0.237,0.237,0.237,0.237,111,0
LXB,60,20240716,150000,0.203,0.235,0.203,0.235,1860,0
LXB,60,20240723,100000,0.235,0.235,0.233,0.233,130,0
LXB,60,20240725,110000,0.201,0.232,0.1975,0.23,6052,0
LXB,60,20240726,160000,0.204,0.229,0.198,0.229,50461,0
LXB,60,20240729,100000,0.224,0.224,0.224,0.224,20,0
LXB,60,20240729,110000,0.224,0.224,0.224,0.224,2500,0
LXB,60,20240729,170000,0.225,0.225,0.225,0.225,11,0
LXB,60,20240731,120000,0.2,0.2,0.2,0.2,800,0
LXB,60,20240731,150000,0.21,0.21,0.21,0.21,2200,0
LXB,60,20240731,160000,0.225,0.228,0.225,0.228,900,0
LXB,60,20240801,100000,0.226,0.229,0.226,0.229,3999,0
LXB,60,20240801,170000,0.21,0.21,0.195,0.195,50000,0
LXB,60,20240802,120000,0.191,0.219,0.19,0.219,12011,0
LXB,60,20240805,100000,0.188,0.208,0.173,0.208,7920,0
LXB,60,20240805,110000,0.207,0.208,0.207,0.208,1511,0
LXB,60,20240805,120000,0.205,0.208,0.205,0.208,2500,0
LXB,60,20240805,150000,0.182,0.205,0.1745,0.205,8011,0
LXB,60,20240805,170000,0.203,0.204,0.202,0.204,3000,0
LXB,60,20240806,100000,0.204,0.204,0.204,0.204,20,0
LXB,60,20240806,170000,0.203,0.203,0.203,0.203,500,0
LXB,60,20240807,100000,0.203,0.205,0.203,0.205,655,0
LXB,60,20240807,110000,0.205,0.205,0.205,0.205,500,0
LXB,60,20240808,100000,0.19,0.205,0.19,0.205,9261,0
LXB,60,20240808,110000,0.205,0.205,0.205,0.205,2500,0
LXB,60,20240809,100000,0.2,0.207,0.2,0.207,17220,0
LXB,60,20240812,110000,0.204,0.204,0.204,0.204,20,0
LXB,60,20240812,160000,0.204,0.204,0.204,0.204,4730,0
LXB,60,20240812,170000,0.205,0.205,0.205,0.205,1,0
LXB,60,20240813,120000,0.204,0.204,0.204,0.204,3000,0
LXB,60,20240813,170000,0.205,0.205,0.205,0.205,1,0
LXB,60,20240816,110000,0.178,0.205,0.178,0.205,6511,0
LXB,60,20240819,120000,0.177,0.205,0.177,0.205,4021,0
LXB,60,20240821,100000,0.1765,0.205,0.17,0.204,13342,0
LXB,60,20240821,130000,0.2,0.2,0.2,0.2,3500,0
LXB,60,20240821,160000,0.166,0.2,0.166,0.2,4011,0
LXB,60,20240821,170000,0.2,0.204,0.2,0.204,3880,0
LXB,60,20240822,100000,0.196,0.205,0.196,0.205,2411,0
LXB,60,20240822,160000,0.203,0.203,0.203,0.203,1000,0
LXB,60,20240823,100000,0.203,0.203,0.1705,0.203,4220,0
LXB,60,20240823,110000,0.169,0.203,0.169,0.203,6682,0
LXB,60,20240826,100000,0.201,0.201,0.201,0.201,20,0
LXB,60,20240826,110000,0.201,0.201,0.17,0.201,3611,0
LXB,60,20240826,120000,0.17,0.201,0.1695,0.201,6111,0
LXB,60,20240827,100000,0.198,0.198,0.1965,0.1975,6100,0
LXB,60,20240827,130000,0.1975,0.1975,0.1725,0.1975,13,0
LXB,60,20240828,150000,0.2,0.2,0.2,0.2,1142,0
LXB,60,20240828,170000,0.1935,0.1935,0.173,0.192,8500,0
LXB,60,20240829,130000,0.192,0.193,0.192,0.193,1000,0
LXB,60,20240903,100000,0.1925,0.1925,0.175,0.1925,1331,0
LXB,60,20240903,110000,0.192,0.2,0.192,0.2,2000,0
LXB,60,20240903,160000,0.184,0.2,0.184,0.2,2011,0
LXB,60,20240905,100000,0.2,0.201,0.2,0.201,40,0
LXB,60,20240906,140000,0.197,0.197,0.197,0.197,100,0
LXB,60,20240909,100000,0.197,0.197,0.197,0.197,100,0
LXB,60,20240913,150000,0.1965,0.201,0.1805,0.199,5284,0
LXB,60,20240917,100000,0.1985,0.1985,0.1985,0.1985,120,0
LXB,60,20240917,150000,0.178,0.1945,0.1705,0.192,18099,0
LXB,60,20240917,170000,0.192,0.192,0.167,0.192,24,0
LXB,60,20240918,100000,0.1915,0.1915,0.1915,0.1915,100,0
LXB,60,20240918,150000,0.1855,0.188,0.1855,0.188,3977,0
LXB,60,20240920,100000,0.188,0.188,0.188,0.188,200,0
LXB,60,20240920,110000,0.191,0.198,0.191,0.198,18892,0
LXB,60,20240923,140000,0.182,0.198,0.182,0.198,1022,0
LXB,60,20240925,170000,0.182,0.182,0.182,0.182,1000,0
LXB,60,20240926,100000,0.198,0.198,0.198,0.198,11,0
LXB,60,20240926,120000,0.198,0.21,0.198,0.21,92081,0
LXB,60,20240926,130000,0.208,0.21,0.208,0.21,80709,0
LXB,60,20240926,140000,0.2,0.2,0.2,0.2,255,0
LXB,60,20240926,150000,0.2,0.209,0.2,0.209,4045,0
LXB,60,20240926,160000,0.19,0.19,0.19,0.19,10900,0
LXB,60,20240927,100000,0.197,0.198,0.197,0.198,3641,0
LXB,60,20240927,110000,0.1875,0.1875,0.173,0.1865,9000,0
LXB,60,20240927,140000,0.175,0.175,0.175,0.175,7031,0
LXB,60,20240927,150000,0.173,0.173,0.173,0.173,1000,0
LXB,60,20240927,170000,0.186,0.205,0.186,0.205,2700,0
LXB,60,20240930,100000,0.2,0.2,0.2,0.2,100,0
LXB,60,20240930,110000,0.2,0.2,0.2,0.2,30000,0
LXB,60,20240930,120000,0.1995,0.2,0.1995,0.2,2500,0
LXB,60,20240930,130000,0.2,0.205,0.2,0.205,6850,0
LXB,60,20240930,160000,0.204,0.204,0.204,0.204,100,0
LXB,60,20241002,130000,0.182,0.182,0.181,0.181,5850,0
LXB,60,20241002,140000,0.182,0.182,0.181,0.181,18640,0
LXB,60,20241002,150000,0.181,0.2,0.1755,0.2,46469,0
LXB,60,20241002,160000,0.2,0.2,0.2,0.2,5000,0
LXB,60,20241003,100000,0.205,0.205,0.205,0.205,500,0
LXB,60,20241003,110000,0.204,0.204,0.204,0.204,147,0
LXB,60,20241003,120000,0.204,0.207,0.204,0.207,26500,0
LXB,60,20241003,130000,0.207,0.21,0.193,0.193,35930,0
LXB,60,20241003,140000,0.1925,0.1925,0.19,0.19,25000,0
LXB,60,20241003,150000,0.19,0.205,0.19,0.205,62970,0
LXB,60,20241003,170000,0.188,0.188,0.188,0.188,7900,0
LXB,60,20241008,110000,0.199,0.199,0.1655,0.184,81560,0
LXB,60,20241008,120000,0.184,0.184,0.184,0.184,3000,0
LXB,60,20241008,130000,0.1825,0.183,0.1825,0.183,4000,0
LXB,60,20241008,140000,0.181,0.181,0.181,0.181,4600,0
LXB,60,20241009,160000,0.168,0.168,0.168,0.168,3000,0
LXB,60,20241009,170000,0.18,0.18,0.168,0.18,1101,0
LXB,60,20241010,120000,0.18,0.188,0.18,0.188,19450,0
LXB,60,20241011,170000,0.1845,0.1845,0.17,0.17,16811,0
LXB,60,20241014,100000,0.17,0.17,0.17,0.17,199,0
LXB,60,20241014,120000,0.169,0.169,0.169,0.169,20000,0
LXB,60,20241014,140000,0.169,0.169,0.169,0.169,20000,0
LXB,60,20241015,170000,0.175,0.175,0.175,0.175,11,0
LXB,60,20241016,100000,0.175,0.175,0.164,0.175,5339,0
LXB,60,20241016,140000,0.174,0.1745,0.174,0.1745,2000,0
LXB,60,20241017,160000,0.163,0.163,0.162,0.162,5000,0
LXB,60,20241017,170000,0.161,0.169,0.161,0.169,3011,0
LXB,60,20241018,110000,0.167,0.167,0.167,0.167,4000,0
LXB,60,20241021,130000,0.1605,0.168,0.16,0.168,6761,0
LXB,60,20241022,110000,0.168,0.1725,0.168,0.1725,9440,0
LXB,60,20241022,150000,0.1705,0.171,0.1705,0.171,20000,0
LXB,60,20241023,130000,0.162,0.172,0.161,0.172,1011,0
LXB,60,20241024,120000,0.17,0.17,0.17,0.17,50,0
LXB,60,20241024,160000,0.17,0.17,0.17,0.17,1000,0
LXB,60,20241025,100000,0.17,0.17,0.17,0.17,100,0
LXB,60,20241025,160000,0.17,0.17,0.17,0.17,964,0
LXB,60,20241025,170000,0.17,0.1715,0.17,0.1715,1309,0
LXB,60,20241028,100000,0.17,0.1715,0.158,0.1715,15011,0
LXB,60,20241028,140000,0.158,0.158,0.158,0.158,9000,0
LXB,60,20241028,150000,0.1695,0.1695,0.1695,0.1695,11,0
LXB,60,20241029,100000,0.1695,0.1695,0.1695,0.1695,20,0
LXB,60,20241029,120000,0.1685,0.1695,0.1685,0.1695,4870,0
LXB,60,20241029,160000,0.158,0.158,0.14,0.14,39100,0
LXB,60,20241029,170000,0.1425,0.156,0.1425,0.156,36172,0
LXB,60,20241030,100000,0.144,0.144,0.144,0.144,50,0
LXB,60,20241030,140000,0.1545,0.1545,0.1545,0.1545,11,0
LXB,60,20241104,100000,0.154,0.154,0.154,0.154,120,0
LXB,60,20241104,120000,0.1485,0.1485,0.1485,0.1485,700,0
LXB,60,20241104,140000,0.1485,0.1525,0.14,0.1525,9731,0
LXB,60,20241105,120000,0.1365,0.144,0.1365,0.1365,12000,0
LXB,60,20241105,130000,0.137,0.137,0.137,0.137,26101,0
LXB,60,20241105,160000,0.14,0.1445,0.14,0.1445,7000,0
LXB,60,20241106,100000,0.1445,0.1445,0.1445,0.1445,100,0
LXB,60,20241106,130000,0.15,0.15,0.15,0.15,1000,0
LXB,60,20241106,140000,0.1505,0.1505,0.15,0.15,13850,0
LXB,60,20241107,160000,0.1515,0.153,0.138,0.138,10600,0
LXB,60,20241107,170000,0.1515,0.1515,0.1515,0.1515,500,0
LXB,60,20241108,150000,0.152,0.1525,0.152,0.1525,550,0
LXB,60,20241108,170000,0.1515,0.1615,0.1515,0.1615,10561,0
LXB,60,20241113,110000,0.151,0.151,0.1505,0.1505,1000,0
LXB,60,20241113,140000,0.1615,0.1615,0.1615,0.1615,300,0
LXB,60,20241115,100000,0.15,0.15,0.138,0.138,19291,0
LXB,60,20241115,120000,0.138,0.138,0.138,0.138,5450,0
LXB,60,20241115,130000,0.1555,0.1555,0.15,0.15,100300,0
LXB,60,20241115,140000,0.15,0.16,0.15,0.16,20000,0
LXB,60,20241115,160000,0.143,0.143,0.142,0.142,1450,0
LXB,60,20241115,170000,0.1575,0.1575,0.1575,0.1575,200,0
LXB,60,20241120,100000,0.1575,0.1575,0.15,0.15,3470,0
LXB,60,20241120,170000,0.15,0.15,0.15,0.15,2950,0
LXB,60,20241126,120000,0.1555,0.156,0.1555,0.156,1000,0
LXB,60,20241204,170000,0.1425,0.145,0.125,0.128,40010,0
LXB,60,20241205,100000,0.126,0.126,0.126,0.126,7,0
LXB,60,20241205,110000,0.126,0.126,0.126,0.126,3993,0
LXB,60,20241205,140000,0.126,0.136,0.126,0.136,107,0
LXB,60,20241205,150000,0.1255,0.1255,0.125,0.125,6500,0
LXB,60,20241206,100000,0.125,0.125,0.125,0.125,100,0
LXB,60,20241206,110000,0.125,0.125,0.125,0.125,10000,0
LXB,60,20241206,150000,0.1245,0.125,0.1245,0.125,19223,0
LXB,60,20241209,100000,0.1255,0.1255,0.125,0.125,20000,0
LXB,60,20241210,110000,0.129,0.13,0.125,0.129,48600,0
LXB,60,20241211,150000,0.128,0.128,0.128,0.128,20,0
LXB,60,20241211,170000,0.1275,0.1275,0.1275,0.1275,500,0
LXB,60,20241212,160000,0.126,0.126,0.126,0.126,100,0
LXB,60,20241212,170000,0.121,0.121,0.118,0.118,9100,0
LXB,60,20241213,100000,0.118,0.118,0.118,0.118,100,0
LXB,60,20241213,110000,0.114,0.114,0.11,0.11,36990,0
LXB,60,20241213,120000,0.11,0.11,0.11,0.11,9111,0
LXB,60,20241216,100000,0.1165,0.1165,0.105,0.1165,10332,0
LXB,60,20241216,170000,0.11,0.11,0.11,0.11,170,0
LXB,60,20241217,100000,0.115,0.12,0.1065,0.1065,16699,0
LXB,60,20241218,170000,0.115,0.115,0.107,0.1145,2002,0
LXB,60,20241219,130000,0.1145,0.1145,0.1145,0.1145,1000,0
LXB,60,20241220,100000,0.1065,0.1065,0.1065,0.1065,1000,0
LXB,60,20241220,110000,0.1065,0.1065,0.1,0.1,26940,0
LXB,60,20241220,130000,0.1,0.1115,0.096,0.1115,18286,0
LXB,60,20241223,140000,0.098,0.098,0.098,0.098,10000,0
LXB,60,20241223,160000,0.1,0.1,0.1,0.1,10000,0
LXB,60,20241223,170000,0.098,0.105,0.098,0.105,1054,0
LXB,60,20241227,100000,0.104,0.104,0.104,0.104,100,0
LXB,60,20241227,120000,0.0972,0.0972,0.09,0.09,10470,0
LXB,60,20241227,160000,0.1,0.1,0.1,0.1,1000,0
LXB,60,20241227,170000,0.0908,0.0908,0.0908,0.0908,2000,0
LXB,60,20241230,100000,0.0906,0.0906,0.0906,0.0906,2242,0
LXB,60,20241230,120000,0.0904,0.0904,0.0902,0.0902,894,0
LXB,60,20241230,130000,0.0908,0.0908,0.0908,0.0908,3000,0
LXB,60,20250102,100000,0.11,0.112,0.09,0.11,342,0
LXB,60,20250102,110000,0.1,0.1095,0.1,0.1095,9000,0
LXB,60,20250102,160000,0.107,0.108,0.107,0.108,5000,0
LXB,60,20250103,100000,0.108,0.108,0.108,0.108,1,0
LXB,60,20250103,150000,0.108,0.114,0.108,0.114,3200,0
LXB,60,20250107,100000,0.114,0.115,0.114,0.115,300,0
LXB,60,20250107,110000,0.116,0.125,0.116,0.125,5000,0
LXB,60,20250107,120000,0.126,0.127,0.12,0.12,5600,0
LXB,60,20250107,150000,0.125,0.128,0.125,0.128,4618,0
LXB,60,20250107,160000,0.1285,0.13,0.1285,0.13,3800,0
LXB,60,20250107,170000,0.12,0.13,0.108,0.108,11373,0
LXB,60,20250108,100000,0.109,0.109,0.109,0.109,20,0
LXB,60,20250109,110000,0.12,0.129,0.12,0.128,3220,0
LXB,60,20250109,160000,0.128,0.128,0.128,0.128,630,0
LXB,60,20250109,170000,0.1285,0.13,0.1285,0.13,8750,0
LXB,60,20250110,100000,0.13,0.143,0.13,0.143,10050,0
LXB,60,20250110,110000,0.1435,0.15,0.1435,0.15,13162,0
LXB,60,20250113,100000,0.1495,0.15,0.1495,0.15,5000,0
LXB,60,20250113,110000,0.151,0.151,0.151,0.151,50,0
LXB,60,20250113,160000,0.151,0.151,0.151,0.151,950,0
LXB,60,20250113,170000,0.151,0.152,0.151,0.152,1858,0
LXB,60,20250114,150000,0.146,0.146,0.146,0.146,1,0
LXB,60,20250114,160000,0.146,0.146,0.124,0.125,13162,0
LXB,60,20250114,170000,0.1475,0.1475,0.1475,0.1475,11,0
LXB,60,20250116,100000,0.145,0.1455,0.145,0.1455,1550,0
LXB,60,20250117,130000,0.13,0.13,0.13,0.13,20000,0
LXB,60,20250117,170000,0.13,0.145,0.13,0.145,3596,0
LXB,60,20250120,100000,0.145,0.145,0.145,0.145,20,0
LXB,60,20250121,160000,0.145,0.145,0.145,0.145,100,0
LXB,60,20250210,100000,0.1445,0.155,0.1435,0.1545,20152,0
LXB,60,20250211,120000,0.1545,0.1545,0.1545,0.1545,1,0
LXB,60,20250212,100000,0.1545,0.1545,0.1545,0.1545,1036,0
LXB,60,20250212,110000,0.1545,0.1545,0.1545,0.1545,150,0
LXB,60,20250217,150000,0.1545,0.1545,0.1545,0.1545,350,0
LXB,60,20250219,120000,0.153,0.155,0.153,0.155,6000,0
LXB,60,20250219,130000,0.15,0.155,0.1405,0.1545,41099,0
LXB,60,20250219,160000,0.162,0.162,0.162,0.162,50,0
LXB,60,20250220,140000,0.16,0.17,0.16,0.17,25053,0
LXB,60,20250220,150000,0.17,0.1785,0.17,0.1785,12210,0
LXB,60,20250220,160000,0.1785,0.179,0.1785,0.179,500,0
LXB,60,20250221,100000,0.148,0.175,0.148,0.148,454,0
LXB,60,20250221,120000,0.1765,0.1765,0.1765,0.1765,1,0
LXB,60,20250224,100000,0.1765,0.1765,0.1765,0.1765,20,0
LXB,60,20250225,150000,0.176,0.176,0.176,0.176,1,0
LXB,60,20250226,120000,0.176,0.1835,0.176,0.1835,15000,0
LXB,60,20250303,100000,0.18,0.18,0.18,0.18,50,0
LXB,60,20250307,130000,0.179,0.179,0.179,0.179,10000,0
LXB,60,20250310,100000,0.177,0.18,0.177,0.18,10000,0
LXB,60,20250310,160000,0.177,0.177,0.177,0.177,3100,0
LXB,60,20250311,130000,0.176,0.176,0.176,0.176,1200,0
LXB,60,20250312,170000,0.1775,0.1835,0.1775,0.1835,66299,0
LXB,60,20250313,100000,0.1835,0.1835,0.1835,0.1835,3,0
LXB,60,20250313,110000,0.1835,0.1835,0.1835,0.1835,4500,0
LXB,60,20250313,140000,0.176,0.176,0.176,0.176,2,0
LXB,60,20250313,170000,0.1825,0.1825,0.1825,0.1825,300,0
LXB,60,20250314,100000,0.183,0.183,0.183,0.183,8000,0
LXB,60,20250314,150000,0.182,0.182,0.182,0.182,2000,0
LXB,60,20250317,120000,0.16,0.16,0.16,0.16,98,0
LXB,60,20250317,150000,0.1795,0.1795,0.1795,0.1795,500,0
LXB,60,20250318,100000,0.1795,0.183,0.1795,0.183,5600,0
LXB,60,20250318,170000,0.18,0.18,0.18,0.18,670,0
LXB,60,20250319,140000,0.1815,0.182,0.1815,0.182,510,0
LXB,60,20250324,100000,0.1815,0.1815,0.18,0.1815,8200,0
LXB,60,20250324,110000,0.154,0.154,0.154,0.154,500,0
LXB,60,20250324,170000,0.1815,0.1815,0.1815,0.1815,10,0
LXB,60,20250331,100000,0.18,0.18,0.178,0.178,500,0
LXB,60,20250401,110000,0.178,0.178,0.178,0.178,100,0
LXB,60,20250401,120000,0.16,0.16,0.15,0.15,1000,0
LXB,60,20250401,170000,0.178,0.178,0.178,0.178,3,0
LXB,60,20250408,100000,0.178,0.178,0.17,0.17,500,0
LXB,60,20250408,130000,0.178,0.178,0.152,0.152,225,0
LXB,60,20250408,140000,0.176,0.176,0.176,0.176,1,0
LXB,60,20250408,160000,0.176,0.176,0.176,0.176,2000,0
LXB,60,20250411,100000,0.176,0.176,0.176,0.176,2699,0
LXB,60,20250411,110000,0.176,0.176,0.176,0.176,1,0
LXB,60,20250417,100000,0.172,0.172,0.172,0.172,300,0
LXB,60,20250417,110000,0.152,0.171,0.144,0.171,8822,0
LXB,60,20250424,100000,0.171,0.171,0.171,0.171,300,0
LXB,60,20250424,170000,0.171,0.172,0.171,0.172,4998,0
LXB,60,20250425,110000,0.172,0.172,0.172,0.172,100,0
LXB,60,20250425,150000,0.172,0.172,0.172,0.172,4500,0
LXB,60,20250502,100000,0.172,0.172,0.172,0.172,1300,0
LXB,60,20250502,170000,0.173,0.173,0.173,0.173,6000,0
LXB,60,20250505,100000,0.173,0.173,0.173,0.173,100,0
LXB,60,20250505,110000,0.145,0.173,0.145,0.173,101,0
LXB,60,20250519,100000,0.173,0.173,0.16,0.16,800,0
LXB,60,20250519,110000,0.16,0.16,0.16,0.16,4875,0
LXB,60,20250519,170000,0.16,0.17,0.16,0.17,5501,0
LXB,60,20250520,100000,0.169,0.169,0.169,0.169,100,0
LXB,60,20250520,150000,0.168,0.168,0.168,0.168,5000,0
LXB,60,20250521,100000,0.168,0.168,0.168,0.168,100,0
LXB,60,20250521,150000,0.147,0.168,0.146,0.168,58159,0
LXB,60,20250522,100000,0.168,0.168,0.168,0.168,100,0
LXB,60,20250523,110000,0.167,0.167,0.167,0.167,100,0
LXB,60,20250523,160000,0.149,0.149,0.149,0.149,6799,0
LXB,60,20250523,170000,0.148,0.16,0.148,0.16,1300,0
LXB,60,20250526,100000,0.148,0.148,0.148,0.148,1703,0
LXB,60,20250526,170000,0.16,0.16,0.16,0.16,1,0
LXB,60,20250527,110000,0.16,0.16,0.16,0.16,100,0
LXB,60,20250528,100000,0.155,0.155,0.155,0.155,100,0
LXB,60,20250528,150000,0.148,0.155,0.148,0.148,8701,0
LXB,60,20250604,100000,0.155,0.168,0.147,0.166,67557,0
LXB,60,20250604,160000,0.147,0.147,0.14,0.14,40000,0
LXB,60,20250604,170000,0.14,0.16,0.14,0.16,6592,0
LXB,60,20250605,150000,0.159,0.159,0.159,0.159,70,0
LXB,60,20250605,160000,0.154,0.158,0.13,0.158,11773,0
LXB,60,20250610,100000,0.158,0.159,0.136,0.157,2912,0
LXB,60,20250610,150000,0.135,0.155,0.13,0.155,64291,0
LXB,60,20250617,100000,0.155,0.155,0.131,0.153,65430,0
LXB,60,20250617,170000,0.132,0.152,0.131,0.152,8002,0
LXB,60,20250618,100000,0.151,0.151,0.151,0.151,100,0
LXB,60,20250618,130000,0.149,0.149,0.149,0.149,70,0
LXB,60,20250623,100000,0.132,0.149,0.131,0.149,65184,0
LXB,60,20250624,110000,0.147,0.147,0.147,0.147,50,0
LXB,60,20250624,140000,0.132,0.132,0.131,0.131,6028,0
LXB,60,20250624,150000,0.132,0.148,0.132,0.148,73581,0
LXB,60,20250626,100000,0.148,0.148,0.148,0.148,200,0
LXB,60,20250626,150000,0.148,0.169,0.148,0.169,59403,0
LXB,60,20250626,160000,0.169,0.169,0.169,0.169,100,0
LXB,60,20250626,170000,0.135,0.169,0.135,0.135,56481,0
LXB,60,20250627,100000,0.162,0.162,0.162,0.162,1500,0
LXB,60,20250627,110000,0.16,0.161,0.135,0.16,9475,0
LXB,60,20250627,120000,0.16,0.16,0.16,0.16,2000,0
LXB,60,20250627,130000,0.159,0.16,0.135,0.158,3501,0
LXB,60,20250627,160000,0.135,0.135,0.135,0.135,500,0
LXB,60,20250627,170000,0.158,0.158,0.134,0.134,5001,0
LXB,60,20250630,100000,0.134,0.134,0.132,0.132,5025,0
LXB,60,20250630,110000,0.134,0.134,0.134,0.134,274,0
LXB,60,20250630,160000,0.154,0.155,0.154,0.154,15501,0
LXB,60,20250701,100000,0.154,0.166,0.154,0.166,68700,0
LXB,60,20250702,160000,0.162,0.162,0.162,0.162,100,0
LXB,60,20250703,170000,0.162,0.162,0.162,0.162,10,0
LXB,60,20250704,100000,0.16,0.16,0.16,0.16,100,0
LXB,60,20250704,170000,0.14,0.159,0.14,0.159,4702,0
LXB,60,20250707,130000,0.162,0.166,0.16,0.166,35500,0
LXB,60,20250708,110000,0.166,0.166,0.166,0.166,100,0
LXB,60,20250708,120000,0.166,0.168,0.166,0.168,23400,0
LXB,60,20250708,160000,0.16,0.16,0.16,0.16,10,0
LXB,60,20250709,110000,0.166,0.167,0.165,0.167,4100,0
LXB,60,20250710,100000,0.167,0.167,0.14,0.15,65089,0
LXB,60,20250710,110000,0.16,0.16,0.16,0.16,1,0
LXB,60,20250710,140000,0.14,0.16,0.14,0.16,4010,0
LXB,60,20250710,160000,0.139,0.157,0.134,0.157,18149,0
LXB,60,20250711,140000,0.148,0.148,0.148,0.148,10,0
LXB,60,20250715,100000,0.144,0.144,0.144,0.144,80,0
LXB,60,20250715,170000,0.152,0.152,0.152,0.152,19,0
LXB,60,20250721,160000,0.145,0.145,0.122,0.122,36045,0
LXB,60,20250721,170000,0.126,0.14,0.12,0.138,55502,0
LXB,60,20250722,140000,0.138,0.148,0.138,0.148,13249,0
LXB,60,20250722,150000,0.149,0.155,0.125,0.135,139905,0
LXB,60,20250722,160000,0.135,0.135,0.135,0.135,30036,0
LXB,60,20250724,100000,0.135,0.135,0.135,0.135,200,0
LXB,60,20250724,110000,0.135,0.135,0.135,0.135,24950,0
LXB,60,20250724,130000,0.135,0.135,0.135,0.135,30000,0
LXB,60,20250725,100000,0.135,0.135,0.135,0.135,100,0
LXB,60,20250725,160000,0.135,0.135,0.135,0.135,100,0
LXB,60,20250728,100000,0.135,0.135,0.135,0.135,100,0
LXB,60,20250728,120000,0.135,0.135,0.135,0.135,20000,0
LXB,60,20250728,130000,0.135,0.135,0.135,0.135,5000,0
LXB,60,20250728,150000,0.13,0.13,0.13,0.13,5000,0
LXB,60,20250728,170000,0.13,0.135,0.13,0.135,3001,0
LXB,60,20250729,100000,0.135,0.135,0.135,0.135,100,0
LXB,60,20250729,120000,0.13,0.135,0.12,0.135,24365,0
LXB,60,20250729,140000,0.12,0.162,0.11,0.148,645273,0
LXB,60,20250729,150000,0.148,0.153,0.132,0.144,100553,0
LXB,60,20250729,160000,0.134,0.135,0.134,0.135,13600,0
LXB,60,20250729,170000,0.135,0.14,0.125,0.138,46810,0
LXB,60,20250730,100000,0.132,0.132,0.13,0.13,10000,0
LXB,60,20250730,110000,0.126,0.126,0.125,0.125,38750,0
LXB,60,20250730,120000,0.125,0.129,0.125,0.129,11500,0
LXB,60,20250730,150000,0.128,0.129,0.128,0.129,21000,0
LXB,60,20250730,160000,0.131,0.131,0.131,0.131,15000,0
LXB,60,20250731,100000,0.129,0.129,0.124,0.124,3290,0
LXB,60,20250731,170000,0.12,0.123,0.117,0.123,12668,0
LXB,60,20250801,100000,0.123,0.13,0.123,0.13,45943,0
LXB,60,20250801,110000,0.12,0.12,0.12,0.12,1500,0
LXB,60,20250801,120000,0.127,0.132,0.127,0.131,16148,0
LXB,60,20250804,130000,0.12,0.129,0.11,0.129,89695,0
LXB,60,20250804,150000,0.129,0.129,0.129,0.129,500,0
LXB,60,20250805,100000,0.13,0.13,0.13,0.13,20,0
LXB,60,20250805,160000,0.128,0.148,0.128,0.148,101000,0
LXB,60,20250806,110000,0.145,0.145,0.145,0.145,100,0
LXB,60,20250808,100000,0.145,0.145,0.145,0.145,200,0
LXB,60,20250808,150000,0.145,0.145,0.145,0.145,4975,0
LXB,60,20250808,160000,0.126,0.143,0.126,0.143,15001,0
LXB,60,20250811,100000,0.142,0.142,0.142,0.142,100,0
LXB,60,20250811,140000,0.129,0.129,0.128,0.128,27000,0
LXB,60,20250812,100000,0.128,0.128,0.123,0.124,22752,0
LXB,60,20250812,110000,0.126,0.129,0.118,0.129,35001,0
LXB,60,20250813,100000,0.129,0.129,0.129,0.129,100,0
LXB,60,20250813,130000,0.123,0.123,0.116,0.117,20000,0
LXB,60,20250813,140000,0.117,0.117,0.117,0.117,5556,0
LXB,60,20250813,160000,0.117,0.117,0.116,0.117,18762,0
LXB,60,20250813,170000,0.123,0.123,0.123,0.123,1,0
LXB,60,20250818,100000,0.123,0.123,0.123,0.123,60,0
LXB,60,20250818,160000,0.123,0.127,0.123,0.127,10107,0
LXB,60,20250820,100000,0.127,0.127,0.116,0.118,20800,0
LXB,60,20250820,120000,0.118,0.118,0.118,0.118,31000,0
LXB,60,20250820,170000,0.126,0.126,0.126,0.126,1,0
LXB,60,20250826,100000,0.126,0.13,0.126,0.13,50000,0
LXB,60,20250826,110000,0.13,0.13,0.13,0.13,400,0
LXB,60,20250826,120000,0.13,0.14,0.128,0.14,43588,0
LXB,60,20250826,130000,0.139,0.139,0.139,0.139,9759,0
LXB,60,20250827,100000,0.139,0.141,0.139,0.141,1130,0
LXB,60,20250827,110000,0.134,0.142,0.134,0.14,8400,0
LXB,60,20250827,150000,0.142,0.142,0.142,0.142,7000,0
LXB,60,20250828,100000,0.141,0.141,0.141,0.141,100,0
LXB,60,20250828,130000,0.141,0.141,0.141,0.141,80,0
LXB,60,20250901,100000,0.14,0.151,0.125,0.15,96245,0
LXB,60,20250901,110000,0.15,0.15,0.149,0.149,7400,0
LXB,60,20250901,120000,0.149,0.151,0.149,0.151,11891,0
LXB,60,20250901,140000,0.14,0.14,0.14,0.14,330,0
LXB,60,20250901,170000,0.15,0.15,0.15,0.15,100,0
LXB,60,20250902,100000,0.15,0.15,0.15,0.15,200,0
LXB,60,20250902,170000,0.14,0.14,0.14,0.14,6400,0
LXB,60,20250903,150000,0.138,0.138,0.137,0.137,5000,0
LXB,60,20250903,160000,0.137,0.137,0.132,0.132,19343,0
LXB,60,20250903,170000,0.143,0.143,0.143,0.143,11,0
LXB,60,20250908,100000,0.143,0.143,0.143,0.143,300,0
LXB,60,20250908,110000,0.143,0.16,0.134,0.16,93543,0
LXB,60,20250908,170000,0.144,0.144,0.144,0.144,11,0
LXB,60,20250909,100000,0.154,0.154,0.154,0.154,300,0
LXB,60,20250909,140000,0.144,0.144,0.144,0.144,5000,0
LXB,60,20250910,100000,0.144,0.144,0.144,0.144,100,0
LXB,60,20250910,110000,0.144,0.153,0.144,0.153,3000,0
LXB,60,20250910,120000,0.144,0.144,0.132,0.132,25000,0
LXB,60,20250910,140000,0.145,0.145,0.145,0.145,100,0
LXB,60,20250910,160000,0.145,0.145,0.145,0.145,1900,0
LXB,60,20250911,100000,0.129,0.129,0.12,0.125,31588,0
LXB,60,20250911,120000,0.128,0.128,0.128,0.128,50,0
LXB,60,20250911,140000,0.129,0.129,0.129,0.129,9759,0
LXB,60,20250911,160000,0.132,0.14,0.132,0.14,8500,0
LXB,60,20250912,100000,0.138,0.153,0.138,0.15,63400,0
LXB,60,20250912,170000,0.146,0.146,0.146,0.146,8980,0
LXB,60,20250915,100000,0.146,0.146,0.146,0.146,100,0
LXB,60,20250915,120000,0.146,0.146,0.146,0.146,100,0
LXB,60,20250915,130000,0.146,0.158,0.146,0.158,19000,0
LXB,60,20250915,140000,0.155,0.157,0.155,0.157,5290,0
LXB,60,20250915,160000,0.157,0.157,0.142,0.142,12860,0
LXB,60,20250915,170000,0.157,0.157,0.157,0.157,2,0
LXB,60,20250916,100000,0.142,0.148,0.126,0.128,109010,0
LXB,60,20250916,140000,0.144,0.144,0.144,0.144,9000,0
LXB,60,20250917,110000,0.132,0.132,0.13,0.13,400000,0
LXB,60,20250917,120000,0.144,0.144,0.144,0.144,100,0
LXB,60,20250918,100000,0.14,0.147,0.14,0.147,12000,0
LXB,60,20250918,130000,0.147,0.147,0.146,0.147,10000,0
LXB,60,20250918,140000,0.134,0.134,0.134,0.134,515350,0
LXB,60,20250918,150000,0.147,0.147,0.147,0.147,1650,0
LXB,60,20250919,100000,0.15,0.15,0.15,0.15,200,0
LXB,60,20250919,120000,0.134,0.134,0.133,0.133,33075,0
LXB,60,20250919,130000,0.134,0.134,0.134,0.134,16000,0
LXB,60,20250919,150000,0.14,0.14,0.14,0.14,13732,0
LXB,60,20250924,100000,0.143,0.143,0.143,0.143,1700,0
LXB,60,20250924,130000,0.135,0.135,0.135,0.135,1000,0
LXB,60,20250924,150000,0.135,0.135,0.135,0.135,1000,0
LXB,60,20250924,170000,0.143,0.143,0.143,0.143,1,0
LXB,60,20250925,100000,0.143,0.143,0.143,0.143,100,0
LXB,60,20250925,160000,0.133,0.133,0.133,0.133,100,0
LXB,60,20250925,170000,0.143,0.143,0.143,0.143,11,0
LXB,60,20250926,100000,0.143,0.143,0.143,0.143,100,0
LXB,60,20250929,160000,0.143,0.144,0.143,0.144,1500,0
LXB,60,20250930,100000,0.133,0.133,0.133,0.133,100,0
LXB,60,20250930,160000,0.143,0.143,0.143,0.143,100,0
LXB,60,20251001,150000,0.143,0.143,0.143,0.143,14000,0
LXB,60,20251001,160000,0.143,0.144,0.143,0.144,5211,0
LXB,60,20251002,170000,0.144,0.144,0.144,0.144,4800,0
LXB,60,20251003,100000,0.144,0.144,0.144,0.144,100,0
LXB,60,20251003,160000,0.144,0.147,0.132,0.147,68902,0
LXB,60,20251006,100000,0.152,0.165,0.145,0.147,373703,0
LXB,60,20251006,110000,0.146,0.146,0.143,0.143,304000,0
LXB,60,20251006,120000,0.143,0.143,0.138,0.138,56160,0
LXB,60,20251006,130000,0.134,0.144,0.133,0.144,21258,0
LXB,60,20251006,160000,0.133,0.135,0.133,0.135,20931,0
LXB,60,20251006,170000,0.133,0.137,0.129,0.137,41241,0
LXB,60,20251007,100000,0.135,0.139,0.135,0.139,26999,0
LXB,60,20251007,110000,0.141,0.154,0.14,0.147,352981,0
LXB,60,20251007,120000,0.144,0.146,0.138,0.138,61155,0
LXB,60,20251007,130000,0.142,0.142,0.14,0.14,59873,0
LXB,60,20251007,140000,0.147,0.15,0.135,0.143,153484,0
LXB,60,20251007,150000,0.143,0.143,0.142,0.143,9137,0
LXB,60,20251007,160000,0.142,0.142,0.142,0.142,469,0
LXB,60,20251007,170000,0.142,0.142,0.136,0.141,228651,0
LXB,60,20251008,100000,0.153,0.153,0.14,0.14,142609,0
LXB,60,20251008,110000,0.141,0.141,0.141,0.141,10073,0
LXB,60,20251008,120000,0.141,0.141,0.141,0.141,3300,0
LXB,60,20251008,130000,0.141,0.141,0.14,0.14,10694,0
LXB,60,20251008,140000,0.145,0.148,0.14,0.148,13875,0
LXB,60,20251008,150000,0.145,0.148,0.14,0.147,19875,0
LXB,60,20251008,160000,0.145,0.145,0.145,0.145,3838,0
LXB,60,20251008,170000,0.146,0.149,0.146,0.149,10011,0
LXB,60,20251009,100000,0.149,0.16,0.148,0.151,262952,0
LXB,60,20251009,110000,0.146,0.146,0.145,0.145,25000,0
LXB,60,20251009,120000,0.154,0.154,0.154,0.154,191,0
LXB,60,20251009,130000,0.15,0.15,0.15,0.15,3333,0
LXB,60,20251009,140000,0.143,0.149,0.142,0.149,11048,0
LXB,60,20251009,150000,0.148,0.149,0.148,0.148,65500,0
LXB,60,20251009,160000,0.148,0.148,0.143,0.143,58500,0
LXB,60,20251009,170000,0.146,0.146,0.146,0.146,156,0
LXB,60,20251010,100000,0.14,0.148,0.14,0.148,7158,0
LXB,60,20251010,120000,0.148,0.148,0.148,0.148,17939,0
LXB,60,20251010,130000,0.147,0.147,0.147,0.147,1000,0
LXB,60,20251010,160000,0.138,0.148,0.138,0.148,10000,0
LXB,60,20251010,170000,0.147,0.147,0.147,0.147,1300,0
LXB,60,20251013,100000,0.145,0.145,0.123,0.126,103298,0
LXB,60,20251013,110000,0.13,0.14,0.13,0.14,10010,0
LXB,60,20251013,130000,0.126,0.126,0.126,0.126,83,0
LXB,60,20251013,150000,0.126,0.126,0.126,0.126,469,0
LXB,60,20251013,170000,0.139,0.139,0.139,0.139,10,0
LXB,60,20251014,100000,0.126,0.139,0.125,0.139,11088,0
LXB,60,20251014,110000,0.127,0.127,0.123,0.123,30000,0
LXB,60,20251014,120000,0.14,0.14,0.14,0.14,1,0
LXB,60,20251014,150000,0.137,0.137,0.137,0.137,729,0
LXB,60,20251014,160000,0.125,0.125,0.125,0.125,2000,0
LXB,60,20251014,170000,0.138,0.138,0.138,0.138,50,0
LXB,60,20251015,100000,0.138,0.138,0.138,0.138,100,0
LXB,60,20251015,130000,0.126,0.128,0.12,0.12,109939,0
LXB,60,20251015,160000,0.123,0.123,0.123,0.123,5000,0
LXB,60,20251015,170000,0.123,0.135,0.121,0.135,5100,0
LXB,60,20251016,100000,0.122,0.122,0.12,0.121,35000,0
LXB,60,20251016,120000,0.128,0.128,0.128,0.128,13500,0
LXB,60,20251016,140000,0.128,0.128,0.128,0.128,1900,0
LXB,60,20251016,150000,0.132,0.132,0.132,0.132,600,0
LXB,60,20251017,100000,0.132,0.132,0.121,0.121,1100,0
LXB,60,20251017,110000,0.121,0.121,0.12,0.12,12000,0
LXB,60,20251017,120000,0.12,0.12,0.12,0.12,22200,0
LXB,60,20251017,130000,0.13,0.13,0.13,0.13,2000,0
LXB,60,20251020,100000,0.121,0.132,0.121,0.132,5500,0
LXB,60,20251020,130000,0.131,0.131,0.131,0.131,650,0
LXB,60,20251020,160000,0.121,0.121,0.12,0.12,10067,0
LXB,60,20251020,170000,0.13,0.131,0.13,0.13,579,0
LXB,60,20251021,100000,0.131,0.131,0.131,0.131,2200,0
LXB,60,20251021,140000,0.119,0.119,0.119,0.119,1609,0
LXB,60,20251021,150000,0.119,0.131,0.118,0.131,75356,0
LXB,60,20251022,100000,0.13,0.13,0.13,0.13,100,0
LXB,60,20251022,160000,0.13,0.13,0.13,0.13,650,0
LXB,60,20251023,100000,0.13,0.13,0.13,0.13,100,0
LXB,60,20251023,110000,0.117,0.129,0.117,0.129,584,0
LXB,60,20251023,150000,0.129,0.13,0.129,0.129,34063,0
LXB,60,20251024,100000,0.129,0.129,0.129,0.129,84,0
LXB,60,20251024,160000,0.128,0.142,0.128,0.142,70613,0
LXB,60,20251024,170000,0.123,0.141,0.123,0.141,60015,0
LXB,60,20251027,100000,0.14,0.14,0.14,0.14,871,0
LXB,60,20251027,110000,0.13,0.13,0.12,0.12,76200,0
LXB,60,20251027,140000,0.12,0.12,0.119,0.119,8000,0
LXB,60,20251027,160000,0.13,0.13,0.13,0.13,84,0
LXB,60,20251028,100000,0.13,0.13,0.13,0.13,100,0
LXB,60,20251028,170000,0.12,0.12,0.12,0.12,583,0
LXB,60,20251029,100000,0.129,0.129,0.12,0.12,7000,0
LXB,60,20251029,110000,0.12,0.12,0.12,0.12,6590,0
LXB,60,20251029,130000,0.118,0.118,0.118,0.118,2000,0
LXB,60,20251030,100000,0.118,0.124,0.118,0.124,906,0
LXB,60,20251030,130000,0.125,0.133,0.12,0.131,80250,0
LXB,60,20251030,140000,0.132,0.132,0.132,0.132,2,0
LXB,60,20251030,170000,0.131,0.14,0.131,0.137,63198,0
LXB,60,20251031,100000,0.137,0.137,0.12,0.12,50100,0
LXB,60,20251031,120000,0.127,0.127,0.127,0.127,2000,0
LXB,60,20251103,100000,0.127,0.127,0.127,0.127,2903,0
LXB,60,20251103,150000,0.121,0.126,0.121,0.126,1084,0
LXB,60,20251103,160000,0.121,0.121,0.121,0.121,2100,0
LXB,60,20251104,100000,0.126,0.126,0.126,0.126,20000,0
LXB,60,20251104,120000,0.126,0.126,0.126,0.126,390,0
LXB,60,20251104,140000,0.121,0.121,0.121,0.121,1200,0
LXB,60,20251104,150000,0.126,0.126,0.126,0.126,1000,0
LXB,60,20251105,100000,0.125,0.125,0.125,0.125,100,0
LXB,60,20251105,140000,0.121,0.121,0.115,0.115,30000,0
LXB,60,20251105,160000,0.116,0.116,0.116,0.116,3000,0
LXB,60,20251105,170000,0.12,0.133,0.12,0.133,11700,0
LXB,60,20251106,100000,0.118,0.13,0.118,0.13,467,0
LXB,60,20251106,110000,0.118,0.118,0.118,0.118,4400,0
LXB,60,20251106,140000,0.13,0.13,0.13,0.13,100,0
LXB,60,20251106,170000,0.12,0.12,0.12,0.12,100,0
LXB,60,20251107,100000,0.121,0.121,0.121,0.121,2118,0
LXB,60,20251107,110000,0.121,0.121,0.12,0.12,7474,0
LXB,60,20251107,140000,0.13,0.13,0.13,0.13,5,0
LXB,60,20251107,160000,0.12,0.12,0.12,0.12,1950,0
LXB,60,20251107,170000,0.12,0.13,0.118,0.13,89680,0
LXB,60,20251110,100000,0.128,0.128,0.128,0.128,400,0
LXB,60,20251110,130000,0.128,0.131,0.128,0.131,9640,0
LXB,60,20251110,140000,0.119,0.131,0.118,0.13,60025,0
LXB,60,20251110,160000,0.131,0.131,0.131,0.131,1015,0
LXB,60,20251112,100000,0.13,0.13,0.13,0.13,18000,0
LXB,60,20251112,170000,0.129,0.129,0.129,0.129,2000,0
LXB,60,20251113,100000,0.12,0.12,0.119,0.119,4150,0
LXB,60,20251113,110000,0.123,0.123,0.123,0.123,2,0
LXB,60,20251113,120000,0.129,0.13,0.129,0.13,9998,0
LXB,60,20251113,160000,0.13,0.13,0.13,0.13,13143,0
LXB,60,20251114,100000,0.13,0.13,0.13,0.13,5100,0
LXB,60,20251114,110000,0.13,0.13,0.13,0.13,18,0
LXB,60,20251114,120000,0.129,0.129,0.129,0.129,2666,0
LXB,60,20251114,140000,0.12,0.12,0.117,0.118,23838,0
LXB,60,20251114,170000,0.126,0.126,0.126,0.126,12,0
LXB,60,20251117,100000,0.126,0.126,0.126,0.126,2000,0
LXB,60,20251117,120000,0.12,0.12,0.12,0.12,2000,0
LXB,60,20251117,170000,0.126,0.13,0.117,0.117,80049,0
LXB,60,20251118,100000,0.12,0.12,0.12,0.12,1,0
LXB,60,20251118,140000,0.119,0.135,0.119,0.135,322000,0
LXB,60,20251118,160000,0.135,0.136,0.135,0.136,18092,0
LXB,60,20251118,170000,0.136,0.137,0.123,0.123,13018,0
LXB,60,20251121,100000,0.134,0.134,0.134,0.134,332,0
LXB,60,20251121,110000,0.123,0.123,0.123,0.123,5982,0
LXB,60,20251121,160000,0.122,0.123,0.122,0.123,10000,0
LXB,60,20251121,170000,0.123,0.123,0.123,0.123,4800,0
LXB,60,20251125,100000,0.12,0.131,0.12,0.13,60093,0
LXB,60,20251125,120000,0.119,0.119,0.119,0.119,871,0
LXB,60,20251125,170000,0.13,0.13,0.13,0.13,1,0
LXB,60,20251128,100000,0.13,0.13,0.119,0.129,69315,0
LXB,60,20251201,170000,0.118,0.126,0.118,0.125,143,0
LXB,60,20251203,100000,0.125,0.125,0.125,0.125,150,0
LXB,60,20251203,130000,0.118,0.118,0.118,0.118,2000,0
LXB,60,20251204,100000,0.116,0.116,0.115,0.115,3000,0
LXB,60,20251204,130000,0.115,0.115,0.114,0.114,10000,0
LXB,60,20251204,160000,0.114,0.114,0.107,0.111,29040,0
LXB,60,20251204,170000,0.111,0.111,0.105,0.105,56481,0
LXB,60,20251205,100000,0.102,0.105,0.102,0.105,9479,0
LXB,60,20251205,110000,0.102,0.102,0.1,0.1,40000,0
LXB,60,20251205,120000,0.105,0.105,0.105,0.105,100,0
LXB,60,20251205,150000,0.1,0.107,0.1,0.107,20717,0
LXB,60,20251205,160000,0.1,0.104,0.099,0.104,21434,0
LXB,60,20251208,100000,0.104,0.113,0.0975,0.112,101662,0
LXB,60,20251208,110000,0.112,0.112,0.112,0.112,11000,0
LXB,60,20251208,120000,0.112,0.112,0.112,0.112,9000,0
LXB,60,20251209,100000,0.11,0.11,0.11,0.11,100,0
LXB,60,20251209,160000,0.102,0.102,0.102,0.102,3000,0
LXB,60,20251209,170000,0.11,0.11,0.11,0.11,1,0
LXB,60,20251210,100000,0.11,0.11,0.11,0.11,1000,0
LXB,60,20251210,120000,0.11,0.11,0.11,0.11,11593,0
LXB,60,20251210,140000,0.102,0.102,0.102,0.102,1000,0
LXB,60,20251210,150000,0.102,0.111,0.101,0.111,5850,0
LXB,60,20251210,170000,0.111,0.111,0.111,0.111,3000,0
LXB,60,20251211,100000,0.111,0.111,0.111,0.111,1850,0
LXB,60,20251211,110000,0.111,0.117,0.102,0.117,69452,0
LXB,60,20251211,130000,0.122,0.122,0.117,0.117,508,0
LXB,60,20251211,170000,0.102,0.102,0.102,0.102,10,0
LXB,60,20251212,110000,0.102,0.102,0.102,0.102,3000,0
LXB,60,20251212,170000,0.112,0.112,0.112,0.112,10,0
LXB,60,20251215,100000,0.12,0.12,0.104,0.104,11454,0
LXB,60,20251215,150000,0.103,0.103,0.103,0.103,21339,0
LXB,60,20251216,170000,0.103,0.117,0.103,0.117,11663,0
LXB,60,20251217,150000,0.102,0.102,0.101,0.101,3999,0
LXB,60,20251217,160000,0.101,0.101,0.101,0.101,5511,0
LXB,60,20251217,170000,0.111,0.111,0.111,0.111,1,0
LXB,60,20251218,100000,0.111,0.111,0.101,0.101,9290,0
LXB,60,20251218,160000,0.101,0.11,0.101,0.11,23700,0
LXB,60,20251219,100000,0.108,0.108,0.108,0.108,100,0
LXB,60,20251219,120000,0.098,0.098,0.098,0.098,77,0
LXB,60,20251219,150000,0.098,0.098,0.095,0.0965,25000,0
LXB,60,20251219,170000,0.108,0.108,0.108,0.108,11,0
LXB,60,20251222,100000,0.1,0.1,0.1,0.1,2500,0
LXB,60,20251222,110000,0.11,0.11,0.11,0.11,5440,0
LXB,60,20251222,140000,0.1,0.105,0.092,0.105,10800,0
LXB,60,20251223,130000,0.0945,0.0945,0.0945,0.0945,3000,0
LXB,60,20251223,140000,0.1,0.1,0.1,0.1,1200,0
LXB,60,20251223,150000,0.1,0.1,0.0945,0.0945,14336,0
LXB,60,20251223,170000,0.103,0.103,0.103,0.103,2,0
LXB,60,20251229,130000,0.103,0.103,0.103,0.103,100,0
LXB,60,20251230,100000,0.103,0.109,0.103,0.109,3324,0
