<TICKER>,<PER>,<DATE>,<TIME>,<OPEN>,<HIGH>,<LOW>,<CLOSE>,<VOL>,<OPENINT>
MBF,60,20240411,100000,3.35,3.36,3.15,3.36,877,0
MBF,60,20240411,110000,3.18,3.35,3.16,3.35,536,0
MBF,60,20240411,150000,3.35,3.48,3.3,3.44,5338,0
MBF,60,20240411,160000,3.36,3.43,3.36,3.43,300,0
MBF,60,20240411,170000,3.38,3.38,3.38,3.38,225,0
MBF,60,20240412,100000,3.38,3.49,3.38,3.49,122,0
MBF,60,20240412,110000,3.31,3.39,3.3,3.39,715,0
MBF,60,20240412,160000,3.17,3.34,3.16,3.34,411,0
MBF,60,20240412,170000,3.24,3.4,3.24,3.4,620,0
MBF,60,20240415,100000,3.43,3.43,3.43,3.43,11,0
MBF,60,20240415,110000,3.43,3.43,3.31,3.42,966,0
MBF,60,20240415,120000,3.33,3.39,3.3,3.39,1637,0
MBF,60,20240416,100000,3.33,3.42,3.33,3.42,607,0
MBF,60,20240416,110000,3.42,3.5,3.42,3.5,640,0
MBF,60,20240416,140000,3.48,3.48,3.48,3.48,3,0
MBF,60,20240416,170000,3.31,3.47,3.22,3.34,1453,0
MBF,60,20240417,100000,3.34,3.45,3.34,3.34,6108,0
MBF,60,20240417,110000,3.43,3.43,3.25,3.43,797,0
MBF,60,20240417,120000,3.34,3.43,3.34,3.43,350,0
MBF,60,20240417,150000,3.42,3.52,3.42,3.52,4011,0
MBF,60,20240417,160000,3.41,3.51,3.3,3.4,1267,0
MBF,60,20240417,170000,3.34,3.34,3.34,3.34,165,0
MBF,60,20240418,100000,3.42,3.42,3.42,3.42,55,0
MBF,60,20240418,110000,3.31,3.39,3.2,3.2,11291,0
MBF,60,20240418,120000,3.2,3.2,3.09,3.18,10629,0
MBF,60,20240418,130000,3.18,3.18,3.18,3.18,400,0
MBF,60,20240418,140000,3.17,3.18,3.11,3.11,1414,0
MBF,60,20240418,150000,3.16,3.16,3.08,3.15,4182,0
MBF,60,20240418,160000,3.1,3.1,3.1,3.1,1500,0
MBF,60,20240418,170000,3.1,3.1,3.01,3.1,9842,0
MBF,60,20240419,100000,3.09,3.09,3,3,1037,0
MBF,60,20240419,110000,2.96,3,2.8,2.99,12527,0
MBF,60,20240419,120000,2.8,2.91,2.73,2.91,2011,0
MBF,60,20240419,130000,2.84,2.9,2.81,2.88,1777,0
MBF,60,20240419,140000,2.88,2.9,2.8,2.84,6381,0
MBF,60,20240419,150000,2.84,2.84,2.75,2.84,2500,0
MBF,60,20240419,160000,2.84,2.98,2.84,2.98,2389,0
MBF,60,20240419,170000,2.97,2.98,2.8,2.89,12923,0
MBF,60,20240422,100000,3,3.29,2.9,2.91,1387,0
MBF,60,20240422,110000,3.09,3.26,3.07,3.07,1066,0
MBF,60,20240422,120000,2.96,3.06,2.96,3.06,516,0
MBF,60,20240422,130000,2.98,2.98,2.95,2.95,2000,0
MBF,60,20240422,140000,3.05,3.05,3.05,3.05,10,0
MBF,60,20240422,160000,3.04,3.1,3,3.1,2322,0
MBF,60,20240422,170000,3,3.09,2.99,2.99,1528,0
MBF,60,20240423,100000,3.1,3.29,3.1,3.29,526,0
MBF,60,20240423,110000,3.26,3.26,3.26,3.26,101,0
MBF,60,20240424,100000,3.26,3.26,3.26,3.26,11,0
MBF,60,20240424,110000,3.25,3.25,3.25,3.25,6,0
MBF,60,20240424,120000,3.13,3.23,3.12,3.23,540,0
MBF,60,20240424,130000,3.23,3.24,3.23,3.24,44,0
MBF,60,20240424,140000,3.13,3.25,3.09,3.25,2851,0
MBF,60,20240424,170000,3.11,3.3,3.11,3.3,1597,0
MBF,60,20240425,100000,3.28,3.28,3.28,3.28,11,0
MBF,60,20240425,150000,3.14,3.14,3.14,3.14,100,0
MBF,60,20240425,160000,3.26,3.26,3.26,3.26,11,0
MBF,60,20240426,100000,3.26,3.29,3.26,3.29,911,0
MBF,60,20240426,110000,3.29,3.43,3.29,3.39,3334,0
MBF,60,20240426,120000,3.39,3.41,3.38,3.38,114,0
MBF,60,20240426,140000,3.36,3.36,3.26,3.35,676,0
MBF,60,20240426,150000,3.27,3.27,3.26,3.26,70,0
MBF,60,20240426,160000,3.26,3.26,3.26,3.26,40,0
MBF,60,20240426,170000,3.14,3.29,3.07,3.07,2245,0
MBF,60,20240429,100000,3.2,3.2,3.02,3.17,211,0
MBF,60,20240429,120000,3.03,3.18,3.03,3.18,111,0
MBF,60,20240429,160000,3.03,3.03,2.98,2.98,3366,0
MBF,60,20240429,170000,2.98,3.1,2.97,3.1,3381,0
MBF,60,20240502,100000,3.1,3.19,3.1,3.19,60,0
MBF,60,20240502,140000,3,3.15,2.98,3.15,111,0
MBF,60,20240502,170000,3.17,3.17,3.17,3.17,20,0
MBF,60,20240506,100000,3.19,3.19,3.19,3.19,3,0
MBF,60,20240506,130000,3.01,3.1,2.97,3.1,2974,0
MBF,60,20240507,100000,2.95,3.09,2.95,3.09,2119,0
MBF,60,20240507,130000,2.94,3.01,2.91,2.91,2722,0
MBF,60,20240507,140000,3,3,2.91,3,2409,0
MBF,60,20240507,160000,3,3,3,3,200,0
MBF,60,20240507,170000,3.01,3.01,2.92,3,542,0
MBF,60,20240508,100000,3,3.01,3,3.01,823,0
MBF,60,20240508,160000,3.01,3.01,3.01,3.01,4,0
MBF,60,20240508,170000,3,3,3,3,4,0
MBF,60,20240509,100000,2.95,2.95,2.75,2.76,9191,0
MBF,60,20240509,110000,2.75,2.8,2.74,2.8,7051,0
MBF,60,20240509,120000,2.75,2.8,2.75,2.8,1439,0
MBF,60,20240509,130000,2.79,2.97,2.76,2.97,3961,0
MBF,60,20240509,140000,2.86,2.86,2.8,2.86,3116,0
MBF,60,20240509,150000,2.81,2.9,2.75,2.9,3008,0
MBF,60,20240509,160000,2.9,2.98,2.9,2.95,1664,0
MBF,60,20240509,170000,2.93,2.96,2.93,2.96,270,0
MBF,60,20240510,100000,2.85,2.91,2.77,2.86,1251,0
MBF,60,20240510,110000,2.85,2.86,2.85,2.86,280,0
MBF,60,20240510,130000,2.86,2.86,2.86,2.86,10,0
MBF,60,20240510,150000,2.86,2.93,2.86,2.93,800,0
MBF,60,20240510,160000,2.93,2.93,2.93,2.93,4,0
MBF,60,20240513,100000,2.8,2.8,2.68,2.79,13361,0
MBF,60,20240513,110000,2.77,2.77,2.71,2.71,8060,0
MBF,60,20240513,120000,2.72,2.74,2.65,2.65,10114,0
MBF,60,20240513,130000,2.68,2.69,2.58,2.69,20049,0
MBF,60,20240513,140000,2.73,2.73,2.73,2.73,350,0
MBF,60,20240513,150000,2.67,2.68,2.67,2.68,1400,0
MBF,60,20240513,160000,2.68,2.68,2.68,2.68,486,0
MBF,60,20240513,170000,2.68,2.72,2.68,2.72,1017,0
MBF,60,20240514,100000,2.67,2.67,2.6,2.6,4541,0
MBF,60,20240514,110000,2.64,2.65,2.64,2.65,1004,0
MBF,60,20240514,120000,2.65,2.65,2.65,2.65,656,0
MBF,60,20240514,130000,2.68,2.71,2.68,2.71,1255,0
MBF,60,20240514,150000,2.68,2.68,2.65,2.65,3000,0
MBF,60,20240514,160000,2.65,2.65,2.65,2.65,10,0
MBF,60,20240514,170000,2.68,2.73,2.68,2.72,710,0
MBF,60,20240515,110000,2.67,2.67,2.64,2.64,5998,0
MBF,60,20240515,130000,2.66,2.68,2.63,2.64,2119,0
MBF,60,20240515,140000,2.64,2.64,2.63,2.63,1100,0
MBF,60,20240515,150000,2.63,2.63,2.63,2.63,1457,0
MBF,60,20240515,160000,2.63,2.63,2.63,2.63,2102,0
MBF,60,20240516,130000,2.68,2.68,2.68,2.68,4,0
MBF,60,20240516,140000,2.68,2.7,2.65,2.65,1430,0
MBF,60,20240516,150000,2.64,2.64,2.61,2.61,2699,0
MBF,60,20240516,160000,2.61,2.61,2.6,2.6,3594,0
MBF,60,20240516,170000,2.6,2.6,2.6,2.6,105,0
MBF,60,20240517,100000,2.6,2.6,2.57,2.57,1321,0
MBF,60,20240517,110000,2.6,2.6,2.56,2.56,2700,0
MBF,60,20240517,120000,2.56,2.59,2.56,2.59,2300,0
MBF,60,20240517,130000,2.56,2.56,2.56,2.56,849,0
MBF,60,20240517,170000,2.54,2.54,2.54,2.54,500,0
MBF,60,20240520,100000,2.56,2.59,2.56,2.59,1226,0
MBF,60,20240520,120000,2.56,2.56,2.56,2.56,335,0
MBF,60,20240520,130000,2.56,2.58,2.56,2.58,1000,0
MBF,60,20240520,150000,2.56,2.58,2.56,2.58,1500,0
MBF,60,20240520,160000,2.56,2.56,2.56,2.56,165,0
MBF,60,20240520,170000,2.56,2.58,2.55,2.55,500,0
MBF,60,20240521,100000,2.53,2.53,2.53,2.53,100,0
MBF,60,20240521,110000,2.53,2.57,2.53,2.53,289,0
MBF,60,20240521,120000,2.53,2.53,2.52,2.52,1000,0
MBF,60,20240521,130000,2.52,2.52,2.52,2.52,31,0
MBF,60,20240521,140000,2.52,2.52,2.52,2.52,700,0
MBF,60,20240521,170000,2.52,2.55,2.52,2.55,555,0
MBF,60,20240522,120000,2.5,2.5,2.5,2.5,500,0
MBF,60,20240522,150000,2.52,2.53,2.52,2.53,200,0
MBF,60,20240523,110000,2.5,2.5,2.45,2.45,1580,0
MBF,60,20240523,140000,2.46,2.46,2.46,2.46,300,0
MBF,60,20240523,160000,2.51,2.51,2.51,2.51,10,0
MBF,60,20240523,170000,2.46,2.46,2.46,2.46,210,0
MBF,60,20240524,100000,2.49,2.49,2.49,2.49,30,0
MBF,60,20240524,120000,2.49,2.5,2.49,2.5,500,0
MBF,60,20240524,130000,2.5,2.5,2.5,2.5,20,0
MBF,60,20240527,100000,2.5,2.5,2.45,2.46,1304,0
MBF,60,20240527,110000,2.45,2.45,2.45,2.45,600,0
MBF,60,20240527,120000,2.45,2.45,2.42,2.42,600,0
MBF,60,20240527,130000,2.42,2.42,2.38,2.38,1596,0
MBF,60,20240527,170000,2.44,2.44,2.44,2.44,556,0
MBF,60,20240528,110000,2.43,2.43,2.38,2.38,332,0
MBF,60,20240528,140000,2.43,2.43,2.43,2.43,503,0
MBF,60,20240528,160000,2.44,2.44,2.41,2.42,2617,0
MBF,60,20240528,170000,2.44,2.44,2.41,2.41,105,0
MBF,60,20240529,100000,2.44,2.44,2.44,2.44,10,0
MBF,60,20240529,110000,2.44,2.44,2.41,2.41,634,0
MBF,60,20240529,120000,2.44,2.45,2.44,2.45,157,0
MBF,60,20240529,130000,2.41,2.41,2.41,2.41,1100,0
MBF,60,20240531,170000,2.43,2.43,2.43,2.43,5,0
MBF,60,20240603,100000,2.45,2.45,2.45,2.45,2,0
MBF,60,20240603,110000,2.41,2.41,2.41,2.41,500,0
MBF,60,20240603,170000,2.41,2.41,2.38,2.38,840,0
MBF,60,20240604,140000,2.43,2.54,2.43,2.47,5050,0
MBF,60,20240604,150000,2.5,2.5,2.5,2.5,26,0
MBF,60,20240604,160000,2.5,2.64,2.5,2.54,1424,0
MBF,60,20240605,110000,2.49,2.49,2.48,2.48,100,0
MBF,60,20240605,140000,2.6,2.6,2.6,2.6,1,0
MBF,60,20240605,150000,2.51,2.6,2.51,2.6,501,0
MBF,60,20240605,170000,2.59,2.59,2.59,2.59,10,0
MBF,60,20240606,130000,2.5,2.5,2.5,2.5,5,0
MBF,60,20240606,140000,2.5,2.5,2.5,2.5,270,0
MBF,60,20240606,160000,2.59,2.61,2.59,2.61,400,0
MBF,60,20240607,100000,2.48,2.48,2.48,2.48,2,0
MBF,60,20240607,110000,2.61,2.61,2.61,2.61,333,0
MBF,60,20240607,130000,2.62,2.63,2.62,2.63,952,0
MBF,60,20240607,150000,2.63,2.63,2.63,2.63,500,0
MBF,60,20240607,160000,2.51,2.51,2.51,2.51,100,0
MBF,60,20240607,170000,2.59,2.59,2.59,2.59,10,0
MBF,60,20240610,160000,2.59,2.59,2.59,2.59,4,0
MBF,60,20240610,170000,2.48,2.48,2.48,2.48,2,0
MBF,60,20240611,110000,2.48,2.48,2.48,2.48,200,0
MBF,60,20240611,130000,2.47,2.47,2.41,2.41,426,0
MBF,60,20240611,160000,2.48,2.5,2.48,2.5,1000,0
MBF,60,20240611,170000,2.51,2.61,2.51,2.61,2626,0
MBF,60,20240612,110000,2.59,2.62,2.59,2.62,212,0
MBF,60,20240613,120000,2.6,2.6,2.6,2.6,200,0
MBF,60,20240613,160000,2.6,2.61,2.6,2.61,220,0
MBF,60,20240614,110000,2.53,2.53,2.53,2.53,10,0
MBF,60,20240614,140000,2.57,2.58,2.57,2.58,15,0
MBF,60,20240614,150000,2.53,2.58,2.51,2.58,1001,0
MBF,60,20240614,160000,2.5,2.57,2.5,2.57,1201,0
MBF,60,20240617,120000,2.5,2.5,2.49,2.49,78,0
MBF,60,20240617,170000,2.54,2.54,2.54,2.54,5,0
MBF,60,20240618,130000,2.49,2.49,2.49,2.49,364,0
MBF,60,20240618,150000,2.49,2.49,2.47,2.47,445,0
MBF,60,20240618,170000,2.47,2.47,2.47,2.47,340,0
MBF,60,20240619,100000,2.47,2.47,2.46,2.46,1000,0
MBF,60,20240619,110000,2.46,2.46,2.39,2.39,809,0
MBF,60,20240619,120000,2.39,2.39,2.39,2.39,470,0
MBF,60,20240619,130000,2.4,2.44,2.4,2.44,1270,0
MBF,60,20240619,150000,2.43,2.43,2.43,2.43,50,0
MBF,60,20240619,170000,2.4,2.4,2.4,2.4,348,0
MBF,60,20240620,100000,2.41,2.44,2.41,2.42,3500,0
MBF,60,20240620,130000,2.43,2.43,2.42,2.42,1100,0
MBF,60,20240620,170000,2.42,2.42,2.41,2.41,2000,0
MBF,60,20240621,110000,2.47,2.47,2.42,2.42,310,0
MBF,60,20240621,130000,2.46,2.46,2.46,2.46,400,0
MBF,60,20240621,170000,2.43,2.43,2.43,2.43,1200,0
MBF,60,20240624,100000,2.47,2.54,2.47,2.54,1250,0
MBF,60,20240624,120000,2.54,2.54,2.54,2.54,4,0
MBF,60,20240624,130000,2.54,2.54,2.54,2.54,10,0
MBF,60,20240624,150000,2.53,2.54,2.53,2.54,50,0
MBF,60,20240624,170000,2.43,2.43,2.43,2.43,1230,0
MBF,60,20240625,110000,2.44,2.49,2.44,2.49,1001,0
MBF,60,20240625,120000,2.46,2.46,2.46,2.46,1000,0
MBF,60,20240625,130000,2.43,2.43,2.43,2.43,4,0
MBF,60,20240625,140000,2.48,2.48,2.48,2.48,5,0
MBF,60,20240626,100000,2.43,2.43,2.43,2.43,40,0
MBF,60,20240626,110000,2.43,2.48,2.43,2.48,110,0
MBF,60,20240627,120000,2.43,2.43,2.42,2.42,200,0
MBF,60,20240627,130000,2.42,2.42,2.42,2.42,333,0
MBF,60,20240627,140000,2.46,2.46,2.46,2.46,50,0
MBF,60,20240627,170000,2.42,2.42,2.42,2.42,581,0
MBF,60,20240628,110000,2.48,2.48,2.48,2.48,5,0
MBF,60,20240628,140000,2.48,2.55,2.48,2.54,2734,0
MBF,60,20240628,150000,2.54,2.63,2.54,2.63,4898,0
MBF,60,20240628,170000,2.58,2.58,2.51,2.51,10,0
MBF,60,20240701,110000,2.48,2.48,2.41,2.41,650,0
MBF,60,20240702,100000,2.42,2.42,2.42,2.42,850,0
MBF,60,20240702,130000,2.42,2.42,2.42,2.42,400,0
MBF,60,20240702,140000,2.42,2.42,2.42,2.42,196,0
MBF,60,20240703,110000,2.41,2.41,2.35,2.35,4119,0
MBF,60,20240703,130000,2.46,2.46,2.38,2.38,10,0
MBF,60,20240703,170000,2.38,2.38,2.38,2.38,1000,0
MBF,60,20240704,130000,2.43,2.45,2.43,2.45,600,0
MBF,60,20240705,120000,2.41,2.41,2.41,2.41,195,0
MBF,60,20240708,160000,2.42,2.42,2.42,2.42,5,0
MBF,60,20240708,170000,2.4,2.4,2.4,2.4,20,0
MBF,60,20240709,110000,2.42,2.42,2.42,2.42,45,0
MBF,60,20240711,120000,2.44,2.48,2.44,2.46,1779,0
MBF,60,20240711,170000,2.42,2.42,2.42,2.42,200,0
MBF,60,20240712,100000,2.42,2.42,2.42,2.42,125,0
MBF,60,20240715,130000,2.43,2.43,2.42,2.42,300,0
MBF,60,20240715,170000,2.43,2.43,2.43,2.43,5,0
MBF,60,20240716,100000,2.42,2.42,2.41,2.41,680,0
MBF,60,20240716,120000,2.44,2.44,2.44,2.44,2000,0
MBF,60,20240716,150000,2.43,2.43,2.4,2.4,179,0
MBF,60,20240716,170000,2.4,2.45,2.4,2.45,2199,0
MBF,60,20240717,100000,2.4,2.4,2.4,2.4,205,0
MBF,60,20240717,120000,2.42,2.42,2.42,2.42,508,0
MBF,60,20240717,130000,2.42,2.42,2.35,2.35,15000,0
MBF,60,20240717,150000,2.36,2.36,2.36,2.36,500,0
MBF,60,20240717,160000,2.37,2.37,2.36,2.36,500,0
MBF,60,20240718,110000,2.37,2.37,2.34,2.34,9790,0
MBF,60,20240718,170000,2.36,2.36,2.36,2.36,2382,0
MBF,60,20240719,120000,2.35,2.35,2.34,2.34,1282,0
MBF,60,20240722,100000,2.4,2.4,2.4,2.4,2,0
MBF,60,20240722,160000,2.35,2.39,2.35,2.39,559,0
MBF,60,20240722,170000,2.34,2.34,2.34,2.34,200,0
MBF,60,20240723,100000,2.39,2.39,2.39,2.39,100,0
MBF,60,20240723,110000,2.34,2.34,2.34,2.34,1719,0
MBF,60,20240723,150000,2.34,2.79,2.34,2.56,18870,0
MBF,60,20240723,160000,2.56,2.59,2.41,2.59,880,0
MBF,60,20240723,170000,2.47,2.47,2.47,2.47,5,0
MBF,60,20240724,100000,2.59,2.59,2.59,2.59,20,0
MBF,60,20240724,110000,2.41,2.41,2.41,2.41,2,0
MBF,60,20240724,170000,2.59,2.7,2.42,2.42,2004,0
MBF,60,20240725,100000,2.66,2.66,2.66,2.66,20,0
MBF,60,20240725,150000,2.53,2.53,2.41,2.41,1060,0
MBF,60,20240725,170000,2.44,2.44,2.42,2.42,860,0
MBF,60,20240726,100000,2.41,2.43,2.41,2.43,762,0
MBF,60,20240726,160000,2.49,2.49,2.49,2.49,5,0
MBF,60,20240726,170000,2.42,2.42,2.42,2.42,20,0
MBF,60,20240729,100000,2.49,2.49,2.49,2.49,2,0
MBF,60,20240729,140000,2.43,2.43,2.43,2.43,50,0
MBF,60,20240729,160000,2.49,2.49,2.49,2.49,1,0
MBF,60,20240729,170000,2.43,2.43,2.43,2.43,20,0
MBF,60,20240730,110000,2.49,2.49,2.49,2.49,50,0
MBF,60,20240730,150000,2.42,2.42,2.42,2.42,3,0
MBF,60,20240730,170000,2.41,2.41,2.41,2.41,2100,0
MBF,60,20240731,110000,2.4,2.4,2.4,2.4,600,0
MBF,60,20240801,130000,2.42,2.49,2.42,2.48,1340,0
MBF,60,20240805,100000,2.33,2.44,2.3,2.3,6347,0
MBF,60,20240805,110000,2.3,2.3,2.27,2.28,789,0
MBF,60,20240805,120000,2.19,2.19,2.19,2.19,380,0
MBF,60,20240805,140000,2.28,2.28,2.28,2.28,10,0
MBF,60,20240805,170000,2.2,2.2,2.02,2.02,3000,0
MBF,60,20240806,100000,2.24,2.27,2.24,2.27,650,0
MBF,60,20240806,170000,2.2,2.2,2.2,2.2,455,0
MBF,60,20240807,120000,2.2,2.3,2.2,2.2,602,0
MBF,60,20240808,100000,2.2,2.2,2.03,2.03,2000,0
MBF,60,20240808,110000,2.1,2.29,2.08,2.08,590,0
MBF,60,20240808,140000,2.2,2.2,2.2,2.2,495,0
MBF,60,20240808,170000,2.2,2.2,2.2,2.2,8,0
MBF,60,20240809,100000,2.18,2.29,2.18,2.29,469,0
MBF,60,20240809,130000,2.22,2.22,2.22,2.22,50,0
MBF,60,20240809,140000,2.21,2.3,2.21,2.3,520,0
MBF,60,20240812,160000,2.3,2.33,2.2,2.33,749,0
MBF,60,20240814,130000,2.21,2.22,2.07,2.22,1300,0
MBF,60,20240814,170000,2.09,2.09,2.09,2.09,50,0
MBF,60,20240816,110000,2.2,2.2,2.2,2.2,2,0
MBF,60,20240816,130000,2.09,2.09,2.09,2.09,250,0
MBF,60,20240816,140000,2.09,2.09,2.09,2.09,250,0
MBF,60,20240816,150000,2.09,2.09,2.09,2.09,50,0
MBF,60,20240822,120000,2.2,2.2,2.2,2.2,3658,0
MBF,60,20240822,130000,2.22,2.22,2.22,2.22,461,0
MBF,60,20240822,140000,2.22,2.32,2.22,2.32,2444,0
MBF,60,20240822,150000,2.32,2.32,2.32,2.32,650,0
MBF,60,20240822,170000,2.19,2.2,2.18,2.2,1950,0
MBF,60,20240823,110000,2.16,2.16,2.16,2.16,428,0
MBF,60,20240823,140000,2.17,2.17,2.17,2.17,880,0
MBF,60,20240823,150000,2.16,2.16,2.15,2.15,677,0
MBF,60,20240823,160000,2.15,2.15,2.15,2.15,248,0
MBF,60,20240826,100000,2.13,2.13,2.13,2.13,905,0
MBF,60,20240826,110000,2.1,2.1,2.1,2.1,70,0
MBF,60,20240826,130000,2.1,2.1,2.06,2.06,625,0
MBF,60,20240829,160000,2.13,2.22,2.12,2.22,5505,0
MBF,60,20240829,170000,2.02,2.1,1.925,1.95,1495,0
MBF,60,20240830,100000,2,2,2,2,785,0
MBF,60,20240830,110000,2.09,2.09,2.09,2.09,566,0
MBF,60,20240830,120000,2.1,2.2,2.1,2.16,1617,0
MBF,60,20240830,140000,2.18,2.31,2.18,2.31,1783,0
MBF,60,20240830,150000,2.3,2.3,2.16,2.3,90,0
MBF,60,20240902,100000,2.3,2.3,2.3,2.3,44,0
MBF,60,20240902,130000,2.23,2.23,2.16,2.16,100,0
MBF,60,20240902,160000,2.29,2.4,2.29,2.4,1880,0
MBF,60,20240902,170000,2.32,2.32,2.32,2.32,2,0
MBF,60,20240903,100000,2.4,2.4,2.26,2.26,3,0
MBF,60,20240903,120000,2.39,2.39,2.39,2.39,55,0
MBF,60,20240903,140000,2.39,2.39,2.39,2.39,56,0
MBF,60,20240903,150000,2.39,2.39,2.39,2.39,8,0
MBF,60,20240903,160000,2.36,2.36,2.26,2.26,8,0
MBF,60,20240904,100000,2.42,2.42,2.42,2.42,5,0
MBF,60,20240904,130000,2.36,2.36,2.36,2.36,470,0
MBF,60,20240904,140000,2.26,2.26,2.26,2.26,250,0
MBF,60,20240904,170000,2.26,2.41,2.26,2.41,45,0
MBF,60,20240905,100000,2.42,2.42,2.34,2.34,442,0
MBF,60,20240905,110000,2.34,2.34,2.3,2.3,800,0
MBF,60,20240905,170000,2.33,2.33,2.33,2.33,10,0
MBF,60,20240906,120000,2.3,2.3,2.3,2.3,20,0
MBF,60,20240906,160000,2.3,2.33,2.19,2.33,252,0
MBF,60,20240906,170000,2.21,2.21,2.19,2.19,920,0
MBF,60,20240909,100000,2.19,2.31,2.19,2.31,3,0
MBF,60,20240910,150000,2.2,2.24,2.06,2.24,1114,0
MBF,60,20240911,100000,2.22,2.24,2.22,2.24,360,0
MBF,60,20240911,130000,2.24,2.24,2.24,2.24,100,0
MBF,60,20240911,150000,2.13,2.13,2.06,2.06,50,0
MBF,60,20240911,160000,2.21,2.21,2.21,2.21,2,0
MBF,60,20240912,100000,2.2,2.24,2.19,2.24,200,0
MBF,60,20240912,110000,2.08,2.08,2.08,2.08,5,0
MBF,60,20240912,130000,2.08,2.08,2.08,2.08,1,0
MBF,60,20240912,160000,2.23,2.23,2.23,2.23,459,0
MBF,60,20240912,170000,2.23,2.23,2.18,2.18,500,0
MBF,60,20240913,130000,2.21,2.21,2.21,2.21,2,0
MBF,60,20240917,100000,2.1,2.1,2.1,2.1,1500,0
MBF,60,20240917,150000,2.19,2.19,2.19,2.19,1,0
MBF,60,20240917,160000,2.09,2.09,2.07,2.07,500,0
MBF,60,20240918,140000,2.18,2.19,2.18,2.19,1630,0
MBF,60,20240919,100000,2.09,2.09,2.08,2.08,46,0
MBF,60,20240919,120000,2.08,2.1,2.07,2.07,4158,0
MBF,60,20240919,130000,2.07,2.07,2.07,2.07,342,0
MBF,60,20240919,140000,2.07,2.15,1.71,2.15,10364,0
MBF,60,20240919,160000,2.06,2.06,1.94,1.94,18,0
MBF,60,20240923,100000,1.955,2.06,1.945,2.06,32,0
MBF,60,20240923,110000,1.965,1.965,1.965,1.965,290,0
MBF,60,20240923,130000,1.965,1.965,1.965,1.965,672,0
MBF,60,20240923,150000,1.945,1.945,1.94,1.94,922,0
MBF,60,20240923,160000,1.94,1.94,1.94,1.94,1174,0
MBF,60,20240924,110000,1.825,1.825,1.82,1.82,1332,0
MBF,60,20240924,140000,1.955,1.955,1.955,1.955,141,0
MBF,60,20240924,160000,1.955,2.01,1.955,2.01,2015,0
MBF,60,20240924,170000,2.07,2.07,2.07,2.07,10,0
MBF,60,20240925,100000,1.915,2.05,1.915,2.05,138,0
MBF,60,20240926,110000,1.915,1.915,1.915,1.915,10,0
MBF,60,20240927,170000,2.04,2.04,1.915,2.03,74,0
MBF,60,20240930,100000,2.03,2.03,2.03,2.03,500,0
MBF,60,20241001,170000,1.92,1.92,1.92,1.92,1,0
MBF,60,20241002,120000,1.92,1.92,1.9,1.9,4272,0
MBF,60,20241002,130000,1.9,1.9,1.9,1.9,90,0
MBF,60,20241002,140000,1.855,1.895,1.855,1.895,1300,0
MBF,60,20241002,150000,1.9,1.9,1.9,1.9,264,0
MBF,60,20241002,170000,1.86,1.86,1.86,1.86,1,0
MBF,60,20241003,100000,1.86,1.86,1.86,1.86,1049,0
MBF,60,20241003,110000,1.79,1.79,1.79,1.79,2,0
MBF,60,20241003,170000,1.86,1.86,1.86,1.86,51,0
MBF,60,20241004,100000,1.89,1.89,1.89,1.89,804,0
MBF,60,20241004,110000,1.89,1.89,1.89,1.89,932,0
MBF,60,20241004,120000,1.87,1.895,1.8,1.87,4391,0
MBF,60,20241004,130000,1.87,1.87,1.87,1.87,260,0
MBF,60,20241004,160000,1.785,1.785,1.785,1.785,51,0
MBF,60,20241007,100000,1.87,1.87,1.87,1.87,2,0
MBF,60,20241007,140000,1.785,1.785,1.785,1.785,1,0
MBF,60,20241007,160000,1.77,1.87,1.77,1.87,3,0
MBF,60,20241007,170000,1.77,1.78,1.77,1.78,5,0
MBF,60,20241008,110000,1.78,1.87,1.725,1.725,1575,0
MBF,60,20241009,100000,1.865,1.865,1.865,1.865,20,0
MBF,60,20241009,130000,1.72,1.72,1.72,1.72,1,0
MBF,60,20241009,160000,1.785,1.785,1.785,1.785,28,0
MBF,60,20241009,170000,1.795,1.795,1.79,1.79,2307,0
MBF,60,20241011,110000,1.83,1.83,1.83,1.83,10,0
MBF,60,20241014,100000,1.83,1.83,1.83,1.83,600,0
MBF,60,20241014,160000,1.83,1.83,1.83,1.83,273,0
MBF,60,20241016,140000,1.76,1.83,1.76,1.83,1105,0
MBF,60,20241016,170000,1.83,1.87,1.76,1.76,1106,0
MBF,60,20241017,110000,1.77,1.77,1.77,1.77,36,0
MBF,60,20241018,100000,1.81,1.81,1.76,1.76,1875,0
MBF,60,20241018,120000,1.84,1.84,1.84,1.84,10,0
MBF,60,20241018,170000,1.84,1.84,1.84,1.84,1000,0
MBF,60,20241021,100000,1.765,1.805,1.765,1.805,1006,0
MBF,60,20241021,160000,1.8,1.8,1.8,1.8,60,0
MBF,60,20241022,100000,1.8,1.8,1.8,1.8,600,0
MBF,60,20241022,130000,1.8,1.8,1.8,1.8,1,0
MBF,60,20241023,100000,1.79,1.79,1.79,1.79,60,0
MBF,60,20241024,110000,1.8,1.8,1.8,1.8,200,0
MBF,60,20241024,170000,1.8,1.8,1.8,1.8,500,0
MBF,60,20241025,110000,1.8,1.8,1.8,1.8,299,0
MBF,60,20241025,120000,1.8,1.9,1.8,1.9,1927,0
MBF,60,20241025,130000,1.9,1.95,1.9,1.95,1749,0
MBF,60,20241025,140000,1.96,1.995,1.96,1.995,1560,0
MBF,60,20241025,150000,1.995,1.995,1.995,1.995,400,0
MBF,60,20241025,160000,1.995,2,1.995,2,1675,0
MBF,60,20241028,100000,1.76,2.11,1.76,2.02,22,0
MBF,60,20241028,120000,2,2,2,2,991,0
MBF,60,20241028,130000,2.02,2.02,2.02,2.02,9,0
MBF,60,20241028,170000,1.99,1.99,1.99,1.99,135,0
MBF,60,20241030,100000,2,2,2,2,540,0
MBF,60,20241030,110000,2.01,2.11,2.01,2.11,1098,0
MBF,60,20241030,140000,2.04,2.04,1.88,1.88,800,0
MBF,60,20241030,150000,2.03,2.03,2.03,2.03,10,0
MBF,60,20241031,100000,2.03,2.03,2.03,2.03,300,0
MBF,60,20241031,110000,2.05,2.05,2.05,2.05,200,0
MBF,60,20241031,120000,1.985,1.985,1.985,1.985,100,0
MBF,60,20241031,130000,2.1,2.1,2.1,2.1,15,0
MBF,60,20241104,100000,2.1,2.1,2.1,2.1,138,0
MBF,60,20241104,130000,2.05,2.05,2.05,2.05,5,0
MBF,60,20241104,160000,2.1,2.1,2.1,2.1,10,0
MBF,60,20241105,100000,1.96,1.96,1.96,1.96,20,0
MBF,60,20241105,150000,2.09,2.24,2.04,2.04,4660,0
MBF,60,20241105,160000,2.06,2.06,2.06,2.06,30,0
MBF,60,20241105,170000,1.89,1.89,1.89,1.89,1103,0
MBF,60,20241106,100000,2.15,2.15,1.89,1.89,702,0
MBF,60,20241106,110000,1.92,1.92,1.92,1.92,521,0
MBF,60,20241106,140000,2,2,1.915,1.915,910,0
MBF,60,20241106,160000,2.04,2.04,2.04,2.04,5,0
MBF,60,20241107,170000,2,2,1.925,1.925,1000,0
MBF,60,20241108,100000,2.03,2.03,1.93,1.93,1002,0
MBF,60,20241108,110000,2.01,2.01,2.01,2.01,30,0
MBF,60,20241108,130000,1.985,2,1.985,2,1500,0
MBF,60,20241112,100000,1.99,1.99,1.92,1.92,1070,0
MBF,60,20241112,110000,1.92,1.92,1.92,1.92,240,0
MBF,60,20241112,170000,1.92,1.94,1.92,1.94,721,0
MBF,60,20241113,100000,1.94,1.94,1.94,1.94,24,0
MBF,60,20241113,150000,1.94,1.94,1.91,1.91,1094,0
MBF,60,20241113,170000,1.95,1.95,1.91,1.91,824,0
MBF,60,20241114,140000,1.935,1.94,1.935,1.94,2000,0
MBF,60,20241114,170000,1.8,1.805,1.79,1.79,3250,0
MBF,60,20241115,100000,1.82,1.82,1.765,1.765,3024,0
MBF,60,20241115,110000,1.765,1.765,1.7,1.7,3000,0
MBF,60,20241115,130000,1.73,1.73,1.705,1.705,2102,0
MBF,60,20241115,140000,1.72,1.82,1.72,1.82,3072,0
MBF,60,20241115,150000,1.9,1.9,1.72,1.72,2070,0
MBF,60,20241115,170000,1.71,1.71,1.71,1.71,1000,0
MBF,60,20241118,100000,1.7,1.7,1.67,1.67,1949,0
MBF,60,20241118,110000,1.67,1.67,1.67,1.67,900,0
MBF,60,20241119,120000,1.67,1.75,1.67,1.75,552,0
MBF,60,20241119,130000,1.715,1.715,1.6,1.6,1104,0
MBF,60,20241119,140000,1.62,1.62,1.62,1.62,618,0
MBF,60,20241119,150000,1.625,1.625,1.625,1.625,100,0
MBF,60,20241119,160000,1.625,1.745,1.56,1.745,2005,0
MBF,60,20241120,100000,1.615,1.87,1.6,1.6,1743,0
MBF,60,20241120,110000,1.7,1.845,1.575,1.575,1615,0
MBF,60,20241120,120000,1.7,1.845,1.7,1.845,591,0
MBF,60,20241120,150000,1.72,1.72,1.72,1.72,10,0
MBF,60,20241121,120000,1.6,1.6,1.6,1.6,5,0
MBF,60,20241121,130000,1.71,1.71,1.705,1.71,2250,0
MBF,60,20241121,170000,1.615,1.615,1.615,1.615,5,0
MBF,60,20241122,100000,1.72,1.72,1.72,1.72,20,0
MBF,60,20241122,150000,1.615,1.615,1.59,1.59,1284,0
MBF,60,20241125,100000,1.59,1.59,1.575,1.575,512,0
MBF,60,20241125,110000,1.575,1.575,1.575,1.575,277,0
MBF,60,20241126,100000,1.595,1.595,1.57,1.57,3855,0
MBF,60,20241126,130000,1.59,1.645,1.59,1.645,638,0
MBF,60,20241126,140000,1.645,1.645,1.645,1.645,400,0
MBF,60,20241127,120000,1.64,1.72,1.64,1.72,900,0
MBF,60,20241128,130000,1.72,1.72,1.72,1.72,596,0
MBF,60,20241128,140000,1.74,1.74,1.705,1.705,900,0
MBF,60,20241129,100000,1.7,1.7,1.7,1.7,507,0
MBF,60,20241203,140000,1.7,1.7,1.655,1.655,3089,0
MBF,60,20241203,160000,1.655,1.655,1.655,1.655,100,0
MBF,60,20241203,170000,1.645,1.645,1.645,1.645,450,0
MBF,60,20241204,100000,1.695,1.695,1.695,1.695,50,0
MBF,60,20241204,140000,1.57,1.57,1.57,1.57,119,0
MBF,60,20241209,100000,1.665,1.665,1.57,1.57,300,0
MBF,60,20241209,110000,1.62,1.62,1.62,1.62,10,0
MBF,60,20241209,160000,1.65,1.65,1.65,1.65,100,0
MBF,60,20241210,110000,1.51,1.51,1.51,1.51,5,0
MBF,60,20241210,150000,1.52,1.52,1.52,1.52,10000,0
MBF,60,20241211,120000,1.6,1.6,1.6,1.6,2000,0
MBF,60,20241211,130000,1.62,1.62,1.62,1.62,2000,0
MBF,60,20241211,150000,1.62,1.62,1.62,1.62,530,0
MBF,60,20241211,160000,1.62,1.665,1.5,1.51,4221,0
MBF,60,20241212,100000,1.6,1.6,1.6,1.6,50,0
MBF,60,20241212,160000,1.51,1.52,1.51,1.52,10000,0
MBF,60,20241213,100000,1.51,1.51,1.505,1.505,4562,0
MBF,60,20241213,110000,1.52,1.52,1.52,1.52,548,0
MBF,60,20241213,140000,1.53,1.53,1.53,1.53,500,0
MBF,60,20241213,160000,1.505,1.56,1.41,1.56,3245,0
MBF,60,20241216,100000,1.415,1.52,1.415,1.52,14817,0
MBF,60,20241216,150000,1.51,1.51,1.51,1.51,4000,0
MBF,60,20241216,170000,1.51,1.52,1.51,1.52,769,0
MBF,60,20241217,130000,1.51,1.51,1.51,1.51,1,0
MBF,60,20241218,160000,1.51,1.51,1.51,1.51,3200,0
MBF,60,20241218,170000,1.515,1.515,1.515,1.515,1250,0
MBF,60,20241219,150000,1.52,1.52,1.52,1.52,50,0
MBF,60,20241219,170000,1.505,1.505,1.485,1.485,300,0
MBF,60,20241220,100000,1.535,1.535,1.535,1.535,20,0
MBF,60,20241220,110000,1.485,1.485,1.43,1.43,106,0
MBF,60,20241220,120000,1.43,1.52,1.43,1.52,24,0
MBF,60,20241223,150000,1.42,1.42,1.34,1.34,2310,0
MBF,60,20241227,130000,1.38,1.42,1.38,1.42,4530,0
MBF,60,20241227,140000,1.415,1.415,1.415,1.415,1380,0
MBF,60,20241227,150000,1.415,1.42,1.415,1.42,1120,0
MBF,60,20241227,160000,1.42,1.42,1.42,1.42,2945,0
MBF,60,20241227,170000,1.53,1.53,1.53,1.53,3200,0
MBF,60,20241230,100000,1.4,1.4,1.4,1.4,65,0
MBF,60,20241230,130000,1.425,1.425,1.425,1.425,500,0
MBF,60,20241230,140000,1.52,1.65,1.52,1.65,3831,0
MBF,60,20241230,150000,1.665,1.665,1.665,1.665,670,0
MBF,60,20241230,160000,1.55,1.55,1.415,1.415,530,0
MBF,60,20241230,170000,1.43,1.52,1.42,1.42,15533,0
MBF,60,20250102,100000,1.42,1.42,1.42,1.42,1000,0
MBF,60,20250102,130000,1.46,1.46,1.46,1.46,400,0
MBF,60,20250103,120000,1.475,1.475,1.475,1.475,171,0
MBF,60,20250107,100000,1.595,1.665,1.595,1.665,671,0
MBF,60,20250107,110000,1.665,1.665,1.665,1.665,7,0
MBF,60,20250107,130000,1.54,1.665,1.54,1.625,925,0
MBF,60,20250107,140000,1.665,1.665,1.665,1.665,2625,0
MBF,60,20250107,150000,1.665,1.665,1.665,1.665,1800,0
MBF,60,20250107,170000,1.665,1.745,1.665,1.74,2343,0
MBF,60,20250108,100000,1.745,1.745,1.745,1.745,860,0
MBF,60,20250108,110000,1.745,1.745,1.745,1.745,975,0
MBF,60,20250108,120000,1.79,1.79,1.79,1.79,650,0
MBF,60,20250108,130000,1.8,1.99,1.73,1.73,4500,0
MBF,60,20250108,140000,1.73,1.8,1.67,1.8,408,0
MBF,60,20250108,160000,1.78,1.79,1.65,1.79,153,0
MBF,60,20250110,100000,1.765,1.765,1.765,1.765,8,0
MBF,60,20250110,140000,1.79,1.79,1.79,1.79,100,0
MBF,60,20250110,150000,1.79,1.965,1.79,1.965,2000,0
MBF,60,20250110,160000,1.875,1.95,1.875,1.95,37,0
MBF,60,20250113,110000,1.95,1.95,1.95,1.95,154,0
MBF,60,20250113,130000,1.95,1.95,1.95,1.95,420,0
MBF,60,20250113,140000,1.88,1.88,1.88,1.88,500,0
MBF,60,20250113,150000,1.95,1.95,1.85,1.85,506,0
MBF,60,20250113,160000,1.87,1.87,1.87,1.87,6,0
MBF,60,20250114,120000,1.77,1.77,1.72,1.72,100,0
MBF,60,20250114,130000,1.87,1.87,1.87,1.87,11,0
MBF,60,20250114,150000,1.74,1.87,1.7,1.87,825,0
MBF,60,20250114,160000,1.75,1.75,1.75,1.75,100,0
MBF,60,20250115,100000,1.74,1.74,1.74,1.74,8,0
MBF,60,20250115,150000,1.73,1.73,1.73,1.73,800,0
MBF,60,20250115,160000,1.655,1.87,1.655,1.87,1206,0
MBF,60,20250115,170000,1.87,1.87,1.665,1.665,610,0
MBF,60,20250116,100000,1.69,1.69,1.69,1.69,10,0
MBF,60,20250116,110000,1.69,1.825,1.69,1.825,154,0
MBF,60,20250116,170000,1.7,1.7,1.7,1.7,5,0
MBF,60,20250117,100000,1.815,1.815,1.815,1.815,22,0
MBF,60,20250120,170000,1.745,1.745,1.665,1.665,2000,0
MBF,60,20250121,120000,1.695,1.805,1.695,1.805,1967,0
MBF,60,20250121,140000,1.8,1.8,1.8,1.8,434,0
MBF,60,20250121,170000,1.68,1.68,1.68,1.68,5,0
MBF,60,20250122,100000,1.805,1.805,1.805,1.805,5,0
MBF,60,20250122,110000,1.685,1.685,1.68,1.68,1049,0
MBF,60,20250122,130000,1.8,1.8,1.68,1.68,510,0
MBF,60,20250122,160000,1.7,1.8,1.7,1.8,442,0
MBF,60,20250124,100000,1.75,1.8,1.68,1.7,1342,0
MBF,60,20250124,110000,1.7,1.7,1.7,1.7,1800,0
MBF,60,20250124,130000,1.75,1.75,1.75,1.75,10,0
MBF,60,20250124,150000,1.7,1.7,1.7,1.7,500,0
MBF,60,20250124,160000,1.73,1.9,1.73,1.895,8355,0
MBF,60,20250124,170000,1.8,1.8,1.72,1.72,1882,0
MBF,60,20250127,110000,1.72,1.72,1.72,1.72,200,0
MBF,60,20250128,100000,1.72,1.72,1.69,1.69,1000,0
MBF,60,20250128,110000,1.69,1.71,1.69,1.71,810,0
MBF,60,20250128,120000,1.69,1.69,1.68,1.68,2116,0
MBF,60,20250128,130000,1.68,1.89,1.635,1.89,1872,0
MBF,60,20250128,150000,1.87,1.87,1.87,1.87,1670,0
MBF,60,20250129,100000,1.88,1.88,1.88,1.88,50,0
MBF,60,20250129,120000,1.88,1.95,1.88,1.95,1950,0
MBF,60,20250129,160000,1.9,1.92,1.85,1.92,936,0
MBF,60,20250129,170000,1.8,1.8,1.8,1.8,1,0
MBF,60,20250130,100000,1.965,1.965,1.965,1.965,10,0
MBF,60,20250130,120000,1.8,1.8,1.8,1.8,1,0
MBF,60,20250130,140000,1.81,1.81,1.8,1.8,711,0
MBF,60,20250130,150000,1.96,1.96,1.96,1.96,10,0
MBF,60,20250130,160000,1.845,1.845,1.845,1.845,7,0
MBF,60,20250131,100000,2,2.02,1.77,2.02,3441,0
MBF,60,20250131,110000,2.02,2.22,2.02,2.22,2377,0
MBF,60,20250131,120000,2.22,2.29,2.04,2.26,836,0
MBF,60,20250131,130000,2.1,2.23,2.1,2.21,138,0
MBF,60,20250131,140000,2.21,2.21,2.1,2.21,170,0
MBF,60,20250131,150000,2.21,2.21,2.1,2.1,519,0
MBF,60,20250131,160000,2.11,2.37,1.81,2.37,6303,0
MBF,60,20250131,170000,2.3,2.8,2.29,2.8,25301,0
MBF,60,20250203,100000,2.65,3.05,2.6,2.7,33787,0
MBF,60,20250203,110000,2.7,2.75,2.12,2.6,12964,0
MBF,60,20250203,120000,2.76,2.76,2.44,2.44,1469,0
MBF,60,20250203,130000,2.75,2.75,2.36,2.56,551,0
MBF,60,20250203,140000,2.69,2.7,2.52,2.7,593,0
MBF,60,20250203,150000,2.7,2.7,2.65,2.65,542,0
MBF,60,20250203,160000,2.67,2.67,2.66,2.67,536,0
MBF,60,20250203,170000,2.53,2.75,2.53,2.54,2018,0
MBF,60,20250204,100000,2.53,2.85,2.26,2.79,4185,0
MBF,60,20250204,110000,2.72,2.76,2.46,2.48,3537,0
MBF,60,20250204,130000,2.66,2.66,2.5,2.5,10793,0
MBF,60,20250204,150000,2.64,2.64,2.59,2.59,8,0
MBF,60,20250204,160000,2.69,2.69,2.69,2.69,10,0
MBF,60,20250204,170000,2.67,2.67,2.67,2.67,10,0
MBF,60,20250205,100000,2.44,2.67,2.31,2.67,212,0
MBF,60,20250205,110000,2.67,2.7,2.5,2.5,1055,0
MBF,60,20250205,120000,2.66,2.66,2.66,2.66,10,0
MBF,60,20250205,140000,2.65,2.65,2.48,2.48,25,0
MBF,60,20250205,160000,2.66,2.66,2.66,2.66,85,0
MBF,60,20250205,170000,2.62,2.62,2.48,2.48,1000,0
MBF,60,20250206,100000,2.66,2.66,2.66,2.66,10,0
MBF,60,20250206,110000,2.66,2.66,2.66,2.66,45,0
MBF,60,20250206,120000,2.54,2.54,2.46,2.48,825,0
MBF,60,20250206,130000,2.5,2.5,2.5,2.5,280,0
MBF,60,20250206,140000,2.5,2.5,2.48,2.48,285,0
MBF,60,20250206,150000,2.48,2.48,2.46,2.46,648,0
MBF,60,20250206,160000,2.5,2.6,2.5,2.6,1004,0
MBF,60,20250206,170000,2.54,2.6,2.45,2.6,48,0
MBF,60,20250207,100000,2.61,2.61,2.45,2.45,34,0
MBF,60,20250207,110000,2.6,2.6,2.6,2.6,1,0
MBF,60,20250207,120000,2.58,2.58,2.58,2.58,140,0
MBF,60,20250207,140000,2.6,2.6,2.6,2.6,10,0
MBF,60,20250210,100000,2.61,2.61,2.61,2.61,20,0
MBF,60,20250210,120000,2.6,2.6,2.52,2.6,1011,0
MBF,60,20250210,130000,2.45,2.56,2.45,2.5,3592,0
MBF,60,20250210,140000,2.56,2.6,2.56,2.6,398,0
MBF,60,20250210,170000,2.52,2.52,2.52,2.52,602,0
MBF,60,20250211,100000,2.45,2.6,2.35,2.36,3864,0
MBF,60,20250211,110000,2.36,2.59,2.3,2.33,6235,0
MBF,60,20250211,120000,2.48,2.48,2.43,2.43,260,0
MBF,60,20250211,150000,2.46,2.49,2.46,2.49,700,0
MBF,60,20250211,170000,2.41,2.49,2.35,2.49,1196,0
MBF,60,20250212,100000,2.39,2.49,2.39,2.47,2426,0
MBF,60,20250212,110000,2.47,2.47,2.47,2.47,772,0
MBF,60,20250212,120000,2.4,2.4,2.39,2.39,3455,0
MBF,60,20250212,140000,2.47,2.47,2.39,2.39,114,0
MBF,60,20250212,150000,2.39,2.39,2.39,2.39,130,0
MBF,60,20250212,160000,2.39,2.39,2.39,2.39,1005,0
MBF,60,20250212,170000,2.44,2.44,2.37,2.37,557,0
MBF,60,20250213,100000,2.35,2.35,2.35,2.35,200,0
MBF,60,20250213,110000,2.35,2.35,2.35,2.35,400,0
MBF,60,20250213,120000,2.39,2.39,2.39,2.39,600,0
MBF,60,20250213,130000,2.35,2.35,2.35,2.35,2280,0
MBF,60,20250213,150000,2.35,2.4,2.35,2.4,1620,0
MBF,60,20250213,160000,2.39,2.4,2.35,2.35,2306,0
MBF,60,20250213,170000,2.35,2.35,2.35,2.35,1140,0
MBF,60,20250214,110000,2.39,2.39,2.24,2.24,442,0
MBF,60,20250214,130000,2.26,2.39,2.26,2.39,448,0
MBF,60,20250214,140000,2.26,2.26,2.26,2.26,114,0
MBF,60,20250214,150000,2.39,2.39,2.39,2.39,420,0
MBF,60,20250217,100000,2.39,2.39,2.39,2.39,5,0
MBF,60,20250217,110000,2.28,2.39,2.26,2.39,2131,0
MBF,60,20250217,140000,2.27,2.27,2.27,2.27,1129,0
MBF,60,20250217,160000,2.37,2.37,2.37,2.37,20,0
MBF,60,20250218,100000,2.37,2.37,2.25,2.36,2245,0
MBF,60,20250218,110000,2.26,2.26,2.25,2.25,1809,0
MBF,60,20250218,120000,2.34,2.34,2.34,2.34,10,0
MBF,60,20250218,140000,2.25,2.33,2.25,2.33,1379,0
MBF,60,20250218,170000,2.32,2.32,2.32,2.32,50,0
MBF,60,20250220,100000,2.32,2.32,2.26,2.32,1191,0
MBF,60,20250220,110000,2.3,2.3,2.3,2.3,1000,0
MBF,60,20250220,120000,2.3,2.31,2.3,2.31,1030,0
MBF,60,20250220,150000,2.32,2.32,2.32,2.32,1,0
MBF,60,20250220,170000,2.32,2.32,2.32,2.32,20,0
MBF,60,20250221,140000,2.31,2.31,2.24,2.24,200,0
MBF,60,20250221,150000,2.24,2.24,2.24,2.24,1370,0
MBF,60,20250224,100000,2.26,2.32,2.26,2.32,500,0
MBF,60,20250224,110000,2.24,2.24,2.24,2.24,1550,0
MBF,60,20250224,120000,2.32,2.32,2.32,2.32,10,0
MBF,60,20250224,150000,2.24,2.32,2.2,2.32,55,0
MBF,60,20250225,110000,2.2,2.2,2.2,2.2,20,0
MBF,60,20250225,120000,2.2,2.2,2.2,2.2,400,0
MBF,60,20250225,140000,2.31,2.31,2.31,2.31,10,0
MBF,60,20250225,150000,2.21,2.21,2.21,2.21,200,0
MBF,60,20250225,160000,2.31,2.31,2.31,2.31,25,0
MBF,60,20250227,100000,2.26,2.26,2.2,2.2,2165,0
MBF,60,20250227,110000,2.32,2.32,2.32,2.32,10,0
MBF,60,20250227,130000,2.24,2.24,2.22,2.22,20,0
MBF,60,20250228,100000,2.32,2.32,2.3,2.3,55,0
MBF,60,20250228,140000,2.22,2.32,2.22,2.32,1001,0
MBF,60,20250228,160000,2.32,2.32,2.32,2.32,60,0
MBF,60,20250303,170000,2.32,2.33,2.32,2.33,1896,0
MBF,60,20250304,100000,2.33,2.36,2.33,2.36,103,0
MBF,60,20250304,110000,2.36,2.7,2.35,2.35,5190,0
MBF,60,20250304,120000,2.51,2.51,2.51,2.51,30,0
MBF,60,20250304,130000,2.48,2.48,2.35,2.35,5209,0
MBF,60,20250304,140000,2.51,2.51,2.51,2.51,160,0
MBF,60,20250304,150000,2.5,2.51,2.5,2.51,500,0
MBF,60,20250304,160000,2.5,2.61,2.5,2.61,3003,0
MBF,60,20250305,120000,2.58,2.86,2.22,2.83,12220,0
MBF,60,20250305,150000,2.78,2.78,2.78,2.78,10,0
MBF,60,20250305,170000,2.52,2.52,2.52,2.52,2,0
MBF,60,20250306,100000,2.78,2.78,2.53,2.78,1119,0
MBF,60,20250306,110000,2.55,2.55,2.41,2.41,775,0
MBF,60,20250306,120000,2.76,2.76,2.74,2.74,8,0
MBF,60,20250306,130000,2.59,2.6,2.56,2.6,110,0
MBF,60,20250306,140000,2.44,2.44,2.44,2.44,1150,0
MBF,60,20250306,150000,2.58,2.58,2.58,2.58,100,0
MBF,60,20250307,100000,2.51,2.58,2.41,2.41,1411,0
MBF,60,20250307,140000,2.41,2.41,2.29,2.41,215,0
MBF,60,20250307,150000,2.41,2.41,2.41,2.41,12,0
MBF,60,20250307,160000,2.26,2.4,2.21,2.4,947,0
MBF,60,20250307,170000,2.4,2.4,2.4,2.4,500,0
MBF,60,20250310,140000,2.4,2.4,2.4,2.4,10,0
MBF,60,20250311,110000,2.26,2.26,2.26,2.26,100,0
MBF,60,20250311,120000,2.38,2.38,2.38,2.38,100,0
MBF,60,20250311,140000,2.26,2.38,2.26,2.26,82,0
MBF,60,20250311,150000,2.26,2.26,2.26,2.26,40,0
MBF,60,20250311,160000,2.27,2.27,2.27,2.27,500,0
MBF,60,20250311,170000,2.28,2.28,2.25,2.25,2100,0
MBF,60,20250312,100000,2.3,2.36,2.3,2.36,21,0
MBF,60,20250312,110000,2.28,2.33,2.28,2.33,1240,0
MBF,60,20250312,160000,2.28,2.32,2.28,2.32,25,0
MBF,60,20250313,120000,2.25,2.32,2.24,2.25,2012,0
MBF,60,20250313,140000,2.31,2.31,2.31,2.31,5,0
MBF,60,20250313,160000,2.24,2.24,2.24,2.24,540,0
MBF,60,20250313,170000,2.24,2.24,2.24,2.24,100,0
MBF,60,20250314,110000,2.29,2.29,2.29,2.29,2,0
MBF,60,20250318,100000,2.29,2.29,2.29,2.29,10,0
MBF,60,20250318,120000,2.25,2.25,2.25,2.25,1000,0
MBF,60,20250318,130000,2.25,2.25,2.25,2.25,1,0
MBF,60,20250318,140000,2.25,2.25,2.24,2.24,200,0
MBF,60,20250319,170000,2.29,2.29,2.25,2.25,1005,0
MBF,60,20250321,100000,2.25,2.26,2.21,2.26,3019,0
MBF,60,20250321,170000,2.22,2.22,2.01,2.18,2830,0
MBF,60,20250324,100000,2.2,2.2,2.2,2.2,23,0
MBF,60,20250324,120000,2.12,2.12,2.12,2.12,248,0
MBF,60,20250324,140000,2.14,2.14,2.1,2.1,205,0
MBF,60,20250324,160000,2.14,2.18,2.14,2.18,590,0
MBF,60,20250324,170000,2.18,2.18,2.18,2.18,50,0
MBF,60,20250325,100000,2.16,2.16,2.16,2.16,7,0
MBF,60,20250325,120000,2.11,2.15,2.03,2.15,998,0
MBF,60,20250325,140000,2.03,2.03,2.03,2.03,280,0
MBF,60,20250325,160000,2.14,2.14,2.14,2.14,25,0
MBF,60,20250326,100000,2.03,2.03,2,2,7044,0
MBF,60,20250326,110000,2.08,2.08,2.08,2.08,10,0
MBF,60,20250326,160000,2.05,2.05,2.05,2.05,999,0
MBF,60,20250326,170000,2.05,2.05,2.05,2.05,1,0
MBF,60,20250327,100000,2.08,2.08,2.08,2.08,2,0
MBF,60,20250327,120000,1.98,2.06,1.98,2.06,1420,0
MBF,60,20250327,150000,2.06,2.25,2.06,2.25,2664,0
MBF,60,20250327,160000,2.25,2.28,2.25,2.26,3632,0
MBF,60,20250327,170000,2.21,2.21,2.21,2.21,5,0
MBF,60,20250328,100000,2.21,2.25,2.21,2.25,176,0
MBF,60,20250328,110000,2.23,2.23,2.21,2.22,4000,0
MBF,60,20250328,160000,2.2,2.2,2.2,2.2,4705,0
MBF,60,20250328,170000,2.19,2.19,2.12,2.12,296,0
MBF,60,20250331,100000,2.22,2.22,2.22,2.22,20,0
MBF,60,20250331,130000,2.11,2.11,2.02,2.02,50,0
MBF,60,20250331,140000,2.2,2.2,2.2,2.2,10,0
MBF,60,20250401,130000,2.24,2.24,2.24,2.24,20,0
MBF,60,20250401,150000,2.05,2.05,2.05,2.05,620,0
MBF,60,20250401,170000,2.07,2.07,2.06,2.06,3000,0
MBF,60,20250402,100000,2.12,2.12,2.12,2.12,20,0
MBF,60,20250402,110000,2.12,2.12,2.12,2.12,300,0
MBF,60,20250403,120000,2.09,2.09,2.09,2.09,1385,0
MBF,60,20250403,170000,2.03,2.03,2.03,2.03,7,0
MBF,60,20250404,100000,2.02,2.12,2.02,2.12,837,0
MBF,60,20250404,130000,1.99,2.1,1.98,2.1,2010,0
MBF,60,20250404,150000,2.1,2.1,2.1,2.1,3,0
MBF,60,20250404,170000,1.86,1.86,1.86,1.86,1500,0
MBF,60,20250407,100000,1.86,1.86,1.72,1.72,2000,0
MBF,60,20250407,110000,1.72,1.72,1.72,1.72,135,0
MBF,60,20250407,120000,1.88,1.88,1.88,1.88,400,0
MBF,60,20250407,130000,1.88,1.88,1.88,1.88,160,0
MBF,60,20250408,100000,1.855,1.925,1.855,1.925,2002,0
MBF,60,20250408,130000,1.815,1.815,1.815,1.815,5,0
MBF,60,20250408,160000,1.85,1.85,1.85,1.85,1173,0
MBF,60,20250409,100000,1.815,1.815,1.73,1.73,5,0
MBF,60,20250409,160000,1.85,1.85,1.85,1.85,20,0
MBF,60,20250409,170000,1.795,1.795,1.7,1.7,3000,0
MBF,60,20250410,100000,1.85,1.85,1.85,1.85,10,0
MBF,60,20250410,120000,1.8,1.8,1.8,1.8,500,0
MBF,60,20250410,130000,1.85,1.85,1.85,1.85,15,0
MBF,60,20250414,100000,1.925,1.965,1.925,1.965,19,0
MBF,60,20250414,130000,1.985,2.09,1.82,2.09,211,0
MBF,60,20250414,160000,1.855,1.975,1.85,1.975,486,0
MBF,60,20250415,100000,1.97,1.97,1.855,1.97,156,0
MBF,60,20250415,150000,1.86,1.97,1.86,1.97,1009,0
MBF,60,20250415,160000,1.915,1.965,1.865,1.965,110,0
MBF,60,20250416,130000,1.86,1.86,1.86,1.86,716,0
MBF,60,20250416,140000,1.855,1.855,1.855,1.855,6,0
MBF,60,20250416,150000,1.83,1.885,1.83,1.885,517,0
MBF,60,20250416,170000,1.875,1.875,1.875,1.875,256,0
MBF,60,20250417,100000,1.9,1.9,1.9,1.9,10,0
MBF,60,20250417,120000,1.88,1.9,1.6,1.6,14807,0
MBF,60,20250417,130000,1.675,1.675,1.675,1.675,1940,0
MBF,60,20250417,140000,1.68,1.7,1.68,1.7,1066,0
MBF,60,20250417,150000,1.73,1.73,1.73,1.73,10,0
MBF,60,20250417,160000,1.715,1.8,1.71,1.8,2871,0
MBF,60,20250417,170000,1.74,1.755,1.74,1.755,1900,0
MBF,60,20250422,110000,1.735,1.735,1.735,1.735,6,0
MBF,60,20250422,130000,1.72,1.72,1.71,1.71,750,0
MBF,60,20250422,140000,1.71,1.71,1.71,1.71,1000,0
MBF,60,20250422,150000,1.735,1.755,1.735,1.755,2411,0
MBF,60,20250423,100000,1.7,1.755,1.7,1.7,6475,0
MBF,60,20250423,120000,1.75,1.75,1.75,1.75,1000,0
MBF,60,20250423,170000,1.8,1.81,1.8,1.81,1700,0
MBF,60,20250424,160000,1.795,1.82,1.755,1.82,1963,0
MBF,60,20250425,110000,1.81,1.81,1.81,1.81,6,0
MBF,60,20250425,120000,1.73,1.73,1.73,1.73,650,0
MBF,60,20250425,140000,1.73,1.73,1.7,1.7,1900,0
MBF,60,20250425,150000,1.72,1.77,1.72,1.77,70,0
MBF,60,20250425,160000,1.7,1.7,1.7,1.7,4,0
MBF,60,20250428,100000,1.68,1.68,1.68,1.68,2704,0
MBF,60,20250428,120000,1.68,1.68,1.68,1.68,1367,0
MBF,60,20250428,150000,1.68,1.68,1.68,1.68,630,0
MBF,60,20250429,110000,1.69,1.69,1.69,1.69,6,0
MBF,60,20250429,170000,1.68,1.68,1.62,1.62,413,0
MBF,60,20250502,100000,1.685,1.69,1.605,1.69,2490,0
MBF,60,20250502,120000,1.69,1.75,1.685,1.75,1052,0
MBF,60,20250502,130000,1.75,1.78,1.75,1.78,1810,0
MBF,60,20250502,140000,1.78,1.8,1.78,1.8,1302,0
MBF,60,20250502,150000,1.83,1.88,1.83,1.88,1580,0
MBF,60,20250502,160000,1.855,1.855,1.83,1.85,20,0
MBF,60,20250502,170000,1.75,1.85,1.75,1.85,1268,0
MBF,60,20250505,100000,1.85,1.88,1.65,1.88,2270,0
MBF,60,20250505,140000,1.825,1.825,1.825,1.825,7,0
MBF,60,20250505,170000,1.855,1.88,1.855,1.88,12,0
MBF,60,20250506,100000,1.855,1.855,1.75,1.845,3378,0
MBF,60,20250506,120000,1.755,1.755,1.755,1.755,617,0
MBF,60,20250506,130000,1.78,1.78,1.78,1.78,400,0
MBF,60,20250506,140000,1.755,1.785,1.7,1.785,2020,0
MBF,60,20250506,150000,1.77,1.77,1.72,1.72,600,0
MBF,60,20250506,160000,1.72,1.72,1.7,1.7,2000,0
MBF,60,20250506,170000,1.745,1.745,1.745,1.745,5,0
MBF,60,20250507,100000,1.75,1.76,1.75,1.76,2697,0
MBF,60,20250507,110000,1.79,1.795,1.79,1.79,465,0
MBF,60,20250507,130000,1.76,2,1.745,2,19769,0
MBF,60,20250507,140000,2.1,2.1,1.85,2.04,7103,0
MBF,60,20250507,150000,1.86,1.975,1.86,1.87,1406,0
MBF,60,20250507,160000,1.955,1.955,1.955,1.955,716,0
MBF,60,20250507,170000,1.955,2.08,1.955,2.08,222,0
MBF,60,20250508,100000,2.08,2.08,2.08,2.08,40,0
MBF,60,20250508,110000,2.08,2.09,2.08,2.09,1810,0
MBF,60,20250508,120000,2.09,2.1,2.09,2.1,5307,0
MBF,60,20250508,130000,2.1,2.34,2.03,2.32,29271,0
MBF,60,20250508,140000,2.3,2.33,2.22,2.22,6989,0
MBF,60,20250508,150000,2.22,2.28,2.19,2.28,1055,0
MBF,60,20250508,160000,2.27,2.28,2.27,2.28,3400,0
MBF,60,20250508,170000,2.28,2.28,2.28,2.28,1000,0
MBF,60,20250509,100000,2.28,2.28,2.02,2.28,6937,0
MBF,60,20250509,110000,2.11,2.2,2.02,2.2,117,0
MBF,60,20250509,120000,2.03,2.18,1.97,2.18,902,0
MBF,60,20250509,130000,2.16,2.16,2.16,2.16,270,0
MBF,60,20250509,140000,2,2.1,2,2.1,1854,0
MBF,60,20250509,150000,2.04,2.1,2.04,2.1,1700,0
MBF,60,20250509,160000,2.1,2.1,2.1,2.1,95,0
MBF,60,20250509,170000,2.1,2.1,2.1,2.1,400,0
MBF,60,20250512,100000,2.1,2.1,2.03,2.03,720,0
MBF,60,20250512,120000,2.03,2.03,2.03,2.03,300,0
MBF,60,20250512,130000,2.03,2.03,2.03,2.03,200,0
MBF,60,20250512,140000,2.02,2.19,1.97,1.97,2678,0
MBF,60,20250512,150000,2.19,2.19,2.19,2.19,30,0
MBF,60,20250513,100000,2.08,2.13,2.03,2.13,30,0
MBF,60,20250513,130000,2.12,2.12,2.12,2.12,480,0
MBF,60,20250513,140000,2.03,2.03,1.97,1.97,3600,0
MBF,60,20250513,160000,2.02,2.02,2.02,2.02,500,0
MBF,60,20250514,100000,2.04,2.13,2.04,2.13,7230,0
MBF,60,20250514,160000,2.05,2.05,2.05,2.05,1000,0
MBF,60,20250514,170000,2.05,2.05,2.04,2.04,352,0
MBF,60,20250515,110000,1.99,2.04,1.99,2.04,673,0
MBF,60,20250515,120000,2.04,2.07,2.04,2.07,443,0
MBF,60,20250515,130000,2.07,2.07,2.07,2.07,25,0
MBF,60,20250516,100000,2.13,2.13,2.13,2.13,10,0
MBF,60,20250516,150000,2,2.11,2,2.11,185,0
MBF,60,20250516,170000,2.11,2.11,2.11,2.11,180,0
MBF,60,20250519,110000,2.02,2.1,2.02,2.1,1005,0
MBF,60,20250519,130000,2.02,2.02,2.02,2.02,100,0
MBF,60,20250519,150000,2.09,2.09,2.09,2.09,10,0
MBF,60,20250520,100000,2.09,2.13,2.02,2.02,220,0
MBF,60,20250520,110000,2.11,2.11,2.11,2.11,15,0
MBF,60,20250521,100000,2.09,2.12,2.09,2.12,15,0
MBF,60,20250521,120000,2.02,2.11,2,2.11,1183,0
MBF,60,20250521,140000,2,2.1,2,2.1,329,0
MBF,60,20250521,170000,1.97,2.07,1.97,2.07,55,0
MBF,60,20250522,160000,2.07,2.07,2.07,2.07,10,0
MBF,60,20250523,120000,1.9,2.06,1.9,2.06,110,0
MBF,60,20250523,140000,2.06,2.06,2.06,2.06,597,0
MBF,60,20250526,100000,1.98,1.98,1.87,1.87,597,0
MBF,60,20250526,110000,2.05,2.05,2.05,2.05,5,0
MBF,60,20250526,140000,2.05,2.06,2.05,2.06,1732,0
MBF,60,20250527,160000,2,2.04,1.94,2.04,505,0
MBF,60,20250530,130000,2.04,2.15,2.04,2.15,4282,0
MBF,60,20250530,150000,2.08,2.12,1.98,2.12,2010,0
MBF,60,20250603,100000,1.98,1.98,1.98,1.98,20,0
MBF,60,20250603,140000,2.1,2.1,2.1,2.1,10,0
MBF,60,20250605,110000,2.09,2.1,2.09,2.1,200,0
MBF,60,20250605,120000,2.1,2.1,2.1,2.1,193,0
MBF,60,20250605,130000,2.1,2.1,2.1,2.1,40,0
MBF,60,20250605,140000,2,2.1,2,2.1,710,0
MBF,60,20250606,100000,2,2.1,1.985,2.1,2302,0
MBF,60,20250606,110000,1.975,1.975,1.94,1.94,13,0
MBF,60,20250606,120000,2.07,2.07,2.07,2.07,14,0
MBF,60,20250609,140000,1.975,2.01,1.975,2.01,6,0
MBF,60,20250609,150000,2.01,2.05,2.01,2.05,1550,0
MBF,60,20250610,100000,2,2.05,2,2.05,510,0
MBF,60,20250610,110000,1.98,2.05,1.98,2.05,1501,0
MBF,60,20250610,120000,1.98,1.98,1.7,1.84,7853,0
MBF,60,20250610,130000,1.845,1.845,1.81,1.815,5210,0
MBF,60,20250610,140000,1.815,1.86,1.8,1.86,6416,0
MBF,60,20250610,150000,1.86,1.86,1.81,1.86,3738,0
MBF,60,20250610,160000,1.855,1.86,1.79,1.86,4200,0
MBF,60,20250611,130000,1.845,1.845,1.845,1.845,100,0
MBF,60,20250611,140000,1.8,1.8,1.58,1.585,15295,0
MBF,60,20250611,150000,1.6,1.75,1.58,1.62,9180,0
MBF,60,20250611,160000,1.75,1.75,1.62,1.75,1672,0
MBF,60,20250611,170000,1.705,1.705,1.695,1.695,407,0
MBF,60,20250612,100000,1.69,1.69,1.69,1.69,150,0
MBF,60,20250612,110000,1.69,1.795,1.69,1.795,397,0
MBF,60,20250613,140000,1.69,1.695,1.69,1.695,200,0
MBF,60,20250613,160000,1.705,1.765,1.705,1.75,2581,0
MBF,60,20250616,110000,1.665,1.76,1.665,1.76,531,0
MBF,60,20250616,170000,1.77,1.78,1.76,1.78,4000,0
MBF,60,20250617,100000,1.79,1.83,1.79,1.8,3522,0
MBF,60,20250617,120000,1.75,1.83,1.75,1.83,181,0
MBF,60,20250618,100000,1.83,1.86,1.8,1.86,10298,0
MBF,60,20250618,110000,1.86,1.87,1.85,1.87,6558,0
MBF,60,20250618,120000,1.87,1.96,1.87,1.96,10700,0
MBF,60,20250618,130000,1.955,2.06,1.955,2.05,8703,0
MBF,60,20250618,140000,2.05,2.05,2.05,2.05,566,0
MBF,60,20250618,150000,2.06,2.13,2.06,2.12,3021,0
MBF,60,20250618,160000,2.12,2.12,2.12,2.12,505,0
MBF,60,20250618,170000,2.12,2.12,2.12,2.12,1205,0
MBF,60,20250620,110000,2.11,2.11,2.11,2.11,5,0
MBF,60,20250620,120000,2.11,2.12,2.11,2.12,1054,0
MBF,60,20250620,130000,2.03,2.11,2.03,2.11,1001,0
MBF,60,20250620,140000,2.02,2.02,1.87,2,6522,0
MBF,60,20250620,170000,1.995,1.995,1.995,1.995,180,0
MBF,60,20250623,100000,2,2.02,2,2.02,510,0
MBF,60,20250623,120000,1.96,1.96,1.92,1.92,2780,0
MBF,60,20250623,130000,2,2,2,2,10,0
MBF,60,20250623,140000,1.975,1.98,1.975,1.98,1231,0
MBF,60,20250624,100000,1.975,1.995,1.86,1.995,2449,0
MBF,60,20250625,170000,1.86,1.925,1.85,1.925,406,0
MBF,60,20250626,130000,1.9,1.92,1.9,1.92,235,0
MBF,60,20250627,140000,1.875,1.915,1.85,1.915,995,0
MBF,60,20250627,160000,1.85,2.06,1.85,2.06,2742,0
MBF,60,20250627,170000,2.06,2.08,2.06,2.08,1100,0
MBF,60,20250630,100000,1.94,2.06,1.94,2.06,502,0
MBF,60,20250630,120000,1.96,1.96,1.96,1.96,510,0
MBF,60,20250630,130000,1.96,1.96,1.96,1.96,1,0
MBF,60,20250630,160000,2.01,2.01,1.94,1.94,770,0
MBF,60,20250701,100000,1.86,1.94,1.735,1.94,356,0
MBF,60,20250701,120000,1.94,1.94,1.84,1.94,2541,0
MBF,60,20250701,130000,1.93,1.93,1.93,1.93,6,0
MBF,60,20250701,170000,1.84,1.93,1.84,1.93,905,0
MBF,60,20250702,100000,1.84,2.07,1.84,2.06,12430,0
MBF,60,20250702,110000,2.06,2.06,2.06,2.06,50,0
MBF,60,20250702,120000,2.01,2.03,1.95,2.03,1300,0
MBF,60,20250702,130000,2.02,2.02,2.02,2.02,50,0
MBF,60,20250702,160000,1.93,1.99,1.93,1.99,82,0
MBF,60,20250703,100000,2.01,2.01,1.84,1.845,4200,0
MBF,60,20250703,110000,1.99,1.99,1.99,1.99,5,0
MBF,60,20250703,120000,1.855,1.855,1.855,1.855,1820,0
MBF,60,20250703,130000,1.855,1.955,1.855,1.955,603,0
MBF,60,20250703,140000,1.855,1.955,1.85,1.955,1015,0
MBF,60,20250704,100000,1.845,1.845,1.84,1.84,3000,0
MBF,60,20250704,110000,1.905,1.905,1.905,1.905,80,0
MBF,60,20250704,140000,1.89,1.89,1.89,1.89,50,0
MBF,60,20250707,100000,1.84,1.89,1.8,1.89,2005,0
MBF,60,20250707,130000,1.805,1.805,1.805,1.805,1100,0
MBF,60,20250707,140000,1.805,1.805,1.8,1.8,896,0
MBF,60,20250708,110000,1.765,1.765,1.75,1.755,3730,0
MBF,60,20250708,120000,1.75,1.81,1.75,1.81,1576,0
MBF,60,20250708,160000,1.745,1.745,1.7,1.7,3000,0
MBF,60,20250708,170000,1.77,1.77,1.77,1.77,1,0
MBF,60,20250709,120000,1.77,1.81,1.77,1.81,574,0
MBF,60,20250709,140000,1.81,1.81,1.81,1.81,20,0
MBF,60,20250709,170000,1.77,1.77,1.75,1.75,90,0
MBF,60,20250710,100000,1.81,1.81,1.81,1.81,10,0
MBF,60,20250711,110000,1.81,1.81,1.8,1.8,656,0
MBF,60,20250711,120000,1.765,1.765,1.765,1.765,441,0
MBF,60,20250711,140000,1.8,1.8,1.8,1.8,5,0
MBF,60,20250711,170000,1.77,1.77,1.77,1.77,412,0
MBF,60,20250714,100000,1.8,1.8,1.8,1.8,10,0
MBF,60,20250714,140000,1.77,1.77,1.765,1.765,287,0
MBF,60,20250716,100000,1.795,1.81,1.795,1.81,60,0
MBF,60,20250716,130000,1.79,1.79,1.78,1.78,907,0
MBF,60,20250716,140000,1.79,1.79,1.78,1.78,2093,0
MBF,60,20250716,150000,1.77,1.81,1.77,1.81,307,0
MBF,60,20250716,170000,1.77,1.81,1.77,1.775,55,0
MBF,60,20250717,120000,1.81,1.81,1.77,1.77,605,0
MBF,60,20250717,130000,1.81,1.935,1.81,1.935,6623,0
MBF,60,20250717,140000,1.84,1.86,1.765,1.86,1503,0
MBF,60,20250717,150000,1.815,1.815,1.815,1.815,2600,0
MBF,60,20250717,160000,1.885,1.885,1.88,1.885,5808,0
MBF,60,20250717,170000,1.885,1.895,1.885,1.895,4814,0
MBF,60,20250718,110000,1.9,2.28,1.9,2.28,39801,0
MBF,60,20250718,120000,2.52,2.67,2.35,2.44,142271,0
MBF,60,20250718,130000,2.37,2.45,2.24,2.24,28160,0
MBF,60,20250718,140000,2.25,2.4,2.25,2.3,14914,0
MBF,60,20250718,150000,2.4,2.72,2.36,2.72,70021,0
MBF,60,20250718,160000,2.8,2.8,2.65,2.8,14315,0
MBF,60,20250718,170000,2.8,2.8,2.8,2.8,5998,0
MBF,60,20250721,100000,2.76,2.76,2.51,2.55,9622,0
MBF,60,20250721,110000,2.55,2.56,2.51,2.55,4151,0
MBF,60,20250721,120000,2.6,2.6,2.52,2.52,2959,0
MBF,60,20250721,130000,2.52,2.53,2.42,2.53,14636,0
MBF,60,20250721,140000,2.44,2.48,2.42,2.48,4859,0
MBF,60,20250721,150000,2.38,2.46,2.38,2.45,2297,0
MBF,60,20250721,160000,2.42,2.42,2.32,2.32,11515,0
MBF,60,20250721,170000,2.4,2.5,2.3,2.5,7178,0
MBF,60,20250722,100000,2.45,2.45,2.22,2.33,3326,0
MBF,60,20250722,110000,2.33,2.4,2.22,2.38,10944,0
MBF,60,20250722,120000,2.24,2.3,2.2,2.28,7500,0
MBF,60,20250722,130000,2.26,2.34,2.2,2.34,3252,0
MBF,60,20250722,140000,2.32,2.37,2.25,2.34,5382,0
MBF,60,20250722,150000,2.25,2.33,2.22,2.33,3603,0
MBF,60,20250722,160000,2.27,2.27,2.27,2.27,350,0
MBF,60,20250722,170000,2.27,2.3,2.27,2.3,750,0
MBF,60,20250723,100000,2.3,2.3,2.2,2.26,3958,0
MBF,60,20250723,110000,2.26,2.26,2.26,2.26,493,0
MBF,60,20250723,120000,2.26,2.3,2.26,2.3,3394,0
MBF,60,20250723,130000,2.24,2.24,2.12,2.19,5401,0
MBF,60,20250723,140000,2.19,2.26,2.19,2.2,1661,0
MBF,60,20250723,150000,2.23,2.23,2.23,2.23,106,0
MBF,60,20250723,170000,2.17,2.2,2.17,2.2,1205,0
MBF,60,20250724,100000,2.21,2.48,2.13,2.22,13530,0
MBF,60,20250724,110000,2.29,2.3,2.29,2.29,371,0
MBF,60,20250724,120000,2.23,2.24,2.17,2.17,6886,0
MBF,60,20250724,130000,2.15,2.2,2.15,2.2,783,0
MBF,60,20250724,140000,2.2,2.2,2.12,2.13,6807,0
MBF,60,20250724,150000,2.13,2.16,2.08,2.16,13360,0
MBF,60,20250725,100000,2.08,2.11,2.03,2.04,1030,0
MBF,60,20250725,110000,2.11,2.11,2.1,2.1,1310,0
MBF,60,20250725,120000,2.1,2.19,2.1,2.19,4038,0
MBF,60,20250725,130000,2.19,2.19,2.19,2.19,734,0
MBF,60,20250725,140000,2.11,2.28,2.11,2.28,2399,0
MBF,60,20250725,170000,2.21,2.21,2.21,2.21,87,0
MBF,60,20250728,100000,2.19,2.19,2.07,2.18,991,0
MBF,60,20250728,110000,2.18,2.25,2.18,2.25,2026,0
MBF,60,20250728,120000,2.26,2.28,2.26,2.28,3023,0
MBF,60,20250728,130000,2.27,2.27,2.14,2.14,825,0
MBF,60,20250728,140000,2.27,2.27,2.27,2.27,4,0
MBF,60,20250728,160000,2.13,2.24,2.12,2.24,1210,0
MBF,60,20250728,170000,2.25,2.25,2.25,2.25,400,0
MBF,60,20250729,100000,2.25,2.25,2.13,2.13,1577,0
MBF,60,20250729,110000,2.22,2.24,2.22,2.24,2745,0
MBF,60,20250729,170000,2.15,2.24,2.15,2.24,175,0
MBF,60,20250730,100000,2.24,2.24,2.24,2.24,54,0
MBF,60,20250730,130000,2.24,2.24,2.24,2.24,1025,0
MBF,60,20250730,160000,2.24,2.68,2.24,2.67,62372,0
MBF,60,20250730,170000,2.8,2.8,2.34,2.38,62746,0
MBF,60,20250731,100000,2.5,2.5,2.3,2.35,2834,0
MBF,60,20250731,110000,2.42,2.57,2.42,2.57,7975,0
MBF,60,20250731,120000,2.54,2.54,2.38,2.5,62,0
MBF,60,20250731,130000,2.5,2.64,2.5,2.64,8496,0
MBF,60,20250731,140000,2.64,2.71,2.54,2.59,28269,0
MBF,60,20250731,150000,2.54,2.6,2.4,2.54,9064,0
MBF,60,20250731,160000,2.42,2.52,2.4,2.52,3011,0
MBF,60,20250731,170000,2.51,2.6,2.51,2.57,4657,0
MBF,60,20250801,100000,2.58,2.84,2.48,2.67,20483,0
MBF,60,20250801,110000,2.66,2.66,2.56,2.66,1233,0
MBF,60,20250801,120000,2.66,2.67,2.66,2.66,1427,0
MBF,60,20250801,130000,2.65,2.65,2.65,2.65,735,0
MBF,60,20250801,140000,2.6,2.62,2.6,2.62,678,0
MBF,60,20250801,150000,2.6,2.6,2.6,2.6,842,0
MBF,60,20250801,160000,2.56,2.56,2.56,2.56,362,0
MBF,60,20250801,170000,2.56,2.6,2.4,2.6,20165,0
MBF,60,20250804,100000,2.6,3,2.52,2.8,30735,0
MBF,60,20250804,110000,2.76,3,2.7,2.95,22236,0
MBF,60,20250804,120000,2.95,3.2,2.9,3.19,53955,0
MBF,60,20250804,130000,3.12,3.38,3.1,3.2,31540,0
MBF,60,20250804,140000,3.1,3.19,3.02,3.19,8655,0
MBF,60,20250804,150000,3.16,3.16,2.92,2.95,3490,0
MBF,60,20250804,160000,3,3.25,3,3.09,7718,0
MBF,60,20250804,170000,3.1,3.15,3.06,3.1,5177,0
MBF,60,20250805,100000,3.2,3.28,2.92,3.07,10641,0
MBF,60,20250805,110000,3.07,3.07,2.93,2.94,2309,0
MBF,60,20250805,120000,3.07,3.13,2.88,2.88,6947,0
MBF,60,20250805,130000,2.89,2.99,2.78,2.85,4287,0
MBF,60,20250805,140000,2.87,2.87,2.87,2.87,70,0
MBF,60,20250805,150000,2.94,2.95,2.87,2.95,538,0
MBF,60,20250805,160000,2.95,2.95,2.95,2.95,690,0
MBF,60,20250805,170000,2.87,2.87,2.86,2.86,396,0
MBF,60,20250806,100000,2.86,2.99,2.78,2.79,2435,0
MBF,60,20250806,110000,2.79,2.95,2.79,2.95,2549,0
MBF,60,20250806,120000,2.92,3,2.81,2.81,8480,0
MBF,60,20250806,130000,2.97,3.22,2.97,3.11,17850,0
MBF,60,20250806,140000,3.05,3.05,2.95,2.99,3111,0
MBF,60,20250806,150000,2.98,3.04,2.92,3.04,1475,0
MBF,60,20250806,160000,3.09,3.09,2.94,3.09,32,0
MBF,60,20250806,170000,2.94,3.08,2.91,3.04,5036,0
MBF,60,20250807,100000,2.88,2.96,2.81,2.96,2184,0
MBF,60,20250807,120000,2.81,2.97,2.81,2.97,77,0
MBF,60,20250807,130000,2.85,3.78,2.85,3.58,43236,0
MBF,60,20250807,140000,3.6,3.69,3.29,3.29,39458,0
MBF,60,20250807,150000,3.3,3.39,3.19,3.19,17567,0
MBF,60,20250807,160000,3.36,3.39,3.2,3.36,6017,0
MBF,60,20250807,170000,3.35,3.35,3.17,3.28,4584,0
MBF,60,20250808,100000,3.28,3.28,2.9,3.27,13496,0
MBF,60,20250808,110000,3.18,3.18,3.18,3.18,34,0
MBF,60,20250808,120000,3.16,3.17,3.01,3.05,2616,0
MBF,60,20250808,130000,3.06,3.06,2.92,2.92,5852,0
MBF,60,20250808,140000,3.01,3.14,2.93,2.98,3169,0
MBF,60,20250808,150000,3.09,3.1,3,3,400,0
MBF,60,20250808,160000,3.09,3.18,3.09,3.18,2844,0
MBF,60,20250808,170000,3.18,3.43,3.18,3.39,15533,0
MBF,60,20250811,100000,3.36,3.36,2.72,3.1,12837,0
MBF,60,20250811,110000,3.1,3.19,3.1,3.17,381,0
MBF,60,20250811,120000,3.07,3.15,3.03,3.15,1672,0
MBF,60,20250811,130000,3.15,3.15,3.01,3.01,481,0
MBF,60,20250811,150000,3.01,3.01,3.01,3.01,1000,0
MBF,60,20250811,160000,3.1,3.1,3.1,3.1,447,0
MBF,60,20250811,170000,3.05,3.1,3.04,3.1,2277,0
MBF,60,20250812,100000,2.91,3.08,2.91,3.06,624,0
MBF,60,20250812,110000,2.99,3.05,2.94,2.94,1923,0
MBF,60,20250812,120000,3,3,2.94,2.94,1080,0
MBF,60,20250812,130000,2.94,2.95,2.94,2.94,1752,0
MBF,60,20250812,160000,2.94,2.94,2.94,2.94,500,0
MBF,60,20250812,170000,2.99,2.99,2.99,2.99,5,0
MBF,60,20250813,100000,2.92,2.92,2.85,2.85,1800,0
MBF,60,20250813,110000,2.9,2.97,2.77,2.96,7056,0
MBF,60,20250813,120000,2.92,2.92,2.92,2.92,752,0
MBF,60,20250813,130000,2.83,3.38,2.83,3.05,23218,0
MBF,60,20250813,140000,3.05,3.47,3.02,3.47,18885,0
MBF,60,20250813,150000,3.34,3.4,3.21,3.21,8251,0
MBF,60,20250813,160000,3.12,3.2,3.12,3.2,1513,0
MBF,60,20250813,170000,3.2,3.2,3.2,3.2,5,0
MBF,60,20250814,100000,3.3,3.3,3.03,3.25,3670,0
MBF,60,20250814,110000,3.11,3.11,3.1,3.1,302,0
MBF,60,20250814,140000,3.15,3.15,3.11,3.14,14,0
MBF,60,20250814,150000,3.18,3.18,3.18,3.18,4,0
MBF,60,20250814,160000,3.16,3.16,3.16,3.16,10,0
MBF,60,20250814,170000,3.16,3.29,3.11,3.29,360,0
MBF,60,20250818,100000,3.13,3.27,3.12,3.27,356,0
MBF,60,20250818,110000,3.27,3.27,3.27,3.27,7,0
MBF,60,20250818,120000,3.27,3.37,3.27,3.37,11971,0
MBF,60,20250818,130000,3.39,3.75,3.39,3.75,54490,0
MBF,60,20250818,140000,3.7,3.85,3.62,3.82,26278,0
MBF,60,20250818,150000,3.8,3.8,3.49,3.55,8028,0
MBF,60,20250818,160000,3.55,3.72,3.55,3.72,2965,0
MBF,60,20250818,170000,3.67,3.73,3.5,3.6,15333,0
MBF,60,20250819,100000,3.82,4.17,3.68,4.1,39384,0
MBF,60,20250819,110000,4.1,4.17,3.9,4.14,26902,0
MBF,60,20250819,120000,4.07,4.44,4.07,4.29,43591,0
MBF,60,20250819,130000,4.24,4.29,4.14,4.26,12619,0
MBF,60,20250819,140000,4.26,4.46,4.24,4.32,15644,0
MBF,60,20250819,150000,4.39,4.42,4.26,4.26,5046,0
MBF,60,20250819,160000,4.39,4.58,4.26,4.58,15695,0
MBF,60,20250819,170000,4.59,4.84,4.5,4.7,33826,0
MBF,60,20250820,100000,4.69,5.16,4.6,4.86,60090,0
MBF,60,20250820,110000,4.86,4.88,4.26,4.75,16645,0
MBF,60,20250820,120000,4.74,4.74,4.59,4.7,11189,0
MBF,60,20250820,130000,4.62,4.75,4.62,4.75,3077,0
MBF,60,20250820,140000,4.69,4.96,4.69,4.96,6191,0
MBF,60,20250820,150000,4.96,4.98,4.8,4.98,6265,0
MBF,60,20250820,160000,4.98,5.34,4.91,5.32,18242,0
MBF,60,20250820,170000,5.34,5.48,5.22,5.32,15233,0
MBF,60,20250821,100000,5.1,5.32,5,5.04,21089,0
MBF,60,20250821,110000,5.18,5.18,4.97,5.1,4879,0
MBF,60,20250821,120000,4.99,5.12,4.94,5.12,4384,0
MBF,60,20250821,130000,5.04,5.26,4.97,4.97,11089,0
MBF,60,20250821,140000,5.16,5.18,4.97,5.12,3220,0
MBF,60,20250821,150000,5,5.06,4.92,4.97,2725,0
MBF,60,20250821,160000,4.97,5,4.92,4.95,1944,0
MBF,60,20250821,170000,4.86,4.86,4.75,4.76,11203,0
MBF,60,20250822,100000,4.76,4.82,4.5,4.82,9184,0
MBF,60,20250822,110000,4.88,4.93,4.63,4.78,8399,0
MBF,60,20250822,120000,4.8,4.8,4.63,4.79,4134,0
MBF,60,20250822,130000,4.76,4.78,4.62,4.62,1510,0
MBF,60,20250822,140000,4.64,4.64,4.62,4.62,1000,0
MBF,60,20250822,150000,4.73,4.75,4.62,4.62,1519,0
MBF,60,20250822,160000,4.64,4.74,4.63,4.74,507,0
MBF,60,20250822,170000,4.74,5.12,4.74,4.99,19038,0
MBF,60,20250825,100000,5.02,5.66,5,5.66,17908,0
MBF,60,20250825,110000,5.7,5.94,5.44,5.78,22414,0
MBF,60,20250825,120000,5.84,5.84,5.62,5.62,5894,0
MBF,60,20250825,130000,5.7,5.92,5.7,5.92,5864,0
MBF,60,20250825,140000,5.82,5.92,5.72,5.88,5774,0
MBF,60,20250825,150000,5.8,6,5.8,6,15002,0
MBF,60,20250825,160000,6,6.2,5.98,6.12,14703,0
MBF,60,20250825,170000,6.12,6.18,6,6,11838,0
MBF,60,20250826,100000,6.1,6.36,6.02,6.02,22435,0
MBF,60,20250826,110000,6.04,6.2,5.9,6.2,5633,0
MBF,60,20250826,120000,6.14,6.26,6.02,6.26,3407,0
MBF,60,20250826,130000,6.24,6.24,5.6,6.12,3417,0
MBF,60,20250826,140000,5.9,6,5.62,5.72,11213,0
MBF,60,20250826,150000,5.74,5.78,5.44,5.6,20039,0
MBF,60,20250826,160000,5.6,5.72,5.6,5.6,5405,0
MBF,60,20250826,170000,5.76,6,5.76,5.92,3654,0
MBF,60,20250827,100000,5.86,5.86,5.52,5.78,12470,0
MBF,60,20250827,110000,5.88,6.52,5.88,6.42,17776,0
MBF,60,20250827,120000,6.3,6.3,6.06,6.12,3190,0
MBF,60,20250827,130000,6.04,6.12,5.94,6,2902,0
MBF,60,20250827,140000,6,6,5.92,6,824,0
MBF,60,20250827,150000,5.92,5.92,5.7,5.7,4082,0
MBF,60,20250827,160000,5.88,5.92,5.88,5.92,900,0
MBF,60,20250827,170000,5.92,5.92,5.92,5.92,20,0
MBF,60,20250828,100000,5.92,5.96,5.64,5.68,16428,0
MBF,60,20250828,110000,5.78,6.38,5.78,6.14,11522,0
MBF,60,20250828,120000,6.08,6.22,5.9,5.96,3341,0
MBF,60,20250828,130000,6,6.2,5.84,6.04,6038,0
MBF,60,20250828,140000,6.2,6.2,5.92,5.92,1958,0
MBF,60,20250828,150000,6.08,6.08,5.94,5.94,817,0
MBF,60,20250828,160000,5.92,6.1,5.92,6.1,105,0
MBF,60,20250828,170000,6.06,6.16,6.06,6.16,7033,0
MBF,60,20250829,100000,6.18,6.26,5.84,5.94,8105,0
MBF,60,20250829,110000,5.92,6.04,5.9,6.04,2463,0
MBF,60,20250829,120000,5.94,6.1,5.92,6.02,2052,0
MBF,60,20250829,130000,6.08,6.08,6,6,131,0
MBF,60,20250829,140000,5.96,6.18,5.8,6.18,11431,0
MBF,60,20250829,150000,6.1,6.1,6.04,6.04,930,0
MBF,60,20250829,160000,6.04,6.08,6,6,370,0
MBF,60,20250829,170000,5.98,6.04,5.5,5.98,13409,0
MBF,60,20250901,100000,5.8,5.84,5.5,5.54,10959,0
MBF,60,20250901,110000,5.58,5.72,5.34,5.68,11242,0
MBF,60,20250901,120000,5.6,5.64,5.32,5.32,14287,0
MBF,60,20250901,130000,5.32,6.16,5.22,5.8,63766,0
MBF,60,20250901,140000,6,6.38,5.98,5.98,37495,0
MBF,60,20250901,150000,6,6.18,5.98,6.18,9422,0
MBF,60,20250901,160000,6.04,6.04,5.7,5.86,8273,0
MBF,60,20250901,170000,5.76,5.96,5.72,5.8,12767,0
MBF,60,20250902,100000,6.06,6.06,5.38,5.6,17520,0
MBF,60,20250902,110000,5.52,5.6,5.48,5.6,1084,0
MBF,60,20250902,120000,5.62,5.66,5.54,5.66,662,0
MBF,60,20250902,130000,5.54,5.76,5.5,5.52,1560,0
MBF,60,20250902,140000,5.54,5.68,5.3,5.42,15207,0
MBF,60,20250902,150000,5.42,5.44,5.24,5.24,6224,0
MBF,60,20250902,160000,5.26,5.44,5.26,5.26,3066,0
MBF,60,20250902,170000,5.26,5.4,5.08,5.3,13830,0
MBF,60,20250903,100000,5.1,5.2,4.86,4.98,18424,0
MBF,60,20250903,110000,4.98,5.16,4.86,4.98,9750,0
MBF,60,20250903,120000,4.89,5.08,4.86,4.88,3338,0
MBF,60,20250903,130000,4.89,5,4.88,4.92,1918,0
MBF,60,20250903,140000,5,5.28,5,5.12,4927,0
MBF,60,20250903,150000,5.2,5.2,4.94,5.1,3683,0
MBF,60,20250903,160000,4.92,5.12,4.84,4.84,6030,0
MBF,60,20250903,170000,4.94,4.94,4.47,4.7,21962,0
MBF,60,20250904,100000,4.52,4.83,4.25,4.54,40553,0
MBF,60,20250904,110000,4.57,4.75,4.57,4.74,2767,0
MBF,60,20250904,120000,4.52,4.69,4.5,4.69,1515,0
MBF,60,20250904,130000,4.69,4.73,4.68,4.73,3268,0
MBF,60,20250904,140000,4.73,5.06,4.7,5.04,10881,0
MBF,60,20250904,150000,5.1,5.42,5,5.42,33010,0
MBF,60,20250904,160000,5.66,6.58,5.66,6.18,83001,0
MBF,60,20250904,170000,6.12,6.12,5.6,5.9,35836,0
MBF,60,20250905,100000,6.7,6.7,6.04,6.16,38517,0
MBF,60,20250905,110000,6.26,6.26,5.82,6.18,11586,0
MBF,60,20250905,120000,6.1,6.22,5.94,6.22,2225,0
MBF,60,20250905,130000,6.18,6.18,5.82,5.84,6421,0
MBF,60,20250905,140000,5.84,6,5.7,5.96,11123,0
MBF,60,20250905,150000,5.76,5.94,5.4,5.4,23070,0
MBF,60,20250905,160000,5.4,5.46,4.9,5.08,37834,0
MBF,60,20250905,170000,5.1,5.1,4.9,4.9,10492,0
MBF,60,20250908,100000,4.84,5.26,4.7,5.04,13663,0
MBF,60,20250908,110000,5,5.26,4.82,5.24,15305,0
MBF,60,20250908,120000,5.22,5.26,5.1,5.1,1743,0
MBF,60,20250908,130000,5.1,5.18,5.08,5.16,255,0
MBF,60,20250908,140000,5.08,5.18,5.02,5.18,1180,0
MBF,60,20250908,150000,5.2,5.24,4.97,4.97,3694,0
MBF,60,20250908,160000,4.96,4.96,4.58,4.78,25550,0
MBF,60,20250908,170000,4.77,4.79,4.44,4.5,18347,0
MBF,60,20250909,100000,4.62,4.82,4.4,4.53,12439,0
MBF,60,20250909,110000,4.66,4.69,4.41,4.41,8625,0
MBF,60,20250909,120000,4.42,4.58,4.36,4.36,6359,0
MBF,60,20250909,130000,4.38,4.6,4.35,4.53,3586,0
MBF,60,20250909,140000,4.53,4.63,4.5,4.59,5260,0
MBF,60,20250909,150000,4.51,4.58,4.45,4.46,1212,0
MBF,60,20250909,160000,4.57,4.63,4.5,4.5,2514,0
MBF,60,20250909,170000,4.48,4.58,4.45,4.58,1666,0
MBF,60,20250910,100000,4.73,5.42,4.55,5.3,34572,0
MBF,60,20250910,110000,5.3,5.64,5.2,5.3,14644,0
MBF,60,20250910,120000,5.36,5.36,4.76,4.92,18190,0
MBF,60,20250910,130000,4.99,5,4.71,4.88,6945,0
MBF,60,20250910,140000,4.88,4.89,4.65,4.75,5670,0
MBF,60,20250910,150000,4.8,4.85,4.71,4.83,4243,0
MBF,60,20250910,160000,4.83,4.85,4.75,4.84,1102,0
MBF,60,20250910,170000,4.83,4.94,4.8,4.8,6621,0
MBF,60,20250911,100000,4.96,5.14,4.75,4.75,12873,0
MBF,60,20250911,110000,4.89,4.9,4.7,4.89,3208,0
MBF,60,20250911,120000,4.9,4.9,4.52,4.69,8719,0
MBF,60,20250911,130000,4.55,4.95,4.54,4.83,1379,0
MBF,60,20250911,140000,4.83,4.92,4.82,4.87,5783,0
MBF,60,20250911,150000,4.82,4.87,4.62,4.65,1595,0
MBF,60,20250911,160000,4.82,4.82,4.65,4.79,3675,0
MBF,60,20250911,170000,4.79,4.79,4.69,4.77,330,0
MBF,60,20250912,100000,4.63,4.87,4.41,4.82,3280,0
MBF,60,20250912,110000,4.81,4.81,4.56,4.72,1222,0
MBF,60,20250912,120000,4.72,4.72,4.51,4.69,4724,0
MBF,60,20250912,130000,4.52,4.67,4.42,4.46,7357,0
MBF,60,20250912,140000,4.63,4.72,4.6,4.6,3819,0
MBF,60,20250912,150000,4.6,4.6,4.54,4.54,603,0
MBF,60,20250912,160000,4.59,4.78,4.59,4.75,423,0
MBF,60,20250912,170000,4.59,4.59,4.41,4.59,3850,0
MBF,60,20250915,100000,4.82,4.97,4.57,4.57,19401,0
MBF,60,20250915,110000,4.69,4.69,4.55,4.6,2131,0
MBF,60,20250915,120000,4.65,5.78,4.65,5.78,134959,0
MBF,60,20250915,130000,6.5,6.9,6.1,6.24,110272,0
MBF,60,20250915,140000,6.38,6.42,6.04,6.1,27563,0
MBF,60,20250915,150000,6.12,6.6,6.12,6.44,24051,0
MBF,60,20250915,160000,6.46,6.76,6.3,6.38,40614,0
MBF,60,20250915,170000,6.38,6.56,6.22,6.5,17876,0
MBF,60,20250916,100000,6.5,6.6,5.9,6.18,34517,0
MBF,60,20250916,110000,6.2,6.2,5.6,5.84,26576,0
MBF,60,20250916,120000,5.8,6.08,5.74,5.98,7535,0
MBF,60,20250916,130000,5.86,5.9,5.7,5.9,14431,0
MBF,60,20250916,140000,5.88,5.9,5.72,5.9,3479,0
MBF,60,20250916,150000,5.9,5.96,5.82,5.82,3142,0
MBF,60,20250916,160000,5.88,5.88,5.66,5.68,26222,0
MBF,60,20250916,170000,5.82,5.84,5.52,5.84,20170,0
MBF,60,20250917,100000,5.9,6.18,5.9,5.94,7334,0
MBF,60,20250917,110000,6.1,6.14,5.9,6,1310,0
MBF,60,20250917,120000,6.02,6.56,6.02,6.5,20766,0
MBF,60,20250917,130000,6.42,6.52,6.2,6.2,8902,0
MBF,60,20250917,140000,6.36,6.38,6.02,6.06,7401,0
MBF,60,20250917,150000,6.08,6.3,6.04,6.12,4048,0
MBF,60,20250917,160000,6.24,6.32,6.12,6.28,1836,0
MBF,60,20250917,170000,6.22,6.5,6.2,6.5,16052,0
MBF,60,20250918,100000,6.6,7.28,6.3,6.86,42763,0
MBF,60,20250918,110000,6.86,7.74,6.86,7.64,33152,0
MBF,60,20250918,120000,7.52,7.92,7.4,7.82,40496,0
MBF,60,20250918,130000,7.8,7.84,7.68,7.78,10511,0
MBF,60,20250918,140000,7.68,7.8,7.4,7.8,12587,0
MBF,60,20250918,150000,7.8,7.92,7.74,7.92,16085,0
MBF,60,20250918,170000,8.4,8.7,8.24,8.34,63908,0
MBF,60,20250919,100000,8.2,8.88,8.02,8.72,44138,0
MBF,60,20250919,110000,8.76,9.2,8.4,8.52,44228,0
MBF,60,20250919,120000,8.44,8.7,8.32,8.7,14001,0
MBF,60,20250919,130000,8.58,8.76,8.36,8.7,9952,0
MBF,60,20250919,140000,8.74,8.74,8.5,8.5,2867,0
MBF,60,20250919,150000,8.64,8.92,8.6,8.78,12579,0
MBF,60,20250919,160000,8.78,8.92,8.78,8.8,4847,0
MBF,60,20250919,170000,8.8,8.86,8.54,8.78,6417,0
MBF,60,20250922,100000,8.94,9.96,8.62,9.7,73001,0
MBF,60,20250922,110000,9.7,9.7,9.26,9.6,17298,0
MBF,60,20250922,120000,9.58,10.4,9.46,10.2,39126,0
MBF,60,20250922,130000,10.2,10.4,9.7,9.7,35011,0
MBF,60,20250922,140000,9.96,10.2,9.5,9.54,23785,0
MBF,60,20250922,150000,9.72,9.82,9.24,9.56,11492,0
MBF,60,20250922,160000,9.5,9.5,8.72,8.98,9605,0
MBF,60,20250922,170000,9.2,9.2,8.8,9,12336,0
MBF,60,20250923,100000,8.92,9.18,8.34,8.64,37345,0
MBF,60,20250923,110000,8.76,8.84,8.44,8.7,7426,0
MBF,60,20250923,120000,8.52,8.7,7.62,7.72,64410,0
MBF,60,20250923,130000,7.74,7.76,7.22,7.5,48697,0
MBF,60,20250923,140000,7.44,7.54,7.2,7.26,42552,0
MBF,60,20250923,150000,7.38,7.62,7.3,7.46,15825,0
MBF,60,20250923,160000,7.42,7.44,7.22,7.22,6387,0
MBF,60,20250923,170000,7.26,7.34,7.14,7.14,29203,0
MBF,60,20250924,100000,7.08,7.48,6.84,7.2,21108,0
MBF,60,20250924,110000,7.2,7.2,6.32,6.78,47808,0
MBF,60,20250924,120000,6.8,7.1,6.62,6.94,23605,0
MBF,60,20250924,130000,6.96,7.12,6.9,7,10792,0
MBF,60,20250924,140000,7.08,7.46,7.08,7.24,11830,0
MBF,60,20250924,150000,7.04,7.2,6.88,7.08,6209,0
MBF,60,20250924,160000,7.1,7.1,6.7,6.78,14989,0
MBF,60,20250924,170000,6.74,6.86,6.64,6.78,6722,0
MBF,60,20250925,100000,6.84,7.04,6.82,6.9,6081,0
MBF,60,20250925,110000,6.9,7.12,6.9,7.12,5140,0
MBF,60,20250925,120000,7,7.4,6.92,7.28,22215,0
MBF,60,20250925,130000,7.24,7.36,7.18,7.18,4682,0
MBF,60,20250925,140000,7.18,7.3,7.12,7.22,4839,0
MBF,60,20250925,150000,7.12,7.22,7.06,7.06,4761,0
MBF,60,20250925,160000,7.14,7.14,7.04,7.12,3095,0
MBF,60,20250925,170000,7.06,7.12,7.02,7.08,2191,0
MBF,60,20250926,100000,7.08,7.48,6.84,7.4,16241,0
MBF,60,20250926,110000,7.44,7.44,7.14,7.14,11332,0
MBF,60,20250926,120000,7.14,7.3,7.12,7.16,2326,0
MBF,60,20250926,130000,7.14,7.36,7.14,7.28,5479,0
MBF,60,20250926,140000,7.18,7.28,7.18,7.18,603,0
MBF,60,20250926,150000,7.28,7.28,7.1,7.12,1195,0
MBF,60,20250926,160000,7.12,7.12,6.8,6.84,7499,0
MBF,60,20250926,170000,6.86,7.14,6.82,7.12,9555,0
MBF,60,20250929,100000,7.26,7.28,6.8,6.9,10951,0
MBF,60,20250929,110000,6.86,6.96,6.8,6.96,1624,0
MBF,60,20250929,120000,6.88,6.94,6.64,6.72,4636,0
MBF,60,20250929,130000,6.7,6.84,6.64,6.66,1810,0
MBF,60,20250929,140000,6.7,6.7,6.7,6.7,1014,0
MBF,60,20250929,150000,6.74,6.96,6.74,6.96,1758,0
MBF,60,20250929,160000,6.8,7,6.64,7,4914,0
MBF,60,20250929,170000,6.88,6.92,6.88,6.92,1124,0
MBF,60,20250930,100000,6.92,7.3,6.34,6.62,17455,0
MBF,60,20250930,110000,6.72,6.88,6.52,6.6,5299,0
MBF,60,20250930,120000,6.52,6.68,6.5,6.58,3783,0
MBF,60,20250930,130000,6.64,6.78,6.6,6.78,2958,0
MBF,60,20250930,140000,6.82,6.82,6.82,6.82,30,0
MBF,60,20250930,150000,6.74,6.74,6.64,6.72,841,0
MBF,60,20250930,160000,6.66,6.66,6.64,6.64,1453,0
MBF,60,20250930,170000,6.62,6.74,6.62,6.74,2268,0
MBF,60,20251001,100000,6.8,6.8,6.42,6.5,2877,0
MBF,60,20251001,110000,6.68,6.78,6.5,6.5,5872,0
MBF,60,20251001,120000,6.66,6.68,6.38,6.4,4597,0
MBF,60,20251001,130000,6.42,6.54,6.32,6.38,4485,0
MBF,60,20251001,140000,6.4,6.4,6.38,6.38,49,0
MBF,60,20251001,150000,6.48,6.56,6.3,6.3,3271,0
MBF,60,20251001,160000,6.28,6.42,6.2,6.34,9923,0
MBF,60,20251001,170000,6.34,6.4,6.18,6.28,8745,0
MBF,60,20251002,100000,6.26,7.5,6.02,7.5,62615,0
MBF,60,20251002,110000,7.4,7.4,6.96,6.96,38969,0
MBF,60,20251002,120000,7.1,7.42,7.08,7.14,17513,0
MBF,60,20251002,130000,7.16,7.24,6.82,6.94,21948,0
MBF,60,20251002,140000,6.96,6.98,6.48,6.56,14924,0
MBF,60,20251002,150000,6.68,6.78,6.34,6.6,8420,0
MBF,60,20251002,160000,6.6,6.64,6.42,6.46,6294,0
MBF,60,20251002,170000,6.46,6.58,6.22,6.42,24611,0
MBF,60,20251003,100000,6.36,6.38,5.98,5.98,28919,0
MBF,60,20251003,110000,6.1,6.16,5.66,5.86,44445,0
MBF,60,20251003,120000,5.86,6.12,5.8,5.9,7257,0
MBF,60,20251003,130000,5.9,6,5.84,5.84,2347,0
MBF,60,20251003,140000,5.84,5.98,5.82,5.98,1308,0
MBF,60,20251003,150000,5.98,6.08,5.82,5.96,3900,0
MBF,60,20251003,160000,5.9,6.08,5.9,6,2787,0
MBF,60,20251003,170000,5.98,6.04,5.8,6.04,10383,0
MBF,60,20251006,100000,6.04,6.28,5.96,6.24,3915,0
MBF,60,20251006,110000,6.1,6.24,6,6.22,3049,0
MBF,60,20251006,120000,6.04,6.22,6.04,6.18,1597,0
MBF,60,20251006,130000,6.1,6.1,6.1,6.1,200,0
MBF,60,20251006,140000,6.18,6.18,6,6.16,1349,0
MBF,60,20251006,150000,6.08,6.08,5.9,5.9,4702,0
MBF,60,20251006,160000,5.92,6.1,5.92,5.92,800,0
MBF,60,20251006,170000,5.92,6.06,5.72,6.06,9764,0
MBF,60,20251007,100000,6.04,6.04,5.8,5.82,2275,0
MBF,60,20251007,110000,5.82,5.9,5.8,5.8,2002,0
MBF,60,20251007,120000,5.8,6.1,5.8,6.1,6594,0
MBF,60,20251007,130000,6.1,6.2,5.98,5.98,2940,0
MBF,60,20251007,140000,5.98,5.98,5.94,5.96,1088,0
MBF,60,20251007,150000,5.96,5.96,5.8,5.94,2069,0
MBF,60,20251007,160000,5.94,5.96,5.8,5.8,1663,0
MBF,60,20251007,170000,5.9,5.9,5.74,5.86,2789,0
MBF,60,20251008,100000,5.8,6.22,5.7,6.12,12480,0
MBF,60,20251008,110000,6,6.12,5.84,5.86,8692,0
MBF,60,20251008,120000,6.02,6.14,6.02,6.02,3287,0
MBF,60,20251008,130000,6.06,6.18,6.02,6.18,6627,0
MBF,60,20251008,140000,6.06,6.16,6.02,6.02,2851,0
MBF,60,20251008,150000,6.02,6.14,6.02,6.02,1173,0
MBF,60,20251008,160000,6.14,6.14,5.92,6,241,0
MBF,60,20251008,170000,6,6.14,5.94,6.14,1421,0
MBF,60,20251009,100000,6.1,6.16,5.98,6.1,3426,0
MBF,60,20251009,110000,5.96,6.06,5.9,6.06,3057,0
MBF,60,20251009,120000,5.94,6.02,5.92,5.92,476,0
MBF,60,20251009,130000,5.92,6.02,5.92,6.02,2647,0
MBF,60,20251009,140000,6,6,6,6,87,0
MBF,60,20251009,150000,5.92,5.92,5.92,5.92,100,0
MBF,60,20251009,160000,5.9,5.98,5.9,5.98,1015,0
MBF,60,20251009,170000,5.96,5.96,5.88,5.88,3139,0
MBF,60,20251010,100000,5.96,6.08,5.82,5.84,3547,0
MBF,60,20251010,110000,5.84,6.08,5.84,5.86,2550,0
MBF,60,20251010,120000,5.86,5.88,5.84,5.88,1655,0
MBF,60,20251010,130000,5.84,5.88,5.82,5.82,226,0
MBF,60,20251010,150000,5.82,5.9,5.82,5.88,2602,0
MBF,60,20251010,160000,5.88,5.88,5.82,5.88,898,0
MBF,60,20251010,170000,5.82,5.94,5.82,5.82,1476,0
MBF,60,20251013,100000,5.78,5.9,5.78,5.78,1250,0
MBF,60,20251013,110000,5.78,5.8,5.64,5.66,3077,0
MBF,60,20251013,120000,5.64,5.8,5.64,5.8,1198,0
MBF,60,20251013,130000,5.8,5.82,5.78,5.78,234,0
MBF,60,20251013,140000,5.7,5.78,5.7,5.76,384,0
MBF,60,20251013,150000,5.66,5.66,5.52,5.62,1410,0
MBF,60,20251013,160000,5.74,5.74,5.74,5.74,400,0
MBF,60,20251013,170000,5.74,5.8,5.58,5.8,1029,0
MBF,60,20251014,100000,5.58,5.76,5.52,5.56,1853,0
MBF,60,20251014,110000,5.72,5.84,5.56,5.56,1239,0
MBF,60,20251014,120000,5.6,7,5.6,7,57407,0
MBF,60,20251014,130000,7,7.1,6.34,6.6,30504,0
MBF,60,20251014,140000,6.6,6.62,6.02,6.04,12125,0
MBF,60,20251014,150000,6.1,6.28,5.78,6.08,41553,0
MBF,60,20251014,160000,6.08,6.1,5.88,6.04,1573,0
MBF,60,20251014,170000,6.06,6.3,5.88,6.2,11444,0
MBF,60,20251015,100000,6.28,6.34,5.96,6.32,12994,0
MBF,60,20251015,110000,6.16,6.16,6.08,6.08,2692,0
MBF,60,20251015,120000,6.18,6.36,6.14,6.2,9305,0
MBF,60,20251015,130000,6.16,6.32,6.16,6.16,3288,0
MBF,60,20251015,140000,6.28,6.28,6.16,6.16,712,0
MBF,60,20251015,150000,6.16,6.2,6.02,6.2,2574,0
MBF,60,20251015,160000,6.2,6.2,6.02,6.1,548,0
MBF,60,20251015,170000,6.1,6.18,6.02,6.18,1963,0
MBF,60,20251016,100000,6,6.18,5.86,5.86,3233,0
MBF,60,20251016,110000,5.9,6,5.86,5.86,2370,0
MBF,60,20251016,120000,5.9,5.9,5.86,5.88,2688,0
MBF,60,20251016,130000,5.88,6.06,5.88,6.06,340,0
MBF,60,20251016,140000,6,6,6,6,53,0
MBF,60,20251016,150000,5.88,6,5.8,6,1368,0
MBF,60,20251016,160000,6,6,6,6,160,0
MBF,60,20251016,170000,5.9,6.06,5.9,6.04,2162,0
MBF,60,20251017,100000,6.04,6.04,5.88,5.88,3075,0
MBF,60,20251017,110000,5.86,5.96,5.54,5.54,5739,0
MBF,60,20251017,120000,5.8,5.8,5.66,5.8,3203,0
MBF,60,20251017,130000,5.8,5.9,5.8,5.88,967,0
MBF,60,20251017,140000,5.86,5.9,5.86,5.9,2978,0
MBF,60,20251017,150000,5.9,5.9,5.64,5.9,130,0
MBF,60,20251017,160000,5.74,5.8,5.74,5.8,857,0
MBF,60,20251017,170000,5.7,5.86,5.64,5.7,3322,0
MBF,60,20251020,100000,5.7,6.2,5.7,5.84,4979,0
MBF,60,20251020,110000,6,6.38,5.96,6.14,5751,0
MBF,60,20251020,120000,6,6.1,6,6,1130,0
MBF,60,20251020,140000,6.14,6.18,6.14,6.14,223,0
MBF,60,20251020,150000,6,6,6,6,10,0
MBF,60,20251020,160000,6.1,6.1,6.1,6.1,257,0
MBF,60,20251020,170000,6.1,6.1,6.08,6.1,2125,0
MBF,60,20251021,100000,6.1,6.18,5.84,5.86,3960,0
MBF,60,20251021,110000,5.88,5.92,5.88,5.9,150,0
MBF,60,20251021,120000,5.9,6.08,5.88,5.94,583,0
MBF,60,20251021,130000,6.06,6.06,6,6,1080,0
MBF,60,20251021,140000,6,6.12,5.94,6.12,1077,0
MBF,60,20251021,150000,6.12,6.12,6.12,6.12,116,0
MBF,60,20251021,160000,6,7.1,6,6.52,43058,0
MBF,60,20251021,170000,6.38,6.54,6.3,6.4,24344,0
MBF,60,20251022,100000,6.5,6.5,6.3,6.34,7086,0
MBF,60,20251022,110000,6.44,6.44,6.2,6.3,5569,0
MBF,60,20251022,120000,6.3,6.44,6.3,6.42,972,0
MBF,60,20251022,130000,6.42,6.42,6.2,6.2,329,0
MBF,60,20251022,140000,6.4,6.64,6.4,6.54,19243,0
MBF,60,20251022,150000,6.6,6.68,6.36,6.54,3442,0
MBF,60,20251022,160000,6.38,6.38,6.2,6.3,4267,0
MBF,60,20251022,170000,6.28,6.4,6.22,6.4,886,0
MBF,60,20251023,100000,6.22,6.46,6.2,6.2,2782,0
MBF,60,20251023,110000,6.38,6.38,6.38,6.38,900,0
MBF,60,20251023,120000,6.26,6.38,6.24,6.38,509,0
MBF,60,20251023,130000,6.38,6.6,6.38,6.6,1113,0
MBF,60,20251023,140000,6.6,6.6,6.46,6.54,680,0
MBF,60,20251023,170000,6.54,6.54,6.38,6.5,926,0
MBF,60,20251024,100000,6.5,6.5,6.5,6.5,30,0
MBF,60,20251024,110000,6.4,6.56,6.36,6.56,1888,0
MBF,60,20251024,130000,6.38,7.04,6.2,6.86,31443,0
MBF,60,20251024,140000,6.96,7.06,6.62,6.78,13032,0
MBF,60,20251024,150000,6.74,6.74,6.74,6.74,78,0
MBF,60,20251024,160000,6.62,6.64,6.46,6.62,5641,0
MBF,60,20251024,170000,6.6,6.86,6.54,6.86,5323,0
MBF,60,20251027,100000,6.8,6.8,6.6,6.6,4762,0
MBF,60,20251027,110000,6.6,6.8,6.6,6.8,417,0
MBF,60,20251027,120000,6.8,6.86,6.8,6.86,3593,0
MBF,60,20251027,130000,6.9,6.98,6.9,6.9,1624,0
MBF,60,20251027,140000,6.94,6.96,6.86,6.86,693,0
MBF,60,20251027,150000,6.7,6.96,6.7,6.86,2537,0
MBF,60,20251027,160000,6.82,6.86,6.74,6.84,1259,0
MBF,60,20251027,170000,6.74,6.84,6.74,6.84,558,0
MBF,60,20251028,100000,6.64,6.86,6.6,6.86,2915,0
MBF,60,20251028,110000,6.86,6.86,6.5,6.5,3920,0
MBF,60,20251028,120000,6.48,6.74,6.44,6.74,242,0
MBF,60,20251028,130000,6.68,6.68,6.68,6.68,3,0
MBF,60,20251028,140000,6.64,6.64,6.64,6.64,7,0
MBF,60,20251028,160000,6.64,6.68,6.42,6.44,1946,0
MBF,60,20251028,170000,6.42,6.6,6.36,6.6,906,0
MBF,60,20251029,100000,6.36,6.48,6.24,6.36,1555,0
MBF,60,20251029,110000,6.4,6.8,6.4,6.44,2222,0
MBF,60,20251029,120000,6.48,6.8,6.42,6.42,5410,0
MBF,60,20251029,130000,6.48,6.48,6.48,6.48,131,0
MBF,60,20251029,140000,6.48,6.54,6.48,6.54,3871,0
MBF,60,20251029,150000,6.54,6.54,6.54,6.54,2,0
MBF,60,20251029,160000,6.52,6.52,6.44,6.44,238,0
MBF,60,20251029,170000,6.44,6.5,6.44,6.5,160,0
MBF,60,20251030,100000,6.5,6.5,6.1,6.3,3323,0
MBF,60,20251030,110000,6.22,6.34,6.12,6.34,2377,0
MBF,60,20251030,120000,6.16,6.4,6.16,6.4,565,0
MBF,60,20251030,140000,6.36,6.36,6.36,6.36,693,0
MBF,60,20251030,150000,6.22,6.34,6.22,6.22,414,0
MBF,60,20251030,160000,6.22,6.34,6.16,6.18,1390,0
MBF,60,20251030,170000,6.16,6.44,5.96,6,9936,0
MBF,60,20251031,100000,6.28,6.28,6.26,6.26,379,0
MBF,60,20251031,110000,6,6.24,5.9,6.24,1625,0
MBF,60,20251031,160000,6.1,6.18,6.06,6.18,24,0
MBF,60,20251103,100000,6.12,6.12,5.82,5.98,3975,0
MBF,60,20251103,110000,5.98,6.5,5.98,6.14,5134,0
MBF,60,20251103,120000,6.2,6.52,6.06,6.3,5289,0
MBF,60,20251103,130000,6.28,6.3,6,6,3230,0
MBF,60,20251103,140000,6.1,6.18,6,6.02,914,0
MBF,60,20251103,150000,6.2,6.2,6.2,6.2,310,0
MBF,60,20251103,160000,6.18,6.18,5.9,5.9,2224,0
MBF,60,20251103,170000,5.92,6.16,5.92,5.96,98,0
MBF,60,20251104,100000,6.1,6.16,6,6,402,0
MBF,60,20251104,110000,6,6.14,5.94,5.94,261,0
MBF,60,20251104,120000,6,6.14,5.96,6.14,1569,0
MBF,60,20251104,130000,5.96,5.96,5.96,5.96,21,0
MBF,60,20251104,140000,5.96,5.96,5.94,5.94,100,0
MBF,60,20251104,150000,5.98,6.1,5.98,6.1,32,0
MBF,60,20251104,160000,6,6,6,6,920,0
MBF,60,20251104,170000,6,6.1,6,6.1,1402,0
MBF,60,20251105,100000,6.1,6.1,5.96,6,506,0
MBF,60,20251105,110000,6,6,5.96,5.96,150,0
MBF,60,20251105,130000,5.98,5.98,5.9,5.9,1402,0
MBF,60,20251105,140000,6.1,6.1,6.1,6.1,8,0
MBF,60,20251105,150000,6.1,6.12,6.1,6.12,301,0
MBF,60,20251105,160000,5.98,6.1,5.98,6.1,85,0
MBF,60,20251105,170000,6,6.1,5.98,6.1,701,0
MBF,60,20251106,100000,5.92,5.92,5.8,5.86,3035,0
MBF,60,20251106,110000,5.86,6.26,5.86,6.24,5330,0
MBF,60,20251106,120000,6.1,6.1,5.88,5.88,3761,0
MBF,60,20251106,130000,5.86,5.98,5.54,5.68,11703,0
MBF,60,20251106,140000,5.62,5.98,5.62,5.98,4131,0
MBF,60,20251106,150000,5.88,5.88,5.88,5.88,10,0
MBF,60,20251106,160000,5.8,5.88,5.72,5.88,1439,0
MBF,60,20251106,170000,5.9,5.9,5.7,5.86,4407,0
MBF,60,20251107,100000,5.86,5.86,5.76,5.76,124,0
MBF,60,20251107,110000,5.84,5.84,5.84,5.84,88,0
MBF,60,20251107,120000,5.76,5.86,5.76,5.86,72,0
MBF,60,20251107,130000,5.86,6,5.86,6,560,0
MBF,60,20251107,140000,5.98,5.98,5.8,5.8,1140,0
MBF,60,20251107,160000,5.9,5.9,5.8,5.8,542,0
MBF,60,20251107,170000,5.8,5.98,5.8,5.98,377,0
MBF,60,20251110,100000,5.94,5.94,5.62,5.86,836,0
MBF,60,20251110,110000,5.86,5.88,5.86,5.88,213,0
MBF,60,20251110,120000,5.7,5.7,5.64,5.64,832,0
MBF,60,20251110,140000,5.7,5.78,5.68,5.78,207,0
MBF,60,20251110,150000,5.78,5.82,5.68,5.82,350,0
MBF,60,20251110,160000,5.66,5.66,5.66,5.66,200,0
MBF,60,20251110,170000,5.66,5.82,5.64,5.64,1088,0
MBF,60,20251112,100000,5.86,6.08,5.82,6,1975,0
MBF,60,20251112,110000,5.92,5.94,5.78,5.92,2175,0
MBF,60,20251112,130000,5.82,5.9,5.76,5.9,1597,0
MBF,60,20251112,150000,5.84,6.16,5.7,5.98,11500,0
MBF,60,20251112,160000,5.98,6,5.84,5.88,1292,0
MBF,60,20251112,170000,5.88,5.88,5.7,5.88,2919,0
MBF,60,20251113,100000,5.82,5.92,5.82,5.92,528,0
MBF,60,20251113,110000,5.88,5.88,5.74,5.88,1189,0
MBF,60,20251113,120000,5.78,5.86,5.64,5.82,2753,0
MBF,60,20251113,140000,5.7,5.7,5.68,5.68,2302,0
MBF,60,20251113,150000,5.8,5.8,5.74,5.76,373,0
MBF,60,20251113,160000,5.78,5.78,5.78,5.78,989,0
MBF,60,20251113,170000,5.8,5.8,5.8,5.8,2,0
MBF,60,20251114,110000,5.66,5.76,5.6,5.6,748,0
MBF,60,20251114,120000,5.6,5.7,5.6,5.7,1094,0
MBF,60,20251114,130000,5.62,5.68,5.58,5.68,1675,0
MBF,60,20251114,140000,5.58,5.58,5.56,5.56,117,0
MBF,60,20251114,150000,5.6,5.6,5.52,5.52,2072,0
MBF,60,20251114,160000,5.56,5.68,5.54,5.68,1044,0
MBF,60,20251114,170000,5.66,5.74,5.66,5.74,405,0
MBF,60,20251117,100000,5.76,5.88,5.76,5.88,120,0
MBF,60,20251117,130000,5.78,5.92,5.78,5.84,4360,0
MBF,60,20251117,160000,5.68,5.82,5.64,5.78,1952,0
MBF,60,20251117,170000,5.64,5.78,5.64,5.78,451,0
MBF,60,20251118,100000,5.68,5.68,5.6,5.6,1840,0
MBF,60,20251118,110000,5.62,5.62,5.52,5.52,421,0
MBF,60,20251118,120000,5.54,5.6,5.54,5.6,963,0
MBF,60,20251118,130000,5.6,5.6,5.54,5.54,800,0
MBF,60,20251118,140000,5.56,5.56,5.54,5.54,38,0
MBF,60,20251118,150000,5.54,5.54,5.52,5.52,708,0
MBF,60,20251118,160000,5.68,5.8,5.68,5.8,1210,0
MBF,60,20251118,170000,5.78,5.8,5.76,5.76,2945,0
MBF,60,20251119,100000,5.82,5.82,5.76,5.82,811,0
MBF,60,20251119,110000,5.86,5.88,5.66,5.66,1758,0
MBF,60,20251119,120000,5.88,6.28,5.66,6.26,8923,0
MBF,60,20251119,130000,6.2,6.2,6.2,6.2,100,0
MBF,60,20251119,140000,5.96,6.26,5.9,5.92,3843,0
MBF,60,20251119,150000,6,6,5.84,5.84,1000,0
MBF,60,20251119,160000,6.2,6.22,6.2,6.22,10,0
MBF,60,20251119,170000,5.92,6.22,5.92,6.22,37,0
MBF,60,20251120,100000,6.22,6.22,5.92,6,668,0
MBF,60,20251120,110000,6.02,6.38,6,6.36,2356,0
MBF,60,20251120,130000,6.1,6.1,6.1,6.1,300,0
MBF,60,20251120,140000,6.36,6.36,6.32,6.32,70,0
MBF,60,20251120,150000,6.36,6.4,6.36,6.38,1266,0
MBF,60,20251120,160000,6.12,6.38,6.02,6.38,968,0
MBF,60,20251121,100000,6.04,6.4,6.04,6.4,675,0
MBF,60,20251121,120000,6.06,6.32,6.02,6.04,575,0
MBF,60,20251121,140000,6.26,6.4,5.96,6.06,2821,0
MBF,60,20251121,150000,6.28,6.28,6.26,6.26,200,0
MBF,60,20251121,170000,6.24,6.24,6.24,6.24,93,0
MBF,60,20251124,100000,6.24,6.24,5.96,5.98,835,0
MBF,60,20251124,110000,5.96,6.04,5.96,6.04,502,0
MBF,60,20251124,120000,6.04,6.04,6.02,6.02,132,0
MBF,60,20251124,130000,6.02,6.24,6.02,6.24,980,0
MBF,60,20251124,140000,6.16,6.16,5.9,5.9,1000,0
MBF,60,20251124,150000,5.92,5.92,5.9,5.92,235,0
MBF,60,20251124,160000,5.92,5.92,5.9,5.9,225,0
MBF,60,20251124,170000,5.9,6,5.84,6,1486,0
MBF,60,20251125,100000,5.84,5.84,5.7,5.7,1205,0
MBF,60,20251125,110000,5.7,5.92,5.7,5.72,605,0
MBF,60,20251125,120000,5.74,5.94,5.72,5.72,607,0
MBF,60,20251125,130000,5.92,5.92,5.62,5.64,2261,0
MBF,60,20251125,140000,5.68,5.68,5.64,5.64,1133,0
MBF,60,20251125,150000,5.64,5.82,5.64,5.82,302,0
MBF,60,20251125,160000,5.76,5.76,5.76,5.76,301,0
MBF,60,20251125,170000,5.76,5.78,5.64,5.78,861,0
MBF,60,20251126,100000,5.84,5.84,5.62,5.64,1845,0
MBF,60,20251126,110000,5.8,5.96,5.8,5.96,1000,0
MBF,60,20251126,130000,5.92,5.94,5.92,5.94,600,0
MBF,60,20251126,150000,5.94,5.96,5.78,5.96,1410,0
MBF,60,20251126,160000,5.94,5.94,5.94,5.94,32,0
MBF,60,20251126,170000,5.82,5.94,5.82,5.94,152,0
MBF,60,20251127,100000,5.94,5.96,5.94,5.96,883,0
MBF,60,20251127,110000,5.96,5.98,5.96,5.98,522,0
MBF,60,20251127,120000,5.84,5.84,5.84,5.84,172,0
MBF,60,20251127,130000,5.84,5.84,5.84,5.84,7,0
MBF,60,20251127,140000,5.86,5.86,5.76,5.76,690,0
MBF,60,20251127,150000,5.94,5.94,5.76,5.76,47,0
MBF,60,20251127,160000,5.94,5.96,5.94,5.96,10,0
MBF,60,20251127,170000,5.82,5.94,5.82,5.94,9,0
MBF,60,20251128,100000,5.76,5.8,5.2,5.72,7153,0
MBF,60,20251128,110000,5.7,5.7,5.34,5.58,1579,0
MBF,60,20251128,120000,5.58,5.7,5.58,5.7,1127,0
MBF,60,20251128,130000,5.68,5.68,5.68,5.68,355,0
MBF,60,20251128,140000,5.68,5.68,5.58,5.58,1405,0
MBF,60,20251128,150000,5.66,5.66,5.66,5.66,290,0
MBF,60,20251128,160000,5.58,5.94,5.58,5.94,2983,0
MBF,60,20251128,170000,5.7,5.82,5.7,5.82,41,0
MBF,60,20251201,100000,5.82,5.82,5.7,5.7,446,0
MBF,60,20251201,110000,5.6,5.78,5.54,5.7,7253,0
MBF,60,20251201,120000,5.5,5.74,5.5,5.5,853,0
MBF,60,20251201,130000,5.5,5.64,5.5,5.64,322,0
MBF,60,20251201,140000,5.56,5.56,5.52,5.52,200,0
MBF,60,20251201,150000,5.6,5.62,5.56,5.62,54,0
MBF,60,20251201,160000,5.62,5.72,5.62,5.72,655,0
MBF,60,20251201,170000,5.58,5.68,5.58,5.68,363,0
MBF,60,20251202,100000,5.58,5.58,5.3,5.46,3735,0
MBF,60,20251202,110000,5.44,5.56,5.42,5.56,1849,0
MBF,60,20251202,120000,5.56,5.66,5.48,5.48,592,0
MBF,60,20251202,140000,5.6,5.6,5.6,5.6,301,0
MBF,60,20251202,150000,5.4,5.4,5.4,5.4,75,0
MBF,60,20251202,160000,5.6,5.62,5.4,5.42,2152,0
MBF,60,20251203,100000,5.6,5.6,5.56,5.56,189,0
MBF,60,20251203,110000,5.54,5.54,5.54,5.54,315,0
MBF,60,20251203,120000,5.56,5.56,5.56,5.56,35,0
MBF,60,20251203,130000,5.44,5.44,5.42,5.42,186,0
MBF,60,20251203,150000,5.54,5.64,5.44,5.64,2750,0
MBF,60,20251203,160000,5.66,6.14,5.66,6.14,7453,0
MBF,60,20251203,170000,6.08,6.14,5.7,6.14,1609,0
MBF,60,20251204,100000,6.16,6.18,6.08,6.12,708,0
MBF,60,20251204,110000,6,6.1,5.8,6.1,520,0
MBF,60,20251204,120000,6.1,6.1,5.9,5.9,25,0
MBF,60,20251204,130000,5.9,6.08,5.88,5.88,253,0
MBF,60,20251204,140000,5.98,6,5.9,6,299,0
MBF,60,20251204,160000,5.88,6,5.7,5.72,715,0
MBF,60,20251204,170000,5.76,5.86,5.76,5.86,15,0
MBF,60,20251205,100000,6.02,6.02,5.62,5.98,1181,0
MBF,60,20251205,110000,5.68,5.94,5.64,5.94,1564,0
MBF,60,20251205,120000,5.92,5.96,5.92,5.96,2230,0
MBF,60,20251205,130000,5.96,6.14,5.78,5.98,7032,0
MBF,60,20251205,140000,6.04,6.04,5.82,5.84,4596,0
MBF,60,20251205,150000,5.96,5.98,5.9,5.9,636,0
MBF,60,20251205,160000,5.96,6,5.78,6,5023,0
MBF,60,20251205,170000,5.98,6,5.84,6,537,0
MBF,60,20251208,100000,5.8,5.96,5.8,5.96,103,0
MBF,60,20251208,110000,5.8,5.8,5.8,5.8,388,0
MBF,60,20251208,120000,5.82,5.82,5.82,5.82,90,0
MBF,60,20251208,130000,5.82,5.88,5.78,5.78,1458,0
MBF,60,20251208,140000,5.74,5.88,5.74,5.88,2052,0
MBF,60,20251208,150000,5.88,6.2,5.88,6.2,539,0
MBF,60,20251208,160000,6.02,6.1,5.6,5.66,2525,0
MBF,60,20251208,170000,6.06,6.06,5.68,6.06,229,0
MBF,60,20251209,100000,6.08,6.08,5.72,6,21,0
MBF,60,20251209,120000,5.76,6.04,5.74,6.04,306,0
MBF,60,20251209,130000,6.02,6.02,6.02,6.02,17,0
MBF,60,20251209,140000,5.74,5.96,5.5,5.96,5160,0
MBF,60,20251209,150000,5.7,5.82,5.7,5.82,269,0
MBF,60,20251209,170000,5.7,5.94,5.7,5.94,879,0
MBF,60,20251210,100000,5.9,5.9,5.86,5.9,2237,0
MBF,60,20251210,110000,5.9,5.94,5.9,5.9,492,0
MBF,60,20251210,120000,5.9,5.9,5.78,5.78,204,0
MBF,60,20251210,130000,5.78,5.78,5.7,5.78,3340,0
MBF,60,20251210,140000,5.78,5.78,5.78,5.78,2,0
MBF,60,20251210,170000,5.78,5.78,5.7,5.78,840,0
MBF,60,20251211,100000,5.8,5.8,5.5,5.7,8480,0
MBF,60,20251211,120000,5.68,5.68,5.68,5.68,87,0
MBF,60,20251211,130000,5.66,5.68,5.66,5.68,310,0
MBF,60,20251211,140000,5.66,5.74,5.66,5.74,60,0
MBF,60,20251211,150000,5.72,5.72,5.72,5.72,551,0
MBF,60,20251211,160000,5.7,5.82,5.6,5.82,1757,0
MBF,60,20251212,100000,5.7,5.82,5.62,5.64,67,0
MBF,60,20251212,110000,5.8,5.8,5.8,5.8,10,0
MBF,60,20251212,120000,5.66,5.66,5.66,5.66,4,0
MBF,60,20251212,130000,5.68,5.68,5.64,5.64,1148,0
MBF,60,20251212,140000,5.64,5.64,5.64,5.64,10,0
MBF,60,20251212,150000,5.78,5.8,5.78,5.8,34,0
MBF,60,20251212,160000,5.8,5.88,5.8,5.8,2313,0
MBF,60,20251212,170000,5.68,5.8,5.68,5.8,252,0
MBF,60,20251215,100000,5.8,5.8,5.54,5.54,818,0
MBF,60,20251215,110000,5.74,5.74,5.56,5.56,304,0
MBF,60,20251215,120000,5.56,5.56,5.56,5.56,20,0
MBF,60,20251215,140000,5.74,5.74,5.74,5.74,2,0
MBF,60,20251215,150000,5.56,5.56,5.56,5.56,1015,0
MBF,60,20251215,160000,5.6,5.6,5.54,5.54,200,0
MBF,60,20251215,170000,5.7,5.7,5.7,5.7,2,0
MBF,60,20251216,100000,5.56,5.7,5.56,5.7,173,0
MBF,60,20251216,130000,5.66,5.66,5.56,5.56,1977,0
MBF,60,20251216,140000,5.66,5.8,5.66,5.68,1166,0
MBF,60,20251216,150000,5.7,5.7,5.68,5.68,20,0
MBF,60,20251216,170000,5.58,5.58,5.58,5.58,3,0
MBF,60,20251217,100000,5.58,5.58,5.56,5.56,1978,0
MBF,60,20251217,110000,5.56,5.7,5.56,5.66,637,0
MBF,60,20251217,120000,5.56,5.56,5.56,5.56,42,0
MBF,60,20251217,130000,5.56,5.56,5.54,5.56,1245,0
MBF,60,20251217,140000,5.56,5.6,5.56,5.56,3036,0
MBF,60,20251217,150000,5.56,5.56,5.42,5.56,1210,0
MBF,60,20251217,170000,5.56,5.56,5.46,5.56,11,0
MBF,60,20251218,100000,5.48,5.48,5.1,5.3,3860,0
MBF,60,20251218,110000,5.28,5.28,5.1,5.12,1349,0
MBF,60,20251218,120000,5.14,5.14,5.1,5.1,716,0
MBF,60,20251218,130000,5.1,5.1,4.9,5.1,1971,0
MBF,60,20251218,140000,5.08,5.08,5,5.06,1251,0
MBF,60,20251218,150000,5.06,5.06,5.02,5.04,1170,0
MBF,60,20251218,160000,5.04,5.06,5.04,5.06,4171,0
MBF,60,20251218,170000,5.04,5.06,5,5,2766,0
MBF,60,20251219,100000,5.34,5.34,5.24,5.26,937,0
MBF,60,20251219,110000,5.2,5.2,5.2,5.2,20,0
MBF,60,20251219,120000,5.02,5.02,5.02,5.02,28,0
MBF,60,20251219,130000,5.18,5.54,5.18,5.4,4872,0
MBF,60,20251219,140000,5.4,5.4,5.4,5.4,1012,0
MBF,60,20251219,150000,5.26,5.26,5.26,5.26,191,0
MBF,60,20251219,160000,5.08,5.1,5,5,901,0
MBF,60,20251219,170000,5.02,5.02,5.02,5.02,50,0
MBF,60,20251222,100000,5.02,5.18,4.9,4.94,4778,0
MBF,60,20251222,110000,4.93,4.93,4.89,4.89,2275,0
MBF,60,20251222,120000,4.88,4.89,4.8,4.8,1068,0
MBF,60,20251222,130000,4.89,4.89,4.89,4.89,750,0
MBF,60,20251222,140000,4.88,4.89,4.88,4.89,810,0
MBF,60,20251222,150000,4.89,4.89,4.89,4.89,1198,0
MBF,60,20251222,160000,4.97,4.98,4.97,4.98,35,0
MBF,60,20251222,170000,4.95,4.95,4.77,4.9,372,0
MBF,60,20251223,100000,4.94,5.18,4.7,4.72,858,0
MBF,60,20251223,110000,4.75,4.86,4.72,4.86,809,0
MBF,60,20251223,120000,4.8,4.84,4.5,4.55,3193,0
MBF,60,20251223,130000,4.58,4.73,4.58,4.71,3179,0
MBF,60,20251223,150000,4.6,4.68,4.6,4.68,350,0
MBF,60,20251223,160000,4.68,4.68,4.68,4.68,200,0
MBF,60,20251223,170000,4.67,4.7,4.6,4.7,3405,0
MBF,60,20251229,100000,4.6,4.83,4.6,4.83,26,0
MBF,60,20251229,110000,4.91,4.92,4.91,4.92,210,0
MBF,60,20251229,120000,4.64,4.64,4.6,4.6,450,0
MBF,60,20251229,140000,4.65,4.65,4.65,4.65,494,0
MBF,60,20251229,150000,4.66,4.89,4.65,4.7,540,0
MBF,60,20251229,160000,4.68,4.68,4.68,4.68,103,0
MBF,60,20251229,170000,4.68,4.86,4.68,4.85,270,0
MBF,60,20251230,100000,4.84,4.84,4.84,4.84,345,0
MBF,60,20251230,120000,4.81,4.86,4.68,4.68,1558,0
MBF,60,20251230,130000,4.86,4.88,4.86,4.88,40,0
MBF,60,20251230,140000,4.87,4.87,4.75,4.75,710,0
MBF,60,20251230,150000,4.87,4.87,4.87,4.87,67,0
MBF,60,20251230,160000,4.87,4.87,4.75,4.86,1219,0
MBF,60,20251230,170000,4.86,4.86,4.86,4.86,25,0
