<TICKER>,<PER>,<DATE>,<TIME>,<OPEN>,<HIGH>,<LOW>,<CLOSE>,<VOL>,<OPENINT>
QUB,60,20240411,130000,1.91,1.91,1.9,1.905,2592,0
QUB,60,20240411,140000,1.9,1.9,1.9,1.9,500,0
QUB,60,20240412,110000,1.94,1.94,1.94,1.94,1414,0
QUB,60,20240412,150000,1.94,1.94,1.94,1.94,1229,0
QUB,60,20240412,160000,1.91,1.91,1.9,1.9,2000,0
QUB,60,20240415,100000,1.9,1.905,1.9,1.905,1150,0
QUB,60,20240415,130000,1.905,1.905,1.9,1.905,1322,0
QUB,60,20240415,150000,1.87,1.87,1.85,1.85,2000,0
QUB,60,20240415,170000,1.9,1.9,1.9,1.9,70,0
QUB,60,20240416,100000,1.9,1.9,1.9,1.9,1250,0
QUB,60,20240416,120000,1.865,1.865,1.86,1.86,150,0
QUB,60,20240416,130000,1.865,1.865,1.85,1.85,8520,0
QUB,60,20240416,170000,1.86,1.86,1.86,1.86,62,0
QUB,60,20240417,100000,1.865,1.865,1.85,1.85,1000,0
QUB,60,20240417,150000,1.855,1.855,1.85,1.855,1000,0
QUB,60,20240418,100000,1.895,1.9,1.895,1.9,63,0
QUB,60,20240418,130000,1.9,1.9,1.9,1.9,20,0
QUB,60,20240419,100000,1.865,1.865,1.855,1.855,539,0
QUB,60,20240423,160000,1.825,1.825,1.825,1.825,1000,0
QUB,60,20240423,170000,1.855,1.855,1.855,1.855,4623,0
QUB,60,20240424,100000,1.87,1.87,1.83,1.83,182,0
QUB,60,20240425,110000,1.87,1.9,1.87,1.9,3214,0
QUB,60,20240425,140000,1.87,1.87,1.87,1.87,2100,0
QUB,60,20240429,100000,1.85,1.945,1.85,1.945,2879,0
QUB,60,20240429,170000,1.865,1.94,1.865,1.94,493,0
QUB,60,20240506,100000,1.895,1.895,1.87,1.87,698,0
QUB,60,20240506,120000,1.925,1.925,1.925,1.925,200,0
QUB,60,20240506,150000,1.925,1.93,1.925,1.93,225,0
QUB,60,20240507,130000,1.93,1.93,1.93,1.93,1000,0
QUB,60,20240508,100000,1.935,1.935,1.935,1.935,10,0
QUB,60,20240508,130000,1.885,1.885,1.885,1.885,10,0
QUB,60,20240509,100000,1.89,1.89,1.89,1.89,5,0
QUB,60,20240509,130000,1.89,1.89,1.865,1.865,1000,0
QUB,60,20240509,160000,1.925,2.05,1.925,2.05,15225,0
QUB,60,20240509,170000,2.03,2.03,1.945,1.98,13517,0
QUB,60,20240510,100000,1.925,1.925,1.9,1.9,2095,0
QUB,60,20240510,110000,1.965,1.97,1.92,1.92,3963,0
QUB,60,20240510,120000,1.92,1.92,1.91,1.92,3700,0
QUB,60,20240510,170000,1.955,1.955,1.955,1.955,17,0
QUB,60,20240513,100000,1.92,1.92,1.92,1.92,11,0
QUB,60,20240513,140000,1.925,1.925,1.925,1.925,150,0
QUB,60,20240513,170000,1.925,1.925,1.92,1.92,745,0
QUB,60,20240514,100000,1.925,1.925,1.92,1.92,1460,0
QUB,60,20240514,110000,1.915,1.955,1.915,1.955,3440,0
QUB,60,20240514,160000,1.93,1.955,1.93,1.955,266,0
QUB,60,20240514,170000,1.93,1.93,1.925,1.925,334,0
QUB,60,20240515,100000,1.96,1.96,1.96,1.96,1928,0
QUB,60,20240515,120000,1.96,2.01,1.96,2,9238,0
QUB,60,20240515,130000,2,2,2,2,12,0
QUB,60,20240515,140000,1.955,1.955,1.955,1.955,1490,0
QUB,60,20240516,100000,2,2,1.99,1.99,2419,0
QUB,60,20240516,110000,1.99,1.99,1.99,1.99,1097,0
QUB,60,20240517,100000,1.95,1.95,1.95,1.95,1501,0
QUB,60,20240517,120000,1.975,2.22,1.975,2.22,20486,0
QUB,60,20240517,130000,2.2,2.2,2.1,2.2,2134,0
QUB,60,20240517,140000,2.1,2.12,2.08,2.08,7871,0
QUB,60,20240517,150000,2.1,2.1,2.1,2.1,11,0
QUB,60,20240517,160000,2.05,2.05,2.05,2.05,1463,0
QUB,60,20240517,170000,2.03,2.03,2.02,2.02,7813,0
QUB,60,20240520,100000,2.02,2.04,2.02,2.04,2969,0
QUB,60,20240520,120000,2.06,2.08,2.06,2.08,1200,0
QUB,60,20240520,130000,2.08,2.12,2.08,2.12,3072,0
QUB,60,20240520,150000,2.1,2.1,2.1,2.1,1000,0
QUB,60,20240520,160000,2.1,2.1,2.1,2.1,1145,0
QUB,60,20240520,170000,2.04,2.1,2.04,2.1,1870,0
QUB,60,20240521,100000,2.1,2.1,2.1,2.1,2250,0
QUB,60,20240521,130000,2.09,2.1,2.09,2.1,1655,0
QUB,60,20240521,140000,2.1,2.1,2.1,2.1,8,0
QUB,60,20240521,160000,2.1,2.1,2.1,2.1,147,0
QUB,60,20240522,110000,2.05,2.05,2.04,2.04,2994,0
QUB,60,20240522,120000,2.04,2.04,2.04,2.04,500,0
QUB,60,20240522,150000,2.04,2.04,2.04,2.04,500,0
QUB,60,20240522,170000,2.02,2.02,1.87,1.99,3203,0
QUB,60,20240523,100000,1.95,2,1.95,2,3799,0
QUB,60,20240523,110000,2,2,2,2,1040,0
QUB,60,20240523,120000,1.94,1.94,1.93,1.93,900,0
QUB,60,20240523,130000,1.945,1.945,1.945,1.945,1500,0
QUB,60,20240523,140000,1.94,1.94,1.92,1.92,1000,0
QUB,60,20240523,160000,1.99,1.99,1.99,1.99,200,0
QUB,60,20240524,100000,1.93,1.93,1.93,1.93,400,0
QUB,60,20240524,110000,1.93,1.93,1.92,1.92,1600,0
QUB,60,20240524,120000,1.985,1.985,1.985,1.985,50,0
QUB,60,20240524,130000,1.985,1.985,1.985,1.985,6,0
QUB,60,20240524,150000,1.98,1.985,1.98,1.985,1441,0
QUB,60,20240527,100000,1.985,1.985,1.985,1.985,400,0
QUB,60,20240527,110000,1.995,1.995,1.995,1.995,8,0
QUB,60,20240527,120000,1.995,1.995,1.995,1.995,50,0
QUB,60,20240527,140000,1.935,1.935,1.92,1.92,2500,0
QUB,60,20240527,170000,1.92,1.92,1.92,1.92,2000,0
QUB,60,20240528,100000,1.96,1.96,1.96,1.96,6,0
QUB,60,20240528,110000,1.92,1.92,1.92,1.92,2950,0
QUB,60,20240528,120000,1.9,1.9,1.9,1.9,426,0
QUB,60,20240528,130000,1.9,1.9,1.9,1.9,499,0
QUB,60,20240528,140000,1.865,1.89,1.865,1.89,626,0
QUB,60,20240528,170000,1.865,1.865,1.865,1.865,24,0
QUB,60,20240529,110000,1.9,1.9,1.9,1.9,266,0
QUB,60,20240529,130000,1.86,1.9,1.83,1.9,2624,0
QUB,60,20240529,160000,1.9,1.9,1.9,1.9,100,0
QUB,60,20240529,170000,1.9,1.9,1.9,1.9,100,0
QUB,60,20240531,100000,1.84,1.84,1.84,1.84,1804,0
QUB,60,20240531,130000,1.9,1.9,1.9,1.9,100,0
QUB,60,20240531,150000,1.9,1.9,1.9,1.9,213,0
QUB,60,20240531,160000,1.9,1.9,1.9,1.9,1050,0
QUB,60,20240531,170000,1.9,1.9,1.9,1.9,6,0
QUB,60,20240603,100000,1.855,1.855,1.855,1.855,103,0
QUB,60,20240603,110000,1.9,1.97,1.9,1.9,2226,0
QUB,60,20240603,120000,1.905,1.905,1.905,1.905,225,0
QUB,60,20240603,140000,1.905,1.905,1.78,1.78,6050,0
QUB,60,20240603,150000,1.95,1.95,1.9,1.9,12,0
QUB,60,20240604,160000,1.895,1.895,1.895,1.895,603,0
QUB,60,20240604,170000,1.895,1.895,1.895,1.895,994,0
QUB,60,20240605,130000,1.835,1.835,1.835,1.835,1,0
QUB,60,20240605,140000,1.835,1.835,1.835,1.835,2583,0
QUB,60,20240605,150000,1.895,1.895,1.895,1.895,6,0
QUB,60,20240606,130000,1.835,1.835,1.835,1.835,1000,0
QUB,60,20240606,140000,1.84,1.84,1.84,1.84,3100,0
QUB,60,20240606,150000,1.845,1.845,1.8,1.805,11735,0
QUB,60,20240606,160000,1.895,1.895,1.895,1.895,806,0
QUB,60,20240606,170000,1.845,1.845,1.845,1.845,500,0
QUB,60,20240607,100000,1.845,1.88,1.845,1.88,406,0
QUB,60,20240607,110000,1.85,1.85,1.83,1.83,2794,0
QUB,60,20240607,120000,1.88,1.88,1.88,1.88,500,0
QUB,60,20240607,150000,1.895,1.895,1.895,1.895,1188,0
QUB,60,20240607,160000,1.9,1.9,1.9,1.9,490,0
QUB,60,20240610,110000,1.835,1.835,1.8,1.82,3177,0
QUB,60,20240610,120000,1.86,1.86,1.86,1.86,115,0
QUB,60,20240610,140000,1.86,1.9,1.86,1.9,1774,0
QUB,60,20240610,150000,1.805,1.895,1.805,1.895,1000,0
QUB,60,20240610,160000,1.895,1.895,1.895,1.895,1880,0
QUB,60,20240611,100000,1.885,1.89,1.885,1.89,1000,0
QUB,60,20240611,110000,1.89,1.89,1.89,1.89,700,0
QUB,60,20240611,130000,1.88,1.88,1.88,1.88,520,0
QUB,60,20240611,160000,1.88,1.88,1.88,1.88,486,0
QUB,60,20240612,100000,1.825,1.825,1.815,1.815,600,0
QUB,60,20240612,110000,1.89,1.9,1.89,1.9,1585,0
QUB,60,20240612,120000,1.84,1.84,1.84,1.84,1507,0
QUB,60,20240612,130000,1.895,1.895,1.895,1.895,100,0
QUB,60,20240612,140000,1.835,1.835,1.835,1.835,811,0
QUB,60,20240612,160000,1.925,1.925,1.925,1.925,500,0
QUB,60,20240614,100000,1.835,1.91,1.81,1.81,2682,0
QUB,60,20240614,110000,1.8,1.85,1.8,1.85,4010,0
QUB,60,20240614,120000,1.8,1.8,1.8,1.8,10,0
QUB,60,20240614,130000,1.88,1.88,1.88,1.88,1,0
QUB,60,20240614,140000,1.88,1.88,1.88,1.88,6,0
QUB,60,20240617,100000,1.88,1.89,1.88,1.89,1100,0
QUB,60,20240617,110000,1.815,1.89,1.81,1.89,600,0
QUB,60,20240618,140000,1.815,1.815,1.8,1.8,300,0
QUB,60,20240618,170000,1.805,1.84,1.805,1.84,50,0
QUB,60,20240619,110000,1.805,1.85,1.8,1.85,275,0
QUB,60,20240619,130000,1.85,1.85,1.85,1.85,686,0
QUB,60,20240619,140000,1.805,1.805,1.8,1.8,100,0
QUB,60,20240619,160000,1.825,1.825,1.825,1.825,167,0
QUB,60,20240619,170000,1.79,1.79,1.78,1.78,3000,0
QUB,60,20240620,100000,1.78,1.78,1.78,1.78,126,0
QUB,60,20240620,140000,1.8,1.8,1.8,1.8,250,0
QUB,60,20240620,160000,1.8,1.8,1.8,1.8,145,0
QUB,60,20240621,130000,1.8,1.8,1.8,1.8,300,0
QUB,60,20240621,170000,1.795,1.795,1.795,1.795,372,0
QUB,60,20240624,100000,1.8,1.8,1.8,1.8,515,0
QUB,60,20240624,120000,1.8,1.8,1.8,1.8,77,0
QUB,60,20240624,160000,1.8,1.8,1.8,1.8,1000,0
QUB,60,20240624,170000,1.8,1.8,1.78,1.78,1040,0
QUB,60,20240625,100000,1.8,1.8,1.8,1.8,1100,0
QUB,60,20240625,110000,1.83,1.83,1.83,1.83,1000,0
QUB,60,20240625,150000,1.81,1.81,1.81,1.81,500,0
QUB,60,20240625,170000,1.81,1.81,1.8,1.8,650,0
QUB,60,20240626,100000,1.83,1.83,1.83,1.83,100,0
QUB,60,20240626,110000,1.8,1.8,1.8,1.8,1200,0
QUB,60,20240626,120000,1.8,1.8,1.8,1.8,1000,0
QUB,60,20240626,150000,1.78,1.78,1.78,1.78,2734,0
QUB,60,20240627,100000,1.78,1.78,1.78,1.78,484,0
QUB,60,20240627,130000,1.78,1.78,1.78,1.78,4278,0
QUB,60,20240627,170000,1.8,1.8,1.8,1.8,6,0
QUB,60,20240628,110000,1.78,1.8,1.78,1.8,460,0
QUB,60,20240628,130000,1.8,1.8,1.8,1.8,200,0
QUB,60,20240628,160000,1.8,1.8,1.8,1.8,160,0
QUB,60,20240628,170000,1.8,1.83,1.8,1.8,546,0
QUB,60,20240701,100000,1.8,1.8,1.8,1.8,397,0
QUB,60,20240701,110000,1.805,1.805,1.805,1.805,50,0
QUB,60,20240701,120000,1.85,1.85,1.845,1.845,1000,0
QUB,60,20240701,130000,1.81,1.81,1.81,1.81,138,0
QUB,60,20240701,140000,1.81,1.815,1.81,1.815,51,0
QUB,60,20240702,110000,1.825,1.825,1.8,1.8,823,0
QUB,60,20240702,120000,1.84,1.84,1.84,1.84,6,0
QUB,60,20240702,150000,1.84,1.845,1.84,1.845,544,0
QUB,60,20240703,120000,1.81,1.81,1.81,1.81,6,0
QUB,60,20240703,150000,1.845,1.85,1.845,1.85,200,0
QUB,60,20240703,160000,1.85,1.85,1.85,1.85,500,0
QUB,60,20240704,130000,1.815,1.815,1.815,1.815,85,0
QUB,60,20240704,150000,1.815,1.82,1.815,1.82,588,0
QUB,60,20240705,100000,1.82,1.82,1.815,1.815,200,0
QUB,60,20240705,110000,1.82,1.82,1.81,1.81,307,0
QUB,60,20240708,100000,1.81,1.81,1.81,1.81,13,0
QUB,60,20240709,140000,1.81,1.81,1.81,1.81,50,0
QUB,60,20240709,150000,1.81,1.81,1.81,1.81,100,0
QUB,60,20240712,100000,1.81,1.81,1.81,1.81,211,0
QUB,60,20240712,160000,1.845,1.845,1.8,1.8,250,0
QUB,60,20240712,170000,1.805,1.805,1.805,1.805,150,0
QUB,60,20240715,160000,1.845,1.845,1.845,1.845,2700,0
QUB,60,20240716,110000,1.81,1.81,1.805,1.805,150,0
QUB,60,20240717,100000,1.81,1.84,1.81,1.84,802,0
QUB,60,20240717,110000,1.84,1.845,1.84,1.845,1345,0
QUB,60,20240717,120000,1.83,1.83,1.83,1.83,500,0
QUB,60,20240717,140000,1.84,1.845,1.84,1.845,65,0
QUB,60,20240718,100000,1.84,1.84,1.84,1.84,300,0
QUB,60,20240718,110000,1.84,1.84,1.84,1.84,999,0
QUB,60,20240718,120000,1.84,1.84,1.84,1.84,2201,0
QUB,60,20240718,160000,1.845,1.845,1.845,1.845,268,0
QUB,60,20240719,100000,1.815,1.815,1.8,1.8,2202,0
QUB,60,20240722,120000,1.8,1.8,1.8,1.8,440,0
QUB,60,20240722,150000,1.8,1.87,1.8,1.8,8123,0
QUB,60,20240722,160000,1.81,1.81,1.805,1.81,207,0
QUB,60,20240723,120000,1.815,1.815,1.78,1.78,3793,0
QUB,60,20240723,130000,1.76,1.78,1.725,1.78,1266,0
QUB,60,20240723,150000,1.78,1.78,1.78,1.78,220,0
QUB,60,20240723,160000,1.755,1.76,1.755,1.76,325,0
QUB,60,20240723,170000,1.755,1.755,1.73,1.73,1502,0
QUB,60,20240724,120000,1.73,1.73,1.73,1.73,10,0
QUB,60,20240724,130000,1.77,1.77,1.77,1.77,31,0
QUB,60,20240724,170000,1.775,1.775,1.775,1.775,155,0
QUB,60,20240725,100000,1.745,1.745,1.745,1.745,46,0
QUB,60,20240725,120000,1.745,1.745,1.7,1.7,4279,0
QUB,60,20240725,140000,1.7,1.7,1.7,1.7,50,0
QUB,60,20240725,150000,1.7,1.7,1.7,1.7,1933,0
QUB,60,20240725,170000,1.7,1.7,1.7,1.7,7,0
QUB,60,20240726,110000,1.68,1.7,1.66,1.7,1590,0
QUB,60,20240726,130000,1.7,1.7,1.7,1.7,1300,0
QUB,60,20240726,140000,1.7,1.7,1.7,1.7,1178,0
QUB,60,20240726,160000,1.66,1.66,1.66,1.66,140,0
QUB,60,20240729,100000,1.7,1.7,1.7,1.7,97,0
QUB,60,20240729,120000,1.7,1.7,1.7,1.7,39,0
QUB,60,20240729,150000,1.7,1.7,1.7,1.7,203,0
QUB,60,20240731,110000,1.695,1.695,1.695,1.695,295,0
QUB,60,20240731,120000,1.69,1.69,1.69,1.69,450,0
QUB,60,20240731,130000,1.69,1.7,1.69,1.7,3802,0
QUB,60,20240731,150000,1.7,1.7,1.7,1.7,35,0
QUB,60,20240801,100000,1.7,1.7,1.7,1.7,100,0
QUB,60,20240801,110000,1.68,1.68,1.68,1.68,290,0
QUB,60,20240801,120000,1.7,1.7,1.7,1.7,2585,0
QUB,60,20240801,140000,1.68,1.68,1.67,1.67,1160,0
QUB,60,20240801,160000,1.7,1.7,1.7,1.7,777,0
QUB,60,20240802,150000,1.695,1.695,1.695,1.695,15,0
QUB,60,20240805,100000,1.665,1.665,1.66,1.66,2060,0
QUB,60,20240805,110000,1.66,1.66,1.6,1.6,438,0
QUB,60,20240805,130000,1.61,1.61,1.61,1.61,200,0
QUB,60,20240805,150000,1.61,1.61,1.6,1.6,2400,0
QUB,60,20240805,160000,1.65,1.69,1.6,1.69,1725,0
QUB,60,20240806,170000,1.6,1.675,1.6,1.675,388,0
QUB,60,20240807,100000,1.675,1.675,1.675,1.675,300,0
QUB,60,20240807,120000,1.675,1.68,1.675,1.68,715,0
QUB,60,20240807,130000,1.68,1.68,1.68,1.68,50,0
QUB,60,20240807,160000,1.615,1.615,1.615,1.615,46,0
QUB,60,20240808,100000,1.62,1.62,1.62,1.62,76,0
QUB,60,20240808,120000,1.68,1.68,1.68,1.68,70,0
QUB,60,20240808,160000,1.68,1.68,1.68,1.68,10,0
QUB,60,20240809,130000,1.625,1.625,1.61,1.61,364,0
QUB,60,20240809,140000,1.615,1.615,1.6,1.6,1000,0
QUB,60,20240809,160000,1.61,1.61,1.61,1.61,50,0
QUB,60,20240809,170000,1.675,1.68,1.675,1.68,500,0
QUB,60,20240812,130000,1.62,1.68,1.62,1.68,592,0
QUB,60,20240812,140000,1.68,1.68,1.68,1.68,60,0
QUB,60,20240812,150000,1.68,1.68,1.68,1.68,48,0
QUB,60,20240812,160000,1.69,1.69,1.69,1.69,200,0
QUB,60,20240813,120000,1.69,1.7,1.69,1.7,1013,0
QUB,60,20240813,170000,1.68,1.68,1.68,1.68,100,0
QUB,60,20240814,120000,1.7,1.7,1.7,1.7,1000,0
QUB,60,20240814,130000,1.7,1.7,1.7,1.7,1300,0
QUB,60,20240814,160000,1.7,1.7,1.7,1.7,500,0
QUB,60,20240814,170000,1.7,1.7,1.7,1.7,1847,0
QUB,60,20240819,110000,1.7,1.7,1.7,1.7,1000,0
QUB,60,20240819,150000,1.7,1.7,1.7,1.7,500,0
QUB,60,20240819,170000,1.7,1.7,1.7,1.7,2000,0
QUB,60,20240820,100000,1.7,1.7,1.6,1.6,2982,0
QUB,60,20240820,110000,1.61,1.61,1.5,1.51,7157,0
QUB,60,20240820,120000,1.6,1.6,1.6,1.6,1050,0
QUB,60,20240820,170000,1.63,1.63,1.63,1.63,400,0
QUB,60,20240821,100000,1.63,1.63,1.53,1.53,1751,0
QUB,60,20240821,130000,1.6,1.6,1.6,1.6,500,0
QUB,60,20240821,150000,1.555,1.555,1.545,1.545,1761,0
QUB,60,20240822,120000,1.59,1.59,1.59,1.59,50,0
QUB,60,20240822,130000,1.545,1.545,1.545,1.545,600,0
QUB,60,20240823,100000,1.545,1.545,1.545,1.545,1000,0
QUB,60,20240826,110000,1.595,1.6,1.595,1.6,200,0
QUB,60,20240827,170000,1.58,1.6,1.58,1.6,185,0
QUB,60,20240828,100000,1.6,1.6,1.6,1.6,159,0
QUB,60,20240828,120000,1.6,1.6,1.6,1.6,313,0
QUB,60,20240828,150000,1.6,1.6,1.6,1.6,500,0
QUB,60,20240828,160000,1.645,1.645,1.645,1.645,163,0
QUB,60,20240829,100000,1.555,1.56,1.55,1.55,1177,0
QUB,60,20240829,110000,1.56,1.56,1.55,1.55,400,0
QUB,60,20240830,160000,1.61,1.61,1.61,1.61,761,0
QUB,60,20240902,100000,1.585,1.585,1.585,1.585,850,0
QUB,60,20240902,140000,1.585,1.585,1.585,1.585,10,0
QUB,60,20240902,150000,1.595,1.595,1.585,1.585,533,0
QUB,60,20240902,170000,1.595,1.595,1.595,1.595,500,0
QUB,60,20240903,100000,1.58,1.58,1.58,1.58,150,0
QUB,60,20240903,110000,1.57,1.57,1.57,1.57,700,0
QUB,60,20240903,120000,1.565,1.565,1.52,1.52,3900,0
QUB,60,20240903,150000,1.575,1.575,1.575,1.575,470,0
QUB,60,20240903,170000,1.57,1.57,1.57,1.57,650,0
QUB,60,20240904,100000,1.57,1.58,1.57,1.58,1050,0
QUB,60,20240904,110000,1.57,1.57,1.51,1.51,2134,0
QUB,60,20240904,120000,1.51,1.51,1.51,1.51,450,0
QUB,60,20240904,130000,1.52,1.52,1.52,1.52,1400,0
QUB,60,20240904,140000,1.585,1.585,1.585,1.585,300,0
QUB,60,20240904,160000,1.515,1.515,1.505,1.505,1116,0
QUB,60,20240904,170000,1.505,1.585,1.505,1.585,550,0
QUB,60,20240905,100000,1.585,1.585,1.55,1.55,650,0
QUB,60,20240905,110000,1.585,1.585,1.585,1.585,200,0
QUB,60,20240905,130000,1.585,1.585,1.585,1.585,200,0
QUB,60,20240905,160000,1.57,1.57,1.57,1.57,150,0
QUB,60,20240905,170000,1.585,1.59,1.585,1.59,700,0
QUB,60,20240906,100000,1.59,1.59,1.59,1.59,150,0
QUB,60,20240906,110000,1.59,1.6,1.59,1.6,252,0
QUB,60,20240906,130000,1.545,1.545,1.54,1.54,400,0
QUB,60,20240906,140000,1.59,1.59,1.59,1.59,500,0
QUB,60,20240909,120000,1.58,1.58,1.555,1.555,1350,0
QUB,60,20240909,160000,1.58,1.58,1.58,1.58,300,0
QUB,60,20240909,170000,1.595,1.595,1.595,1.595,5700,0
QUB,60,20240910,100000,1.6,1.6,1.555,1.555,7961,0
QUB,60,20240910,110000,1.565,1.565,1.565,1.565,500,0
QUB,60,20240911,120000,1.555,1.555,1.515,1.515,400,0
QUB,60,20240911,170000,1.59,1.59,1.59,1.59,3,0
QUB,60,20240912,100000,1.59,1.7,1.59,1.7,12610,0
QUB,60,20240912,110000,1.7,1.7,1.605,1.605,1045,0
QUB,60,20240913,140000,1.675,1.7,1.675,1.7,586,0
QUB,60,20240916,100000,1.615,1.62,1.61,1.615,720,0
QUB,60,20240916,160000,1.63,1.63,1.63,1.63,200,0
QUB,60,20240916,170000,1.68,1.68,1.68,1.68,505,0
QUB,60,20240917,150000,1.63,1.63,1.63,1.63,107,0
QUB,60,20240918,120000,1.635,1.635,1.62,1.62,1105,0
QUB,60,20240918,160000,1.62,1.62,1.6,1.6,426,0
QUB,60,20240918,170000,1.6,1.6,1.44,1.44,2597,0
QUB,60,20240919,100000,1.52,1.52,1.52,1.52,329,0
QUB,60,20240919,110000,1.515,1.59,1.51,1.59,1050,0
QUB,60,20240919,120000,1.51,1.51,1.5,1.5,600,0
QUB,60,20240919,140000,1.52,1.52,1.52,1.52,85,0
QUB,60,20240919,150000,1.59,1.6,1.59,1.6,4227,0
QUB,60,20240919,160000,1.6,1.6,1.455,1.55,9640,0
QUB,60,20240919,170000,1.56,1.655,1.56,1.61,4420,0
QUB,60,20240920,100000,1.59,1.6,1.565,1.6,2500,0
QUB,60,20240920,110000,1.6,1.6,1.6,1.6,50,0
QUB,60,20240923,100000,1.59,1.59,1.59,1.59,186,0
QUB,60,20240923,110000,1.555,1.555,1.555,1.555,850,0
QUB,60,20240923,160000,1.51,1.51,1.505,1.505,600,0
QUB,60,20240923,170000,1.51,1.51,1.5,1.5,1500,0
QUB,60,20240924,110000,1.52,1.52,1.5,1.5,2000,0
QUB,60,20240924,130000,1.505,1.505,1.505,1.505,350,0
QUB,60,20240924,170000,1.505,1.505,1.505,1.505,830,0
QUB,60,20240925,100000,1.5,1.5,1.5,1.5,900,0
QUB,60,20240925,170000,1.505,1.505,1.505,1.505,900,0
QUB,60,20240927,100000,1.505,1.555,1.505,1.555,850,0
QUB,60,20240927,110000,1.555,1.555,1.555,1.555,500,0
QUB,60,20240927,150000,1.555,1.555,1.555,1.555,70,0
QUB,60,20240927,160000,1.555,1.555,1.555,1.555,66,0
QUB,60,20240927,170000,1.555,1.555,1.555,1.555,1019,0
QUB,60,20240930,100000,1.575,1.575,1.575,1.575,700,0
QUB,60,20240930,120000,1.575,1.575,1.575,1.575,100,0
QUB,60,20240930,130000,1.575,1.575,1.575,1.575,50,0
QUB,60,20240930,170000,1.575,1.585,1.575,1.585,1256,0
QUB,60,20241001,100000,1.58,1.58,1.58,1.58,91,0
QUB,60,20241001,120000,1.58,1.58,1.58,1.58,100,0
QUB,60,20241001,140000,1.58,1.58,1.58,1.58,300,0
QUB,60,20241001,160000,1.52,1.52,1.52,1.52,2000,0
QUB,60,20241002,100000,1.515,1.515,1.515,1.515,2000,0
QUB,60,20241002,150000,1.52,1.52,1.52,1.52,753,0
QUB,60,20241002,170000,1.52,1.52,1.52,1.52,623,0
QUB,60,20241004,100000,1.57,1.57,1.52,1.52,700,0
QUB,60,20241004,120000,1.545,1.545,1.545,1.545,200,0
QUB,60,20241004,130000,1.525,1.525,1.525,1.525,49,0
QUB,60,20241007,100000,1.525,1.525,1.5,1.5,400,0
QUB,60,20241007,110000,1.535,1.535,1.535,1.535,1447,0
QUB,60,20241007,140000,1.54,1.575,1.54,1.575,953,0
QUB,60,20241007,160000,1.51,1.51,1.505,1.51,16015,0
QUB,60,20241008,170000,1.55,1.55,1.55,1.55,620,0
QUB,60,20241009,140000,1.51,1.51,1.505,1.505,400,0
QUB,60,20241009,150000,1.575,1.575,1.575,1.575,127,0
QUB,60,20241009,170000,1.51,1.575,1.505,1.575,613,0
QUB,60,20241010,100000,1.575,1.575,1.575,1.575,3000,0
QUB,60,20241010,110000,1.51,1.51,1.51,1.51,533,0
QUB,60,20241011,100000,1.565,1.565,1.565,1.565,200,0
QUB,60,20241011,120000,1.565,1.57,1.565,1.57,1000,0
QUB,60,20241011,160000,1.52,1.52,1.52,1.52,85,0
QUB,60,20241014,130000,1.52,1.52,1.52,1.52,100,0
QUB,60,20241014,150000,1.595,1.595,1.595,1.595,10,0
QUB,60,20241015,100000,1.595,1.63,1.595,1.63,3000,0
QUB,60,20241015,110000,1.6,1.6,1.6,1.6,1300,0
QUB,60,20241015,140000,1.55,1.55,1.55,1.55,200,0
QUB,60,20241015,170000,1.54,1.54,1.54,1.54,100,0
QUB,60,20241016,110000,1.575,1.575,1.545,1.545,1016,0
QUB,60,20241016,120000,1.545,1.545,1.54,1.54,100,0
QUB,60,20241016,170000,1.6,1.6,1.6,1.6,130,0
QUB,60,20241018,100000,1.54,1.6,1.54,1.6,938,0
QUB,60,20241018,130000,1.565,1.565,1.565,1.565,100,0
QUB,60,20241018,140000,1.565,1.565,1.55,1.55,1000,0
QUB,60,20241021,120000,1.52,1.52,1.52,1.52,1490,0
QUB,60,20241021,130000,1.54,1.58,1.54,1.58,685,0
QUB,60,20241021,140000,1.52,1.52,1.52,1.52,100,0
QUB,60,20241022,100000,1.51,1.51,1.51,1.51,940,0
QUB,60,20241022,130000,1.52,1.52,1.52,1.52,559,0
QUB,60,20241022,170000,1.52,1.52,1.505,1.51,2000,0
QUB,60,20241024,100000,1.54,1.54,1.54,1.54,909,0
QUB,60,20241024,130000,1.51,1.51,1.51,1.51,20,0
QUB,60,20241025,100000,1.51,1.51,1.51,1.51,899,0
QUB,60,20241025,150000,1.54,1.54,1.54,1.54,900,0
QUB,60,20241025,170000,1.54,1.54,1.54,1.54,5,0
QUB,60,20241028,100000,1.55,1.55,1.55,1.55,55,0
QUB,60,20241028,120000,1.55,1.55,1.55,1.55,50,0
QUB,60,20241028,130000,1.55,1.55,1.55,1.55,800,0
QUB,60,20241029,160000,1.55,1.55,1.55,1.55,1000,0
QUB,60,20241030,140000,1.51,1.51,1.51,1.51,316,0
QUB,60,20241030,170000,1.51,1.51,1.505,1.505,700,0
QUB,60,20241031,100000,1.505,1.575,1.505,1.575,712,0
QUB,60,20241031,130000,1.55,1.55,1.55,1.55,42,0
QUB,60,20241031,170000,1.51,1.51,1.51,1.51,501,0
QUB,60,20241104,160000,1.505,1.505,1.505,1.505,169,0
QUB,60,20241105,100000,1.505,1.505,1.5,1.5,1617,0
QUB,60,20241105,110000,1.5,1.5,1.44,1.44,2010,0
QUB,60,20241105,150000,1.46,1.46,1.46,1.46,387,0
QUB,60,20241106,100000,1.49,1.5,1.49,1.5,3960,0
QUB,60,20241106,110000,1.5,1.5,1.5,1.5,113,0
QUB,60,20241106,130000,1.49,1.49,1.49,1.49,1450,0
QUB,60,20241107,120000,1.5,1.5,1.5,1.5,300,0
QUB,60,20241107,140000,1.48,1.58,1.48,1.58,2500,0
QUB,60,20241107,150000,1.55,1.55,1.55,1.55,50,0
QUB,60,20241108,120000,1.53,1.53,1.53,1.53,30,0
QUB,60,20241108,140000,1.51,1.51,1.5,1.5,1855,0
QUB,60,20241108,160000,1.49,1.49,1.49,1.49,890,0
QUB,60,20241108,170000,1.525,1.57,1.525,1.57,750,0
QUB,60,20241112,100000,1.54,1.54,1.54,1.54,1500,0
QUB,60,20241112,110000,1.54,1.54,1.5,1.5,2006,0
QUB,60,20241112,130000,1.5,1.5,1.5,1.5,200,0
QUB,60,20241112,160000,1.5,1.5,1.5,1.5,10,0
QUB,60,20241113,100000,1.495,1.495,1.495,1.495,17,0
QUB,60,20241114,120000,1.46,1.49,1.455,1.49,1210,0
QUB,60,20241114,130000,1.5,1.5,1.49,1.49,521,0
QUB,60,20241114,140000,1.495,1.495,1.495,1.495,50,0
QUB,60,20241114,150000,1.495,1.495,1.495,1.495,450,0
QUB,60,20241114,170000,1.5,1.5,1.5,1.5,100,0
QUB,60,20241115,100000,1.45,1.45,1.44,1.45,2292,0
QUB,60,20241115,110000,1.44,1.45,1.4,1.4,1918,0
QUB,60,20241115,120000,1.4,1.45,1.4,1.45,1800,0
QUB,60,20241115,130000,1.45,1.5,1.45,1.5,3000,0
QUB,60,20241118,120000,1.49,1.5,1.49,1.5,2000,0
QUB,60,20241118,140000,1.5,1.5,1.5,1.5,224,0
QUB,60,20241118,150000,1.5,1.5,1.495,1.495,200,0
QUB,60,20241118,170000,1.5,1.5,1.5,1.5,200,0
QUB,60,20241119,130000,1.48,1.48,1.48,1.48,100,0
QUB,60,20241119,140000,1.495,1.5,1.495,1.5,24,0
QUB,60,20241119,160000,1.5,1.5,1.5,1.5,1479,0
QUB,60,20241119,170000,1.5,1.5,1.5,1.5,21,0
QUB,60,20241120,110000,1.445,1.445,1.445,1.445,100,0
QUB,60,20241120,120000,1.445,1.445,1.445,1.445,177,0
QUB,60,20241120,140000,1.445,1.445,1.44,1.44,970,0
QUB,60,20241121,160000,1.4,1.4,1.4,1.4,550,0
QUB,60,20241121,170000,1.44,1.5,1.44,1.5,10000,0
QUB,60,20241122,110000,1.44,1.5,1.44,1.5,1265,0
QUB,60,20241122,120000,1.44,1.44,1.44,1.44,1000,0
QUB,60,20241122,150000,1.5,1.5,1.5,1.5,63,0
QUB,60,20241122,160000,1.5,1.5,1.5,1.5,50,0
QUB,60,20241122,170000,1.42,1.5,1.42,1.5,1100,0
QUB,60,20241125,110000,1.44,1.44,1.44,1.44,500,0
QUB,60,20241125,130000,1.5,1.5,1.5,1.5,500,0
QUB,60,20241126,140000,1.5,1.5,1.5,1.5,33,0
QUB,60,20241126,160000,1.455,1.48,1.44,1.48,9994,0
QUB,60,20241127,100000,1.5,1.53,1.5,1.5,5002,0
QUB,60,20241127,110000,1.5,1.5,1.5,1.5,3000,0
QUB,60,20241127,170000,1.5,1.5,1.5,1.5,100,0
QUB,60,20241128,110000,1.415,1.415,1.415,1.415,250,0
QUB,60,20241128,120000,1.485,1.5,1.485,1.5,1000,0
QUB,60,20241128,140000,1.5,1.53,1.5,1.5,3500,0
QUB,60,20241128,150000,1.5,1.5,1.5,1.5,1000,0
QUB,60,20241128,160000,1.5,1.5,1.48,1.48,2535,0
QUB,60,20241128,170000,1.48,1.5,1.48,1.5,1000,0
QUB,60,20241129,120000,1.415,1.47,1.415,1.47,606,0
QUB,60,20241202,110000,1.47,1.47,1.47,1.47,34,0
QUB,60,20241202,150000,1.45,1.45,1.45,1.45,4000,0
QUB,60,20241202,160000,1.5,1.5,1.5,1.5,44,0
QUB,60,20241202,170000,1.5,1.5,1.5,1.5,1000,0
QUB,60,20241203,100000,1.5,1.5,1.5,1.5,3000,0
QUB,60,20241203,110000,1.42,1.42,1.42,1.42,1000,0
QUB,60,20241203,140000,1.49,1.495,1.49,1.495,50,0
QUB,60,20241203,150000,1.495,1.495,1.495,1.495,1052,0
QUB,60,20241203,160000,1.5,1.5,1.5,1.5,862,0
QUB,60,20241204,120000,1.42,1.42,1.42,1.42,2130,0
QUB,60,20241204,130000,1.42,1.42,1.42,1.42,215,0
QUB,60,20241204,170000,1.495,1.495,1.49,1.49,633,0
QUB,60,20241205,100000,1.405,1.405,1.405,1.405,434,0
QUB,60,20241205,140000,1.48,1.485,1.48,1.485,100,0
QUB,60,20241205,150000,1.485,1.485,1.42,1.42,57,0
QUB,60,20241205,160000,1.42,1.49,1.32,1.4,9192,0
QUB,60,20241205,170000,1.4,1.4,1.3,1.39,5689,0
QUB,60,20241206,100000,1.305,1.4,1.305,1.4,26,0
QUB,60,20241206,120000,1.38,1.38,1.38,1.38,318,0
QUB,60,20241206,130000,1.36,1.39,1.35,1.39,1450,0
QUB,60,20241206,140000,1.32,1.32,1.31,1.31,2443,0
QUB,60,20241206,160000,1.39,1.4,1.39,1.4,1531,0
QUB,60,20241206,170000,1.33,1.4,1.32,1.4,2108,0
QUB,60,20241209,100000,1.4,1.4,1.35,1.35,140,0
QUB,60,20241209,120000,1.35,1.395,1.35,1.395,76,0
QUB,60,20241209,130000,1.32,1.32,1.32,1.32,120,0
QUB,60,20241209,140000,1.38,1.39,1.38,1.39,4000,0
QUB,60,20241209,150000,1.395,1.4,1.395,1.4,4500,0
QUB,60,20241209,160000,1.4,1.43,1.4,1.43,6820,0
QUB,60,20241209,170000,1.455,1.53,1.41,1.53,4461,0
QUB,60,20241210,100000,1.53,1.53,1.5,1.5,3491,0
QUB,60,20241210,110000,1.5,1.5,1.5,1.5,1100,0
QUB,60,20241210,120000,1.5,1.5,1.5,1.5,1500,0
QUB,60,20241210,130000,1.5,1.5,1.5,1.5,1500,0
QUB,60,20241210,160000,1.535,1.54,1.535,1.535,574,0
QUB,60,20241210,170000,1.55,1.55,1.5,1.5,1286,0
QUB,60,20241211,100000,1.57,1.57,1.505,1.505,2480,0
QUB,60,20241211,110000,1.505,1.565,1.505,1.565,15,0
QUB,60,20241211,120000,1.565,1.57,1.565,1.57,800,0
QUB,60,20241211,140000,1.565,1.565,1.5,1.5,1980,0
QUB,60,20241211,170000,1.51,1.57,1.51,1.57,1276,0
QUB,60,20241212,150000,1.53,1.53,1.53,1.53,744,0
QUB,60,20241212,160000,1.5,1.5,1.5,1.5,67,0
QUB,60,20241212,170000,1.555,1.555,1.555,1.555,500,0
QUB,60,20241213,100000,1.505,1.505,1.505,1.505,116,0
QUB,60,20241216,110000,1.505,1.505,1.5,1.5,984,0
QUB,60,20241217,120000,1.5,1.5,1.5,1.5,1400,0
QUB,60,20241218,110000,1.45,1.45,1.385,1.385,2803,0
QUB,60,20241218,170000,1.5,1.5,1.5,1.5,2,0
QUB,60,20241219,100000,1.5,1.5,1.41,1.41,1140,0
QUB,60,20241219,110000,1.395,1.41,1.395,1.4,8560,0
QUB,60,20241219,120000,1.4,1.4,1.4,1.4,2540,0
QUB,60,20241219,130000,1.48,1.48,1.43,1.43,1123,0
QUB,60,20241219,140000,1.405,1.405,1.4,1.4,1750,0
QUB,60,20241219,170000,1.475,1.475,1.475,1.475,1,0
QUB,60,20241220,100000,1.475,1.5,1.475,1.5,5500,0
QUB,60,20241220,160000,1.405,1.405,1.4,1.4,2690,0
QUB,60,20241220,170000,1.455,1.455,1.455,1.455,10,0
QUB,60,20241223,100000,1.4,1.4,1.4,1.4,3029,0
QUB,60,20241223,120000,1.4,1.4,1.4,1.4,1500,0
QUB,60,20241223,130000,1.395,1.4,1.385,1.4,1164,0
QUB,60,20241223,140000,1.4,1.4,1.4,1.4,2861,0
QUB,60,20241223,150000,1.385,1.385,1.385,1.385,350,0
QUB,60,20241223,160000,1.4,1.4,1.4,1.4,400,0
QUB,60,20241223,170000,1.39,1.39,1.305,1.305,2400,0
QUB,60,20241230,110000,1.395,1.4,1.31,1.31,225,0
QUB,60,20241230,120000,1.31,1.31,1.31,1.31,100,0
QUB,60,20241230,130000,1.395,1.395,1.395,1.395,100,0
QUB,60,20241230,140000,1.395,1.395,1.39,1.39,28,0
QUB,60,20241230,170000,1.39,1.39,1.39,1.39,53,0
QUB,60,20250102,100000,1.395,1.395,1.2,1.2,10040,0
QUB,60,20250102,110000,1.2,1.2,1.175,1.175,13054,0
QUB,60,20250102,120000,1.175,1.2,1.175,1.2,2412,0
QUB,60,20250102,130000,1.2,1.2,1.2,1.2,1355,0
QUB,60,20250102,140000,1.2,1.25,1.17,1.17,39681,0
QUB,60,20250102,170000,1.18,1.2,1.165,1.19,4916,0
QUB,60,20250103,100000,1.18,1.18,1.005,1.16,16620,0
QUB,60,20250103,110000,1.125,1.14,1.115,1.115,2420,0
QUB,60,20250103,120000,1.14,1.195,1.14,1.19,2302,0
QUB,60,20250103,130000,1.19,1.19,1.19,1.19,2300,0
QUB,60,20250103,150000,1.185,1.19,1.185,1.19,200,0
QUB,60,20250107,100000,1.175,1.175,1.175,1.175,1200,0
QUB,60,20250107,110000,1.175,1.175,1.175,1.175,252,0
QUB,60,20250107,120000,1.155,1.155,1.135,1.135,808,0
QUB,60,20250107,130000,1.18,1.18,1.18,1.18,15,0
QUB,60,20250108,150000,1.19,1.2,1.15,1.195,2094,0
QUB,60,20250109,110000,1.195,1.195,1.195,1.195,10,0
QUB,60,20250109,140000,1.195,1.195,1.195,1.195,46,0
QUB,60,20250110,120000,1.15,1.15,1.15,1.15,100,0
QUB,60,20250110,140000,1.195,1.195,1.195,1.195,1,0
QUB,60,20250113,120000,1.19,1.19,1.19,1.19,30,0
QUB,60,20250113,170000,1.15,1.19,1.15,1.19,2001,0
QUB,60,20250114,130000,1.15,1.15,1.135,1.135,1350,0
QUB,60,20250114,150000,1.15,1.185,1.15,1.185,3571,0
QUB,60,20250114,160000,1.185,1.185,1.185,1.185,757,0
QUB,60,20250115,100000,1.185,1.185,1.145,1.145,2100,0
QUB,60,20250115,130000,1.185,1.19,1.185,1.19,1000,0
QUB,60,20250115,160000,1.17,1.17,1.17,1.17,343,0
QUB,60,20250115,170000,1.19,1.2,1.19,1.2,1400,0
QUB,60,20250116,100000,1.2,1.2,1.2,1.2,2000,0
QUB,60,20250116,140000,1.2,1.2,1.2,1.2,200,0
QUB,60,20250116,150000,1.2,1.2,1.2,1.2,480,0
QUB,60,20250116,160000,1.195,1.195,1.195,1.195,9,0
QUB,60,20250116,170000,1.195,1.2,1.195,1.2,200,0
QUB,60,20250117,110000,1.15,1.15,1.15,1.15,8,0
QUB,60,20250117,130000,1.17,1.17,1.17,1.17,899,0
QUB,60,20250117,150000,1.17,1.2,1.16,1.16,1163,0
QUB,60,20250117,160000,1.16,1.16,1.135,1.135,600,0
QUB,60,20250117,170000,1.195,1.2,1.195,1.2,210,0
QUB,60,20250120,100000,1.2,1.2,1.15,1.15,651,0
QUB,60,20250120,120000,1.2,1.2,1.2,1.2,1,0
QUB,60,20250120,160000,1.15,1.15,1.15,1.15,148,0
QUB,60,20250120,170000,1.14,1.15,1.135,1.135,3200,0
QUB,60,20250121,100000,1.195,1.195,1.135,1.135,1955,0
QUB,60,20250121,120000,1.135,1.135,1.135,1.135,10,0
QUB,60,20250121,150000,1.135,1.135,1.135,1.135,2302,0
QUB,60,20250122,100000,1.185,1.19,1.16,1.19,140,0
QUB,60,20250122,110000,1.185,1.19,1.185,1.19,550,0
QUB,60,20250122,120000,1.19,1.19,1.19,1.19,9,0
QUB,60,20250122,150000,1.14,1.14,1.135,1.14,2009,0
QUB,60,20250122,160000,1.14,1.185,1.14,1.185,4001,0
QUB,60,20250123,100000,1.185,1.19,1.185,1.19,1400,0
QUB,60,20250123,110000,1.135,1.19,1.135,1.19,5100,0
QUB,60,20250123,120000,1.19,1.19,1.19,1.19,500,0
QUB,60,20250123,140000,1.19,1.19,1.19,1.19,80,0
QUB,60,20250123,160000,1.14,1.14,1.14,1.14,1081,0
QUB,60,20250123,170000,1.14,1.14,1.14,1.14,3070,0
QUB,60,20250124,110000,1.195,1.195,1.14,1.14,310,0
QUB,60,20250124,130000,1.13,1.14,1.13,1.14,284,0
QUB,60,20250124,150000,1.135,1.135,1.135,1.135,915,0
QUB,60,20250124,160000,1.14,1.14,1.14,1.14,1000,0
QUB,60,20250124,170000,1.14,1.14,1.14,1.14,250,0
QUB,60,20250127,120000,1.19,1.195,1.19,1.195,251,0
QUB,60,20250127,130000,1.14,1.14,1.135,1.135,345,0
QUB,60,20250127,140000,1.14,1.14,1.14,1.14,100,0
QUB,60,20250127,150000,1.14,1.14,1.14,1.14,50,0
QUB,60,20250127,170000,1.14,1.14,1.14,1.14,2260,0
QUB,60,20250128,100000,1.135,1.135,1.135,1.135,1763,0
QUB,60,20250128,110000,1.135,1.135,1.135,1.135,7219,0
QUB,60,20250129,120000,1.14,1.14,1.14,1.14,1020,0
QUB,60,20250129,130000,1.135,1.135,1.135,1.135,1000,0
QUB,60,20250129,150000,1.135,1.145,1.135,1.145,3100,0
QUB,60,20250129,160000,1.145,1.18,1.145,1.18,154,0
QUB,60,20250129,170000,1.18,1.19,1.18,1.19,900,0
QUB,60,20250130,100000,1.19,1.19,1.19,1.19,30,0
QUB,60,20250130,110000,1.14,1.195,1.14,1.195,1273,0
QUB,60,20250130,120000,1.19,1.195,1.19,1.195,54,0
QUB,60,20250130,160000,1.175,1.18,1.175,1.18,2750,0
QUB,60,20250131,100000,1.175,1.195,1.175,1.195,1285,0
QUB,60,20250131,120000,1.14,1.14,1.14,1.14,219,0
QUB,60,20250131,140000,1.195,1.195,1.195,1.195,10,0
QUB,60,20250131,170000,1.185,1.195,1.185,1.195,80,0
QUB,60,20250203,120000,1.17,1.17,1.17,1.17,500,0
QUB,60,20250203,140000,1.195,1.195,1.195,1.195,1,0
QUB,60,20250203,160000,1.14,1.195,1.14,1.195,120,0
QUB,60,20250204,150000,1.16,1.16,1.145,1.145,1519,0
QUB,60,20250204,170000,1.145,1.145,1.145,1.145,90,0
QUB,60,20250205,100000,1.14,1.145,1.14,1.145,809,0
QUB,60,20250205,110000,1.145,1.145,1.145,1.145,990,0
QUB,60,20250205,140000,1.18,1.18,1.18,1.18,10,0
QUB,60,20250205,150000,1.18,1.19,1.14,1.19,270,0
QUB,60,20250205,160000,1.185,1.19,1.185,1.19,540,0
QUB,60,20250206,170000,1.145,1.185,1.13,1.185,6200,0
QUB,60,20250207,100000,1.14,1.14,1.135,1.14,3719,0
QUB,60,20250207,110000,1.185,1.185,1.1,1.18,2011,0
QUB,60,20250207,170000,1.135,1.18,1.135,1.18,388,0
QUB,60,20250210,100000,1.145,1.145,1.145,1.145,825,0
QUB,60,20250210,110000,1.175,1.18,1.175,1.18,3000,0
QUB,60,20250210,130000,1.145,1.145,1.145,1.145,8,0
QUB,60,20250210,140000,1.145,1.145,1.145,1.145,149,0
QUB,60,20250210,170000,1.18,1.18,1.18,1.18,122,0
QUB,60,20250211,100000,1.18,1.185,1.18,1.18,2775,0
QUB,60,20250211,130000,1.185,1.185,1.185,1.185,300,0
QUB,60,20250211,150000,1.19,1.2,1.145,1.145,12504,0
QUB,60,20250211,160000,1.19,1.2,1.19,1.2,3253,0
QUB,60,20250211,170000,1.2,1.2,1.2,1.2,9,0
QUB,60,20250212,100000,1.155,1.2,1.15,1.2,735,0
QUB,60,20250212,110000,1.195,1.195,1.195,1.195,10,0
QUB,60,20250212,140000,1.195,1.195,1.195,1.195,10,0
QUB,60,20250212,150000,1.195,1.2,1.195,1.2,100,0
QUB,60,20250212,160000,1.2,1.235,1.2,1.235,1230,0
QUB,60,20250212,170000,1.23,1.24,1.23,1.24,1170,0
QUB,60,20250213,100000,1.235,1.235,1.2,1.2,3137,0
QUB,60,20250213,110000,1.24,1.24,1.24,1.24,80,0
QUB,60,20250213,120000,1.24,1.24,1.15,1.15,5300,0
QUB,60,20250213,130000,1.23,1.235,1.23,1.235,60,0
QUB,60,20250214,100000,1.195,1.25,1.195,1.25,4000,0
QUB,60,20250214,110000,1.25,1.25,1.25,1.25,1500,0
QUB,60,20250214,120000,1.2,1.25,1.2,1.25,1623,0
QUB,60,20250214,130000,1.25,1.25,1.25,1.25,488,0
QUB,60,20250214,150000,1.26,1.26,1.26,1.26,200,0
QUB,60,20250214,170000,1.2,1.23,1.2,1.23,1220,0
QUB,60,20250217,100000,1.255,1.255,1.255,1.255,2105,0
QUB,60,20250217,110000,1.26,1.26,1.255,1.255,8998,0
QUB,60,20250217,120000,1.275,1.275,1.275,1.275,780,0
QUB,60,20250217,130000,1.265,1.265,1.265,1.265,205,0
QUB,60,20250217,140000,1.275,1.275,1.275,1.275,1520,0
QUB,60,20250217,150000,1.275,1.275,1.275,1.275,375,0
QUB,60,20250217,160000,1.255,1.275,1.255,1.275,1423,0
QUB,60,20250218,120000,1.265,1.265,1.265,1.265,300,0
QUB,60,20250218,130000,1.28,1.37,1.28,1.37,14500,0
QUB,60,20250218,140000,1.37,1.37,1.37,1.37,19,0
QUB,60,20250218,150000,1.37,1.37,1.305,1.305,9,0
QUB,60,20250218,160000,1.305,1.305,1.305,1.305,1490,0
QUB,60,20250218,170000,1.305,1.4,1.3,1.4,398,0
QUB,60,20250219,100000,1.4,1.4,1.31,1.31,2816,0
QUB,60,20250219,110000,1.39,1.39,1.39,1.39,630,0
QUB,60,20250219,140000,1.38,1.4,1.38,1.4,2000,0
QUB,60,20250219,160000,1.355,1.355,1.355,1.355,789,0
QUB,60,20250220,120000,1.355,1.395,1.355,1.395,429,0
QUB,60,20250220,130000,1.39,1.39,1.39,1.39,500,0
QUB,60,20250220,140000,1.39,1.39,1.39,1.39,500,0
QUB,60,20250220,150000,1.395,1.395,1.395,1.395,12,0
QUB,60,20250220,160000,1.355,1.44,1.355,1.44,4120,0
QUB,60,20250220,170000,1.4,1.44,1.4,1.42,1800,0
QUB,60,20250221,100000,1.4,1.4,1.4,1.4,300,0
QUB,60,20250221,110000,1.4,1.4,1.4,1.4,500,0
QUB,60,20250221,120000,1.4,1.4,1.4,1.4,1000,0
QUB,60,20250221,130000,1.4,1.4,1.4,1.4,100,0
QUB,60,20250221,140000,1.4,1.4,1.4,1.4,1000,0
QUB,60,20250221,160000,1.4,1.4,1.4,1.4,34,0
QUB,60,20250221,170000,1.4,1.47,1.4,1.47,152,0
QUB,60,20250224,100000,1.4,1.4,1.4,1.4,46,0
QUB,60,20250224,170000,1.46,1.46,1.46,1.46,2870,0
QUB,60,20250225,100000,1.41,1.41,1.41,1.41,12,0
QUB,60,20250225,120000,1.41,1.41,1.4,1.4,2064,0
QUB,60,20250225,150000,1.4,1.4,1.31,1.31,2469,0
QUB,60,20250225,160000,1.4,1.4,1.4,1.4,300,0
QUB,60,20250225,170000,1.4,1.4,1.4,1.4,1198,0
QUB,60,20250226,130000,1.4,1.4,1.4,1.4,2603,0
QUB,60,20250226,140000,1.4,1.4,1.4,1.4,1629,0
QUB,60,20250226,150000,1.4,1.4,1.4,1.4,687,0
QUB,60,20250226,160000,1.4,1.4,1.4,1.4,5648,0
QUB,60,20250227,120000,1.4,1.4,1.4,1.4,603,0
QUB,60,20250227,140000,1.4,1.4,1.4,1.4,220,0
QUB,60,20250227,160000,1.31,1.31,1.31,1.31,1,0
QUB,60,20250228,100000,1.31,1.31,1.3,1.3,3020,0
QUB,60,20250228,140000,1.32,1.32,1.32,1.32,1580,0
QUB,60,20250228,170000,1.4,1.4,1.4,1.4,100,0
QUB,60,20250303,160000,1.335,1.335,1.335,1.335,700,0
QUB,60,20250303,170000,1.395,1.395,1.395,1.395,100,0
QUB,60,20250304,130000,1.395,1.395,1.395,1.395,8,0
QUB,60,20250304,170000,1.395,1.395,1.395,1.395,10,0
QUB,60,20250305,100000,1.31,1.31,1.31,1.31,2000,0
QUB,60,20250305,110000,1.305,1.305,1.3,1.3,2000,0
QUB,60,20250305,120000,1.3,1.3,1.2,1.215,9135,0
QUB,60,20250305,130000,1.25,1.25,1.25,1.25,200,0
QUB,60,20250305,140000,1.25,1.25,1.25,1.25,7156,0
QUB,60,20250305,150000,1.345,1.345,1.27,1.345,2067,0
QUB,60,20250305,170000,1.265,1.34,1.26,1.26,4094,0
QUB,60,20250307,160000,1.325,1.325,1.325,1.325,20,0
QUB,60,20250307,170000,1.33,1.33,1.33,1.33,2100,0
QUB,60,20250310,120000,1.345,1.35,1.345,1.35,1032,0
QUB,60,20250311,100000,1.3,1.3,1.3,1.3,1620,0
QUB,60,20250311,120000,1.3,1.3,1.3,1.3,200,0
QUB,60,20250312,100000,1.3,1.3,1.3,1.3,1620,0
QUB,60,20250312,110000,1.3,1.31,1.3,1.3,3769,0
QUB,60,20250312,120000,1.26,1.3,1.26,1.26,1667,0
QUB,60,20250312,150000,1.3,1.3,1.3,1.3,10,0
QUB,60,20250313,110000,1.3,1.3,1.3,1.3,18,0
QUB,60,20250314,170000,1.265,1.3,1.265,1.3,288,0
QUB,60,20250317,130000,1.26,1.26,1.26,1.26,60,0
QUB,60,20250317,150000,1.26,1.26,1.26,1.26,208,0
QUB,60,20250318,130000,1.295,1.295,1.295,1.295,278,0
QUB,60,20250318,140000,1.295,1.295,1.295,1.295,232,0
QUB,60,20250318,150000,1.295,1.295,1.295,1.295,800,0
QUB,60,20250319,130000,1.29,1.29,1.29,1.29,778,0
QUB,60,20250320,170000,1.26,1.26,1.26,1.26,288,0
QUB,60,20250321,120000,1.29,1.29,1.29,1.29,553,0
QUB,60,20250321,160000,1.29,1.29,1.29,1.29,65,0
QUB,60,20250324,130000,1.29,1.29,1.29,1.29,73,0
QUB,60,20250325,140000,1.26,1.26,1.26,1.26,1386,0
QUB,60,20250325,170000,1.215,1.215,1.11,1.2,10840,0
QUB,60,20250326,100000,1.2,1.2,1.13,1.2,1358,0
QUB,60,20250326,120000,1.2,1.2,1.2,1.2,1500,0
QUB,60,20250326,130000,1.2,1.2,1.2,1.2,2000,0
QUB,60,20250326,160000,1.2,1.2,1.135,1.135,1783,0
QUB,60,20250326,170000,1.195,1.195,1.195,1.195,5,0
QUB,60,20250327,100000,1.195,1.195,1.195,1.195,50,0
QUB,60,20250327,130000,1.15,1.195,1.15,1.195,1973,0
QUB,60,20250328,100000,1.13,1.13,1.12,1.12,1000,0
QUB,60,20250328,150000,1.185,1.185,1.185,1.185,164,0
QUB,60,20250328,160000,1.185,1.185,1.185,1.185,180,0
QUB,60,20250331,130000,1.14,1.14,1.12,1.12,3000,0
QUB,60,20250331,170000,1.185,1.185,1.185,1.185,9,0
QUB,60,20250402,100000,1.14,1.14,1.14,1.14,900,0
QUB,60,20250402,110000,1.135,1.135,1.135,1.135,15,0
QUB,60,20250402,120000,1.14,1.14,1.14,1.14,50,0
QUB,60,20250402,130000,1.14,1.14,1.14,1.14,1049,0
QUB,60,20250402,140000,1.14,1.14,1.14,1.14,920,0
QUB,60,20250402,170000,1.14,1.14,1.14,1.14,353,0
QUB,60,20250403,130000,1.14,1.14,1.12,1.12,5400,0
QUB,60,20250403,150000,1.12,1.12,1.1,1.1,6329,0
QUB,60,20250403,160000,1.105,1.105,1.08,1.09,5100,0
QUB,60,20250404,100000,1.1,1.1,1.1,1.1,500,0
QUB,60,20250404,130000,1.08,1.16,1.08,1.16,2392,0
QUB,60,20250404,140000,1.16,1.16,1.16,1.16,136,0
QUB,60,20250404,170000,1.11,1.11,1.11,1.11,251,0
QUB,60,20250407,100000,1.105,1.105,0.97,1.095,9755,0
QUB,60,20250407,130000,1.065,1.065,1.065,1.065,1100,0
QUB,60,20250407,160000,1.065,1.065,1.065,1.065,500,0
QUB,60,20250408,110000,1.06,1.09,1.06,1.09,279,0
QUB,60,20250408,140000,1.035,1.035,1.035,1.035,202,0
QUB,60,20250410,130000,1.03,1.03,1.03,1.03,600,0
QUB,60,20250410,140000,1.075,1.09,1.075,1.09,748,0
QUB,60,20250410,150000,1.09,1.09,1.09,1.09,1500,0
QUB,60,20250410,170000,1.03,1.03,1.03,1.03,726,0
QUB,60,20250411,120000,1.03,1.03,1.03,1.03,3000,0
QUB,60,20250411,160000,1.03,1.03,1.03,1.03,366,0
QUB,60,20250414,150000,1.085,1.085,1.085,1.085,1500,0
QUB,60,20250415,120000,1.085,1.085,1.085,1.085,844,0
QUB,60,20250415,160000,1.09,1.09,1.09,1.09,10,0
QUB,60,20250416,130000,1.085,1.085,1.085,1.085,500,0
QUB,60,20250416,150000,1.09,1.09,1.09,1.09,522,0
QUB,60,20250417,130000,1.09,1.09,1.09,1.09,462,0
QUB,60,20250417,150000,1.09,1.09,1.09,1.09,995,0
QUB,60,20250422,110000,1.095,1.095,1.095,1.095,2029,0
QUB,60,20250422,120000,1.09,1.09,1.05,1.05,2870,0
QUB,60,20250422,130000,1.095,1.1,1.03,1.03,2183,0
QUB,60,20250422,140000,1.05,1.16,1.05,1.16,2500,0
QUB,60,20250422,150000,1.1,1.1,1.1,1.1,10,0
QUB,60,20250422,170000,1.1,1.1,1.1,1.1,1100,0
QUB,60,20250423,100000,1.1,1.1,1.1,1.1,1500,0
QUB,60,20250423,110000,1.1,1.1,1.04,1.05,4000,0
QUB,60,20250423,150000,1.055,1.1,1.05,1.1,1998,0
QUB,60,20250424,100000,1.1,1.1,1.05,1.05,2000,0
QUB,60,20250424,120000,1.1,1.1,1.1,1.1,1000,0
QUB,60,20250424,130000,1.1,1.1,1.1,1.1,7500,0
QUB,60,20250424,140000,1.07,1.07,1.07,1.07,1000,0
QUB,60,20250425,100000,1.07,1.1,1.07,1.1,283,0
QUB,60,20250425,140000,1.07,1.09,1,1.09,6004,0
QUB,60,20250425,150000,1.03,1.03,1.03,1.03,1000,0
QUB,60,20250428,100000,1.08,1.08,1.02,1.02,1134,0
QUB,60,20250428,110000,1.08,1.085,1.08,1.085,260,0
QUB,60,20250429,100000,1.04,1.04,1.04,1.04,801,0
QUB,60,20250429,110000,1.08,1.08,1.08,1.08,100,0
QUB,60,20250429,120000,1.08,1.08,1.08,1.08,2000,0
QUB,60,20250430,100000,1.04,1.04,1.04,1.04,1000,0
QUB,60,20250430,110000,1.04,1.04,1.04,1.04,823,0
QUB,60,20250430,130000,1.04,1.04,1.04,1.04,1023,0
QUB,60,20250430,140000,1.05,1.05,1.05,1.05,732,0
QUB,60,20250430,150000,1.075,1.075,1.075,1.075,600,0
QUB,60,20250430,170000,1.07,1.07,1.07,1.07,14,0
QUB,60,20250502,100000,1.025,1.025,1.015,1.015,1000,0
QUB,60,20250502,110000,1.03,1.03,1.03,1.03,650,0
QUB,60,20250502,130000,1.065,1.065,1.065,1.065,200,0
QUB,60,20250502,160000,1.07,1.08,1.07,1.08,555,0
QUB,60,20250502,170000,1.005,1.09,1.005,1.09,1650,0
QUB,60,20250505,100000,1.025,1.025,1.02,1.02,1000,0
QUB,60,20250505,110000,1.075,1.09,1.075,1.09,1100,0
QUB,60,20250505,130000,1.09,1.09,1.09,1.09,10,0
QUB,60,20250505,160000,1.035,1.035,1.035,1.035,14,0
QUB,60,20250505,170000,1.035,1.085,1.03,1.06,2056,0
QUB,60,20250506,120000,1.03,1.03,1.025,1.025,1000,0
QUB,60,20250506,170000,1.05,1.05,1.05,1.05,4,0
QUB,60,20250507,100000,1.035,1.08,1.035,1.075,850,0
QUB,60,20250507,110000,1.035,1.035,1.035,1.035,164,0
QUB,60,20250507,130000,1.04,1.04,1.04,1.04,1000,0
QUB,60,20250507,170000,1.07,1.07,1.07,1.07,5,0
QUB,60,20250508,110000,1.03,1.03,1.005,1.005,3000,0
QUB,60,20250508,120000,1.005,1.05,1,1.05,6300,0
QUB,60,20250508,170000,1.05,1.05,1.05,1.05,2,0
QUB,60,20250509,100000,1.065,1.065,1.065,1.065,200,0
QUB,60,20250509,110000,1.065,1.085,1,1.05,6200,0
QUB,60,20250509,120000,1.06,1.06,1.06,1.06,1300,0
QUB,60,20250509,140000,1.06,1.06,1.06,1.06,51,0
QUB,60,20250509,150000,1.06,1.06,1.06,1.06,309,0
QUB,60,20250509,160000,1.07,1.08,1.07,1.08,2088,0
QUB,60,20250509,170000,1.08,1.08,1.08,1.08,100,0
QUB,60,20250512,100000,1.08,1.08,1.08,1.08,399,0
QUB,60,20250512,110000,1.08,1.08,1.08,1.08,1300,0
QUB,60,20250512,130000,1.085,1.085,1.085,1.085,825,0
QUB,60,20250512,150000,1.035,1.035,1.035,1.035,10,0
QUB,60,20250512,170000,1.08,1.08,1.08,1.08,666,0
QUB,60,20250513,100000,1.08,1.08,1.03,1.05,4652,0
QUB,60,20250513,110000,1.03,1.03,1.03,1.03,758,0
QUB,60,20250513,130000,1.06,1.065,1.06,1.065,107,0
QUB,60,20250514,120000,1.03,1.03,1.03,1.03,400,0
QUB,60,20250514,170000,1.065,1.07,1.065,1.07,170,0
QUB,60,20250516,100000,1.065,1.07,1.06,1.06,2823,0
QUB,60,20250516,160000,1.08,1.08,1.075,1.08,680,0
QUB,60,20250519,100000,1.08,1.08,1.04,1.04,1412,0
QUB,60,20250519,110000,1.03,1.03,1,1,5000,0
QUB,60,20250519,120000,1.035,1.04,1,1,2039,0
QUB,60,20250519,130000,1.035,1.035,1.035,1.035,149,0
QUB,60,20250519,150000,1.015,1.045,1.015,1.045,1132,0
QUB,60,20250520,120000,1.06,1.06,1.06,1.06,19,0
QUB,60,20250520,150000,1.06,1.06,1.02,1.02,3075,0
QUB,60,20250520,170000,1.06,1.06,1.01,1.01,1234,0
QUB,60,20250521,100000,1.06,1.06,1.06,1.06,296,0
QUB,60,20250521,140000,1.06,1.065,1.06,1.065,717,0
QUB,60,20250521,170000,1.07,1.07,1.07,1.07,3,0
QUB,60,20250522,100000,1.065,1.065,1.025,1.025,238,0
QUB,60,20250522,120000,1.035,1.065,1.035,1.065,199,0
QUB,60,20250522,130000,1.07,1.07,1.07,1.07,1609,0
QUB,60,20250522,170000,1.035,1.035,1,1,6879,0
QUB,60,20250523,100000,1.03,1.03,1.005,1.005,2000,0
QUB,60,20250523,110000,1.01,1.01,1,1,10160,0
QUB,60,20250523,120000,1,1,1,1,216,0
QUB,60,20250523,130000,1,1,1,1,1000,0
QUB,60,20250523,140000,1.005,1.005,1,1,1050,0
QUB,60,20250523,150000,1,1,1,1,95,0
QUB,60,20250523,170000,1,1.035,1,1,3392,0
QUB,60,20250526,100000,1.03,1.03,1,1,2686,0
QUB,60,20250526,120000,1,1,1,1,200,0
QUB,60,20250526,160000,1,1,1,1,1000,0
QUB,60,20250526,170000,1,1,1,1,1394,0
QUB,60,20250527,100000,1,1,0.99,0.99,305,0
QUB,60,20250527,110000,0.99,1,0.99,1,11320,0
QUB,60,20250527,160000,0.998,0.998,0.998,0.998,96,0
QUB,60,20250528,100000,0.998,0.998,0.998,0.998,5,0
QUB,60,20250528,110000,0.998,0.998,0.982,0.982,631,0
QUB,60,20250528,130000,0.982,0.982,0.92,0.932,8928,0
QUB,60,20250528,140000,0.948,0.968,0.932,0.968,7281,0
QUB,60,20250528,150000,0.968,0.97,0.95,0.95,3100,0
QUB,60,20250528,160000,0.97,0.97,0.97,0.97,535,0
QUB,60,20250528,170000,0.996,0.996,0.996,0.996,22,0
QUB,60,20250529,110000,0.96,0.96,0.96,0.96,98,0
QUB,60,20250529,160000,0.96,0.96,0.936,0.95,5964,0
QUB,60,20250529,170000,0.934,0.948,0.934,0.948,520,0
QUB,60,20250530,110000,0.936,0.936,0.936,0.936,331,0
QUB,60,20250530,130000,0.95,0.95,0.95,0.95,20,0
QUB,60,20250530,140000,0.94,0.94,0.94,0.94,10000,0
QUB,60,20250530,160000,0.95,0.95,0.95,0.95,1500,0
QUB,60,20250530,170000,0.978,0.978,0.978,0.978,50,0
QUB,60,20250602,110000,0.95,0.95,0.95,0.95,206,0
QUB,60,20250602,120000,0.978,0.98,0.978,0.98,349,0
QUB,60,20250602,130000,0.98,0.98,0.98,0.98,2000,0
QUB,60,20250603,110000,0.98,0.98,0.98,0.98,12,0
QUB,60,20250603,120000,0.98,0.98,0.98,0.98,20,0
QUB,60,20250604,100000,0.96,0.96,0.96,0.96,72,0
QUB,60,20250604,120000,0.95,0.95,0.95,0.95,500,0
QUB,60,20250604,150000,0.96,0.96,0.96,0.96,578,0
QUB,60,20250604,170000,0.99,0.99,0.99,0.99,1,0
QUB,60,20250605,110000,0.96,0.96,0.96,0.96,3600,0
QUB,60,20250605,120000,0.96,0.994,0.96,0.994,887,0
QUB,60,20250605,160000,0.994,0.994,0.994,0.994,350,0
QUB,60,20250609,100000,0.994,0.994,0.994,0.994,80,0
QUB,60,20250609,110000,0.968,0.968,0.968,0.968,700,0
QUB,60,20250609,120000,0.994,0.994,0.952,0.952,980,0
QUB,60,20250609,150000,0.952,0.952,0.952,0.952,1342,0
QUB,60,20250609,170000,0.994,0.994,0.994,0.994,150,0
QUB,60,20250610,110000,0.994,0.994,0.994,0.994,20,0
QUB,60,20250610,120000,0.994,0.996,0.994,0.996,1011,0
QUB,60,20250610,140000,0.956,0.956,0.956,0.956,260,0
QUB,60,20250610,170000,0.992,0.992,0.992,0.992,5,0
QUB,60,20250611,110000,0.98,0.98,0.98,0.98,250,0
QUB,60,20250611,120000,0.962,0.962,0.92,0.92,4253,0
QUB,60,20250611,130000,0.922,0.922,0.922,0.922,1,0
QUB,60,20250611,160000,0.98,0.99,0.98,0.99,112,0
QUB,60,20250612,170000,0.94,0.99,0.94,0.99,206,0
QUB,60,20250613,100000,0.95,0.95,0.95,0.95,700,0
QUB,60,20250613,120000,0.95,0.95,0.912,0.912,3840,0
QUB,60,20250613,130000,0.914,0.94,0.914,0.94,1117,0
QUB,60,20250616,100000,0.94,0.94,0.94,0.94,20,0
QUB,60,20250616,130000,0.95,0.95,0.95,0.95,2000,0
QUB,60,20250616,140000,0.978,0.978,0.978,0.978,1000,0
QUB,60,20250616,150000,0.95,1,0.95,1,10473,0
QUB,60,20250617,100000,0.956,0.956,0.956,0.956,1,0
QUB,60,20250617,110000,1.015,1.02,1.015,1.02,1627,0
QUB,60,20250618,100000,0.964,1.01,0.96,1.01,1401,0
QUB,60,20250618,110000,1.005,1.005,1.005,1.005,319,0
QUB,60,20250618,130000,0.996,1,0.996,1,1089,0
QUB,60,20250618,170000,0.998,1,0.998,1,300,0
QUB,60,20250620,160000,1.01,1.01,1.01,1.01,46,0
QUB,60,20250623,100000,1,1,1,1,1000,0
QUB,60,20250623,120000,1,1,1,1,15,0
QUB,60,20250624,110000,1,1,1,1,19,0
QUB,60,20250624,150000,1,1,1,1,3829,0
QUB,60,20250624,160000,1,1,1,1,681,0
QUB,60,20250625,110000,1,1,1,1,95,0
QUB,60,20250625,140000,1,1,1,1,1500,0
QUB,60,20250625,150000,1,1,1,1,1100,0
QUB,60,20250626,100000,1,1,1,1,400,0
QUB,60,20250626,130000,1,1,1,1,100,0
QUB,60,20250626,140000,0.99,0.99,0.99,0.99,200,0
QUB,60,20250626,150000,0.99,1,0.99,1,100,0
QUB,60,20250626,160000,1,1,1,1,1000,0
QUB,60,20250626,170000,1.04,1.04,1.04,1.04,1,0
QUB,60,20250627,100000,1.04,1.04,1.04,1.04,19,0
QUB,60,20250627,140000,1,1,1,1,1400,0
QUB,60,20250627,160000,1,1,1,1,19,0
QUB,60,20250627,170000,1,1,1,1,200,0
QUB,60,20250630,100000,1,1,1,1,6000,0
QUB,60,20250630,110000,1.005,1.005,1,1,5000,0
QUB,60,20250630,120000,1,1,1,1,52,0
QUB,60,20250630,130000,1,1,0.98,0.98,12069,0
QUB,60,20250630,170000,1.02,1.02,1.02,1.02,10,0
QUB,60,20250701,100000,1.02,1.02,1.02,1.02,20,0
QUB,60,20250701,110000,1.02,1.02,1.02,1.02,450,0
QUB,60,20250701,120000,1.02,1.02,1.02,1.02,500,0
QUB,60,20250701,130000,0.98,1.07,0.98,1.07,1889,0
QUB,60,20250701,150000,1.05,1.05,1.05,1.05,1000,0
QUB,60,20250701,160000,1.05,1.05,1.05,1.05,100,0
QUB,60,20250701,170000,0.98,0.98,0.98,0.98,1,0
QUB,60,20250702,100000,1.01,1.05,1.01,1.05,501,0
QUB,60,20250702,110000,1.02,1.025,1.02,1.025,1100,0
QUB,60,20250702,130000,1.02,1.02,1.02,1.02,750,0
QUB,60,20250702,150000,1.02,1.02,1.02,1.02,950,0
QUB,60,20250703,110000,1.02,1.02,1.02,1.02,200,0
QUB,60,20250704,130000,1.01,1.02,1,1.02,1419,0
QUB,60,20250704,140000,1.045,1.045,1.045,1.045,500,0
QUB,60,20250708,150000,1.05,1.05,1.05,1.05,1347,0
QUB,60,20250709,100000,1.065,1.065,1.06,1.06,234,0
QUB,60,20250710,160000,1.05,1.05,1.015,1.05,2925,0
QUB,60,20250710,170000,1.055,1.065,1.055,1.065,499,0
QUB,60,20250711,100000,1.06,1.065,1.06,1.065,2578,0
QUB,60,20250711,110000,1.065,1.07,1.065,1.07,658,0
QUB,60,20250711,160000,1.06,1.06,1.06,1.06,715,0
QUB,60,20250711,170000,1.07,1.07,1.07,1.07,2000,0
QUB,60,20250714,110000,1.075,1.09,1.075,1.09,1807,0
QUB,60,20250714,140000,1.09,1.14,1.09,1.14,10000,0
QUB,60,20250714,150000,1.1,1.17,1.1,1.1,1647,0
QUB,60,20250714,160000,1.1,1.1,1.1,1.1,750,0
QUB,60,20250714,170000,1.1,1.15,1.1,1.15,751,0
QUB,60,20250715,110000,1.1,1.15,1.1,1.15,350,0
QUB,60,20250715,120000,1.15,1.15,1.15,1.15,150,0
QUB,60,20250715,140000,1.11,1.16,1.11,1.16,920,0
QUB,60,20250717,130000,1.15,1.15,1.15,1.15,200,0
QUB,60,20250717,140000,1.11,1.11,1.1,1.1,981,0
QUB,60,20250717,160000,1.15,1.15,1.15,1.15,885,0
QUB,60,20250718,100000,1.12,1.155,1.12,1.155,135,0
QUB,60,20250718,120000,1.155,1.18,1.155,1.18,7130,0
QUB,60,20250718,130000,1.16,1.16,1.16,1.16,1,0
QUB,60,20250721,100000,1.18,1.185,1.18,1.185,2783,0
QUB,60,20250721,110000,1.185,1.185,1.185,1.185,202,0
QUB,60,20250721,120000,1.19,1.19,1.19,1.19,20,0
QUB,60,20250721,130000,1.185,1.19,1.185,1.19,82,0
QUB,60,20250721,140000,1.185,1.185,1.185,1.185,11,0
QUB,60,20250722,100000,1.19,1.19,1.19,1.19,15,0
QUB,60,20250722,110000,1.13,1.13,1.13,1.13,19,0
QUB,60,20250722,120000,1.19,1.19,1.19,1.19,100,0
QUB,60,20250722,140000,1.13,1.13,1.13,1.13,18,0
QUB,60,20250722,160000,1.13,1.18,1.13,1.17,1256,0
QUB,60,20250722,170000,1.13,1.17,1.1,1.17,6550,0
QUB,60,20250723,100000,1.165,1.165,1.165,1.165,253,0
QUB,60,20250723,120000,1.165,1.165,1.165,1.165,274,0
QUB,60,20250723,130000,1.1,1.1,1.06,1.06,3800,0
QUB,60,20250723,150000,1.1,1.1,1.1,1.1,2112,0
QUB,60,20250723,160000,1.1,1.1,1.015,1.04,11854,0
QUB,60,20250723,170000,1.035,1.09,1.035,1.09,800,0
QUB,60,20250724,100000,1.095,1.095,1.095,1.095,87,0
QUB,60,20250724,110000,1.04,1.04,1.04,1.04,28,0
QUB,60,20250724,120000,1.04,1.04,1.04,1.04,85,0
QUB,60,20250724,150000,1.075,1.075,1.075,1.075,88,0
QUB,60,20250724,160000,1.04,1.04,0.876,0.954,39355,0
QUB,60,20250724,170000,0.93,0.978,0.93,0.978,6260,0
QUB,60,20250725,100000,0.978,0.978,0.978,0.978,155,0
QUB,60,20250725,110000,0.978,0.978,0.978,0.978,994,0
QUB,60,20250725,120000,0.978,0.978,0.978,0.978,6,0
QUB,60,20250725,130000,0.95,0.95,0.95,0.95,1000,0
QUB,60,20250725,170000,0.942,0.942,0.942,0.942,1200,0
QUB,60,20250728,100000,0.972,0.972,0.972,0.972,100,0
QUB,60,20250728,110000,0.974,0.978,0.974,0.974,2167,0
QUB,60,20250728,120000,0.974,0.978,0.974,0.978,1009,0
QUB,60,20250729,110000,0.95,0.95,0.95,0.95,1,0
QUB,60,20250729,120000,0.952,0.952,0.95,0.95,2800,0
QUB,60,20250729,130000,0.95,0.95,0.95,0.95,1562,0
QUB,60,20250729,140000,0.942,0.942,0.94,0.94,4024,0
QUB,60,20250729,150000,0.976,0.976,0.976,0.976,57,0
QUB,60,20250729,170000,0.942,0.976,0.94,0.976,276,0
QUB,60,20250730,110000,0.976,0.976,0.976,0.976,150,0
QUB,60,20250730,130000,0.978,0.978,0.978,0.978,300,0
QUB,60,20250730,160000,0.978,0.978,0.978,0.978,1000,0
QUB,60,20250730,170000,0.978,0.978,0.978,0.978,1209,0
QUB,60,20250731,100000,0.978,0.99,0.978,0.99,2494,0
QUB,60,20250731,120000,0.956,0.956,0.956,0.956,100,0
QUB,60,20250731,140000,0.988,0.99,0.988,0.99,109,0
QUB,60,20250801,100000,0.99,1.15,0.99,1.15,6059,0
QUB,60,20250801,110000,1.01,1.1,1.01,1.1,272,0
QUB,60,20250801,120000,1.095,1.095,1.095,1.095,249,0
QUB,60,20250801,130000,1.04,1.04,1.04,1.04,100,0
QUB,60,20250801,140000,1.03,1.03,1.03,1.03,1700,0
QUB,60,20250801,150000,1.03,1.095,1.03,1.095,178,0
QUB,60,20250801,160000,1.095,1.095,1.095,1.095,851,0
QUB,60,20250801,170000,1.09,1.09,1.09,1.09,1,0
QUB,60,20250804,150000,1.085,1.085,1.085,1.085,10,0
QUB,60,20250804,170000,1.085,1.085,1.085,1.085,1,0
QUB,60,20250805,100000,1.05,1.085,1.05,1.085,1542,0
QUB,60,20250805,150000,1.06,1.06,1.06,1.06,36,0
QUB,60,20250805,160000,1.08,1.08,1.08,1.08,428,0
QUB,60,20250805,170000,1.08,1.08,1.08,1.08,1,0
QUB,60,20250806,100000,1.02,1.02,0.972,0.972,7663,0
QUB,60,20250806,120000,0.98,0.98,0.974,0.974,4434,0
QUB,60,20250806,130000,0.998,0.998,0.998,0.998,350,0
QUB,60,20250806,140000,0.972,0.972,0.972,0.972,998,0
QUB,60,20250806,150000,0.976,1.01,0.974,0.976,4745,0
QUB,60,20250806,160000,0.998,0.998,0.998,0.998,600,0
QUB,60,20250806,170000,0.998,0.998,0.998,0.998,2537,0
QUB,60,20250807,100000,0.974,0.974,0.97,0.97,1722,0
QUB,60,20250807,120000,0.96,0.998,0.95,0.998,4963,0
QUB,60,20250807,160000,0.996,0.998,0.996,0.998,2932,0
QUB,60,20250811,170000,1,1,1,1,30,0
QUB,60,20250812,100000,1,1,1,1,121,0
QUB,60,20250812,150000,1,1.03,1,1.03,2749,0
QUB,60,20250813,110000,1,1,1,1,1750,0
QUB,60,20250813,130000,1,1,1,1,560,0
QUB,60,20250813,170000,1,1,1,1,1550,0
QUB,60,20250814,140000,1,1,1,1,150,0
QUB,60,20250814,170000,1,1,1,1,1000,0
QUB,60,20250818,100000,1,1.05,1,1.05,3101,0
QUB,60,20250818,140000,1.02,1.07,1.02,1.07,5301,0
QUB,60,20250818,170000,1.05,1.05,1.05,1.05,7,0
QUB,60,20250819,100000,1.07,1.08,1.07,1.08,1000,0
QUB,60,20250819,110000,1.08,1.09,1.08,1.09,3549,0
QUB,60,20250819,130000,1.085,1.09,1.085,1.09,911,0
QUB,60,20250819,140000,1.09,1.09,1.09,1.09,800,0
QUB,60,20250820,100000,1.02,1.02,1.02,1.02,3761,0
QUB,60,20250820,120000,1.075,1.15,1.075,1.1,12500,0
QUB,60,20250820,130000,1.1,1.1,1.1,1.1,1000,0
QUB,60,20250820,150000,1.1,1.1,1.1,1.1,2500,0
QUB,60,20250820,170000,1.13,1.13,1.1,1.13,4100,0
QUB,60,20250821,100000,1.13,1.13,1.13,1.13,3772,0
QUB,60,20250821,110000,1.135,1.15,1.135,1.15,400,0
QUB,60,20250821,130000,1.13,1.13,1.1,1.1,371,0
QUB,60,20250821,140000,1.11,1.11,1.1,1.1,2000,0
QUB,60,20250822,100000,1.1,1.1,1.1,1.1,222,0
QUB,60,20250822,110000,1.04,1.04,1.04,1.04,900,0
QUB,60,20250822,120000,1.04,1.04,1.04,1.04,1100,0
QUB,60,20250822,130000,1.04,1.04,1.03,1.03,2280,0
QUB,60,20250822,140000,1.035,1.035,1.035,1.035,900,0
QUB,60,20250822,150000,1.04,1.04,1.04,1.04,20,0
QUB,60,20250822,160000,1.08,1.08,1.08,1.08,1000,0
QUB,60,20250825,100000,1.095,1.095,1.05,1.05,2130,0
QUB,60,20250825,110000,1.05,1.05,1.045,1.045,2000,0
QUB,60,20250825,130000,1.045,1.09,1.045,1.09,1100,0
QUB,60,20250825,140000,1.09,1.09,1.09,1.09,42,0
QUB,60,20250826,100000,1.09,1.09,1.05,1.05,1492,0
QUB,60,20250826,110000,1.045,1.045,1.045,1.045,1300,0
QUB,60,20250826,120000,1.075,1.075,1.075,1.075,160,0
QUB,60,20250826,170000,1.045,1.045,1.04,1.04,610,0
QUB,60,20250827,100000,1.04,1.05,1.04,1.05,1010,0
QUB,60,20250827,110000,1.05,1.05,1.04,1.04,2000,0
QUB,60,20250827,120000,1.04,1.04,1.035,1.035,4060,0
QUB,60,20250827,170000,1.08,1.08,1.08,1.08,1,0
QUB,60,20250828,130000,1.07,1.07,1.07,1.07,42,0
QUB,60,20250828,150000,1.07,1.07,1.07,1.07,1500,0
QUB,60,20250828,170000,1.035,1.08,1.035,1.08,511,0
QUB,60,20250829,100000,1.08,1.085,1.08,1.085,700,0
QUB,60,20250829,110000,1.04,1.04,1.04,1.04,579,0
QUB,60,20250829,120000,1.04,1.04,1.04,1.04,844,0
QUB,60,20250829,170000,1.04,1.08,1.04,1.08,499,0
QUB,60,20250902,130000,1.06,1.06,1.06,1.06,89,0
QUB,60,20250902,170000,1.04,1.04,1.04,1.04,100,0
QUB,60,20250903,140000,1.06,1.07,1.06,1.07,1500,0
QUB,60,20250903,150000,1.065,1.07,1.065,1.07,2000,0
QUB,60,20250903,170000,1.07,1.07,1.07,1.07,1176,0
QUB,60,20250904,100000,1.06,1.08,1.06,1.08,800,0
QUB,60,20250905,140000,1.08,1.08,1.05,1.05,1060,0
QUB,60,20250905,150000,1.07,1.07,1.07,1.07,500,0
QUB,60,20250905,170000,1.07,1.07,1.07,1.07,700,0
QUB,60,20250908,110000,1.05,1.05,1.05,1.05,800,0
QUB,60,20250908,150000,1.06,1.06,1.06,1.06,422,0
QUB,60,20250908,160000,1.07,1.07,1.07,1.07,1078,0
QUB,60,20250909,120000,1.08,1.08,1.08,1.08,50,0
QUB,60,20250909,140000,1.045,1.045,1.045,1.045,1600,0
QUB,60,20250910,100000,1.04,1.04,1.035,1.035,1722,0
QUB,60,20250910,140000,1.05,1.05,1.05,1.05,216,0
QUB,60,20250911,120000,1.05,1.06,1.05,1.06,3000,0
QUB,60,20250911,140000,1.06,1.06,1.06,1.06,234,0
QUB,60,20250911,150000,1.07,1.07,1.07,1.07,20,0
QUB,60,20250911,160000,1.07,1.07,1.07,1.07,980,0
QUB,60,20250911,170000,1.07,1.07,1.06,1.06,770,0
QUB,60,20250912,100000,1.05,1.05,1.05,1.05,416,0
QUB,60,20250912,120000,1.055,1.055,1.055,1.055,16,0
QUB,60,20250912,130000,1.06,1.06,1.06,1.06,934,0
QUB,60,20250912,150000,1.08,1.085,1.08,1.085,1500,0
QUB,60,20250915,100000,1.085,1.085,1.04,1.04,1510,0
QUB,60,20250915,110000,1.085,1.085,1.085,1.085,10,0
QUB,60,20250915,130000,1.04,1.04,1.04,1.04,10,0
QUB,60,20250915,170000,1.085,1.085,1.085,1.085,1,0
QUB,60,20250916,140000,1.04,1.04,1.04,1.04,240,0
QUB,60,20250916,150000,1.085,1.085,1.085,1.085,57,0
QUB,60,20250918,100000,1.04,1.08,1.04,1.08,1300,0
QUB,60,20250918,110000,1.04,1.04,1.04,1.04,970,0
QUB,60,20250918,130000,1.065,1.065,1.065,1.065,336,0
QUB,60,20250918,140000,1.065,1.08,1.065,1.08,500,0
QUB,60,20250919,160000,1.08,1.09,1.08,1.09,1350,0
QUB,60,20250919,170000,1.09,1.09,1.09,1.09,87,0
QUB,60,20250922,100000,1.04,1.04,1.04,1.04,3105,0
QUB,60,20250922,130000,1.065,1.065,1.05,1.05,1100,0
QUB,60,20250922,140000,1.05,1.09,1.05,1.09,2240,0
QUB,60,20250922,150000,1.09,1.1,1.09,1.1,7500,0
QUB,60,20250922,160000,1.1,1.11,1.1,1.11,1276,0
QUB,60,20250922,170000,1.1,1.12,1.1,1.12,2060,0
QUB,60,20250923,100000,1.12,1.12,1.1,1.1,4835,0
QUB,60,20250923,110000,1.1,1.1,1.1,1.1,1000,0
QUB,60,20250923,130000,1.1,1.12,1.1,1.11,4500,0
QUB,60,20250923,160000,1.12,1.12,1.12,1.12,2517,0
QUB,60,20250923,170000,1.1,1.1,1.1,1.1,1000,0
QUB,60,20250924,130000,1.1,1.1,1.1,1.1,31,0
QUB,60,20250925,100000,1.1,1.1,1.055,1.055,2410,0
QUB,60,20250925,110000,1.055,1.055,1.055,1.055,1200,0
QUB,60,20250925,120000,1.1,1.1,1.1,1.1,86,0
QUB,60,20250925,130000,1.1,1.115,1.1,1.115,1122,0
QUB,60,20250925,150000,1.1,1.1,1.1,1.1,1000,0
QUB,60,20250925,170000,1.1,1.1,1.1,1.1,1500,0
QUB,60,20250926,100000,1.1,1.11,1.1,1.1,1690,0
QUB,60,20250926,120000,1.11,1.115,1.11,1.115,2360,0
QUB,60,20250926,140000,1.12,1.12,1.12,1.12,900,0
QUB,60,20250926,170000,1.11,1.11,1.11,1.11,1,0
QUB,60,20250929,100000,1.1,1.1,1.1,1.1,9,0
QUB,60,20250929,140000,1.11,1.11,1.11,1.11,139,0
QUB,60,20250930,130000,1.11,1.11,1.11,1.11,10,0
QUB,60,20250930,140000,1.1,1.1,1.1,1.1,991,0
QUB,60,20250930,160000,1.1,1.1,1.1,1.1,50,0
QUB,60,20251001,120000,1.055,1.055,1.055,1.055,10,0
QUB,60,20251001,140000,1.075,1.075,1.075,1.075,1000,0
QUB,60,20251001,160000,1.1,1.1,1.1,1.1,102,0
QUB,60,20251001,170000,1.1,1.1,1.1,1.1,1000,0
QUB,60,20251002,160000,1.1,1.1,1.1,1.1,50,0
QUB,60,20251003,100000,1.1,1.1,1.1,1.1,2000,0
QUB,60,20251003,120000,1.1,1.11,1.1,1.11,461,0
QUB,60,20251003,130000,1.1,1.1,1.1,1.1,1010,0
QUB,60,20251003,140000,1.1,1.11,1.1,1.11,1450,0
QUB,60,20251003,150000,1.12,1.13,1.12,1.13,1388,0
QUB,60,20251003,160000,1.12,1.15,1.12,1.15,7285,0
QUB,60,20251003,170000,1.15,1.15,1.13,1.15,1937,0
QUB,60,20251006,100000,1.1,1.19,1.1,1.17,4563,0
QUB,60,20251006,110000,1.19,1.19,1.19,1.19,1000,0
QUB,60,20251006,120000,1.19,1.23,1.19,1.2,7217,0
QUB,60,20251006,130000,1.23,1.23,1.23,1.23,500,0
QUB,60,20251006,140000,1.21,1.22,1.17,1.22,1479,0
QUB,60,20251006,160000,1.18,1.18,1.17,1.17,3037,0
QUB,60,20251006,170000,1.17,1.17,1.17,1.17,5300,0
QUB,60,20251007,100000,1.2,1.2,1.2,1.2,3709,0
QUB,60,20251007,110000,1.2,1.2,1.2,1.2,4490,0
QUB,60,20251007,120000,1.2,1.2,1.2,1.2,1321,0
QUB,60,20251007,130000,1.17,1.17,1.11,1.11,9000,0
QUB,60,20251007,170000,1.12,1.18,1.12,1.18,885,0
QUB,60,20251008,100000,1.11,1.11,1.11,1.11,1740,0
QUB,60,20251008,120000,1.16,1.16,1.16,1.16,219,0
QUB,60,20251008,130000,1.16,1.16,1.16,1.16,781,0
QUB,60,20251008,140000,1.14,1.14,1.14,1.14,1000,0
QUB,60,20251008,170000,1.16,1.16,1.16,1.16,919,0
QUB,60,20251009,100000,1.175,1.22,1.175,1.22,5081,0
QUB,60,20251009,110000,1.2,1.2,1.2,1.2,1827,0
QUB,60,20251009,130000,1.2,1.2,1.2,1.2,2365,0
QUB,60,20251009,170000,1.2,1.2,1.2,1.2,1900,0
QUB,60,20251010,100000,1.2,1.2,1.2,1.2,125,0
QUB,60,20251010,170000,1.18,1.18,1.18,1.18,915,0
QUB,60,20251013,150000,1.18,1.18,1.18,1.18,500,0
QUB,60,20251013,160000,1.19,1.19,1.19,1.19,500,0
QUB,60,20251013,170000,1.19,1.22,1.19,1.2,2000,0
QUB,60,20251014,100000,1.2,1.2,1.2,1.2,1000,0
QUB,60,20251014,110000,1.19,1.2,1.175,1.2,1000,0
QUB,60,20251015,100000,1.2,1.2,1.2,1.2,41,0
QUB,60,20251015,170000,1.135,1.195,1.135,1.195,350,0
QUB,60,20251016,100000,1.135,1.135,1.135,1.135,20,0
QUB,60,20251016,110000,1.135,1.135,1.135,1.135,295,0
QUB,60,20251016,140000,1.195,1.195,1.195,1.195,338,0
QUB,60,20251017,150000,1.145,1.19,1.145,1.19,400,0
QUB,60,20251020,100000,1.2,1.2,1.2,1.2,79,0
QUB,60,20251020,120000,1.13,1.13,1.13,1.13,65,0
QUB,60,20251020,160000,1.13,1.13,1.115,1.115,2876,0
QUB,60,20251021,100000,1.18,1.195,1.18,1.195,79,0
QUB,60,20251021,150000,1.155,1.16,1.155,1.16,1000,0
QUB,60,20251021,170000,1.14,1.14,1.13,1.13,700,0
QUB,60,20251022,150000,1.18,1.195,1.18,1.195,79,0
QUB,60,20251023,100000,1.195,1.195,1.195,1.195,425,0
QUB,60,20251023,110000,1.135,1.135,1.13,1.13,77,0
QUB,60,20251023,150000,1.13,1.13,1.13,1.13,4,0
QUB,60,20251024,110000,1.13,1.13,1.13,1.13,802,0
QUB,60,20251024,120000,1.18,1.195,1.18,1.195,80,0
QUB,60,20251024,170000,1.18,1.18,1.18,1.18,150,0
QUB,60,20251027,150000,1.175,1.175,1.175,1.175,50,0
QUB,60,20251028,160000,1.14,1.14,1.14,1.14,674,0
QUB,60,20251028,170000,1.175,1.175,1.175,1.175,110,0
QUB,60,20251029,100000,1.14,1.14,1.14,1.14,100,0
QUB,60,20251029,170000,1.195,1.195,1.195,1.195,138,0
QUB,60,20251030,160000,1.14,1.14,1.14,1.14,510,0
QUB,60,20251030,170000,1.14,1.195,1.1,1.195,536,0
QUB,60,20251031,100000,1.1,1.1,1.1,1.1,4645,0
QUB,60,20251031,110000,1.18,1.19,1.18,1.19,100,0
QUB,60,20251031,160000,1.18,1.19,1.18,1.19,500,0
QUB,60,20251031,170000,1.18,1.2,1.18,1.2,2000,0
QUB,60,20251103,100000,1.2,1.2,1.2,1.2,164,0
QUB,60,20251103,120000,1.12,1.12,1.12,1.12,860,0
QUB,60,20251103,130000,1.18,1.2,1.18,1.2,2270,0
QUB,60,20251103,160000,1.185,1.19,1.185,1.19,700,0
QUB,60,20251103,170000,1.19,1.21,1.19,1.21,3300,0
QUB,60,20251104,100000,1.2,1.21,1.2,1.21,996,0
QUB,60,20251104,110000,1.21,1.21,1.2,1.2,881,0
QUB,60,20251104,120000,1.18,1.18,1.17,1.17,62,0
QUB,60,20251104,160000,1.2,1.2,1.2,1.2,900,0
QUB,60,20251105,150000,1.2,1.21,1.125,1.21,1197,0
QUB,60,20251105,160000,1.21,1.23,1.21,1.23,648,0
QUB,60,20251105,170000,1.21,1.23,1.21,1.22,96,0
QUB,60,20251106,100000,1.2,1.2,1.2,1.2,11,0
QUB,60,20251106,110000,1.225,1.225,1.225,1.225,1000,0
QUB,60,20251106,120000,1.21,1.21,1.21,1.21,897,0
QUB,60,20251106,150000,1.21,1.21,1.21,1.21,198,0
QUB,60,20251106,160000,1.21,1.21,1.2,1.21,655,0
QUB,60,20251107,100000,1.23,1.23,1.23,1.23,2374,0
QUB,60,20251107,120000,1.21,1.21,1.21,1.21,1350,0
QUB,60,20251107,130000,1.21,1.21,1.21,1.21,1489,0
QUB,60,20251107,140000,1.21,1.21,1.13,1.13,3051,0
QUB,60,20251107,150000,1.13,1.2,1.13,1.2,153,0
QUB,60,20251107,160000,1.2,1.2,1.2,1.2,700,0
QUB,60,20251110,130000,1.195,1.195,1.13,1.13,1300,0
QUB,60,20251110,150000,1.2,1.2,1.2,1.2,20,0
QUB,60,20251112,120000,1.17,1.17,1.17,1.17,922,0
QUB,60,20251112,170000,1.17,1.19,1.17,1.19,100,0
QUB,60,20251114,100000,1.145,1.145,1.145,1.145,660,0
QUB,60,20251114,110000,1.145,1.145,1.145,1.145,100,0
QUB,60,20251114,120000,1.145,1.145,1.145,1.145,50,0
QUB,60,20251114,130000,1.14,1.19,1.14,1.19,500,0
QUB,60,20251114,140000,1.185,1.185,1.185,1.185,16,0
QUB,60,20251114,150000,1.14,1.14,1.12,1.12,5758,0
QUB,60,20251114,160000,1.18,1.2,1.18,1.2,1000,0
QUB,60,20251114,170000,1.13,1.13,1.12,1.12,48,0
QUB,60,20251117,110000,1.135,1.135,1.135,1.135,700,0
QUB,60,20251117,170000,1.125,1.17,1.12,1.17,2200,0
QUB,60,20251118,130000,1.185,1.2,1.185,1.2,6250,0
QUB,60,20251118,170000,1.145,1.195,1.145,1.195,654,0
QUB,60,20251119,130000,1.2,1.2,1.2,1.2,2000,0
QUB,60,20251119,140000,1.2,1.2,1.2,1.2,1488,0
QUB,60,20251119,160000,1.2,1.21,1.2,1.21,1500,0
QUB,60,20251119,170000,1.2,1.2,1.2,1.2,2000,0
QUB,60,20251120,100000,1.2,1.2,1.2,1.2,50,0
QUB,60,20251120,110000,1.21,1.21,1.21,1.21,500,0
QUB,60,20251120,160000,1.21,1.21,1.21,1.21,173,0
QUB,60,20251120,170000,1.2,1.2,1.2,1.2,959,0
QUB,60,20251121,120000,1.2,1.2,1.2,1.2,162,0
QUB,60,20251121,170000,1.135,1.135,1.135,1.135,337,0
QUB,60,20251124,110000,1.14,1.175,1.14,1.175,1039,0
QUB,60,20251124,140000,1.135,1.135,1.1,1.1,5000,0
QUB,60,20251124,150000,1.105,1.105,1.105,1.105,1180,0
QUB,60,20251124,170000,1.15,1.17,1.15,1.17,300,0
QUB,60,20251125,100000,1.12,1.12,1.12,1.12,1000,0
QUB,60,20251125,110000,1.17,1.18,1.17,1.175,2461,0
QUB,60,20251125,150000,1.16,1.16,1.16,1.16,19,0
QUB,60,20251125,160000,1.16,1.16,1.16,1.16,681,0
QUB,60,20251126,110000,1.14,1.14,1.14,1.14,1393,0
QUB,60,20251126,120000,1.14,1.14,1.14,1.14,7,0
QUB,60,20251126,130000,1.14,1.14,1.14,1.14,993,0
QUB,60,20251127,100000,1.125,1.125,1.125,1.125,9,0
QUB,60,20251127,110000,1.125,1.125,1.125,1.125,694,0
QUB,60,20251127,120000,1.125,1.125,1.125,1.125,905,0
QUB,60,20251127,140000,1.145,1.145,1.145,1.145,100,0
QUB,60,20251128,150000,1.17,1.175,1.17,1.175,1000,0
QUB,60,20251128,160000,1.16,1.16,1.16,1.16,19,0
QUB,60,20251201,100000,1.195,1.195,1.195,1.195,81,0
QUB,60,20251201,110000,1.195,1.195,1.195,1.195,2000,0
QUB,60,20251201,120000,1.2,1.2,1.195,1.2,597,0
QUB,60,20251202,100000,1.19,1.19,1.19,1.19,500,0
QUB,60,20251202,120000,1.195,1.2,1.195,1.2,500,0
QUB,60,20251202,150000,1.2,1.2,1.2,1.2,2000,0
QUB,60,20251202,160000,1.2,1.21,1.2,1.21,3400,0
QUB,60,20251202,170000,1.21,1.225,1.21,1.225,560,0
QUB,60,20251203,120000,1.2,1.2,1.2,1.2,1000,0
QUB,60,20251204,100000,1.15,1.15,1.15,1.15,250,0
QUB,60,20251204,110000,1.195,1.23,1.195,1.23,4277,0
QUB,60,20251204,130000,1.2,1.2,1.2,1.2,1000,0
QUB,60,20251204,160000,1.2,1.2,1.2,1.2,300,0
QUB,60,20251208,110000,1.2,1.2,1.2,1.2,1000,0
QUB,60,20251208,140000,1.21,1.21,1.2,1.2,1700,0
QUB,60,20251208,150000,1.16,1.16,1.125,1.125,436,0
QUB,60,20251209,100000,1.19,1.19,1.19,1.19,150,0
QUB,60,20251209,110000,1.135,1.135,1.135,1.135,200,0
QUB,60,20251209,120000,1.185,1.185,1.185,1.185,200,0
QUB,60,20251209,150000,1.135,1.135,1.135,1.135,458,0
QUB,60,20251209,160000,1.13,1.13,1.12,1.12,645,0
QUB,60,20251209,170000,1.175,1.175,1.175,1.175,80,0
QUB,60,20251210,100000,1.14,1.14,1.14,1.14,542,0
QUB,60,20251210,130000,1.175,1.175,1.175,1.175,85,0
QUB,60,20251210,170000,1.175,1.175,1.175,1.175,100,0
QUB,60,20251212,150000,1.175,1.175,1.175,1.175,50,0
QUB,60,20251212,170000,1.14,1.2,1.14,1.2,2095,0
QUB,60,20251215,100000,1.11,1.11,1,1,39365,0
QUB,60,20251215,110000,1,1.015,0.98,0.98,10085,0
QUB,60,20251215,120000,0.98,1.035,0.98,1,4619,0
QUB,60,20251215,130000,0.99,1.03,0.98,1.03,9530,0
QUB,60,20251215,140000,1,1,1,1,2000,0
QUB,60,20251215,150000,0.982,0.982,0.9,0.95,27525,0
QUB,60,20251215,160000,0.918,0.97,0.91,0.97,11424,0
QUB,60,20251215,170000,0.952,0.954,0.95,0.95,4122,0
QUB,60,20251216,100000,0.94,0.94,0.94,0.94,4560,0
QUB,60,20251216,110000,0.95,0.99,0.95,0.95,2650,0
QUB,60,20251216,120000,0.94,0.95,0.92,0.92,1600,0
QUB,60,20251216,130000,0.92,0.92,0.92,0.92,900,0
QUB,60,20251216,140000,0.918,0.918,0.9,0.9,3200,0
QUB,60,20251216,150000,0.93,0.948,0.93,0.948,2133,0
QUB,60,20251216,160000,0.946,0.948,0.946,0.948,1200,0
QUB,60,20251216,170000,0.946,0.95,0.946,0.948,2000,0
QUB,60,20251217,100000,0.916,0.946,0.916,0.946,1001,0
QUB,60,20251217,110000,0.946,0.95,0.946,0.95,3089,0
QUB,60,20251217,120000,0.946,0.946,0.946,0.946,261,0
QUB,60,20251217,130000,0.92,0.92,0.92,0.92,1165,0
QUB,60,20251217,160000,0.922,0.95,0.92,0.95,5139,0
QUB,60,20251217,170000,0.97,0.986,0.97,0.986,50,0
QUB,60,20251218,100000,0.98,0.984,0.98,0.984,1400,0
QUB,60,20251218,110000,0.95,0.95,0.95,0.95,1366,0
QUB,60,20251218,160000,0.95,0.95,0.934,0.934,637,0
QUB,60,20251218,170000,0.94,0.94,0.94,0.94,500,0
QUB,60,20251219,110000,0.95,0.95,0.95,0.95,1200,0
QUB,60,20251219,120000,0.95,0.95,0.95,0.95,1200,0
QUB,60,20251219,130000,0.95,0.95,0.95,0.95,1200,0
QUB,60,20251219,140000,0.95,0.96,0.95,0.95,1225,0
QUB,60,20251219,150000,0.95,0.95,0.95,0.95,251,0
QUB,60,20251219,160000,0.95,0.978,0.95,0.978,698,0
QUB,60,20251219,170000,0.95,0.95,0.7,0.7,42033,0
QUB,60,20251222,100000,0.8,0.82,0.796,0.82,13716,0
QUB,60,20251222,110000,0.8,0.8,0.8,0.8,1300,0
QUB,60,20251222,120000,0.78,0.78,0.78,0.78,600,0
QUB,60,20251222,130000,0.764,0.79,0.764,0.79,289,0
QUB,60,20251222,160000,0.78,0.8,0.78,0.8,1259,0
QUB,60,20251222,170000,0.8,0.8,0.78,0.78,5964,0
QUB,60,20251223,100000,0.766,0.8,0.764,0.8,4643,0
QUB,60,20251223,110000,0.78,0.78,0.78,0.78,1500,0
QUB,60,20251223,120000,0.764,0.798,0.75,0.75,8157,0
QUB,60,20251223,150000,0.76,0.76,0.752,0.752,1045,0
QUB,60,20251223,160000,0.798,0.798,0.798,0.798,180,0
QUB,60,20251223,170000,0.798,0.798,0.762,0.78,4908,0
QUB,60,20251229,100000,0.78,0.78,0.78,0.78,1322,0
QUB,60,20251229,110000,0.78,0.78,0.78,0.78,378,0
QUB,60,20251229,120000,0.77,0.77,0.75,0.752,1000,0
QUB,60,20251229,130000,0.77,0.77,0.77,0.77,50,0
QUB,60,20251229,140000,0.75,0.75,0.75,0.75,4350,0
QUB,60,20251229,160000,0.778,0.778,0.778,0.778,15,0
QUB,60,20251229,170000,0.752,0.752,0.75,0.75,7200,0
QUB,60,20251230,110000,0.778,0.798,0.778,0.798,38,0
QUB,60,20251230,120000,0.798,0.87,0.798,0.87,5260,0
QUB,60,20251230,130000,0.864,0.87,0.85,0.87,3424,0
QUB,60,20251230,140000,0.85,0.898,0.85,0.898,4686,0
QUB,60,20251230,160000,0.87,0.87,0.85,0.87,1312,0
QUB,60,20251230,170000,0.87,0.87,0.87,0.87,3718,0
