<TICKER>,<PER>,<DATE>,<TIME>,<OPEN>,<HIGH>,<LOW>,<CLOSE>,<VOL>,<OPENINT>
ZRX,60,20240411,100000,0.1984,0.1984,0.1864,0.1906,69784,0
ZRX,60,20240411,110000,0.1964,0.1974,0.1962,0.1972,140036,0
ZRX,60,20240411,120000,0.1916,0.1916,0.1912,0.1912,10350,0
ZRX,60,20240411,130000,0.196,0.1966,0.196,0.1962,10400,0
ZRX,60,20240411,140000,0.196,0.196,0.196,0.196,2000,0
ZRX,60,20240411,150000,0.196,0.1962,0.196,0.1962,5655,0
ZRX,60,20240411,160000,0.1922,0.1952,0.1922,0.1952,8000,0
ZRX,60,20240411,170000,0.1952,0.196,0.1928,0.196,12001,0
ZRX,60,20240412,100000,0.196,0.1966,0.1906,0.1966,78136,0
ZRX,60,20240412,110000,0.1962,0.1966,0.193,0.1962,80293,0
ZRX,60,20240412,120000,0.196,0.1966,0.196,0.196,19107,0
ZRX,60,20240412,130000,0.192,0.1948,0.1906,0.1948,51441,0
ZRX,60,20240412,140000,0.1944,0.1948,0.1944,0.1946,16000,0
ZRX,60,20240412,150000,0.1914,0.1944,0.1914,0.1944,1900,0
ZRX,60,20240412,160000,0.1914,0.1948,0.1914,0.1948,17767,0
ZRX,60,20240412,170000,0.1946,0.1946,0.1924,0.1924,25940,0
ZRX,60,20240415,100000,0.1924,0.195,0.1916,0.195,30302,0
ZRX,60,20240415,110000,0.1916,0.1916,0.1884,0.19,45024,0
ZRX,60,20240415,130000,0.1898,0.19,0.1886,0.1886,26844,0
ZRX,60,20240415,140000,0.1886,0.1886,0.188,0.188,24853,0
ZRX,60,20240415,150000,0.1898,0.1898,0.1898,0.1898,110,0
ZRX,60,20240415,170000,0.1864,0.19,0.1856,0.19,15663,0
ZRX,60,20240416,100000,0.1858,0.1922,0.1854,0.192,6758,0
ZRX,60,20240416,110000,0.192,0.1928,0.192,0.1926,18393,0
ZRX,60,20240416,120000,0.192,0.1924,0.1882,0.1882,21788,0
ZRX,60,20240416,140000,0.1882,0.1884,0.1882,0.1884,7661,0
ZRX,60,20240416,170000,0.1884,0.1922,0.1884,0.1922,27647,0
ZRX,60,20240417,100000,0.1928,0.1958,0.1928,0.1958,19330,0
ZRX,60,20240417,110000,0.1906,0.195,0.19,0.195,10667,0
ZRX,60,20240417,120000,0.194,0.195,0.1902,0.1902,7313,0
ZRX,60,20240417,130000,0.1946,0.1954,0.194,0.1954,65556,0
ZRX,60,20240417,140000,0.1922,0.1922,0.192,0.192,6400,0
ZRX,60,20240417,160000,0.1946,0.1946,0.1944,0.1946,2933,0
ZRX,60,20240417,170000,0.192,0.195,0.1912,0.195,81318,0
ZRX,60,20240418,100000,0.1972,0.1984,0.1914,0.1976,18997,0
ZRX,60,20240418,110000,0.192,0.192,0.1918,0.1918,20929,0
ZRX,60,20240418,120000,0.192,0.192,0.192,0.192,189,0
ZRX,60,20240418,130000,0.192,0.192,0.1912,0.1912,5525,0
ZRX,60,20240418,140000,0.1912,0.192,0.1912,0.192,2115,0
ZRX,60,20240418,150000,0.192,0.1966,0.192,0.1966,17968,0
ZRX,60,20240418,170000,0.196,0.196,0.1956,0.1956,21054,0
ZRX,60,20240419,100000,0.1956,0.1956,0.192,0.1954,30279,0
ZRX,60,20240419,110000,0.195,0.1956,0.195,0.1956,8618,0
ZRX,60,20240419,120000,0.1922,0.1922,0.1922,0.1922,3450,0
ZRX,60,20240419,150000,0.192,0.192,0.1912,0.1912,6350,0
ZRX,60,20240419,160000,0.1944,0.1954,0.191,0.1954,127728,0
ZRX,60,20240419,170000,0.1954,0.1954,0.195,0.1954,44195,0
ZRX,60,20240422,100000,0.206,0.2195,0.206,0.215,672685,0
ZRX,60,20240422,110000,0.21,0.215,0.21,0.2135,24905,0
ZRX,60,20240422,120000,0.214,0.2145,0.21,0.21,62024,0
ZRX,60,20240422,130000,0.2135,0.2135,0.205,0.212,28941,0
ZRX,60,20240422,140000,0.205,0.218,0.203,0.2175,138853,0
ZRX,60,20240422,150000,0.213,0.213,0.206,0.206,39150,0
ZRX,60,20240422,160000,0.206,0.21,0.204,0.204,66966,0
ZRX,60,20240422,170000,0.204,0.21,0.202,0.21,63316,0
ZRX,60,20240423,100000,0.211,0.212,0.199,0.2065,97662,0
ZRX,60,20240423,110000,0.2005,0.2055,0.2,0.2055,51409,0
ZRX,60,20240423,120000,0.1992,0.204,0.199,0.204,4300,0
ZRX,60,20240423,130000,0.199,0.203,0.198,0.203,28893,0
ZRX,60,20240423,140000,0.203,0.208,0.199,0.205,342342,0
ZRX,60,20240423,150000,0.205,0.205,0.1984,0.1984,8742,0
ZRX,60,20240423,160000,0.204,0.204,0.198,0.198,40976,0
ZRX,60,20240423,170000,0.1984,0.203,0.198,0.203,71874,0
ZRX,60,20240424,100000,0.21,0.21,0.2045,0.2045,36136,0
ZRX,60,20240424,110000,0.2005,0.2035,0.2,0.2035,3953,0
ZRX,60,20240424,120000,0.2,0.203,0.1994,0.203,3100,0
ZRX,60,20240424,130000,0.1994,0.1994,0.199,0.199,30672,0
ZRX,60,20240424,140000,0.1986,0.1986,0.198,0.1982,8031,0
ZRX,60,20240424,150000,0.198,0.198,0.1976,0.1976,27354,0
ZRX,60,20240424,160000,0.1998,0.2,0.1998,0.2,3303,0
ZRX,60,20240424,170000,0.2,0.203,0.198,0.2025,30531,0
ZRX,60,20240425,100000,0.207,0.209,0.2005,0.2005,133103,0
ZRX,60,20240425,110000,0.2005,0.2005,0.2005,0.2005,14740,0
ZRX,60,20240425,120000,0.2,0.2005,0.1974,0.2005,32193,0
ZRX,60,20240425,140000,0.2,0.2005,0.2,0.2005,10000,0
ZRX,60,20240425,150000,0.2005,0.2005,0.2005,0.2005,1466,0
ZRX,60,20240425,160000,0.2005,0.2075,0.2005,0.2075,67340,0
ZRX,60,20240425,170000,0.207,0.207,0.2,0.207,142634,0
ZRX,60,20240426,100000,0.206,0.209,0.206,0.208,16887,0
ZRX,60,20240426,110000,0.208,0.2085,0.2075,0.2085,11333,0
ZRX,60,20240426,120000,0.2035,0.206,0.2,0.206,20035,0
ZRX,60,20240426,130000,0.205,0.2075,0.2005,0.206,92130,0
ZRX,60,20240426,140000,0.2005,0.205,0.2,0.205,29928,0
ZRX,60,20240426,150000,0.2,0.205,0.2,0.205,1417,0
ZRX,60,20240426,160000,0.2,0.2,0.2,0.2,17002,0
ZRX,60,20240426,170000,0.2,0.201,0.199,0.2005,91452,0
ZRX,60,20240429,100000,0.2,0.2035,0.198,0.2025,56758,0
ZRX,60,20240429,110000,0.2005,0.2005,0.1982,0.1982,30031,0
ZRX,60,20240429,120000,0.2015,0.2015,0.1974,0.1974,55957,0
ZRX,60,20240429,130000,0.2,0.2005,0.2,0.2005,2100,0
ZRX,60,20240429,140000,0.1998,0.1998,0.1998,0.1998,1505,0
ZRX,60,20240429,150000,0.1996,0.2,0.1966,0.1966,62581,0
ZRX,60,20240429,160000,0.1966,0.1998,0.192,0.197,13225,0
ZRX,60,20240429,170000,0.1934,0.197,0.1932,0.1968,21988,0
ZRX,60,20240430,100000,0.1986,0.2,0.195,0.1998,93959,0
ZRX,60,20240430,110000,0.197,0.2,0.1962,0.198,46429,0
ZRX,60,20240430,120000,0.1962,0.1962,0.1902,0.1902,120119,0
ZRX,60,20240430,130000,0.1922,0.1926,0.1906,0.1926,42332,0
ZRX,60,20240430,140000,0.1926,0.1926,0.1926,0.1926,3250,0
ZRX,60,20240430,150000,0.1926,0.1926,0.191,0.191,38579,0
ZRX,60,20240430,160000,0.1924,0.1988,0.1924,0.1988,29948,0
ZRX,60,20240430,170000,0.196,0.196,0.192,0.192,20743,0
ZRX,60,20240502,100000,0.1968,0.1988,0.1968,0.1988,26207,0
ZRX,60,20240502,110000,0.1986,0.1988,0.1902,0.1934,105751,0
ZRX,60,20240502,120000,0.191,0.191,0.19,0.1902,61548,0
ZRX,60,20240502,130000,0.19,0.1934,0.1884,0.1934,53951,0
ZRX,60,20240502,140000,0.1934,0.1936,0.192,0.1934,3862,0
ZRX,60,20240502,160000,0.1934,0.1936,0.1934,0.1936,10443,0
ZRX,60,20240502,170000,0.194,0.204,0.194,0.204,76030,0
ZRX,60,20240506,100000,0.204,0.215,0.192,0.204,604080,0
ZRX,60,20240506,110000,0.204,0.207,0.203,0.207,2280,0
ZRX,60,20240506,120000,0.204,0.204,0.203,0.203,1515,0
ZRX,60,20240506,130000,0.204,0.208,0.204,0.2075,12390,0
ZRX,60,20240506,140000,0.203,0.2075,0.1982,0.204,72346,0
ZRX,60,20240506,150000,0.203,0.204,0.203,0.204,32379,0
ZRX,60,20240506,160000,0.2035,0.2035,0.1988,0.203,78850,0
ZRX,60,20240506,170000,0.202,0.2025,0.195,0.2025,116668,0
ZRX,60,20240507,100000,0.2025,0.2025,0.1934,0.1998,147202,0
ZRX,60,20240507,110000,0.1998,0.2025,0.1962,0.2025,44571,0
ZRX,60,20240507,120000,0.201,0.2025,0.198,0.2025,14651,0
ZRX,60,20240507,130000,0.202,0.203,0.202,0.202,57065,0
ZRX,60,20240507,150000,0.201,0.201,0.201,0.201,13000,0
ZRX,60,20240507,160000,0.199,0.2,0.1974,0.2,78180,0
ZRX,60,20240507,170000,0.1998,0.2,0.1998,0.2,8090,0
ZRX,60,20240508,100000,0.2,0.205,0.198,0.2,77520,0
ZRX,60,20240508,110000,0.203,0.203,0.198,0.1986,72621,0
ZRX,60,20240508,120000,0.1986,0.2025,0.1974,0.2,106997,0
ZRX,60,20240508,130000,0.2,0.2015,0.2,0.201,8046,0
ZRX,60,20240508,140000,0.201,0.2045,0.201,0.204,119264,0
ZRX,60,20240508,150000,0.202,0.204,0.2005,0.2035,70289,0
ZRX,60,20240508,160000,0.2,0.2,0.1994,0.1994,7375,0
ZRX,60,20240508,170000,0.2005,0.2035,0.2005,0.2035,15545,0
ZRX,60,20240509,100000,0.2045,0.205,0.2015,0.2015,29460,0
ZRX,60,20240509,110000,0.2015,0.204,0.1998,0.2035,24254,0
ZRX,60,20240509,130000,0.202,0.203,0.2,0.203,44300,0
ZRX,60,20240509,140000,0.2015,0.2015,0.201,0.201,42402,0
ZRX,60,20240509,150000,0.201,0.2015,0.2,0.201,37100,0
ZRX,60,20240509,160000,0.2,0.2,0.2,0.2,16500,0
ZRX,60,20240509,170000,0.2,0.202,0.1998,0.202,35870,0
ZRX,60,20240510,100000,0.202,0.208,0.201,0.203,87735,0
ZRX,60,20240510,110000,0.201,0.208,0.201,0.207,36549,0
ZRX,60,20240510,120000,0.207,0.2075,0.1998,0.1998,108721,0
ZRX,60,20240510,130000,0.201,0.201,0.197,0.1974,124344,0
ZRX,60,20240510,140000,0.1996,0.1996,0.1974,0.1996,33000,0
ZRX,60,20240510,150000,0.1996,0.2005,0.199,0.199,10900,0
ZRX,60,20240510,170000,0.2,0.2,0.199,0.199,6490,0
ZRX,60,20240513,100000,0.1884,0.1946,0.1756,0.1808,809849,0
ZRX,60,20240513,110000,0.1806,0.187,0.18,0.1818,153004,0
ZRX,60,20240513,120000,0.1818,0.186,0.1816,0.182,82349,0
ZRX,60,20240513,130000,0.182,0.186,0.1778,0.1788,141373,0
ZRX,60,20240513,140000,0.1788,0.18,0.1762,0.179,43239,0
ZRX,60,20240513,150000,0.179,0.182,0.177,0.181,154335,0
ZRX,60,20240513,160000,0.1794,0.1798,0.178,0.1796,43959,0
ZRX,60,20240513,170000,0.1774,0.179,0.1738,0.1776,179179,0
ZRX,60,20240514,100000,0.173,0.173,0.158,0.1638,306656,0
ZRX,60,20240514,110000,0.1604,0.1636,0.1562,0.1614,232061,0
ZRX,60,20240514,120000,0.16,0.161,0.152,0.1604,345333,0
ZRX,60,20240514,130000,0.1568,0.1616,0.1422,0.15,601974,0
ZRX,60,20240514,140000,0.1546,0.161,0.15,0.161,158774,0
ZRX,60,20240514,150000,0.161,0.161,0.1548,0.155,41036,0
ZRX,60,20240514,160000,0.1518,0.1602,0.15,0.16,109614,0
ZRX,60,20240514,170000,0.1598,0.161,0.157,0.1598,145841,0
ZRX,60,20240515,100000,0.157,0.157,0.1432,0.1496,433441,0
ZRX,60,20240515,110000,0.1462,0.15,0.146,0.1496,68191,0
ZRX,60,20240515,120000,0.1494,0.15,0.1442,0.148,107605,0
ZRX,60,20240515,130000,0.1488,0.1488,0.145,0.148,83526,0
ZRX,60,20240515,140000,0.148,0.1488,0.138,0.138,405420,0
ZRX,60,20240515,150000,0.1382,0.144,0.1362,0.143,100079,0
ZRX,60,20240515,160000,0.143,0.145,0.1374,0.145,121237,0
ZRX,60,20240515,170000,0.14,0.145,0.1318,0.142,519496,0
ZRX,60,20240516,120000,0.1378,0.1378,0.1378,0.1378,54335,0
ZRX,60,20240516,160000,0.1378,0.1378,0.1378,0.1378,69075,0
ZRX,60,20240517,120000,0.1422,0.1422,0.1422,0.1422,28606,0
ZRX,60,20240517,160000,0.148,0.148,0.148,0.148,119728,0
ZRX,60,20240520,120000,0.148,0.148,0.148,0.148,111278,0
ZRX,60,20240520,160000,0.148,0.148,0.148,0.148,11280,0
ZRX,60,20240521,120000,0.148,0.148,0.148,0.148,23609,0
ZRX,60,20240521,160000,0.148,0.148,0.148,0.148,51227,0
ZRX,60,20240522,120000,0.148,0.148,0.148,0.148,50211,0
ZRX,60,20240522,160000,0.148,0.148,0.148,0.148,22906,0
ZRX,60,20240523,120000,0.14,0.14,0.14,0.14,111887,0
ZRX,60,20240523,160000,0.131,0.131,0.131,0.131,317546,0
ZRX,60,20240524,120000,0.131,0.131,0.131,0.131,258472,0
ZRX,60,20240524,160000,0.1378,0.1378,0.1378,0.1378,40144,0
ZRX,60,20240527,120000,0.1378,0.1378,0.1378,0.1378,16811,0
ZRX,60,20240527,160000,0.1378,0.1378,0.1378,0.1378,8900,0
ZRX,60,20240528,120000,0.1376,0.1376,0.1376,0.1376,35000,0
ZRX,60,20240528,160000,0.1346,0.1346,0.1346,0.1346,30809,0
ZRX,60,20240529,120000,0.131,0.131,0.131,0.131,152111,0
ZRX,60,20240529,160000,0.14,0.14,0.14,0.14,371343,0
ZRX,60,20240531,120000,0.1398,0.1398,0.1398,0.1398,53747,0
ZRX,60,20240531,160000,0.1352,0.1352,0.1352,0.1352,62200,0
ZRX,60,20240603,120000,0.1352,0.1352,0.1352,0.1352,30150,0
ZRX,60,20240603,160000,0.145,0.145,0.145,0.145,61579,0
ZRX,60,20240604,120000,0.138,0.138,0.138,0.138,15300,0
ZRX,60,20240604,160000,0.138,0.138,0.138,0.138,22100,0
ZRX,60,20240605,120000,0.1398,0.1398,0.1398,0.1398,15200,0
ZRX,60,20240605,160000,0.144,0.144,0.144,0.144,33100,0
ZRX,60,20240606,120000,0.1438,0.1438,0.1438,0.1438,7590,0
ZRX,60,20240606,160000,0.14,0.14,0.14,0.14,17430,0
ZRX,60,20240607,120000,0.1398,0.1398,0.1398,0.1398,105731,0
ZRX,60,20240607,160000,0.139,0.139,0.139,0.139,91000,0
ZRX,60,20240610,120000,0.136,0.136,0.136,0.136,44243,0
ZRX,60,20240610,160000,0.139,0.139,0.139,0.139,42600,0
ZRX,60,20240611,120000,0.135,0.135,0.135,0.135,106427,0
ZRX,60,20240611,160000,0.1436,0.1436,0.1436,0.1436,11224,0
ZRX,60,20240612,120000,0.137,0.137,0.137,0.137,10100,0
ZRX,60,20240612,160000,0.134,0.134,0.134,0.134,43888,0
ZRX,60,20240613,120000,0.1312,0.1312,0.1312,0.1312,46950,0
ZRX,60,20240613,160000,0.136,0.136,0.136,0.136,60292,0
ZRX,60,20240614,120000,0.1348,0.1348,0.1348,0.1348,24385,0
ZRX,60,20240614,160000,0.136,0.136,0.136,0.136,21300,0
ZRX,60,20240617,120000,0.138,0.138,0.138,0.138,11280,0
ZRX,60,20240617,160000,0.134,0.134,0.134,0.134,21000,0
ZRX,60,20240618,120000,0.136,0.136,0.136,0.136,38956,0
ZRX,60,20240618,160000,0.138,0.138,0.138,0.138,95789,0
ZRX,60,20240619,120000,0.139,0.139,0.139,0.139,74874,0
ZRX,60,20240619,160000,0.139,0.139,0.139,0.139,10320,0
ZRX,60,20240620,120000,0.134,0.134,0.134,0.134,150000,0
ZRX,60,20240620,160000,0.134,0.134,0.134,0.134,79294,0
ZRX,60,20240621,120000,0.134,0.134,0.134,0.134,53518,0
ZRX,60,20240621,160000,0.1348,0.1348,0.1348,0.1348,16600,0
ZRX,60,20240624,120000,0.14,0.14,0.14,0.14,67055,0
ZRX,60,20240624,160000,0.139,0.139,0.139,0.139,2485,0
ZRX,60,20240625,120000,0.1318,0.1318,0.1318,0.1318,216237,0
ZRX,60,20240625,160000,0.13,0.13,0.13,0.13,231000,0
ZRX,60,20240626,120000,0.13,0.13,0.13,0.13,31107,0
ZRX,60,20240626,160000,0.133,0.133,0.133,0.133,42709,0
ZRX,60,20240627,120000,0.1326,0.1326,0.1326,0.1326,10201,0
ZRX,60,20240627,160000,0.132,0.132,0.132,0.132,15690,0
ZRX,60,20240628,120000,0.132,0.132,0.132,0.132,17075,0
ZRX,60,20240628,160000,0.132,0.132,0.132,0.132,16235,0
ZRX,60,20240701,120000,0.1318,0.1318,0.1318,0.1318,11622,0
ZRX,60,20240701,160000,0.1304,0.1304,0.1304,0.1304,40312,0
ZRX,60,20240702,120000,0.1302,0.1302,0.1302,0.1302,45947,0
ZRX,60,20240702,160000,0.1304,0.1304,0.1304,0.1304,33020,0
ZRX,60,20240703,120000,0.1304,0.1304,0.1304,0.1304,6050,0
ZRX,60,20240703,160000,0.1304,0.1304,0.1304,0.1304,17850,0
ZRX,60,20240704,120000,0.1304,0.1304,0.1304,0.1304,20527,0
ZRX,60,20240704,160000,0.1304,0.1304,0.1304,0.1304,8360,0
ZRX,60,20240705,120000,0.1304,0.1304,0.1304,0.1304,5000,0
ZRX,60,20240705,160000,0.1304,0.1304,0.1304,0.1304,448,0
ZRX,60,20240708,120000,0.13,0.13,0.13,0.13,38300,0
ZRX,60,20240708,160000,0.13,0.13,0.13,0.13,18100,0
ZRX,60,20240709,120000,0.1304,0.1304,0.1304,0.1304,129064,0
ZRX,60,20240709,160000,0.1304,0.1304,0.1304,0.1304,29218,0
ZRX,60,20240710,120000,0.1304,0.1304,0.1304,0.1304,30185,0
ZRX,60,20240710,160000,0.1304,0.1304,0.1304,0.1304,10200,0
ZRX,60,20240711,120000,0.1272,0.1272,0.1272,0.1272,137359,0
ZRX,60,20240711,160000,0.1304,0.1304,0.1304,0.1304,31760,0
ZRX,60,20240712,120000,0.1276,0.1276,0.1276,0.1276,24000,0
ZRX,60,20240712,160000,0.1276,0.1276,0.1276,0.1276,128640,0
ZRX,60,20240715,120000,0.128,0.128,0.128,0.128,24223,0
ZRX,60,20240715,160000,0.1298,0.1298,0.1298,0.1298,23850,0
ZRX,60,20240716,120000,0.13,0.13,0.13,0.13,65000,0
ZRX,60,20240716,160000,0.1348,0.1348,0.1348,0.1348,70080,0
ZRX,60,20240717,120000,0.1344,0.1344,0.1344,0.1344,13865,0
ZRX,60,20240717,160000,0.1344,0.1344,0.1344,0.1344,33596,0
ZRX,60,20240718,120000,0.1344,0.1344,0.1344,0.1344,19400,0
ZRX,60,20240718,160000,0.1342,0.1342,0.1342,0.1342,22610,0
ZRX,60,20240719,120000,0.1278,0.1278,0.1278,0.1278,64158,0
ZRX,60,20240719,160000,0.1222,0.1222,0.1222,0.1222,106300,0
ZRX,60,20240722,120000,0.1,0.1,0.1,0.1,297472,0
ZRX,60,20240722,160000,0.1088,0.1088,0.1088,0.1088,184964,0
ZRX,60,20240723,120000,0.11,0.11,0.11,0.11,76928,0
ZRX,60,20240723,160000,0.1112,0.1112,0.1112,0.1112,105499,0
ZRX,60,20240724,120000,0.111,0.111,0.111,0.111,47406,0
ZRX,60,20240724,160000,0.12,0.12,0.12,0.12,31900,0
ZRX,60,20240725,120000,0.106,0.106,0.106,0.106,61920,0
ZRX,60,20240725,160000,0.1134,0.1134,0.1134,0.1134,46140,0
ZRX,60,20240726,120000,0.1188,0.1188,0.1188,0.1188,19993,0
ZRX,60,20240726,160000,0.11,0.11,0.11,0.11,35750,0
ZRX,60,20240729,120000,0.1028,0.1028,0.1028,0.1028,103988,0
ZRX,60,20240729,160000,0.102,0.102,0.102,0.102,315182,0
ZRX,60,20240730,120000,0.1,0.1,0.1,0.1,337065,0
ZRX,60,20240730,160000,0.1,0.1,0.1,0.1,255695,0
ZRX,60,20240731,120000,0.1,0.1,0.1,0.1,312108,0
ZRX,60,20240731,160000,0.1,0.1,0.1,0.1,220200,0
ZRX,60,20240801,120000,0.1,0.1,0.1,0.1,88367,0
ZRX,60,20240801,160000,0.1,0.1,0.1,0.1,245433,0
ZRX,60,20240802,120000,0.1,0.1,0.1,0.1,22796,0
ZRX,60,20240802,160000,0.1,0.1,0.1,0.1,46446,0
ZRX,60,20240805,120000,0.1,0.1,0.1,0.1,58752,0
ZRX,60,20240805,160000,0.104,0.104,0.104,0.104,10000,0
ZRX,60,20240806,120000,0.1,0.1,0.1,0.1,26332,0
ZRX,60,20240806,160000,0.104,0.104,0.104,0.104,105000,0
ZRX,60,20240807,120000,0.105,0.105,0.105,0.105,39704,0
ZRX,60,20240807,160000,0.105,0.105,0.105,0.105,46076,0
ZRX,60,20240809,120000,0.1098,0.1098,0.107,0.107,55076,0
ZRX,60,20240809,160000,0.107,0.107,0.107,0.107,33780,0
ZRX,60,20240812,120000,0.1098,0.1098,0.1098,0.1098,62950,0
ZRX,60,20240812,160000,0.1096,0.1096,0.1096,0.1096,8986,0
ZRX,60,20240813,120000,0.1096,0.1096,0.1096,0.1096,13568,0
ZRX,60,20240813,160000,0.1096,0.1096,0.1096,0.1096,20722,0
ZRX,60,20240814,120000,0.1096,0.1096,0.1096,0.1096,22146,0
ZRX,60,20240814,160000,0.1042,0.1042,0.1042,0.1042,27086,0
ZRX,60,20240816,120000,0.109,0.109,0.109,0.109,14205,0
ZRX,60,20240816,160000,0.109,0.109,0.109,0.109,25000,0
ZRX,60,20240819,120000,0.109,0.109,0.109,0.109,1900,0
ZRX,60,20240819,160000,0.105,0.105,0.105,0.105,18000,0
ZRX,60,20240820,120000,0.1,0.1,0.1,0.1,308218,0
ZRX,60,20240820,160000,0.1,0.1,0.1,0.1,54552,0
ZRX,60,20240821,120000,0.1,0.1,0.1,0.1,4600,0
ZRX,60,20240821,160000,0.1,0.1,0.1,0.1,130090,0
ZRX,60,20240822,120000,0.1,0.1,0.1,0.1,82871,0
ZRX,60,20240822,160000,0.1,0.1,0.1,0.1,17950,0
ZRX,60,20240823,120000,0.1,0.1,0.1,0.1,9000,0
ZRX,60,20240823,160000,0.1,0.1,0.1,0.1,2000,0
ZRX,60,20240826,120000,0.1,0.1,0.1,0.1,45450,0
ZRX,60,20240826,160000,0.1,0.1,0.1,0.1,15090,0
ZRX,60,20240827,120000,0.0964,0.0964,0.0964,0.0964,38273,0
ZRX,60,20240827,160000,0.1,0.1,0.1,0.1,8800,0
ZRX,60,20240828,120000,0.1,0.1,0.1,0.1,23000,0
ZRX,60,20240828,160000,0.1,0.1,0.1,0.1,21090,0
ZRX,60,20240829,120000,0.092,0.092,0.092,0.092,310500,0
ZRX,60,20240829,160000,0.092,0.092,0.092,0.092,200000,0
ZRX,60,20240830,120000,0.092,0.092,0.092,0.092,218726,0
ZRX,60,20240830,160000,0.092,0.092,0.092,0.092,24755,0
ZRX,60,20240902,120000,0.094,0.094,0.094,0.094,14366,0
ZRX,60,20240902,160000,0.0944,0.0944,0.0944,0.0944,79700,0
ZRX,60,20240903,120000,0.098,0.098,0.098,0.098,78001,0
ZRX,60,20240903,160000,0.0977,0.0977,0.0977,0.0977,15797,0
ZRX,60,20240904,120000,0.0976,0.0976,0.0976,0.0976,37810,0
ZRX,60,20240904,160000,0.0975,0.0975,0.0975,0.0975,52000,0
ZRX,60,20240905,120000,0.0975,0.0975,0.0975,0.0975,25600,0
ZRX,60,20240905,160000,0.097,0.097,0.097,0.097,4800,0
ZRX,60,20240906,120000,0.0965,0.0965,0.0965,0.0965,15000,0
ZRX,60,20240906,160000,0.097,0.097,0.097,0.097,69924,0
ZRX,60,20240909,120000,0.0969,0.0969,0.0969,0.0969,12897,0
ZRX,60,20240909,160000,0.0968,0.0968,0.0968,0.0968,2530,0
ZRX,60,20240910,120000,0.0968,0.0968,0.0968,0.0968,2000,0
ZRX,60,20240910,160000,0.091,0.091,0.091,0.091,559387,0
ZRX,60,20240911,120000,0.091,0.091,0.091,0.091,31200,0
ZRX,60,20240911,160000,0.0912,0.0912,0.0912,0.0912,29500,0
ZRX,60,20240912,120000,0.0935,0.0935,0.0935,0.0935,38400,0
ZRX,60,20240912,160000,0.0932,0.0932,0.0932,0.0932,21200,0
ZRX,60,20240913,120000,0.0973,0.0973,0.0973,0.0973,55800,0
ZRX,60,20240913,160000,0.097,0.097,0.097,0.097,53611,0
ZRX,60,20240916,120000,0.0915,0.0915,0.0915,0.0915,25400,0
ZRX,60,20240916,160000,0.0915,0.0915,0.0915,0.0915,45580,0
ZRX,60,20240917,120000,0.0915,0.0915,0.0915,0.0915,69500,0
ZRX,60,20240917,160000,0.0912,0.0912,0.0912,0.0912,104105,0
ZRX,60,20240918,120000,0.0936,0.0936,0.0936,0.0936,120,0
ZRX,60,20240918,160000,0.0928,0.0928,0.0928,0.0928,2100,0
ZRX,60,20240919,120000,0.0928,0.0928,0.0928,0.0928,69038,0
ZRX,60,20240919,160000,0.0928,0.0928,0.0928,0.0928,2842,0
ZRX,60,20240920,120000,0.0966,0.0966,0.0966,0.0966,71780,0
ZRX,60,20240920,160000,0.0983,0.0983,0.0983,0.0983,6770,0
ZRX,60,20240923,120000,0.091,0.091,0.091,0.091,49000,0
ZRX,60,20240923,160000,0.091,0.091,0.091,0.091,89938,0
ZRX,60,20240924,120000,0.091,0.091,0.091,0.091,40568,0
ZRX,60,20240924,160000,0.091,0.091,0.091,0.091,7225,0
ZRX,60,20240925,120000,0.09,0.09,0.09,0.09,100572,0
ZRX,60,20240925,160000,0.09,0.09,0.09,0.09,11055,0
ZRX,60,20240926,120000,0.089,0.089,0.089,0.089,167065,0
ZRX,60,20240926,160000,0.089,0.089,0.089,0.089,15858,0
ZRX,60,20240927,120000,0.084,0.084,0.084,0.084,29000,0
ZRX,60,20240927,160000,0.084,0.084,0.084,0.084,233898,0
ZRX,60,20240930,120000,0.084,0.084,0.084,0.084,5000,0
ZRX,60,20240930,160000,0.089,0.089,0.089,0.089,50000,0
ZRX,60,20241001,120000,0.085,0.085,0.085,0.085,32499,0
ZRX,60,20241001,160000,0.085,0.085,0.085,0.085,2000,0
ZRX,60,20241002,120000,0.081,0.081,0.081,0.081,255699,0
ZRX,60,20241002,160000,0.08,0.08,0.08,0.08,195301,0
ZRX,60,20241003,120000,0.08,0.08,0.08,0.08,61436,0
ZRX,60,20241003,160000,0.079,0.079,0.079,0.079,9090,0
ZRX,60,20241004,120000,0.0789,0.0789,0.0789,0.0789,12000,0
ZRX,60,20241004,160000,0.0779,0.0779,0.0779,0.0779,18966,0
ZRX,60,20241007,120000,0.0782,0.0782,0.0782,0.0782,38564,0
ZRX,60,20241007,160000,0.0782,0.0782,0.0782,0.0782,1111,0
ZRX,60,20241008,120000,0.0784,0.0784,0.0784,0.0784,30030,0
ZRX,60,20241008,160000,0.0782,0.0782,0.0782,0.0782,57224,0
ZRX,60,20241009,120000,0.0782,0.0782,0.0782,0.0782,24001,0
ZRX,60,20241009,160000,0.08,0.08,0.08,0.08,39999,0
ZRX,60,20241010,120000,0.08,0.08,0.08,0.08,61000,0
ZRX,60,20241010,160000,0.0848,0.0848,0.0848,0.0848,2222,0
ZRX,60,20241011,120000,0.08,0.08,0.08,0.08,49901,0
ZRX,60,20241011,160000,0.0845,0.0845,0.0845,0.0845,112839,0
ZRX,60,20241014,120000,0.084,0.084,0.084,0.084,19329,0
ZRX,60,20241014,160000,0.086,0.086,0.086,0.086,24350,0
ZRX,60,20241015,120000,0.0869,0.0869,0.0869,0.0869,144446,0
ZRX,60,20241015,160000,0.0869,0.0869,0.0869,0.0869,18000,0
ZRX,60,20241016,120000,0.0869,0.0869,0.0869,0.0869,30400,0
ZRX,60,20241016,160000,0.0811,0.0811,0.0811,0.0811,87205,0
ZRX,60,20241017,120000,0.0894,0.0894,0.0894,0.0894,7211,0
ZRX,60,20241017,160000,0.0887,0.0887,0.0887,0.0887,22000,0
ZRX,60,20241018,120000,0.08,0.08,0.08,0.08,358548,0
ZRX,60,20241018,160000,0.0875,0.0875,0.0875,0.0875,14000,0
ZRX,60,20241021,120000,0.087,0.087,0.087,0.087,37000,0
ZRX,60,20241021,160000,0.086,0.086,0.086,0.086,3400,0
ZRX,60,20241022,120000,0.0807,0.0807,0.0807,0.0807,16500,0
ZRX,60,20241022,160000,0.0838,0.0838,0.0838,0.0838,16000,0
ZRX,60,20241023,120000,0.08,0.08,0.08,0.08,122879,0
ZRX,60,20241023,160000,0.0852,0.0852,0.0852,0.0852,6555,0
ZRX,60,20241024,120000,0.0851,0.0851,0.0851,0.0851,1100,0
ZRX,60,20241024,160000,0.0848,0.0848,0.0848,0.0848,41783,0
ZRX,60,20241025,120000,0.0839,0.0839,0.0839,0.0839,5192,0
ZRX,60,20241025,160000,0.0803,0.0803,0.0803,0.0803,75300,0
ZRX,60,20241028,120000,0.0832,0.0832,0.0832,0.0832,8822,0
ZRX,60,20241028,160000,0.0801,0.0801,0.0801,0.0801,86786,0
ZRX,60,20241029,120000,0.0801,0.0801,0.0801,0.0801,50678,0
ZRX,60,20241029,160000,0.08,0.08,0.08,0.08,56500,0
ZRX,60,20241030,120000,0.0815,0.0815,0.0815,0.0815,2222,0
ZRX,60,20241030,160000,0.0815,0.0815,0.0815,0.0815,14073,0
ZRX,60,20241031,120000,0.0802,0.0802,0.0802,0.0802,7018,0
ZRX,60,20241031,160000,0.0815,0.0815,0.0815,0.0815,51885,0
ZRX,60,20241104,120000,0.0815,0.0815,0.0815,0.0815,5567,0
ZRX,60,20241104,160000,0.0815,0.0815,0.0815,0.0815,15000,0
ZRX,60,20241105,120000,0.0815,0.0815,0.0815,0.0815,4444,0
ZRX,60,20241105,160000,0.081,0.081,0.081,0.081,3000,0
ZRX,60,20241106,120000,0.0849,0.0849,0.0849,0.0849,11222,0
ZRX,60,20241106,160000,0.0848,0.0848,0.0848,0.0848,14822,0
ZRX,60,20241107,120000,0.0848,0.0848,0.0848,0.0848,93826,0
ZRX,60,20241107,160000,0.0848,0.0848,0.0848,0.0848,29215,0
ZRX,60,20241108,120000,0.0815,0.0815,0.0815,0.0815,10400,0
ZRX,60,20241108,160000,0.0846,0.0846,0.0846,0.0846,42084,0
ZRX,60,20241112,120000,0.0855,0.0855,0.0855,0.0855,151122,0
ZRX,60,20241112,160000,0.0854,0.0854,0.0854,0.0854,45333,0
ZRX,60,20241113,120000,0.0814,0.0814,0.0814,0.0814,60854,0
ZRX,60,20241113,160000,0.085,0.085,0.085,0.085,95110,0
ZRX,60,20241114,120000,0.0849,0.0849,0.0849,0.0849,80123,0
ZRX,60,20241114,160000,0.0849,0.0849,0.0849,0.0849,39000,0
ZRX,60,20241115,120000,0.0838,0.0838,0.0838,0.0838,53889,0
ZRX,60,20241115,160000,0.0846,0.0846,0.0846,0.0846,32000,0
ZRX,60,20241118,120000,0.0846,0.0846,0.0846,0.0846,26604,0
ZRX,60,20241119,160000,0.0846,0.0846,0.084,0.084,18752,0
ZRX,60,20241120,120000,0.0839,0.0839,0.0839,0.0839,73500,0
ZRX,60,20241120,160000,0.084,0.084,0.084,0.084,57280,0
ZRX,60,20241121,120000,0.0844,0.0844,0.0844,0.0844,3111,0
ZRX,60,20241121,160000,0.0844,0.0844,0.0844,0.0844,3000,0
ZRX,60,20241122,120000,0.084,0.084,0.084,0.084,2372,0
ZRX,60,20241122,160000,0.0794,0.0794,0.0794,0.0794,60000,0
ZRX,60,20241125,120000,0.0794,0.0794,0.0794,0.0794,28150,0
ZRX,60,20241125,160000,0.08,0.08,0.08,0.08,22801,0
ZRX,60,20241126,120000,0.0837,0.0837,0.0837,0.0837,17000,0
ZRX,60,20241126,160000,0.083,0.083,0.083,0.083,1222,0
ZRX,60,20241127,120000,0.08,0.08,0.08,0.08,204317,0
ZRX,60,20241127,160000,0.0836,0.0836,0.0836,0.0836,18000,0
ZRX,60,20241128,120000,0.0834,0.0834,0.0834,0.0834,2000,0
ZRX,60,20241128,160000,0.0837,0.0837,0.0837,0.0837,43000,0
ZRX,60,20241129,120000,0.0837,0.0837,0.0837,0.0837,7222,0
ZRX,60,20241129,160000,0.0837,0.0837,0.0837,0.0837,25000,0
ZRX,60,20241202,120000,0.0837,0.0837,0.0837,0.0837,9600,0
ZRX,60,20241202,160000,0.0837,0.0837,0.0837,0.0837,22222,0
ZRX,60,20241203,120000,0.0796,0.0796,0.0796,0.0796,32000,0
ZRX,60,20241203,160000,0.082,0.082,0.082,0.082,32567,0
ZRX,60,20241204,120000,0.0796,0.0796,0.0796,0.0796,120041,0
ZRX,60,20241204,160000,0.0814,0.0814,0.0814,0.0814,9444,0
ZRX,60,20241205,120000,0.0805,0.0805,0.0805,0.0805,7500,0
ZRX,60,20241205,160000,0.08,0.08,0.08,0.08,39787,0
ZRX,60,20241206,120000,0.08,0.08,0.08,0.08,52050,0
ZRX,60,20241206,160000,0.0796,0.0796,0.0796,0.0796,85437,0
ZRX,60,20241209,120000,0.079,0.079,0.079,0.079,76726,0
ZRX,60,20241209,160000,0.0799,0.0799,0.0799,0.0799,103955,0
ZRX,60,20241210,120000,0.079,0.079,0.079,0.079,73186,0
ZRX,60,20241210,160000,0.0777,0.0777,0.0777,0.0777,68805,0
ZRX,60,20241211,120000,0.0742,0.0742,0.0742,0.0742,86760,0
ZRX,60,20241211,160000,0.073,0.073,0.073,0.073,180090,0
ZRX,60,20241212,120000,0.065,0.065,0.065,0.065,278741,0
ZRX,60,20241212,160000,0.063,0.063,0.063,0.063,331971,0
ZRX,60,20241213,120000,0.063,0.063,0.063,0.063,124408,0
ZRX,60,20241213,160000,0.063,0.063,0.063,0.063,321222,0
ZRX,60,20241216,120000,0.063,0.063,0.063,0.063,215970,0
ZRX,60,20241216,160000,0.063,0.063,0.063,0.063,24055,0
ZRX,60,20241217,120000,0.061,0.061,0.061,0.061,466011,0
ZRX,60,20241217,160000,0.0609,0.0609,0.0609,0.0609,304688,0
ZRX,60,20241218,120000,0.0609,0.0609,0.0609,0.0609,484673,0
ZRX,60,20241218,160000,0.06,0.06,0.06,0.06,325000,0
ZRX,60,20241219,120000,0.06,0.06,0.06,0.06,129270,0
ZRX,60,20241219,160000,0.056,0.056,0.056,0.056,177580,0
ZRX,60,20241220,120000,0.055,0.055,0.055,0.055,626524,0
ZRX,60,20241220,160000,0.0595,0.0595,0.0595,0.0595,132707,0
ZRX,60,20241223,120000,0.06,0.06,0.06,0.06,92708,0
ZRX,60,20241223,160000,0.062,0.062,0.062,0.062,301235,0
ZRX,60,20241227,120000,0.069,0.069,0.069,0.069,63412,0
ZRX,60,20241227,160000,0.0787,0.0787,0.0787,0.0787,140386,0
ZRX,60,20241230,120000,0.0849,0.0849,0.0849,0.0849,113379,0
ZRX,60,20241230,160000,0.09,0.09,0.09,0.09,65915,0
ZRX,60,20250102,120000,0.125,0.125,0.125,0.125,250722,0
ZRX,60,20250102,160000,0.125,0.125,0.125,0.125,710415,0
ZRX,60,20250103,120000,0.1294,0.1294,0.1294,0.1294,187676,0
ZRX,60,20250103,160000,0.12,0.12,0.12,0.12,273019,0
ZRX,60,20250107,120000,0.11,0.11,0.11,0.11,69848,0
ZRX,60,20250107,160000,0.11,0.11,0.11,0.11,37339,0
ZRX,60,20250108,120000,0.105,0.105,0.105,0.105,29121,0
ZRX,60,20250108,160000,0.095,0.095,0.095,0.095,116038,0
ZRX,60,20250109,120000,0.095,0.095,0.095,0.095,63500,0
ZRX,60,20250109,160000,0.095,0.095,0.095,0.095,73191,0
ZRX,60,20250110,120000,0.104,0.104,0.104,0.104,17700,0
ZRX,60,20250110,160000,0.104,0.104,0.104,0.104,26000,0
ZRX,60,20250113,120000,0.1,0.1,0.1,0.1,5167,0
ZRX,60,20250114,160000,0.095,0.095,0.095,0.095,61733,0
ZRX,60,20250115,120000,0.1,0.1,0.1,0.1,56442,0
ZRX,60,20250115,160000,0.1038,0.1038,0.1038,0.1038,94866,0
ZRX,60,20250116,120000,0.1038,0.1038,0.1038,0.1038,29269,0
ZRX,60,20250116,160000,0.1038,0.1038,0.1038,0.1038,8000,0
ZRX,60,20250121,120000,0.104,0.104,0.097,0.097,23655,0
ZRX,60,20250121,160000,0.099,0.099,0.099,0.099,138120,0
ZRX,60,20250122,120000,0.104,0.104,0.104,0.104,14000,0
ZRX,60,20250122,160000,0.0958,0.0958,0.0958,0.0958,62000,0
ZRX,60,20250123,120000,0.0958,0.0958,0.0958,0.0958,35000,0
ZRX,60,20250123,160000,0.1038,0.1038,0.1038,0.1038,355,0
ZRX,60,20250124,120000,0.085,0.085,0.085,0.085,811630,0
ZRX,60,20250124,160000,0.085,0.085,0.085,0.085,351624,0
ZRX,60,20250127,120000,0.084,0.084,0.084,0.084,25686,0
ZRX,60,20250127,160000,0.0829,0.0829,0.0829,0.0829,17130,0
ZRX,60,20250128,120000,0.08,0.08,0.08,0.08,343692,0
ZRX,60,20250128,160000,0.08,0.08,0.08,0.08,52561,0
ZRX,60,20250129,120000,0.08,0.08,0.08,0.08,40000,0
ZRX,60,20250129,160000,0.08,0.08,0.08,0.08,41844,0
ZRX,60,20250130,120000,0.08,0.08,0.08,0.08,18452,0
ZRX,60,20250130,160000,0.08,0.08,0.08,0.08,2000,0
ZRX,60,20250131,120000,0.0791,0.0791,0.0791,0.0791,17212,0
ZRX,60,20250131,160000,0.0791,0.0791,0.0791,0.0791,105773,0
ZRX,60,20250203,120000,0.0791,0.0791,0.0791,0.0791,52031,0
ZRX,60,20250203,160000,0.0787,0.0787,0.0787,0.0787,46619,0
ZRX,60,20250204,120000,0.07,0.07,0.07,0.07,467969,0
ZRX,60,20250204,160000,0.07,0.07,0.07,0.07,186927,0
ZRX,60,20250205,120000,0.07,0.07,0.07,0.07,191677,0
ZRX,60,20250205,160000,0.07,0.07,0.07,0.07,182450,0
ZRX,60,20250206,120000,0.07,0.07,0.07,0.07,15265,0
ZRX,60,20250206,160000,0.07,0.07,0.07,0.07,19856,0
ZRX,60,20250207,120000,0.07,0.07,0.07,0.07,27662,0
ZRX,60,20250207,160000,0.065,0.065,0.065,0.065,835868,0
ZRX,60,20250210,120000,0.0651,0.0651,0.0651,0.0651,182592,0
ZRX,60,20250210,160000,0.0651,0.0651,0.0651,0.0651,264727,0
ZRX,60,20250211,120000,0.075,0.075,0.075,0.075,90431,0
ZRX,60,20250211,160000,0.075,0.075,0.075,0.075,243150,0
ZRX,60,20250212,120000,0.0807,0.0807,0.0807,0.0807,11911,0
ZRX,60,20250212,160000,0.0806,0.0806,0.0806,0.0806,22786,0
ZRX,60,20250213,120000,0.0796,0.0796,0.0796,0.0796,63700,0
ZRX,60,20250213,160000,0.08,0.08,0.08,0.08,69500,0
ZRX,60,20250214,120000,0.0789,0.0789,0.0789,0.0789,64324,0
ZRX,60,20250214,160000,0.0691,0.0691,0.0691,0.0691,85000,0
ZRX,60,20250217,120000,0.0682,0.0682,0.0682,0.0682,89261,0
ZRX,60,20250217,160000,0.0732,0.0732,0.0732,0.0732,74460,0
ZRX,60,20250218,120000,0.0789,0.0789,0.0789,0.0789,14000,0
ZRX,60,20250218,160000,0.0701,0.0701,0.0701,0.0701,210527,0
ZRX,60,20250219,120000,0.0703,0.0703,0.0703,0.0703,70000,0
ZRX,60,20250219,160000,0.0719,0.0719,0.0719,0.0719,27001,0
ZRX,60,20250220,120000,0.0719,0.0719,0.0719,0.0719,11705,0
ZRX,60,20250220,160000,0.077,0.077,0.077,0.077,27650,0
ZRX,60,20250221,120000,0.0705,0.0705,0.0705,0.0705,94695,0
ZRX,60,20250221,160000,0.075,0.075,0.075,0.075,96000,0
ZRX,60,20250224,120000,0.0749,0.0749,0.0749,0.0749,15200,0
ZRX,60,20250224,160000,0.0749,0.0749,0.0749,0.0749,76666,0
ZRX,60,20250225,120000,0.0705,0.0705,0.0705,0.0705,21983,0
ZRX,60,20250225,160000,0.0701,0.0701,0.0701,0.0701,84610,0
ZRX,60,20250226,120000,0.0758,0.0758,0.0758,0.0758,67452,0
ZRX,60,20250226,160000,0.0769,0.0769,0.0769,0.0769,39267,0
ZRX,60,20250227,120000,0.0768,0.0768,0.0768,0.0768,4355,0
ZRX,60,20250227,160000,0.0746,0.0746,0.0746,0.0746,34000,0
ZRX,60,20250228,120000,0.075,0.075,0.075,0.075,73200,0
ZRX,60,20250228,160000,0.075,0.075,0.075,0.075,12000,0
ZRX,60,20250303,120000,0.076,0.076,0.076,0.076,76213,0
ZRX,60,20250303,160000,0.0766,0.0766,0.0766,0.0766,63545,0
ZRX,60,20250304,120000,0.0702,0.0702,0.0702,0.0702,59280,0
ZRX,60,20250304,160000,0.0748,0.0748,0.0748,0.0748,7200,0
ZRX,60,20250305,120000,0.0745,0.0745,0.0745,0.0745,21880,0
ZRX,60,20250305,160000,0.071,0.071,0.071,0.071,45000,0
ZRX,60,20250306,120000,0.0741,0.0741,0.0741,0.0741,544,0
ZRX,60,20250306,160000,0.0701,0.0701,0.0701,0.0701,85676,0
ZRX,60,20250307,120000,0.0741,0.0741,0.0741,0.0741,114864,0
ZRX,60,20250307,160000,0.0749,0.0749,0.0749,0.0749,38200,0
ZRX,60,20250310,120000,0.075,0.075,0.075,0.075,13000,0
ZRX,60,20250310,160000,0.075,0.075,0.075,0.075,14412,0
ZRX,60,20250311,120000,0.0749,0.0749,0.0749,0.0749,3426,0
ZRX,60,20250311,160000,0.071,0.071,0.071,0.071,63500,0
ZRX,60,20250313,120000,0.0749,0.0749,0.0749,0.0749,30012,0
ZRX,60,20250313,160000,0.0748,0.0748,0.0748,0.0748,6500,0
ZRX,60,20250314,120000,0.075,0.075,0.075,0.075,2222,0
ZRX,60,20250314,160000,0.075,0.075,0.075,0.075,62730,0
ZRX,60,20250317,120000,0.0766,0.0766,0.0766,0.0766,64766,0
ZRX,60,20250317,160000,0.0765,0.0765,0.0765,0.0765,70830,0
ZRX,60,20250318,120000,0.0766,0.0766,0.0766,0.0766,15000,0
ZRX,60,20250319,160000,0.074,0.074,0.074,0.074,37500,0
ZRX,60,20250320,120000,0.0766,0.0766,0.0766,0.0766,184581,0
ZRX,60,20250320,160000,0.0772,0.0772,0.0772,0.0772,159333,0
ZRX,60,20250321,120000,0.079,0.079,0.079,0.079,50000,0
ZRX,60,20250321,160000,0.076,0.076,0.076,0.076,137645,0
ZRX,60,20250324,120000,0.0791,0.0791,0.0791,0.0791,148221,0
ZRX,60,20250324,160000,0.0795,0.0795,0.0795,0.0795,7628,0
ZRX,60,20250325,120000,0.0791,0.0791,0.0791,0.0791,78586,0
ZRX,60,20250325,160000,0.079,0.079,0.079,0.079,14000,0
ZRX,60,20250327,120000,0.0741,0.0775,0.0741,0.0775,40500,0
ZRX,60,20250327,160000,0.0749,0.0749,0.0749,0.0749,12000,0
ZRX,60,20250328,120000,0.072,0.072,0.072,0.072,105464,0
ZRX,60,20250328,160000,0.075,0.075,0.075,0.075,143333,0
ZRX,60,20250331,120000,0.075,0.075,0.075,0.075,24800,0
ZRX,60,20250331,160000,0.0702,0.0702,0.0702,0.0702,38400,0
ZRX,60,20250401,120000,0.0796,0.0796,0.0796,0.0796,15833,0
ZRX,60,20250401,160000,0.0706,0.0706,0.0706,0.0706,87410,0
ZRX,60,20250402,120000,0.0738,0.0738,0.0738,0.0738,15600,0
ZRX,60,20250402,160000,0.0738,0.0738,0.0738,0.0738,10000,0
ZRX,60,20250404,120000,0.077,0.077,0.0758,0.0758,19755,0
ZRX,60,20250408,160000,0.0756,0.0768,0.0738,0.0768,173792,0
ZRX,60,20250409,120000,0.074,0.074,0.074,0.074,4222,0
ZRX,60,20250411,160000,0.0702,0.075,0.0702,0.075,125611,0
ZRX,60,20250414,120000,0.0702,0.0702,0.0702,0.0702,45800,0
ZRX,60,20250414,160000,0.0748,0.0748,0.0748,0.0748,3000,0
ZRX,60,20250415,120000,0.0744,0.0744,0.0744,0.0744,5070,0
ZRX,60,20250415,160000,0.0702,0.0702,0.0702,0.0702,39700,0
ZRX,60,20250416,120000,0.0736,0.0736,0.0736,0.0736,57000,0
ZRX,60,20250416,160000,0.0736,0.0736,0.0736,0.0736,46362,0
ZRX,60,20250417,120000,0.074,0.074,0.074,0.074,500,0
ZRX,60,20250417,160000,0.0702,0.0702,0.0702,0.0702,50000,0
ZRX,60,20250422,120000,0.068,0.068,0.068,0.068,48700,0
ZRX,60,20250422,160000,0.075,0.075,0.075,0.075,21111,0
ZRX,60,20250423,120000,0.0738,0.0738,0.0738,0.0738,5000,0
ZRX,60,20250423,160000,0.0702,0.0702,0.0702,0.0702,48000,0
ZRX,60,20250424,120000,0.0736,0.0736,0.0736,0.0736,10711,0
ZRX,60,20250424,160000,0.0736,0.0736,0.0736,0.0736,11600,0
ZRX,60,20250425,120000,0.072,0.072,0.072,0.072,33000,0
ZRX,60,20250425,160000,0.0748,0.0748,0.0748,0.0748,22600,0
ZRX,60,20250428,120000,0.0676,0.0676,0.0676,0.0676,75450,0
ZRX,60,20250428,160000,0.067,0.067,0.067,0.067,87000,0
ZRX,60,20250429,120000,0.067,0.067,0.067,0.067,180487,0
ZRX,60,20250429,160000,0.068,0.068,0.068,0.068,100000,0
ZRX,60,20250430,120000,0.068,0.068,0.068,0.068,129181,0
ZRX,60,20250430,160000,0.0728,0.0728,0.0728,0.0728,34169,0
ZRX,60,20250502,120000,0.068,0.068,0.068,0.068,161388,0
ZRX,60,20250502,160000,0.068,0.068,0.068,0.068,53201,0
ZRX,60,20250505,120000,0.0666,0.0666,0.0666,0.0666,250000,0
ZRX,60,20250505,160000,0.07,0.07,0.07,0.07,85322,0
ZRX,60,20250506,120000,0.07,0.07,0.07,0.07,32800,0
ZRX,60,20250506,160000,0.07,0.07,0.07,0.07,33500,0
ZRX,60,20250507,120000,0.07,0.07,0.07,0.07,3333,0
ZRX,60,20250507,160000,0.0666,0.0666,0.0666,0.0666,78000,0
ZRX,60,20250508,120000,0.0698,0.0698,0.0698,0.0698,4135,0
ZRX,60,20250508,160000,0.0666,0.0666,0.0666,0.0666,67000,0
ZRX,60,20250509,120000,0.0666,0.0666,0.0666,0.0666,16000,0
ZRX,60,20250509,160000,0.07,0.07,0.07,0.07,81000,0
ZRX,60,20250512,120000,0.0668,0.0668,0.0668,0.0668,118250,0
ZRX,60,20250512,160000,0.0666,0.0666,0.0666,0.0666,39850,0
ZRX,60,20250513,120000,0.0698,0.0698,0.0698,0.0698,46409,0
ZRX,60,20250513,160000,0.0668,0.0668,0.0668,0.0668,38200,0
ZRX,60,20250514,120000,0.0696,0.0696,0.0696,0.0696,72000,0
ZRX,60,20250514,160000,0.067,0.067,0.067,0.067,121333,0
ZRX,60,20250515,120000,0.067,0.067,0.067,0.067,31200,0
ZRX,60,20250515,160000,0.0668,0.0668,0.0668,0.0668,38800,0
ZRX,60,20250516,120000,0.0666,0.0666,0.0666,0.0666,106268,0
ZRX,60,20250516,160000,0.0666,0.0666,0.0666,0.0666,75855,0
ZRX,60,20250519,120000,0.0666,0.0666,0.0666,0.0666,59045,0
ZRX,60,20250519,160000,0.0666,0.0666,0.0666,0.0666,15000,0
ZRX,60,20250520,120000,0.0666,0.0666,0.0666,0.0666,3000,0
ZRX,60,20250520,160000,0.0666,0.0666,0.0666,0.0666,65986,0
ZRX,60,20250521,120000,0.0666,0.0666,0.0666,0.0666,52545,0
ZRX,60,20250521,160000,0.065,0.065,0.065,0.065,59800,0
ZRX,60,20250522,120000,0.065,0.065,0.065,0.065,48153,0
ZRX,60,20250522,160000,0.0688,0.0688,0.0688,0.0688,38522,0
ZRX,60,20250523,120000,0.069,0.069,0.069,0.069,34922,0
ZRX,60,20250523,160000,0.069,0.069,0.069,0.069,7000,0
ZRX,60,20250526,120000,0.0688,0.0688,0.0688,0.0688,32300,0
ZRX,60,20250526,160000,0.06,0.06,0.06,0.06,144781,0
ZRX,60,20250527,120000,0.062,0.062,0.062,0.062,30000,0
ZRX,60,20250527,160000,0.068,0.068,0.068,0.068,18409,0
ZRX,60,20250528,120000,0.0614,0.0614,0.0614,0.0614,39680,0
ZRX,60,20250528,160000,0.0678,0.0678,0.0678,0.0678,36183,0
ZRX,60,20250529,120000,0.068,0.068,0.068,0.068,10200,0
ZRX,60,20250529,160000,0.068,0.068,0.068,0.068,53800,0
ZRX,60,20250530,120000,0.0624,0.0624,0.0624,0.0624,152900,0
ZRX,60,20250530,160000,0.07,0.07,0.07,0.07,489206,0
ZRX,60,20250602,120000,0.072,0.072,0.072,0.072,98916,0
ZRX,60,20250602,160000,0.066,0.066,0.066,0.066,278404,0
ZRX,60,20250603,120000,0.065,0.065,0.065,0.065,121650,0
ZRX,60,20250603,160000,0.07,0.07,0.07,0.07,28000,0
ZRX,60,20251230,120000,0.0668,0.0668,0.0668,0.0668,536053,0
ZRX,60,20251230,160000,0.082,0.082,0.082,0.082,992679,0
