<TICKER>,<PER>,<DATE>,<TIME>,<OPEN>,<HIGH>,<LOW>,<CLOSE>,<VOL>,<OPENINT>
INTLCCC69567.PL,5,20250718,110000,9.5,9.5,9.5,9.5,538,0
INTLCCC69567.PL,5,20250718,154000,10.04,10.04,10.04,10.04,1109,0
INTLCCC69567.PL,5,20250718,155500,10.02,10.02,10.02,10.02,650,0
INTLCCC69567.PL,5,20250722,103500,9.69,9.69,9.69,9.69,200,0
INTLCCC69567.PL,5,20250725,104000,9.56,9.56,9.56,9.56,200,0
INTLCCC69567.PL,5,20250729,140000,8.59,8.59,8.59,8.59,231,0
INTLCCC69567.PL,5,20250731,163500,8.07,8.07,8.07,8.07,185,0
INTLCCC69567.PL,5,20250801,160000,7.59,7.59,7.59,7.59,262,0
INTLCCC69567.PL,5,20250805,133000,7.27,7.27,7.27,7.27,136,0
INTLCCC69567.PL,5,20250807,164500,7.29,7.29,7.29,7.29,353,0
INTLCCC69567.PL,5,20250808,091500,7.1,7.1,7.1,7.1,400,0
INTLCCC69567.PL,5,20250808,125500,5.6,5.6,5.6,5.6,2000,0
INTLCCC69567.PL,5,20250808,131000,6.24,6.24,6.24,6.24,384,0
INTLCCC69567.PL,5,20250808,131500,6.38,6.38,6.38,6.38,318,0
INTLCCC69567.PL,5,20250808,132000,6.4,6.4,6.38,6.38,2405,0
INTLCCC69567.PL,5,20250808,150500,6.07,6.07,6.07,6.07,2000,0
INTLCCC69567.PL,5,20250808,161500,6.19,6.19,6.19,6.19,400,0
INTLCCC69567.PL,5,20250808,162000,6.1,6.1,6.1,6.1,162,0
INTLCCC69567.PL,5,20250811,094000,6.21,6.21,6.21,6.21,300,0
INTLCCC69567.PL,5,20250811,164500,5.96,5.96,5.96,5.96,100,0
INTLCCC69567.PL,5,20250812,091000,6.16,6.16,6.16,6.16,100,0
INTLCCC69567.PL,5,20250812,091500,6.06,6.06,6.06,6.06,100,0
INTLCCC69567.PL,5,20250812,131500,5.74,5.74,5.74,5.74,1650,0
INTLCCC69567.PL,5,20250813,091000,5.39,5.39,5.39,5.39,405,0
INTLCCC69567.PL,5,20250813,091500,5.41,5.41,5.41,5.41,702,0
INTLCCC69567.PL,5,20250813,120500,5.5,5.5,5.5,5.5,489,0
INTLCCC69567.PL,5,20250813,163000,5.24,5.24,5.24,5.24,189,0
INTLCCC69567.PL,5,20250814,095000,5.3,5.3,5.3,5.3,1879,0
INTLCCC69567.PL,5,20250814,113000,5.17,5.17,5.17,5.17,1971,0
INTLCCC69567.PL,5,20250814,125500,5.15,5.15,5.15,5.15,1602,0
INTLCCC69567.PL,5,20250814,164500,5.17,5.17,5.17,5.17,150,0
INTLCCC69567.PL,5,20250818,100500,5.44,5.44,5.44,5.44,3000,0
INTLCCC69567.PL,5,20250818,111000,5.3,5.3,5.3,5.3,1971,0
INTLCCC69567.PL,5,20250819,091000,5.65,5.65,5.65,5.65,1650,0
INTLCCC69567.PL,5,20250819,125500,6.42,6.42,6.42,6.42,3307,0
INTLCCC69567.PL,5,20250819,160500,6.46,6.46,6.46,6.46,200,0
INTLCCC69567.PL,5,20250820,090500,6.22,6.22,6.22,6.22,489,0
INTLCCC69567.PL,5,20250826,150000,6.52,6.52,6.52,6.52,1050,0
INTLCCC69567.PL,5,20250827,160000,6.04,6.04,6.04,6.04,200,0
INTLCCC69567.PL,5,20250828,105500,5.55,5.55,5.55,5.55,1760,0
INTLCCC69567.PL,5,20250828,110500,5.57,5.57,5.57,5.57,200,0
INTLCCC69567.PL,5,20250828,130000,5.63,5.63,5.63,5.63,300,0
INTLCCC69567.PL,5,20250829,101000,5.29,5.29,5.29,5.29,3000,0
INTLCCC69567.PL,5,20250829,164000,5.55,5.55,5.55,5.55,1422,0
INTLCCC69567.PL,5,20250902,144000,5.65,5.65,5.65,5.65,1760,0
INTLCCC69567.PL,5,20250902,154500,5.91,5.91,5.91,5.91,400,0
INTLCCC69567.PL,5,20250903,123500,6,6,6,6,500,0
INTLCCC69567.PL,5,20250903,144000,5.88,5.88,5.88,5.88,300,0
INTLCCC69567.PL,5,20250903,155000,5.76,5.76,5.76,5.76,250,0
INTLCCC69567.PL,5,20250908,134500,6.01,6.01,6.01,6.01,550,0
INTLCCC69567.PL,5,20250909,090500,5.99,5.99,5.99,5.99,170,0
INTLCCC69567.PL,5,20250910,161000,6.38,6.38,6.38,6.38,170,0
INTLCCC69567.PL,5,20250911,100500,7.1,7.1,7.1,7.1,500,0
INTLCCC69567.PL,5,20250911,155500,7.19,7.19,7.19,7.19,300,0
INTLCCC69567.PL,5,20250919,100000,6.72,6.72,6.72,6.72,388,0
INTLCCC69567.PL,5,20250919,100500,6.74,6.74,6.74,6.74,744,0
INTLCCC69567.PL,5,20250919,101000,6.75,6.75,6.75,6.75,446,0
INTLCCC69567.PL,5,20250919,122000,6.82,6.82,6.82,6.82,747,0
INTLCCC69567.PL,5,20250919,122500,6.85,6.85,6.85,6.85,451,0
INTLCCC69567.PL,5,20250922,090500,6.85,6.85,6.85,6.85,525,0
INTLCCC69567.PL,5,20251003,091000,5.57,5.57,5.57,5.57,50,0
INTLCCC69567.PL,5,20251003,092500,5.64,5.71,5.64,5.71,950,0
INTLCCC69567.PL,5,20251003,095500,5.7,5.7,5.7,5.7,1223,0
INTLCCC69567.PL,5,20251003,144000,5.69,5.69,5.69,5.69,3307,0
INTLCCC69567.PL,5,20251006,091000,5.8,5.8,5.8,5.8,1000,0
INTLCCC69567.PL,5,20251006,164500,5.18,5.18,5.18,5.18,500,0
INTLCCC69567.PL,5,20251007,103500,5.27,5.27,5.27,5.27,3000,0
INTLCCC69567.PL,5,20251007,153000,4.85,4.85,4.85,4.85,3000,0
INTLCCC69567.PL,5,20251008,155500,4.45,4.45,4.45,4.45,4700,0
INTLCCC69567.PL,5,20251009,100000,3.92,3.92,3.92,3.92,800,0
INTLCCC69567.PL,5,20251009,101000,3.82,3.82,3.82,3.82,800,0
INTLCCC69567.PL,5,20251009,103500,3.63,3.63,3.63,3.63,1800,0
INTLCCC69567.PL,5,20251009,113500,3.79,3.79,3.79,3.79,800,0
INTLCCC69567.PL,5,20251009,115500,3.86,3.86,3.86,3.86,800,0
INTLCCC69567.PL,5,20251009,123000,3.93,3.93,3.93,3.93,800,0
INTLCCC69567.PL,5,20251009,123500,3.91,3.91,3.91,3.91,1000,0
INTLCCC69567.PL,5,20251009,150000,3.91,3.91,3.91,3.91,500,0
INTLCCC69567.PL,5,20251009,164000,4.33,4.33,4.33,4.33,1000,0
INTLCCC69567.PL,5,20251010,093000,4.41,4.41,4.41,4.41,1000,0
INTLCCC69567.PL,5,20251010,125500,4.54,4.54,4.54,4.54,878,0
INTLCCC69567.PL,5,20251014,131500,4.31,4.31,4.31,4.31,693,0
INTLCCC69567.PL,5,20251014,143000,4.36,4.36,4.36,4.36,170,0
INTLCCC69567.PL,5,20251016,094500,3.42,3.42,3.42,3.42,1000,0
INTLCCC69567.PL,5,20251016,095000,3.42,3.42,2.89,2.91,24901,0
INTLCCC69567.PL,5,20251016,095500,2.96,2.96,2.65,2.82,14995,0
INTLCCC69567.PL,5,20251016,100000,2.73,2.73,2.51,2.52,21460,0
