<TICKER>,<PER>,<DATE>,<TIME>,<OPEN>,<HIGH>,<LOW>,<CLOSE>,<VOL>,<OPENINT>
INTLBCO83220.PL,5,20250707,092500,2.17,2.17,2.17,2.17,10000,0
INTLBCO83220.PL,5,20250707,093500,2.19,2.19,2.19,2.19,31,0
INTLBCO83220.PL,5,20250707,102000,2.06,2.06,2.06,2.06,10000,0
INTLBCO83220.PL,5,20250707,102500,2.13,2.13,2.13,2.13,1000,0
INTLBCO83220.PL,5,20250707,103500,2.17,2.17,2.17,2.17,1000,0
INTLBCO83220.PL,5,20250707,110500,2.29,2.29,2.29,2.29,172,0
INTLBCO83220.PL,5,20250707,112500,2.25,2.25,2.25,2.25,600,0
INTLBCO83220.PL,5,20250707,120000,2.37,2.37,2.37,2.37,800,0
INTLBCO83220.PL,5,20250707,161000,2.4,2.4,2.4,2.4,6000,0
INTLBCO83220.PL,5,20250707,162500,2.49,2.49,2.49,2.49,30,0
INTLBCO83220.PL,5,20250707,163500,2.55,2.55,2.55,2.55,500,0
INTLBCO83220.PL,5,20250707,164000,2.58,2.58,2.58,2.58,600,0
INTLBCO83220.PL,5,20250707,164500,2.58,2.58,2.55,2.55,15000,0
INTLBCO83220.PL,5,20250708,092000,2.63,2.63,2.63,2.63,1000,0
INTLBCO83220.PL,5,20250708,093500,2.65,2.65,2.65,2.65,172,0
INTLBCO83220.PL,5,20250708,100000,2.53,2.55,2.53,2.55,5000,0
INTLBCO83220.PL,5,20250708,100500,2.54,2.54,2.54,2.54,596,0
INTLBCO83220.PL,5,20250708,112000,2.55,2.55,2.55,2.55,1500,0
INTLBCO83220.PL,5,20250708,123500,2.61,2.61,2.61,2.61,1450,0
INTLBCO83220.PL,5,20250708,125000,2.64,2.64,2.64,2.64,400,0
INTLBCO83220.PL,5,20250708,130000,2.64,2.64,2.64,2.64,750,0
INTLBCO83220.PL,5,20250708,133500,2.64,2.64,2.64,2.64,1450,0
INTLBCO83220.PL,5,20250708,134000,2.67,2.67,2.67,2.67,500,0
INTLBCO83220.PL,5,20250708,143500,2.67,2.67,2.67,2.67,1500,0
INTLBCO83220.PL,5,20250708,144500,2.68,2.68,2.68,2.68,20800,0
INTLBCO83220.PL,5,20250708,150500,2.62,2.62,2.61,2.61,13200,0
INTLBCO83220.PL,5,20250708,160000,2.56,2.56,2.56,2.56,596,0
INTLBCO83220.PL,5,20250708,161000,2.68,2.7,2.68,2.7,2200,0
INTLBCO83220.PL,5,20250708,161500,2.72,2.72,2.72,2.72,650,0
INTLBCO83220.PL,5,20250708,163000,2.73,2.73,2.73,2.73,600,0
INTLBCO83220.PL,5,20250708,164000,2.75,2.75,2.75,2.75,25000,0
INTLBCO83220.PL,5,20250709,092000,2.84,2.84,2.84,2.84,30,0
INTLBCO83220.PL,5,20250709,094500,2.99,2.99,2.99,2.99,10000,0
INTLBCO83220.PL,5,20250709,102000,3,3,3,3,1200,0
INTLBCO83220.PL,5,20250709,102500,3,3,3,3,10000,0
INTLBCO83220.PL,5,20250709,103500,3.05,3.05,3.05,3.05,320,0
INTLBCO83220.PL,5,20250709,113000,2.94,2.94,2.94,2.94,1200,0
INTLBCO83220.PL,5,20250709,130000,2.93,2.93,2.93,2.93,3000,0
INTLBCO83220.PL,5,20250709,144500,2.82,2.82,2.82,2.82,847,0
INTLBCO83220.PL,5,20250709,151000,2.8,2.8,2.8,2.8,400,0
INTLBCO83220.PL,5,20250709,151500,2.75,2.75,2.75,2.75,400,0
INTLBCO83220.PL,5,20250709,164500,2.8,2.8,2.79,2.79,4047,0
INTLBCO83220.PL,5,20250710,150500,2.52,2.52,2.52,2.52,1000,0
INTLBCO83220.PL,5,20250710,152000,2.41,2.41,2.41,2.41,1000,0
INTLBCO83220.PL,5,20250710,153500,2.41,2.41,2.41,2.41,563,0
INTLBCO83220.PL,5,20250710,161000,2.51,2.51,2.51,2.51,176,0
INTLBCO83220.PL,5,20250710,162500,2.49,2.49,2.49,2.49,1000,0
INTLBCO83220.PL,5,20250710,163500,2.51,2.51,2.51,2.51,563,0
INTLBCO83220.PL,5,20250711,093500,2.46,2.46,2.46,2.46,587,0
INTLBCO83220.PL,5,20250711,100500,2.37,2.37,2.37,2.37,1000,0
INTLBCO83220.PL,5,20250711,131500,2.47,2.47,2.47,2.47,1000,0
INTLBCO83220.PL,5,20250711,133500,2.57,2.57,2.57,2.57,587,0
INTLBCO83220.PL,5,20250711,154000,2.67,2.67,2.67,2.67,51,0
INTLBCO83220.PL,5,20250714,160500,2.89,2.89,2.89,2.89,300,0
INTLBCO83220.PL,5,20250715,091500,2.3,2.3,2.3,2.3,30,0
INTLBCO83220.PL,5,20250715,164000,2.46,2.46,2.46,2.46,600,0
INTLBCO83220.PL,5,20250716,102500,2.29,2.29,2.29,2.29,400,0
INTLBCO83220.PL,5,20250716,110000,2.29,2.29,2.29,2.29,4482,0
INTLBCO83220.PL,5,20250716,110500,2.23,2.23,2.23,2.23,200,0
INTLBCO83220.PL,5,20250716,113500,2.26,2.26,2.26,2.26,852,0
INTLBCO83220.PL,5,20250716,115000,2.28,2.28,2.28,2.28,400,0
INTLBCO83220.PL,5,20250716,153000,2.1,2.1,2.1,2.1,700,0
INTLBCO83220.PL,5,20250716,163000,2.11,2.11,2.11,2.11,425,0
INTLBCO83220.PL,5,20250716,164000,2.05,2.05,2.05,2.05,500,0
INTLBCO83220.PL,5,20250716,164500,2.1,2.1,2.1,2.1,700,0
INTLBCO83220.PL,5,20250717,092000,2.3,2.3,2.3,2.3,427,0
INTLBCO83220.PL,5,20250717,094000,2.21,2.21,2.21,2.21,500,0
INTLBCO83220.PL,5,20250717,103000,2.27,2.27,2.27,2.27,10000,0
INTLBCO83220.PL,5,20250717,110000,2.22,2.22,2.22,2.22,5000,0
INTLBCO83220.PL,5,20250717,150000,2.31,2.31,2.31,2.31,15000,0
INTLBCO83220.PL,5,20250717,153500,2.27,2.27,2.27,2.27,854,0
INTLBCO83220.PL,5,20250718,095000,2.74,2.74,2.74,2.74,4482,0
INTLBCO83220.PL,5,20250718,150500,2.83,2.83,2.83,2.83,1760,0
INTLBCO83220.PL,5,20250721,160000,2.3,2.3,2.3,2.3,13000,0
INTLBCO83220.PL,5,20250722,095500,2.28,2.28,2.28,2.28,500,0
INTLBCO83220.PL,5,20250722,100000,2.22,2.22,2.22,2.22,500,0
INTLBCO83220.PL,5,20250722,103000,2.31,2.31,2.31,2.31,400,0
INTLBCO83220.PL,5,20250722,132500,2.29,2.29,2.29,2.29,400,0
INTLBCO83220.PL,5,20250723,114500,2.2,2.2,2.2,2.2,10000,0
INTLBCO83220.PL,5,20250723,121500,2.17,2.17,2.17,2.17,250,0
INTLBCO83220.PL,5,20250723,135000,2.15,2.15,2.15,2.15,741,0
INTLBCO83220.PL,5,20250723,163000,2.19,2.19,2.19,2.19,741,0
INTLBCO83220.PL,5,20250724,092000,2.43,2.43,2.43,2.43,3000,0
INTLBCO83220.PL,5,20250724,092500,2.43,2.43,2.43,2.43,3000,0
INTLBCO83220.PL,5,20250724,093500,2.47,2.47,2.47,2.47,3300,0
INTLBCO83220.PL,5,20250724,162000,2.52,2.52,2.52,2.52,50,0
INTLBCO83220.PL,5,20250725,101500,2.56,2.56,2.56,2.56,250,0
INTLBCO83220.PL,5,20250725,153000,2.53,2.53,2.53,2.53,3350,0
INTLBCO83220.PL,5,20250728,100500,2.33,2.33,2.33,2.33,611,0
INTLBCO83220.PL,5,20250728,105500,2.45,2.45,2.45,2.45,611,0
INTLBCO83220.PL,5,20250729,103000,2.96,2.96,2.96,2.96,176,0
INTLBCO83220.PL,5,20250729,143500,3.05,3.05,3.05,3.05,430,0
INTLBCO83220.PL,5,20250730,111500,3.61,3.61,3.61,3.61,20800,0
INTLBCO83220.PL,5,20250731,091000,4.06,4.06,4.06,4.06,1400,0
INTLBCO83220.PL,5,20250731,094500,4.09,4.09,4.09,4.09,1400,0
INTLBCO83220.PL,5,20250801,090500,3.81,3.81,3.81,3.81,20,0
INTLBCO83220.PL,5,20250804,091000,3.01,3.01,3.01,3.01,200,0
INTLBCO83220.PL,5,20250804,130000,2.57,2.57,2.57,2.57,80,0
INTLBCO83220.PL,5,20250804,140000,2.5,2.5,2.5,2.5,100,0
INTLBCO83220.PL,5,20250804,143500,2.49,2.49,2.49,2.49,318,0
INTLBCO83220.PL,5,20250804,150000,2.42,2.42,2.42,2.42,200,0
INTLBCO83220.PL,5,20250804,161500,2.5,2.5,2.5,2.5,100,0
INTLBCO83220.PL,5,20250804,162000,2.49,2.49,2.49,2.49,200,0
INTLBCO83220.PL,5,20250807,092500,2.12,2.12,2.12,2.12,100,0
INTLBCO83220.PL,5,20250807,093500,2.13,2.13,2.13,2.13,100,0
INTLBCO83220.PL,5,20250807,100500,1.9,1.91,1.9,1.91,400,0
INTLBCO83220.PL,5,20250807,101000,1.9,1.9,1.88,1.88,300,0
INTLBCO83220.PL,5,20250807,102500,2,2,1.98,1.98,300,0
INTLBCO83220.PL,5,20250807,103000,1.94,1.94,1.94,1.94,13000,0
INTLBCO83220.PL,5,20250807,113500,2.03,2.03,2.02,2.02,400,0
INTLBCO83220.PL,5,20250807,115000,2.06,2.06,2.06,2.06,13000,0
INTLBCO83220.PL,5,20250807,125500,2.16,2.16,2.16,2.16,1618,0
INTLBCO83220.PL,5,20250807,130000,2.13,2.13,2.13,2.13,893,0
INTLBCO83220.PL,5,20250807,162500,1.88,1.88,1.88,1.88,1760,0
INTLBCO83220.PL,5,20250807,164500,1.9,1.9,1.88,1.88,500,0
INTLBCO83220.PL,5,20250808,090500,1.59,1.59,1.59,1.59,200,0
INTLBCO83220.PL,5,20250808,091000,1.6,1.6,1.6,1.6,20,0
INTLBCO83220.PL,5,20250808,100000,1.78,1.78,1.78,1.78,14000,0
INTLBCO83220.PL,5,20250808,110000,1.86,1.86,1.86,1.86,115,0
INTLBCO83220.PL,5,20250808,110500,1.84,1.84,1.84,1.84,2511,0
INTLBCO83220.PL,5,20250808,120000,1.91,1.91,1.91,1.91,14000,0
INTLBCO83220.PL,5,20250808,161500,1.54,1.54,1.54,1.54,10000,0
INTLBCO83220.PL,5,20250808,162000,1.6,1.6,1.6,1.6,380,0
INTLBCO83220.PL,5,20250808,164000,1.7,1.7,1.7,1.7,10000,0
INTLBCO83220.PL,5,20250811,090500,1.58,1.58,1.58,1.58,5,0
INTLBCO83220.PL,5,20250811,100500,1.58,1.58,1.58,1.58,18500,0
INTLBCO83220.PL,5,20250811,103000,1.65,1.68,1.65,1.68,18615,0
INTLBCO83220.PL,5,20250811,141500,1.97,1.97,1.97,1.97,2,0
INTLBCO83220.PL,5,20250812,125500,1.88,1.88,1.88,1.88,10000,0
INTLBCO83220.PL,5,20250812,132500,1.76,1.76,1.76,1.76,10000,0
INTLBCO83220.PL,5,20250812,140000,1.71,1.71,1.71,1.71,10000,0
INTLBCO83220.PL,5,20250812,144000,1.66,1.66,1.66,1.66,2500,0
INTLBCO83220.PL,5,20250812,161000,1.72,1.72,1.72,1.72,8561,0
INTLBCO83220.PL,5,20250812,162000,1.75,1.75,1.75,1.75,8561,0
INTLBCO83220.PL,5,20250812,164500,1.74,1.74,1.74,1.74,32500,0
INTLBCO83220.PL,5,20250813,092000,1.59,1.59,1.59,1.59,17900,0
INTLBCO83220.PL,5,20250813,100000,1.55,1.55,1.55,1.55,2000,0
INTLBCO83220.PL,5,20250813,102500,1.53,1.53,1.5,1.5,38600,0
INTLBCO83220.PL,5,20250813,103000,1.49,1.49,1.49,1.49,500,0
INTLBCO83220.PL,5,20250813,105000,1.45,1.45,1.45,1.45,200,0
INTLBCO83220.PL,5,20250813,111000,1.58,1.58,1.58,1.58,3,0
INTLBCO83220.PL,5,20250813,115500,1.53,1.53,1.53,1.53,27000,0
INTLBCO83220.PL,5,20250813,142500,1.62,1.62,1.62,1.62,2000,0
INTLBCO83220.PL,5,20250813,145000,1.65,1.66,1.65,1.66,27000,0
INTLBCO83220.PL,5,20250813,164000,1.48,1.48,1.48,1.48,2001,0
INTLBCO83220.PL,5,20250813,164500,1.36,1.36,1.36,1.36,2003,0
INTLBCO83220.PL,5,20250814,090500,1.6,1.6,1.6,1.6,4004,0
INTLBCO83220.PL,5,20250814,091500,1.6,1.6,1.6,1.6,18000,0
INTLBCO83220.PL,5,20250814,100000,1.56,1.56,1.56,1.56,1000,0
INTLBCO83220.PL,5,20250814,101000,1.54,1.54,1.54,1.54,11000,0
INTLBCO83220.PL,5,20250814,104000,1.6,1.6,1.6,1.6,1300,0
INTLBCO83220.PL,5,20250814,114500,1.59,1.59,1.59,1.59,1300,0
INTLBCO83220.PL,5,20250814,120000,1.6,1.6,1.6,1.6,29000,0
INTLBCO83220.PL,5,20250814,124500,1.48,1.48,1.48,1.48,1000,0
INTLBCO83220.PL,5,20250814,130000,1.46,1.46,1.46,1.46,100,0
INTLBCO83220.PL,5,20250814,135500,1.57,1.57,1.57,1.57,1000,0
INTLBCO83220.PL,5,20250814,144500,1.59,1.59,1.59,1.59,5000,0
INTLBCO83220.PL,5,20250814,163500,1.73,1.73,1.73,1.73,1145,0
INTLBCO83220.PL,5,20250818,093500,1.51,1.51,1.51,1.51,1000,0
INTLBCO83220.PL,5,20250818,100500,1.49,1.49,1.49,1.49,8558,0
INTLBCO83220.PL,5,20250818,150500,1.5,1.5,1.5,1.5,300,0
INTLBCO83220.PL,5,20250818,154000,1.43,1.43,1.43,1.43,10000,0
INTLBCO83220.PL,5,20250818,161500,1.38,1.38,1.38,1.38,300,0
INTLBCO83220.PL,5,20250818,164000,1.55,1.55,1.55,1.55,10000,0
INTLBCO83220.PL,5,20250818,164500,1.57,1.57,1.57,1.57,1726,0
INTLBCO83220.PL,5,20250819,091500,1.59,1.59,1.59,1.59,8558,0
INTLBCO83220.PL,5,20250819,104500,1.56,1.56,1.56,1.56,8621,0
INTLBCO83220.PL,5,20250819,113000,1.54,1.54,1.54,1.54,20000,0
INTLBCO83220.PL,5,20250819,114500,1.58,1.58,1.58,1.58,8621,0
INTLBCO83220.PL,5,20250819,125000,1.5,1.5,1.5,1.5,9066,0
INTLBCO83220.PL,5,20250819,130500,1.5,1.5,1.5,1.5,100,0
INTLBCO83220.PL,5,20250819,131500,1.52,1.52,1.52,1.52,100,0
INTLBCO83220.PL,5,20250819,134500,1.6,1.6,1.6,1.6,9066,0
INTLBCO83220.PL,5,20250819,150000,1.5,1.5,1.5,1.5,100,0
INTLBCO83220.PL,5,20250819,150500,1.49,1.49,1.49,1.49,20000,0
INTLBCO83220.PL,5,20250819,151000,1.48,1.48,1.48,1.48,100,0
INTLBCO83220.PL,5,20250819,151500,1.49,1.49,1.49,1.49,9599,0
INTLBCO83220.PL,5,20250819,153500,1.55,1.55,1.55,1.55,40000,0
INTLBCO83220.PL,5,20250819,154500,1.57,1.57,1.57,1.57,9599,0
INTLBCO83220.PL,5,20250819,155500,1.56,1.56,1.56,1.56,9651,0
INTLBCO83220.PL,5,20250819,161000,1.55,1.55,1.55,1.55,300,0
INTLBCO83220.PL,5,20250819,162000,1.63,1.63,1.63,1.63,1726,0
INTLBCO83220.PL,5,20250820,091000,1.72,1.72,1.72,1.72,9651,0
INTLBCO83220.PL,5,20250820,121000,1.71,1.71,1.71,1.71,789,0
INTLBCO83220.PL,5,20250820,154500,1.81,1.81,1.81,1.81,10,0
INTLBCO83220.PL,5,20250820,155000,1.77,1.77,1.77,1.77,789,0
INTLBCO83220.PL,5,20250821,090500,2.08,2.08,2.08,2.08,1,0
INTLBCO83220.PL,5,20250821,101500,2.05,2.05,2.05,2.05,6400,0
INTLBCO83220.PL,5,20250821,112000,2.12,2.12,2.12,2.12,1600,0
INTLBCO83220.PL,5,20250821,121500,2.12,2.12,2.12,2.12,15,0
INTLBCO83220.PL,5,20250821,154000,1.92,1.92,1.92,1.92,1200,0
INTLBCO83220.PL,5,20250821,164500,2.05,2.05,2.05,2.05,2800,0
INTLBCO83220.PL,5,20250822,100500,2.24,2.24,2.24,2.24,5000,0
INTLBCO83220.PL,5,20250825,102000,2.3,2.3,2.3,2.3,888,0
INTLBCO83220.PL,5,20250825,152500,2.42,2.42,2.42,2.42,500,0
INTLBCO83220.PL,5,20250826,122000,2.23,2.23,2.23,2.23,525,0
INTLBCO83220.PL,5,20250826,150000,2.24,2.24,2.24,2.24,525,0
INTLBCO83220.PL,5,20250826,153500,2.26,2.26,2.26,2.26,750,0
INTLBCO83220.PL,5,20250827,093000,2,2,2,2,344,0
INTLBCO83220.PL,5,20250827,100000,2.01,2.01,2.01,2.01,1784,0
INTLBCO83220.PL,5,20250827,103000,1.97,1.97,1.97,1.97,2534,0
INTLBCO83220.PL,5,20250827,112000,1.94,1.94,1.94,1.94,5100,0
INTLBCO83220.PL,5,20250827,121000,2.01,2.01,2.01,2.01,2495,0
INTLBCO83220.PL,5,20250827,123000,1.98,1.98,1.98,1.98,5100,0
INTLBCO83220.PL,5,20250827,123500,1.95,1.95,1.95,1.95,2495,0
INTLBCO83220.PL,5,20250827,153500,2.11,2.11,2.11,2.11,2200,0
INTLBCO83220.PL,5,20250827,164000,2.21,2.21,2.21,2.21,600,0
INTLBCO83220.PL,5,20250827,164500,2.2,2.2,2.2,2.2,794,0
INTLBCO83220.PL,5,20250828,092500,2.14,2.16,2.14,2.16,5890,0
INTLBCO83220.PL,5,20250828,093500,2.2,2.2,2.2,2.2,710,0
INTLBCO83220.PL,5,20250828,094500,2.25,2.25,2.25,2.25,2000,0
INTLBCO83220.PL,5,20250828,095000,2.21,2.21,2.21,2.21,750,0
INTLBCO83220.PL,5,20250828,102500,2.14,2.14,2.14,2.14,2150,0
INTLBCO83220.PL,5,20250828,103000,2.15,2.15,2.15,2.15,2100,0
INTLBCO83220.PL,5,20250828,122500,2.23,2.23,2.23,2.23,2500,0
INTLBCO83220.PL,5,20250828,133500,2.29,2.29,2.29,2.29,2000,0
INTLBCO83220.PL,5,20250828,160500,2.12,2.12,2.1,2.1,4100,0
INTLBCO83220.PL,5,20250828,161000,2.1,2.1,2.1,2.1,2100,0
INTLBCO83220.PL,5,20250828,162000,2.12,2.12,2.12,2.12,2000,0
INTLBCO83220.PL,5,20250829,091000,2.33,2.33,2.33,2.33,500,0
INTLBCO83220.PL,5,20250829,095500,2.4,2.4,2.4,2.4,2500,0
INTLBCO83220.PL,5,20250829,130000,2.42,2.42,2.42,2.42,2000,0
INTLBCO83220.PL,5,20250829,135000,2.4,2.4,2.4,2.4,888,0
INTLBCO83220.PL,5,20250829,160500,2.35,2.35,2.35,2.35,5000,0
INTLBCO83220.PL,5,20250829,162000,2.33,2.33,2.33,2.33,254,0
INTLBCO83220.PL,5,20250829,163000,2.26,2.26,2.26,2.26,2100,0
INTLBCO83220.PL,5,20250829,163500,2.27,2.27,2.27,2.27,1768,0
INTLBCO83220.PL,5,20250829,164500,2.3,2.3,2.3,2.3,2100,0
INTLBCO83220.PL,5,20250901,091000,2.4,2.4,2.4,2.4,1768,0
INTLBCO83220.PL,5,20250901,105500,2.44,2.44,2.44,2.44,4000,0
INTLBCO83220.PL,5,20250901,112500,2.56,2.56,2.56,2.56,833,0
INTLBCO83220.PL,5,20250901,120000,2.53,2.53,2.53,2.53,888,0
INTLBCO83220.PL,5,20250901,150000,2.55,2.55,2.55,2.55,833,0
INTLBCO83220.PL,5,20250901,155000,2.61,2.61,2.61,2.61,1000,0
INTLBCO83220.PL,5,20250901,160000,2.6,2.61,2.6,2.61,400,0
INTLBCO83220.PL,5,20250901,161500,2.56,2.56,2.56,2.56,200,0
INTLBCO83220.PL,5,20250901,162000,2.54,2.54,2.54,2.54,1345,0
INTLBCO83220.PL,5,20250901,164500,2.55,2.55,2.55,2.55,1300,0
INTLBCO83220.PL,5,20250902,090500,2.74,2.75,2.74,2.75,2073,0
INTLBCO83220.PL,5,20250902,091000,2.75,2.75,2.75,2.75,1300,0
INTLBCO83220.PL,5,20250902,093500,2.75,2.75,2.75,2.75,1050,0
INTLBCO83220.PL,5,20250902,103000,2.82,2.82,2.82,2.82,1050,0
INTLBCO83220.PL,5,20250902,120500,3.04,3.04,3.04,3.04,254,0
INTLBCO83220.PL,5,20250902,123000,3.01,3.01,3.01,3.01,1210,0
INTLBCO83220.PL,5,20250902,141500,2.92,2.92,2.92,2.92,2100,0
INTLBCO83220.PL,5,20250902,142500,2.91,2.91,2.91,2.91,2200,0
INTLBCO83220.PL,5,20250902,143000,2.85,2.85,2.85,2.85,1210,0
INTLBCO83220.PL,5,20250902,150000,2.57,2.57,2.57,2.57,2000,0
INTLBCO83220.PL,5,20250902,154500,2.64,2.64,2.64,2.64,1200,0
INTLBCO83220.PL,5,20250902,164500,2.71,2.71,2.71,2.71,600,0
INTLBCO83220.PL,5,20250903,092500,2.8,2.8,2.8,2.8,6000,0
INTLBCO83220.PL,5,20250903,094500,2.79,2.79,2.79,2.79,600,0
INTLBCO83220.PL,5,20250903,123500,2.46,2.46,2.46,2.46,800,0
INTLBCO83220.PL,5,20250903,125000,2.4,2.4,2.4,2.4,1200,0
INTLBCO83220.PL,5,20250903,130500,2.47,2.47,2.47,2.47,1000,0
INTLBCO83220.PL,5,20250903,133000,2.51,2.51,2.51,2.51,5000,0
INTLBCO83220.PL,5,20250903,135000,2.46,2.46,2.46,2.46,500,0
INTLBCO83220.PL,5,20250903,140500,2.46,2.46,2.46,2.46,5000,0
INTLBCO83220.PL,5,20250903,144500,2.49,2.49,2.49,2.49,500,0
INTLBCO83220.PL,5,20250903,161500,2.36,2.36,2.36,2.36,5000,0
INTLBCO83220.PL,5,20250903,162500,2.35,2.35,2.35,2.35,5000,0
INTLBCO83220.PL,5,20250903,163000,2.33,2.33,2.33,2.33,1888,0
INTLBCO83220.PL,5,20250904,091000,2.07,2.07,2.07,2.07,10000,0
INTLBCO83220.PL,5,20250904,123000,2.04,2.04,2.04,2.04,2000,0
INTLBCO83220.PL,5,20250904,124500,1.99,1.99,1.99,1.99,7001,0
INTLBCO83220.PL,5,20250904,131000,2.06,2.06,2.06,2.06,2001,0
INTLBCO83220.PL,5,20250904,133000,2.11,2.11,2.11,2.11,2000,0
INTLBCO83220.PL,5,20250904,150000,2,2,2,2,1000,0
INTLBCO83220.PL,5,20250904,150500,1.98,1.98,1.98,1.98,2000,0
INTLBCO83220.PL,5,20250904,151000,1.89,1.89,1.89,1.89,30000,0
INTLBCO83220.PL,5,20250904,153500,2.07,2.07,2.07,2.07,2000,0
INTLBCO83220.PL,5,20250905,092000,2,2,2,2,8000,0
INTLBCO83220.PL,5,20250905,095000,2.02,2.02,2.02,2.02,505,0
INTLBCO83220.PL,5,20250905,104500,2.08,2.08,2.08,2.08,1700,0
INTLBCO83220.PL,5,20250905,110000,2.09,2.09,2.09,2.09,954,0
INTLBCO83220.PL,5,20250905,113000,2.02,2.02,2.02,2.02,1700,0
INTLBCO83220.PL,5,20250905,120000,2.08,2.08,2.08,2.08,1700,0
INTLBCO83220.PL,5,20250905,125500,1.9,1.9,1.9,1.9,1700,0
INTLBCO83220.PL,5,20250905,130000,1.92,1.92,1.92,1.92,1301,0
INTLBCO83220.PL,5,20250905,143500,1.84,1.84,1.84,1.84,950,0
INTLBCO83220.PL,5,20250905,144500,1.82,1.82,1.82,1.82,2000,0
INTLBCO83220.PL,5,20250905,145000,1.8,1.8,1.62,1.62,2030,0
INTLBCO83220.PL,5,20250905,145500,1.66,1.66,1.66,1.66,773,0
INTLBCO83220.PL,5,20250905,150500,1.62,1.62,1.62,1.62,2651,0
INTLBCO83220.PL,5,20250905,160000,1.56,1.56,1.56,1.56,800,0
INTLBCO83220.PL,5,20250905,164500,1.52,1.52,1.52,1.52,800,0
INTLBCO83220.PL,5,20250908,090500,1.98,1.98,1.97,1.98,5069,0
INTLBCO83220.PL,5,20250908,092500,1.95,1.95,1.95,1.95,700,0
INTLBCO83220.PL,5,20250908,093000,1.92,1.92,1.92,1.92,505,0
INTLBCO83220.PL,5,20250908,103000,1.95,1.96,1.95,1.96,3301,0
INTLBCO83220.PL,5,20250908,110000,1.97,1.97,1.97,1.97,750,0
INTLBCO83220.PL,5,20250908,155500,1.72,1.72,1.72,1.72,800,0
INTLBCO83220.PL,5,20250908,161000,1.75,1.75,1.75,1.75,800,0
INTLBCO83220.PL,5,20250908,164000,1.7,1.7,1.7,1.7,888,0
INTLBCO83220.PL,5,20250909,090500,1.94,1.94,1.94,1.94,888,0
INTLBCO83220.PL,5,20250909,112500,1.97,1.97,1.97,1.97,100,0
INTLBCO83220.PL,5,20250909,115500,1.88,1.88,1.88,1.88,100,0
INTLBCO83220.PL,5,20250909,120500,1.91,1.91,1.91,1.91,525,0
INTLBCO83220.PL,5,20250909,151500,2.14,2.14,2.14,2.14,525,0
INTLBCO83220.PL,5,20250909,154000,2.07,2.07,2.07,2.07,100,0
INTLBCO83220.PL,5,20250909,163500,2.1,2.1,2.1,2.1,1000,0
INTLBCO83220.PL,5,20250910,090500,2.11,2.11,2.1,2.1,5100,0
INTLBCO83220.PL,5,20250910,094000,2.05,2.05,2.05,2.05,5000,0
INTLBCO83220.PL,5,20250910,100000,2.07,2.07,2.07,2.07,525,0
INTLBCO83220.PL,5,20250910,102000,2.11,2.11,2.11,2.11,10000,0
INTLBCO83220.PL,5,20250910,113500,2.04,2.04,2.04,2.04,5000,0
INTLBCO83220.PL,5,20250910,160000,2.13,2.13,2.13,2.13,2710,0
INTLBCO83220.PL,5,20250910,161500,2.14,2.14,2.14,2.14,5000,0
INTLBCO83220.PL,5,20250910,163000,2.06,2.08,2.06,2.08,10525,0
INTLBCO83220.PL,5,20250911,094000,2.26,2.26,2.26,2.26,2270,0
INTLBCO83220.PL,5,20250911,125500,2.12,2.12,2.12,2.12,50,0
INTLBCO83220.PL,5,20250911,132500,2.08,2.08,2.08,2.08,80,0
INTLBCO83220.PL,5,20250911,142000,2.03,2.03,2,2,100,0
INTLBCO83220.PL,5,20250911,143000,1.96,1.96,1.96,1.96,50,0
INTLBCO83220.PL,5,20250911,150500,1.93,1.93,1.85,1.85,3218,0
INTLBCO83220.PL,5,20250911,151000,1.81,1.85,1.81,1.81,2206,0
INTLBCO83220.PL,5,20250911,151500,1.89,1.89,1.89,1.89,1888,0
INTLBCO83220.PL,5,20250911,155500,1.93,1.93,1.93,1.93,766,0
INTLBCO83220.PL,5,20250911,164000,1.83,1.83,1.83,1.83,1888,0
INTLBCO83220.PL,5,20250912,090500,1.69,1.69,1.69,1.69,30,0
INTLBCO83220.PL,5,20250912,092500,1.67,1.67,1.67,1.67,100,0
INTLBCO83220.PL,5,20250912,114500,2.02,2.02,2.02,2.02,200,0
INTLBCO83220.PL,5,20250912,115000,2.02,2.02,2.02,2.02,500,0
INTLBCO83220.PL,5,20250912,123000,2.05,2.05,2.05,2.05,551,0
INTLBCO83220.PL,5,20250912,131500,2.2,2.2,2.2,2.2,2710,0
INTLBCO83220.PL,5,20250912,132500,2.22,2.22,2.22,2.22,1888,0
INTLBCO83220.PL,5,20250912,142500,2.37,2.37,2.37,2.37,2270,0
INTLBCO83220.PL,5,20250915,124000,2.1,2.1,2.1,2.1,948,0
INTLBCO83220.PL,5,20250915,134000,2.17,2.17,2.17,2.17,948,0
INTLBCO83220.PL,5,20250915,142500,2.12,2.12,2.12,2.12,1888,0
INTLBCO83220.PL,5,20250915,143500,2.14,2.14,2.14,2.14,120,0
INTLBCO83220.PL,5,20250915,161000,2.28,2.28,2.28,2.28,888,0
INTLBCO83220.PL,5,20250916,090500,2.15,2.15,2.15,2.15,973,0
INTLBCO83220.PL,5,20250916,091000,2.12,2.12,2.12,2.12,516,0
INTLBCO83220.PL,5,20250916,111500,2.13,2.13,2.13,2.13,4000,0
INTLBCO83220.PL,5,20250916,130000,2.21,2.21,2.21,2.21,1489,0
INTLBCO83220.PL,5,20250916,153000,2.5,2.5,2.5,2.5,1000,0
INTLBCO83220.PL,5,20250916,153500,2.5,2.5,2.5,2.5,4000,0
INTLBCO83220.PL,5,20250917,101000,2.45,2.45,2.45,2.45,2710,0
INTLBCO83220.PL,5,20250917,103500,2.41,2.41,2.41,2.41,954,0
INTLBCO83220.PL,5,20250917,113500,2.43,2.43,2.43,2.43,1000,0
INTLBCO83220.PL,5,20250917,123500,2.35,2.36,2.35,2.36,1986,0
INTLBCO83220.PL,5,20250917,153500,2.56,2.56,2.56,2.56,7750,0
INTLBCO83220.PL,5,20250917,163000,2.6,2.6,2.6,2.6,3323,0
INTLBCO83220.PL,5,20250918,093500,2.28,2.28,2.28,2.28,1084,0
INTLBCO83220.PL,5,20250918,102000,2.38,2.38,2.38,2.38,750,0
INTLBCO83220.PL,5,20250918,102500,2.38,2.38,2.38,2.38,1084,0
INTLBCO83220.PL,5,20250918,110000,2.4,2.4,2.4,2.4,2075,0
INTLBCO83220.PL,5,20250918,110500,2.39,2.39,2.39,2.39,2609,0
INTLBCO83220.PL,5,20250918,111500,2.32,2.32,2.32,2.32,2752,0
INTLBCO83220.PL,5,20250918,113500,2.29,2.29,2.29,2.29,2752,0
INTLBCO83220.PL,5,20250918,134000,2.52,2.52,2.52,2.52,4684,0
INTLBCO83220.PL,5,20250918,150500,2.39,2.39,2.39,2.39,1250,0
INTLBCO83220.PL,5,20250918,151000,2.46,2.46,2.46,2.46,1250,0
INTLBCO83220.PL,5,20250918,160500,2.48,2.48,2.48,2.48,750,0
INTLBCO83220.PL,5,20250919,090500,2.25,2.25,2.22,2.22,8000,0
INTLBCO83220.PL,5,20250919,092500,2.25,2.25,2.25,2.25,885,0
INTLBCO83220.PL,5,20250919,094500,2.18,2.18,2.18,2.18,5000,0
INTLBCO83220.PL,5,20250919,100000,2.15,2.15,2.15,2.15,5000,0
INTLBCO83220.PL,5,20250919,103000,2.1,2.1,2.1,2.1,15000,0
INTLBCO83220.PL,5,20250919,104000,2.13,2.13,2.13,2.13,5000,0
INTLBCO83220.PL,5,20250919,110500,2.07,2.07,2.07,2.07,5000,0
INTLBCO83220.PL,5,20250919,123500,2.05,2.05,2.05,2.05,5000,0
INTLBCO83220.PL,5,20250919,135500,2.15,2.15,2.15,2.15,5000,0
INTLBCO83220.PL,5,20250919,151500,2.08,2.08,2.08,2.08,5000,0
INTLBCO83220.PL,5,20250919,160000,2.04,2.04,2.04,2.04,5000,0
INTLBCO83220.PL,5,20250919,163000,2.17,2.17,2.17,2.17,10000,0
INTLBCO83220.PL,5,20250919,164000,2.06,2.06,2.06,2.06,967,0
INTLBCO83220.PL,5,20250922,092000,2.06,2.06,2.06,2.06,11,0
INTLBCO83220.PL,5,20250922,094500,2.15,2.15,2.15,2.15,15,0
INTLBCO83220.PL,5,20250922,095000,2.13,2.13,2.13,2.13,5000,0
INTLBCO83220.PL,5,20250922,100000,2.07,2.07,2.07,2.07,5000,0
INTLBCO83220.PL,5,20250922,111000,1.96,1.96,1.96,1.96,10000,0
INTLBCO83220.PL,5,20250922,122500,1.84,1.84,1.84,1.84,2000,0
INTLBCO83220.PL,5,20250922,131500,1.78,1.78,1.78,1.78,7500,0
INTLBCO83220.PL,5,20250922,133500,1.79,1.79,1.79,1.79,913,0
INTLBCO83220.PL,5,20250922,140500,1.76,1.76,1.76,1.76,502,0
INTLBCO83220.PL,5,20250922,142500,1.72,1.72,1.72,1.72,7500,0
INTLBCO83220.PL,5,20250922,150000,1.71,1.71,1.71,1.71,2041,0
INTLBCO83220.PL,5,20250922,150500,1.68,1.68,1.68,1.68,588,0
INTLBCO83220.PL,5,20250922,153500,1.77,1.77,1.77,1.77,5000,0
INTLBCO83220.PL,5,20250922,163000,1.82,1.82,1.82,1.82,1090,0
INTLBCO83220.PL,5,20250922,164500,1.84,1.84,1.84,1.84,5000,0
INTLBCO83220.PL,5,20250923,091000,1.81,1.81,1.81,1.81,5000,0
INTLBCO83220.PL,5,20250923,095000,1.85,1.85,1.85,1.85,2000,0
INTLBCO83220.PL,5,20250923,114500,2,2,2,2,1798,0
INTLBCO83220.PL,5,20250923,115500,1.99,1.99,1.99,1.99,2041,0
INTLBCO83220.PL,5,20250923,135500,2.13,2.13,2.13,2.13,888,0
INTLBCO83220.PL,5,20250923,151500,2.17,2.17,2.17,2.17,1626,0
INTLBCO83220.PL,5,20250923,160500,2.27,2.27,2.27,2.27,1626,0
INTLBCO83220.PL,5,20250923,164000,2.33,2.33,2.33,2.33,5000,0
INTLBCO83220.PL,5,20250924,090500,2.34,2.34,2.34,2.34,800,0
INTLBCO83220.PL,5,20250924,091500,2.34,2.34,2.34,2.34,5000,0
INTLBCO83220.PL,5,20250924,101500,2.36,2.36,2.36,2.36,5000,0
INTLBCO83220.PL,5,20250924,142500,2.63,2.63,2.63,2.63,135,0
INTLBCO83220.PL,5,20250924,155500,2.63,2.63,2.63,2.63,10750,0
INTLBCO83220.PL,5,20250925,104000,2.68,2.68,2.68,2.68,4000,0
INTLBCO83220.PL,5,20250925,105000,2.64,2.64,2.64,2.64,1000,0
INTLBCO83220.PL,5,20250925,105500,2.61,2.61,2.61,2.61,4000,0
INTLBCO83220.PL,5,20250925,124000,2.74,2.74,2.74,2.74,3000,0
INTLBCO83220.PL,5,20250925,162500,2.63,2.63,2.63,2.63,1300,0
INTLBCO83220.PL,5,20250925,164500,2.63,2.63,2.63,2.63,3000,0
INTLBCO83220.PL,5,20250926,105000,2.95,2.95,2.95,2.95,1300,0
INTLBCO83220.PL,5,20250926,122500,2.84,2.84,2.84,2.84,1200,0
INTLBCO83220.PL,5,20250926,133000,2.95,2.95,2.95,2.95,17000,0
INTLBCO83220.PL,5,20250926,140000,2.88,2.88,2.88,2.88,1200,0
INTLBCO83220.PL,5,20250926,150000,3,3.04,3,3.04,5967,0
INTLBCO83220.PL,5,20250926,162500,3.19,3.19,3.19,3.19,5000,0
INTLBCO83220.PL,5,20250929,091000,2.9,2.9,2.9,2.9,1202,0
INTLBCO83220.PL,5,20250929,092500,2.85,2.85,2.85,2.85,1499,0
INTLBCO83220.PL,5,20250929,100000,2.85,2.85,2.85,2.85,888,0
INTLBCO83220.PL,5,20250929,115500,2.74,2.74,2.74,2.74,3535,0
INTLBCO83220.PL,5,20250929,124000,2.69,2.69,2.69,2.69,2000,0
INTLBCO83220.PL,5,20250929,160500,2.43,2.43,2.43,2.43,620,0
INTLBCO83220.PL,5,20250929,162500,2.41,2.41,2.41,2.41,2002,0
INTLBCO83220.PL,5,20250929,164500,2.45,2.45,2.45,2.45,620,0
INTLBCO83220.PL,5,20250930,103500,2,2,2,2,2701,0
INTLBCO83220.PL,5,20250930,135500,1.96,1.96,1.96,1.96,1500,0
INTLBCO83220.PL,5,20250930,140500,1.87,1.87,1.87,1.87,1066,0
INTLBCO83220.PL,5,20250930,141500,1.9,1.9,1.9,1.9,891,0
INTLBCO83220.PL,5,20250930,143500,1.85,1.85,1.85,1.85,2003,0
INTLBCO83220.PL,5,20251001,093500,2.1,2.1,2.1,2.1,2003,0
INTLBCO83220.PL,5,20251001,101000,2.11,2.11,2.11,2.11,500,0
INTLBCO83220.PL,5,20251001,104000,1.84,1.85,1.84,1.85,2304,0
INTLBCO83220.PL,5,20251001,111000,1.83,1.83,1.83,1.83,3000,0
INTLBCO83220.PL,5,20251001,112500,1.74,1.74,1.74,1.74,3951,0
INTLBCO83220.PL,5,20251001,115000,1.72,1.72,1.72,1.72,600,0
INTLBCO83220.PL,5,20251001,120000,1.83,1.83,1.83,1.83,950,0
INTLBCO83220.PL,5,20251001,124000,1.95,1.95,1.95,1.95,5005,0
INTLBCO83220.PL,5,20251001,130500,1.83,1.83,1.83,1.83,3005,0
INTLBCO83220.PL,5,20251001,152000,1.71,1.71,1.71,1.71,3000,0
INTLBCO83220.PL,5,20251001,164500,1.73,1.73,1.73,1.73,2000,0
INTLBCO83220.PL,5,20251002,091000,1.69,1.69,1.69,1.69,500,0
INTLBCO83220.PL,5,20251002,094500,1.75,1.75,1.75,1.75,1000,0
INTLBCO83220.PL,5,20251002,101500,1.75,1.75,1.75,1.75,500,0
INTLBCO83220.PL,5,20251002,102000,1.76,1.76,1.76,1.76,564,0
INTLBCO83220.PL,5,20251002,122000,1.59,1.59,1.59,1.59,160,0
INTLBCO83220.PL,5,20251002,133500,1.54,1.54,1.54,1.54,1300,0
INTLBCO83220.PL,5,20251002,140500,1.57,1.57,1.57,1.57,1000,0
INTLBCO83220.PL,5,20251002,141500,1.58,1.58,1.58,1.58,629,0
INTLBCO83220.PL,5,20251002,144500,1.56,1.56,1.56,1.56,1050,0
INTLBCO83220.PL,5,20251002,150500,1.49,1.49,1.49,1.49,1025,0
INTLBCO83220.PL,5,20251002,154000,1.59,1.59,1.59,1.59,1000,0
INTLBCO83220.PL,5,20251002,160500,1.61,1.61,1.61,1.61,1050,0
INTLBCO83220.PL,5,20251002,161000,1.65,1.65,1.65,1.65,925,0
INTLBCO83220.PL,5,20251002,162000,1.5,1.52,1.5,1.52,1420,0
INTLBCO83220.PL,5,20251002,164500,1.42,1.42,1.42,1.42,2620,0
INTLBCO83220.PL,5,20251003,092000,1.45,1.45,1.45,1.45,1500,0
INTLBCO83220.PL,5,20251003,104000,1.53,1.53,1.53,1.53,1600,0
INTLBCO83220.PL,5,20251003,112000,1.48,1.48,1.48,1.48,891,0
INTLBCO83220.PL,5,20251003,115500,1.36,1.37,1.36,1.37,2230,0
INTLBCO83220.PL,5,20251003,124000,1.35,1.35,1.35,1.35,1600,0
INTLBCO83220.PL,5,20251003,131500,1.39,1.39,1.39,1.39,1000,0
INTLBCO83220.PL,5,20251003,134000,1.31,1.31,1.31,1.31,1030,0
INTLBCO83220.PL,5,20251003,151000,1.34,1.34,1.34,1.34,1500,0
INTLBCO83220.PL,5,20251003,151500,1.4,1.4,1.4,1.4,950,0
INTLBCO83220.PL,5,20251003,152500,1.36,1.36,1.36,1.36,1300,0
INTLBCO83220.PL,5,20251003,161000,1.44,1.44,1.44,1.44,1000,0
INTLBCO83220.PL,5,20251003,162000,1.44,1.44,1.44,1.44,950,0
INTLBCO83220.PL,5,20251003,164500,1.48,1.48,1.48,1.48,1376,0
INTLBCO83220.PL,5,20251006,092000,1.77,1.77,1.77,1.77,4000,0
INTLBCO83220.PL,5,20251006,100500,1.7,1.7,1.7,1.7,1000,0
INTLBCO83220.PL,5,20251006,104000,1.8,1.8,1.8,1.8,6005,0
INTLBCO83220.PL,5,20251006,104500,1.79,1.79,1.79,1.79,500,0
INTLBCO83220.PL,5,20251006,113000,1.79,1.79,1.79,1.79,3000,0
INTLBCO83220.PL,5,20251006,123000,1.8,1.8,1.8,1.8,1000,0
INTLBCO83220.PL,5,20251006,133500,1.65,1.65,1.65,1.65,780,0
INTLBCO83220.PL,5,20251006,155500,1.75,1.75,1.75,1.75,500,0
INTLBCO83220.PL,5,20251007,092500,1.75,1.75,1.75,1.75,1000,0
INTLBCO83220.PL,5,20251007,113000,1.6,1.6,1.6,1.6,950,0
INTLBCO83220.PL,5,20251007,131000,1.76,1.76,1.76,1.76,1750,0
INTLBCO83220.PL,5,20251007,132000,1.76,1.76,1.76,1.76,1785,0
INTLBCO83220.PL,5,20251007,150000,1.6,1.6,1.6,1.6,800,0
INTLBCO83220.PL,5,20251007,151000,1.48,1.56,1.48,1.56,3880,0
INTLBCO83220.PL,5,20251007,154000,1.71,1.71,1.7,1.7,1350,0
INTLBCO83220.PL,5,20251007,155000,1.74,1.74,1.74,1.74,1376,0
INTLBCO83220.PL,5,20251007,161000,1.59,1.59,1.59,1.59,1535,0
INTLBCO83220.PL,5,20251008,091000,1.96,1.96,1.96,1.96,5537,0
INTLBCO83220.PL,5,20251008,093500,1.95,1.95,1.95,1.95,600,0
INTLBCO83220.PL,5,20251008,102000,1.89,1.89,1.89,1.89,500,0
INTLBCO83220.PL,5,20251008,125500,1.97,1.97,1.97,1.97,500,0
INTLBCO83220.PL,5,20251008,145000,2.06,2.06,2.06,2.06,4000,0
INTLBCO83220.PL,5,20251008,151500,1.89,1.89,1.89,1.89,850,0
INTLBCO83220.PL,5,20251008,164500,1.95,1.95,1.95,1.95,500,0
INTLBCO83220.PL,5,20251009,092000,2.1,2.1,2.1,2.1,1249,0
INTLBCO83220.PL,5,20251009,092500,2.11,2.11,2.11,2.11,5000,0
INTLBCO83220.PL,5,20251009,110500,2.13,2.13,2.13,2.13,660,0
INTLBCO83220.PL,5,20251009,113000,2.06,2.06,2.06,2.06,660,0
INTLBCO83220.PL,5,20251009,114500,1.96,1.96,1.96,1.96,500,0
INTLBCO83220.PL,5,20251009,122500,1.91,1.91,1.91,1.91,600,0
INTLBCO83220.PL,5,20251009,124000,1.92,1.92,1.92,1.92,5000,0
INTLBCO83220.PL,5,20251009,130000,1.91,1.91,1.91,1.91,1249,0
INTLBCO83220.PL,5,20251009,144000,2.02,2.02,2.02,2.02,600,0
INTLBCO83220.PL,5,20251009,163000,1.89,1.89,1.89,1.89,10000,0
INTLBCO83220.PL,5,20251010,092000,1.52,1.52,1.52,1.52,950,0
INTLBCO83220.PL,5,20251010,092500,1.54,1.54,1.54,1.54,10000,0
INTLBCO83220.PL,5,20251010,095000,1.57,1.57,1.57,1.57,925,0
INTLBCO83220.PL,5,20251010,095500,1.53,1.53,1.53,1.53,500,0
INTLBCO83220.PL,5,20251010,100500,1.6,1.6,1.6,1.6,875,0
INTLBCO83220.PL,5,20251010,101500,1.61,1.61,1.6,1.6,1370,0
INTLBCO83220.PL,5,20251010,110500,1.47,1.47,1.47,1.47,2500,0
INTLBCO83220.PL,5,20251010,112000,1.46,1.46,1.46,1.46,1420,0
INTLBCO83220.PL,5,20251010,114000,1.55,1.55,1.55,1.55,1490,0
INTLBCO83220.PL,5,20251010,120500,1.45,1.45,1.45,1.45,12500,0
INTLBCO83220.PL,5,20251010,122000,1.41,1.41,1.41,1.41,3000,0
INTLBCO83220.PL,5,20251010,123500,1.37,1.37,1.37,1.37,2450,0
INTLBCO83220.PL,5,20251010,125500,1.35,1.35,1.35,1.35,2150,0
INTLBCO83220.PL,5,20251010,131500,1.4,1.4,1.4,1.4,1400,0
INTLBCO83220.PL,5,20251010,140000,1.3,1.32,1.3,1.32,7200,0
INTLBCO83220.PL,5,20251010,140500,1.29,1.29,1.29,1.29,3000,0
INTLBCO83220.PL,5,20251010,142500,1.3,1.3,1.3,1.3,2320,0
INTLBCO83220.PL,5,20251010,143500,1.28,1.28,1.28,1.28,1010,0
INTLBCO83220.PL,5,20251010,145000,1.2,1.21,1.17,1.17,17734,0
