<TICKER>,<PER>,<DATE>,<TIME>,<OPEN>,<HIGH>,<LOW>,<CLOSE>,<VOL>,<OPENINT>
INTLPGE82743.PL,5,20250708,162000,2.96,2.96,2.96,2.96,700,0
INTLPGE82743.PL,5,20250709,120500,3.26,3.26,3.26,3.26,2000,0
INTLPGE82743.PL,5,20250709,145000,3.32,3.32,3.32,3.32,5000,0
INTLPGE82743.PL,5,20250709,150500,3.32,3.32,3.32,3.32,1000,0
INTLPGE82743.PL,5,20250714,143500,3.23,3.23,3.23,3.23,6500,0
INTLPGE82743.PL,5,20250715,090500,3.5,3.5,3.5,3.5,1000,0
INTLPGE82743.PL,5,20250715,091000,3.54,3.54,3.54,3.54,1000,0
INTLPGE82743.PL,5,20250715,091500,3.63,3.63,3.63,3.63,10000,0
INTLPGE82743.PL,5,20250715,092500,3.64,3.64,3.64,3.64,10000,0
INTLPGE82743.PL,5,20250715,093000,3.6,3.6,3.6,3.6,2800,0
INTLPGE82743.PL,5,20250715,094500,3.67,3.67,3.67,3.67,10000,0
INTLPGE82743.PL,5,20250715,150000,3.41,3.41,3.41,3.41,1000,0
INTLPGE82743.PL,5,20250717,100500,3.66,3.66,3.66,3.66,325,0
INTLPGE82743.PL,5,20250718,093500,3.71,3.71,3.71,3.71,1400,0
INTLPGE82743.PL,5,20250718,120000,3.74,3.74,3.74,3.74,1400,0
INTLPGE82743.PL,5,20250721,092500,3.6,3.6,3.6,3.6,7000,0
INTLPGE82743.PL,5,20250725,104000,3.85,3.85,3.85,3.85,7800,0
INTLPGE82743.PL,5,20250725,104500,3.85,3.85,3.85,3.85,10000,0
INTLPGE82743.PL,5,20250725,105000,3.84,3.84,3.84,3.84,10552,0
INTLPGE82743.PL,5,20250729,152000,3.55,3.55,3.55,3.55,225,0
INTLPGE82743.PL,5,20250801,090500,3.3,3.3,3.3,3.3,874,0
INTLPGE82743.PL,5,20250807,105500,3.4,3.4,3.4,3.4,1040,0
INTLPGE82743.PL,5,20250902,143000,1.88,1.88,1.88,1.88,666,0
INTLPGE82743.PL,5,20250902,154500,1.94,1.94,1.94,1.94,280,0
INTLPGE82743.PL,5,20250902,155500,1.88,1.88,1.88,1.88,865,0
INTLPGE82743.PL,5,20250903,090500,2.08,2.08,2.08,2.08,831,0
INTLPGE82743.PL,5,20250904,105500,2.22,2.22,2.22,2.22,700,0
INTLPGE82743.PL,5,20250908,101000,2.61,2.61,2.61,2.61,1100,0
INTLPGE82743.PL,5,20250911,090500,2.35,2.35,2.35,2.35,417,0
INTLPGE82743.PL,5,20250912,091000,2.54,2.54,2.54,2.54,390,0
INTLPGE82743.PL,5,20250912,134000,2.43,2.43,2.43,2.43,1000,0
INTLPGE82743.PL,5,20250915,092500,2.61,2.61,2.61,2.61,4000,0
INTLPGE82743.PL,5,20250916,102000,2.51,2.51,2.51,2.51,5000,0
INTLPGE82743.PL,5,20250916,103500,2.5,2.5,2.5,2.5,807,0
INTLPGE82743.PL,5,20250917,114000,2.15,2.15,2.15,2.15,4000,0
INTLPGE82743.PL,5,20250922,134000,1.76,1.76,1.76,1.76,1000,0
INTLPGE82743.PL,5,20250924,121500,2.02,2.02,2.02,2.02,2482,0
INTLPGE82743.PL,5,20250929,112000,2.12,2.12,2.12,2.12,10000,0
INTLPGE82743.PL,5,20250929,164500,2.06,2.06,2.06,2.06,5000,0
INTLPGE82743.PL,5,20250930,151500,2.11,2.11,2.11,2.11,1276,0
INTLPGE82743.PL,5,20250930,161000,2.07,2.07,2.07,2.07,10000,0
INTLPGE82743.PL,5,20251001,164500,1.97,1.97,1.97,1.97,5000,0
INTLPGE82743.PL,5,20251002,091500,2.03,2.03,2.03,2.03,565,0
INTLPGE82743.PL,5,20251002,102000,1.98,1.99,1.98,1.99,10969,0
INTLPGE82743.PL,5,20251002,130000,2.14,2.14,2.14,2.14,534,0
INTLPGE82743.PL,5,20251003,090500,2.25,2.25,2.25,2.25,6000,0
INTLPGE82743.PL,5,20251003,094000,2.03,2.03,2.03,2.03,10000,0
INTLPGE82743.PL,5,20251003,102500,2.07,2.07,2.07,2.07,2500,0
INTLPGE82743.PL,5,20251003,103000,2.07,2.07,2.07,2.07,2500,0
INTLPGE82743.PL,5,20251003,145500,1.95,1.95,1.95,1.95,3758,0
INTLPGE82743.PL,5,20251003,153000,1.98,1.98,1.98,1.98,2500,0
INTLPGE82743.PL,5,20251003,153500,1.97,1.97,1.97,1.97,1000,0
INTLPGE82743.PL,5,20251006,140500,1.98,1.98,1.98,1.98,5000,0
INTLPGE82743.PL,5,20251006,154000,1.94,1.94,1.94,1.94,6000,0
INTLPGE82743.PL,5,20251007,122500,1.85,1.85,1.85,1.85,50,0
INTLPGE82743.PL,5,20251008,104000,1.87,1.87,1.87,1.87,5000,0
INTLPGE82743.PL,5,20251008,105500,1.83,1.83,1.83,1.83,6000,0
INTLPGE82743.PL,5,20251008,114000,1.86,1.86,1.86,1.86,1500,0
INTLPGE82743.PL,5,20251008,155000,1.79,1.79,1.79,1.79,5000,0
INTLPGE82743.PL,5,20251008,155500,1.81,1.81,1.81,1.81,1000,0
INTLPGE82743.PL,5,20251009,115500,1.92,1.92,1.92,1.92,1000,0
INTLPGE82743.PL,5,20251010,110000,1.79,1.79,1.79,1.79,9570,0
INTLPGE82743.PL,5,20251010,122000,1.8,1.8,1.8,1.8,50,0
INTLPGE82743.PL,5,20251010,132000,1.79,1.79,1.79,1.79,50,0
INTLPGE82743.PL,5,20251029,135000,2.7,2.7,2.69,2.69,11000,0
INTLPGE82743.PL,5,20251031,155500,2.49,2.49,2.49,2.49,1000,0
INTLPGE82743.PL,5,20251103,113000,2.45,2.45,2.45,2.45,1000,0
INTLPGE82743.PL,5,20251104,091500,2.37,2.37,2.37,2.37,1000,0
INTLPGE82743.PL,5,20251104,095500,2.43,2.43,2.43,2.43,1000,0
INTLPGE82743.PL,5,20251104,100500,2.46,2.46,2.46,2.46,1000,0
INTLPGE82743.PL,5,20251104,123000,2.49,2.49,2.49,2.49,1000,0
INTLPGE82743.PL,5,20251105,095000,2.68,2.68,2.68,2.68,1000,0
INTLPGE82743.PL,5,20251105,112000,2.63,2.63,2.63,2.63,500,0
INTLPGE82743.PL,5,20251105,112500,2.64,2.64,2.64,2.64,1000,0
INTLPGE82743.PL,5,20251105,113000,2.64,2.64,2.64,2.64,500,0
INTLPGE82743.PL,5,20251105,120000,2.7,2.7,2.7,2.7,1000,0
INTLPGE82743.PL,5,20251105,120500,2.72,2.72,2.72,2.72,1000,0
INTLPGE82743.PL,5,20251201,110500,0.76,0.76,0.76,0.76,20000,0
INTLPGE82743.PL,5,20251201,111000,0.78,0.78,0.78,0.78,10000,0
INTLPGE82743.PL,5,20251201,111500,0.77,0.77,0.75,0.75,40000,0
INTLPGE82743.PL,5,20251201,112000,0.71,0.71,0.71,0.71,6620,0
