<TICKER>,<PER>,<DATE>,<TIME>,<OPEN>,<HIGH>,<LOW>,<CLOSE>,<VOL>,<OPENINT>
INTSDAX75952.PL,5,20250707,090500,48.55,49.4,48.55,49.4,566,0
INTSDAX75952.PL,5,20250707,091000,48.85,48.85,48.1,48.1,120,0
INTSDAX75952.PL,5,20250707,091500,49.35,49.45,49.35,49.45,55,0
INTSDAX75952.PL,5,20250707,093000,49.55,49.55,49.2,49.2,65,0
INTSDAX75952.PL,5,20250707,095000,48.55,48.55,48.55,48.55,100,0
INTSDAX75952.PL,5,20250707,104000,48.55,48.55,48.25,48.25,95,0
INTSDAX75952.PL,5,20250707,110000,48.55,48.55,48.55,48.55,10,0
INTSDAX75952.PL,5,20250707,111000,47.85,47.85,47.85,47.85,477,0
INTSDAX75952.PL,5,20250707,113000,47.15,47.15,47.15,47.15,500,0
INTSDAX75952.PL,5,20250707,114500,46.45,46.45,46.45,46.45,110,0
INTSDAX75952.PL,5,20250707,115000,46,46,45.95,45.95,320,0
INTSDAX75952.PL,5,20250707,123500,45.85,45.85,45.85,45.85,50,0
INTSDAX75952.PL,5,20250707,125500,44.95,44.95,44.95,44.95,60,0
INTSDAX75952.PL,5,20250707,130000,44.4,44.4,44.4,44.4,750,0
INTSDAX75952.PL,5,20250707,130500,44.3,44.3,44.3,44.3,50,0
INTSDAX75952.PL,5,20250707,132000,43.85,43.85,43.85,43.85,5,0
INTSDAX75952.PL,5,20250707,133500,44.05,44.05,44.05,44.05,50,0
INTSDAX75952.PL,5,20250707,140000,43.45,43.45,43.45,43.45,10,0
INTSDAX75952.PL,5,20250707,142500,43.6,43.6,43.6,43.6,50,0
INTSDAX75952.PL,5,20250707,143000,43.4,43.4,43.4,43.4,50,0
INTSDAX75952.PL,5,20250707,150000,45.75,45.75,45.75,45.75,300,0
INTSDAX75952.PL,5,20250707,151000,45.85,45.85,45.85,45.85,1500,0
INTSDAX75952.PL,5,20250707,154500,43.4,43.4,42.35,42.35,205,0
INTSDAX75952.PL,5,20250707,155000,41.95,41.95,41.95,41.95,100,0
INTSDAX75952.PL,5,20250707,155500,41.9,41.9,41.45,41.8,155,0
INTSDAX75952.PL,5,20250707,163500,43,43,43,43,300,0
INTSDAX75952.PL,5,20250707,164000,42,42,42,42,100,0
INTSDAX75952.PL,5,20250707,164500,42,42.3,42,42.3,482,0
INTSDAX75952.PL,5,20250708,090500,39.8,40.5,39.8,40,906,0
INTSDAX75952.PL,5,20250708,092000,39.5,39.5,39.5,39.5,200,0
INTSDAX75952.PL,5,20250708,092500,39,39,39,39,25,0
INTSDAX75952.PL,5,20250708,093000,40,40,40,40,10,0
INTSDAX75952.PL,5,20250708,095500,37.9,37.9,37.8,37.8,415,0
INTSDAX75952.PL,5,20250708,100000,37.9,37.9,37.5,37.5,215,0
INTSDAX75952.PL,5,20250708,100500,38.45,38.45,38.45,38.45,41,0
INTSDAX75952.PL,5,20250708,102500,39.45,39.45,39.45,39.45,190,0
INTSDAX75952.PL,5,20250708,111000,37.55,37.9,37.55,37.9,1507,0
INTSDAX75952.PL,5,20250708,111500,36.95,36.95,36.95,36.95,20,0
INTSDAX75952.PL,5,20250708,114500,37.3,37.3,37.3,37.3,100,0
INTSDAX75952.PL,5,20250708,115000,37.55,37.55,37.55,37.55,100,0
INTSDAX75952.PL,5,20250708,120000,37.8,37.8,37.8,37.8,100,0
INTSDAX75952.PL,5,20250708,121000,37.4,37.4,37.4,37.4,100,0
INTSDAX75952.PL,5,20250708,122500,36.45,36.45,36.45,36.45,39,0
INTSDAX75952.PL,5,20250708,123500,36.45,36.45,35.8,35.8,160,0
INTSDAX75952.PL,5,20250708,124500,35.4,35.5,35.4,35.5,141,0
INTSDAX75952.PL,5,20250708,125000,35.5,35.5,35.5,35.5,13,0
INTSDAX75952.PL,5,20250708,125500,36.1,36.1,36.1,36.1,200,0
INTSDAX75952.PL,5,20250708,133500,37.5,37.5,37.5,37.5,50,0
INTSDAX75952.PL,5,20250708,134000,37.3,37.3,37.3,37.3,50,0
INTSDAX75952.PL,5,20250708,140000,39.5,40,39.5,40,225,0
INTSDAX75952.PL,5,20250708,141000,39.1,39.1,39.1,39.1,55,0
INTSDAX75952.PL,5,20250708,141500,39.4,39.4,39.4,39.4,25,0
INTSDAX75952.PL,5,20250708,142000,39.35,39.35,39.35,39.35,30,0
INTSDAX75952.PL,5,20250708,144000,38.95,38.95,38.95,38.95,55,0
INTSDAX75952.PL,5,20250708,144500,38.3,38.3,38.3,38.3,30,0
INTSDAX75952.PL,5,20250708,145000,37.9,37.9,37.9,37.9,39,0
INTSDAX75952.PL,5,20250708,150000,37.75,37.75,37.75,37.75,25,0
INTSDAX75952.PL,5,20250708,150500,37.6,37.6,37.4,37.4,49,0
INTSDAX75952.PL,5,20250708,152500,36.9,36.9,36.9,36.9,100,0
INTSDAX75952.PL,5,20250708,153000,37.35,37.35,37.35,37.35,100,0
INTSDAX75952.PL,5,20250708,155000,34,34,33.95,33.95,10006,0
INTSDAX75952.PL,5,20250708,160000,35.15,35.15,35.05,35.05,10148,0
INTSDAX75952.PL,5,20250708,160500,35.15,35.15,35.15,35.15,100,0
INTSDAX75952.PL,5,20250708,162000,34.4,34.4,34.4,34.4,37,0
INTSDAX75952.PL,5,20250708,162500,34.55,34.8,34.55,34.8,88,0
INTSDAX75952.PL,5,20250708,163000,33.7,33.95,33.7,33.95,100,0
INTSDAX75952.PL,5,20250708,164000,33.1,33.7,33.1,33.7,114,0
INTSDAX75952.PL,5,20250708,164500,34.5,34.5,33.4,33.4,750,0
INTSDAX75952.PL,5,20250709,091000,32.1,32.1,32.05,32.05,413,0
INTSDAX75952.PL,5,20250709,091500,32.35,32.35,32,32,1065,0
INTSDAX75952.PL,5,20250709,092000,30.95,30.95,30.65,30.65,1169,0
INTSDAX75952.PL,5,20250709,092500,30.5,30.8,30.5,30.8,167,0
INTSDAX75952.PL,5,20250709,093000,30.75,30.75,30.75,30.75,25,0
INTSDAX75952.PL,5,20250709,093500,31.2,31.2,30.85,30.85,69,0
INTSDAX75952.PL,5,20250709,094000,30.3,30.3,30.3,30.3,587,0
INTSDAX75952.PL,5,20250709,094500,29.8,29.8,29.35,29.35,2427,0
INTSDAX75952.PL,5,20250709,095000,29.3,29.3,29.3,29.3,114,0
INTSDAX75952.PL,5,20250709,095500,28.95,29.05,28.5,28.8,472,0
INTSDAX75952.PL,5,20250709,100000,29.05,29.05,28.05,28.05,2777,0
INTSDAX75952.PL,5,20250709,100500,28.2,28.2,27.9,27.9,1451,0
INTSDAX75952.PL,5,20250709,101000,28,28,27.45,27.45,1235,0
INTSDAX75952.PL,5,20250709,101500,27,27,26.25,26.25,196,0
INTSDAX75952.PL,5,20250709,102000,27,27.25,27,27.1,603,0
INTSDAX75952.PL,5,20250709,102500,27,27.05,26.65,26.75,994,0
INTSDAX75952.PL,5,20250709,103000,26.75,26.75,26.4,26.4,374,0
INTSDAX75952.PL,5,20250709,103500,27.25,27.25,27.25,27.25,50,0
INTSDAX75952.PL,5,20250709,105000,27.8,27.8,27.8,27.8,300,0
INTSDAX75952.PL,5,20250709,110500,26.95,26.95,26.95,26.95,75,0
INTSDAX75952.PL,5,20250709,111000,26.9,27.2,25.95,25.95,451,0
INTSDAX75952.PL,5,20250709,111500,25.25,25.5,23.95,24.75,11599,0
INTSDAX75952.PL,5,20250709,112000,24.45,24.45,24.45,24.45,50,0
INTSDAX75952.PL,5,20250709,113000,24.2,24.2,23.65,23.65,894,0
INTSDAX75952.PL,5,20250709,113500,23.7,24,23.7,23.9,1475,0
INTSDAX75952.PL,5,20250709,114000,23.4,23.4,23.25,23.25,1050,0
INTSDAX75952.PL,5,20250709,114500,23.25,23.7,23.25,23.35,306,0
INTSDAX75952.PL,5,20250709,115000,23.35,23.35,22.9,22.9,586,0
INTSDAX75952.PL,5,20250709,115500,23.65,23.75,23.6,23.75,39,0
INTSDAX75952.PL,5,20250709,120000,24,24,23.85,23.85,455,0
INTSDAX75952.PL,5,20250709,120500,24,24,24,24,400,0
INTSDAX75952.PL,5,20250709,121500,23.4,23.55,23.3,23.55,10,0
INTSDAX75952.PL,5,20250709,122000,23.5,23.5,23.5,23.5,8,0
INTSDAX75952.PL,5,20250709,122500,23.6,23.75,23.6,23.75,12,0
INTSDAX75952.PL,5,20250709,123000,23.9,24.6,23.9,24.2,539,0
INTSDAX75952.PL,5,20250709,123500,24,24.15,24,24.15,45,0
INTSDAX75952.PL,5,20250709,124000,24.25,24.5,24.25,24.5,380,0
INTSDAX75952.PL,5,20250709,124500,24.55,24.95,24.55,24.95,106,0
INTSDAX75952.PL,5,20250709,125500,23.9,23.9,23.9,23.9,420,0
INTSDAX75952.PL,5,20250709,130000,23.8,23.8,23.8,23.8,800,0
INTSDAX75952.PL,5,20250709,131000,23.25,23.25,23.25,23.25,3,0
INTSDAX75952.PL,5,20250709,131500,23.2,23.2,23.2,23.2,36,0
INTSDAX75952.PL,5,20250709,132500,22.5,22.5,22.5,22.5,800,0
INTSDAX75952.PL,5,20250709,134000,23.45,23.65,23.45,23.6,12,0
INTSDAX75952.PL,5,20250709,135500,22.25,22.25,22.25,22.25,20,0
INTSDAX75952.PL,5,20250709,140000,23.1,23.1,23.1,23.1,20,0
INTSDAX75952.PL,5,20250709,141000,22.4,22.4,21.35,21.7,4370,0
INTSDAX75952.PL,5,20250709,141500,22.4,22.4,22.4,22.4,88,0
INTSDAX75952.PL,5,20250709,142500,23,23,23,23,5,0
INTSDAX75952.PL,5,20250709,144000,22.9,22.9,22.9,22.9,40,0
INTSDAX75952.PL,5,20250709,145000,21.7,21.7,21.5,21.5,4253,0
