<TICKER>,<PER>,<DATE>,<TIME>,<OPEN>,<HIGH>,<LOW>,<CLOSE>,<VOL>,<OPENINT>
BRP,D,20220601,000000,16.77,16.77,9.36,9.44,36664,0
BRP,D,20220602,000000,9.7,10.66,9,9.518,7458,0
BRP,D,20220603,000000,9.52,9.52,8.93,8.99,1716,0
BRP,D,20220606,000000,9.31,10.4,9,9.35,4497,0
BRP,D,20220607,000000,9.56,9.88,9.41,9.5,857,0
BRP,D,20220608,000000,9.88,9.88,9.03,9.5,1057,0
BRP,D,20220609,000000,9.509,9.509,8.85,9.5,1416,0
BRP,D,20220610,000000,9.39,9.39,8.8,9.29,276,0
BRP,D,20220613,000000,9.29,9.29,7.67,7.978,2267,0
BRP,D,20220614,000000,7.978,7.978,6.383,6.759,5881,0
BRP,D,20220615,000000,6.35,6.798,5.9,6.329,2388,0
BRP,D,20220617,000000,6.329,6.329,5.9,6.299,726,0
BRP,D,20220620,000000,6.3,6.3,5.74,6.3,579,0
BRP,D,20220621,000000,6.3,7.54,6.02,7.54,520,0
BRP,D,20220622,000000,7.54,7.54,6.04,6.5,818,0
BRP,D,20220623,000000,6.5,7,5.88,7,880,0
BRP,D,20220624,000000,6.99,8,6.52,8,1157,0
BRP,D,20220627,000000,8.19,8.19,6.71,7.9,995,0
BRP,D,20220628,000000,7.89,7.89,6.8,7.88,552,0
BRP,D,20220629,000000,7.76,7.76,7.76,7.76,2,0
BRP,D,20220630,000000,7.73,7.73,6.62,7.69,1099,0
BRP,D,20220701,000000,7.68,7.68,7,7.3,1091,0
BRP,D,20220704,000000,7.379,7.379,7,7.35,584,0
BRP,D,20220705,000000,7.36,7.36,7.36,7.36,2,0
BRP,D,20220706,000000,6.98,6.98,6.25,6.98,1411,0
BRP,D,20220707,000000,6.98,6.98,6.5,6.97,990,0
BRP,D,20220708,000000,7,7.29,7,7.29,322,0
BRP,D,20220711,000000,7.66,7.66,6.8,7.4,563,0
BRP,D,20220712,000000,7.79,7.79,7.6,7.78,524,0
BRP,D,20220713,000000,7.77,8,6.9,8,2860,0
BRP,D,20220714,000000,8.95,8.95,7.16,7.5,2509,0
BRP,D,20220715,000000,7.599,7.6,6,6.498,7797,0
BRP,D,20220718,000000,6.498,6.5,6.498,6.5,1067,0
BRP,D,20220719,000000,6.79,6.79,4.65,5.13,16412,0
BRP,D,20220720,000000,5.09,5.09,4.121,4.896,13578,0
BRP,D,20220721,000000,4.5,4.88,4.5,4.8795,1676,0
BRP,D,20220722,000000,4.8795,5.77,4.59,5.77,3263,0
BRP,D,20220725,000000,5.76,5.79,4.9,5.79,1184,0
BRP,D,20220726,000000,5.79,5.94,5.3,5.94,1937,0
BRP,D,20220727,000000,5.9,7.9,5.4,7.9,4016,0
BRP,D,20220728,000000,7.79,7.79,6.24,7.78,2546,0
BRP,D,20220729,000000,7.78,7.78,7.21,7.76,1264,0
BRP,D,20220801,000000,7.74,8.76,7.2,8.76,3736,0
BRP,D,20220802,000000,8,8,6.4,6.98,10597,0
BRP,D,20220803,000000,7.08,7.08,6,6.39,7358,0
BRP,D,20220804,000000,6.86,6.86,6.35,6.78,1417,0
BRP,D,20220805,000000,6.78,6.82,6.78,6.82,652,0
BRP,D,20220808,000000,6.82,7.2,6.82,7.2,1399,0
BRP,D,20220809,000000,7.19,7.5,7.19,7.498,3118,0
BRP,D,20220810,000000,7.498,7.498,7.44,7.44,502,0
BRP,D,20220811,000000,7.441,8.94,7.44,7.7,2901,0
BRP,D,20220812,000000,7.7,8.6,7.52,8.6,1848,0
BRP,D,20220816,000000,8.2,8.2,7.002,8.199,1178,0
BRP,D,20220817,000000,8.2,8.75,8.15,8.75,5597,0
BRP,D,20220818,000000,8.98,8.999,8.1,8.999,2164,0
BRP,D,20220819,000000,9,9,8.2,8.2,697,0
BRP,D,20220822,000000,8.201,8.99,8.2,8.9,1182,0
BRP,D,20220823,000000,9,9,8.88,8.88,702,0
BRP,D,20220824,000000,8.88,8.88,8.88,8.88,2,0
BRP,D,20220825,000000,8.88,9.5,8.3,9.48,3371,0
BRP,D,20220826,000000,9.46,9.46,9.46,9.46,2,0
BRP,D,20220829,000000,9.49,9.49,8.9,9.37,622,0
BRP,D,20220830,000000,9.48,9.48,9.48,9.48,2,0
BRP,D,20220831,000000,9.5,9.5,9.5,9.5,2,0
BRP,D,20220901,000000,9.497,9.497,9.497,9.497,2,0
BRP,D,20220902,000000,9.497,9.497,9.4,9.4,43,0
BRP,D,20220905,000000,9.6,9.6,8.88,9.501,1334,0
BRP,D,20220906,000000,9.59,9.59,9.59,9.59,102,0
BRP,D,20220907,000000,9.51,9.51,9.51,9.51,5,0
BRP,D,20220908,000000,9.51,9.51,8.4,9.3,1563,0
BRP,D,20220909,000000,8.4,9.38,8.4,9.38,270,0
BRP,D,20220912,000000,9.4,9.4,9.4,9.4,2,0
BRP,D,20220913,000000,9.4,9.4,8.44,8.86,1583,0
BRP,D,20220914,000000,8.85,8.85,7.5,8.78,6246,0
BRP,D,20220915,000000,8.88,9.4,8.88,9.4,542,0
BRP,D,20220916,000000,9.4,9.4,8.66,9.29,629,0
BRP,D,20220919,000000,9.29,9.29,9.29,9.29,2,0
BRP,D,20220920,000000,8.69,9.27,8.69,9.27,502,0
BRP,D,20220921,000000,8.68,9.25,8.68,9.25,562,0
BRP,D,20220922,000000,8.68,9.25,8.68,9.25,402,0
BRP,D,20220923,000000,8.67,8.8,8.15,8.8,1607,0
BRP,D,20220926,000000,8.12,9.25,8.12,9.25,761,0
BRP,D,20220927,000000,8.15,8.8,8.15,8.8,1484,0
BRP,D,20220928,000000,9.1,9.13,8.5,9.13,723,0
BRP,D,20220929,000000,8.15,8.89,8.15,8.89,619,0
BRP,D,20220930,000000,9,9.178,8.21,9.178,1405,0
BRP,D,20221003,000000,8.25,9.13,8.2,9.13,1289,0
BRP,D,20221004,000000,8.25,8.98,8.25,8.98,945,0
BRP,D,20221005,000000,9.14,9.14,8.35,8.85,1577,0
BRP,D,20221006,000000,8.8,8.845,8.351,8.845,1631,0
BRP,D,20221007,000000,8.849,8.849,8.31,8.5,1170,0
BRP,D,20221010,000000,8.5,9,8.5,9,302,0
BRP,D,20221011,000000,9.278,9.278,8.79,8.79,142,0
BRP,D,20221012,000000,9.23,9.23,8.651,9.12,511,0
BRP,D,20221013,000000,9.24,9.24,9.24,9.24,1,0
BRP,D,20221014,000000,9.1,9.1,9.1,9.1,1,0
BRP,D,20221017,000000,9.1,9.1,8.55,9.1,516,0
BRP,D,20221018,000000,9.1,9.15,8.55,9.15,923,0
BRP,D,20221019,000000,9.15,9.15,8.56,9,1657,0
BRP,D,20221020,000000,9.15,9.15,8.5,8.65,1658,0
BRP,D,20221021,000000,8.601,8.74,8.601,8.74,321,0
BRP,D,20221024,000000,9.1,9.1,8.78,8.78,4,0
BRP,D,20221025,000000,8.38,8.95,8.38,8.95,570,0
BRP,D,20221026,000000,9.098,9.098,8.8,8.8,452,0
BRP,D,20221027,000000,8.8,8.8,8.3,8.78,1012,0
BRP,D,20221028,000000,8.35,8.53,8.35,8.53,1445,0
BRP,D,20221031,000000,8.53,8.53,8.53,8.53,2,0
BRP,D,20221102,000000,9,9,8.301,8.9,673,0
BRP,D,20221103,000000,8.35,8.9,8.34,8.9,1842,0
BRP,D,20221104,000000,8.8,8.8,8.35,8.54,1252,0
BRP,D,20221107,000000,8.54,8.54,8.301,8.49,423,0
BRP,D,20221108,000000,8.59,8.59,8.301,8.49,303,0
BRP,D,20221109,000000,8.31,8.4,8.2,8.4,846,0
BRP,D,20221110,000000,8.2,8.2,7.99,8.19,2225,0
BRP,D,20221114,000000,8.28,8.28,8,8,703,0
BRP,D,20221115,000000,7.9,8,7.9,8,430,0
BRP,D,20221116,000000,8.1,8.1,8,8,402,0
BRP,D,20221117,000000,8,8.4,7.85,8.4,1102,0
BRP,D,20221118,000000,8.399,8.989,8.399,8.989,789,0
BRP,D,20221121,000000,8.98,8.98,8.98,8.98,52,0
BRP,D,20221122,000000,8.98,8.98,8.98,8.98,2,0
BRP,D,20221123,000000,8.98,8.98,8.36,8.7,1077,0
BRP,D,20221124,000000,8.8,8.9,8.4,8.9,1002,0
BRP,D,20221125,000000,8.898,8.898,8.4,8.801,1560,0
BRP,D,20221128,000000,9,9,8.4,8.99,2103,0
BRP,D,20221129,000000,8.9,8.9,8.4,8.5,1353,0
BRP,D,20221130,000000,8.5,8.5,8.2,8.5,1859,0
BRP,D,20221201,000000,8.499,8.898,8.3,8.898,1080,0
BRP,D,20221202,000000,8.899,8.899,8.3,8.8,1568,0
BRP,D,20221205,000000,8.89,8.89,8.03,8.4,1521,0
BRP,D,20221206,000000,8.399,8.399,8,8.38,1873,0
BRP,D,20221207,000000,8.38,8.38,8,8.38,1552,0
BRP,D,20221208,000000,8.9,8.9,7.815,8,1194,0
BRP,D,20221209,000000,8,8.2,8,8.2,602,0
BRP,D,20221212,000000,8.3,8.3,7.91,8,1267,0
BRP,D,20221213,000000,8,8,7.7,7.72,949,0
BRP,D,20221214,000000,7.79,7.8,7.4,7.8,1142,0
BRP,D,20221215,000000,7.999,7.999,7.8,7.99,501,0
BRP,D,20221216,000000,8.339,8.339,7.51,7.99,1362,0
BRP,D,20221219,000000,8.22,8.22,7.5,7.69,1959,0
BRP,D,20221220,000000,7.69,8.17,7.69,8.17,453,0
BRP,D,20221221,000000,8.15,8.15,7.5,7.54,1651,0
BRP,D,20221222,000000,7.541,7.7,7.541,7.7,551,0
BRP,D,20221223,000000,7.7,8.18,7.45,8.18,2767,0
BRP,D,20221227,000000,8.179,9,7.451,9,2131,0
BRP,D,20221228,000000,8.9,8.99,8.049,8.99,2425,0
BRP,D,20221229,000000,8.99,8.99,8.24,8.99,2602,0
BRP,D,20221230,000000,8.99,8.99,8.05,8.88,2836,0
BRP,D,20230102,000000,8.99,8.99,8.99,8.99,152,0
BRP,D,20230103,000000,8.98,8.98,8.98,8.98,2,0
BRP,D,20230104,000000,8.98,9.35,8.8,9.32,4019,0
BRP,D,20230105,000000,9.4,9.4,9.39,9.39,188,0
BRP,D,20230109,000000,9.35,9.35,9.35,9.35,210,0
BRP,D,20230110,000000,9.39,9.39,9.39,9.39,2,0
BRP,D,20230111,000000,9.4,9.4,9.4,9.4,1,0
BRP,D,20230112,000000,9.4,9.4,9.4,9.4,1,0
BRP,D,20230113,000000,9.4,10,8.87,10,752,0
BRP,D,20230116,000000,10,10,9,9.94,1488,0
BRP,D,20230117,000000,10,10,9.4,9.98,2105,0
BRP,D,20230118,000000,9.95,9.95,9.4,9.6,2214,0
BRP,D,20230119,000000,9.6,9.8,9.6,9.8,601,0
BRP,D,20230120,000000,10.5,10.5,10.5,10.5,375,0
BRP,D,20230123,000000,10.45,11,10.45,11,805,0
BRP,D,20230124,000000,10.4,11,10.4,11,152,0
BRP,D,20230125,000000,11,11,11,11,2,0
BRP,D,20230126,000000,10.85,10.85,10,10.1,1570,0
BRP,D,20230127,000000,10.15,10.35,10.15,10.35,486,0
BRP,D,20230130,000000,10.6,10.7,9.9,10.7,551,0
BRP,D,20230131,000000,10.7,10.7,10,10.5,1222,0
BRP,D,20230201,000000,10.65,10.65,10,10,585,0
BRP,D,20230202,000000,10,10,9.52,9.8,1895,0
BRP,D,20230203,000000,9.98,10,9.5,9.58,1797,0
BRP,D,20230206,000000,9.7,9.7,9.7,9.7,300,0
BRP,D,20230207,000000,9.98,9.98,9.22,9.96,1640,0
BRP,D,20230208,000000,9.98,9.98,9.98,9.98,368,0
BRP,D,20230209,000000,9.9,9.9,9.3,9.4,600,0
BRP,D,20230210,000000,9.4,9.6,9,9.6,2313,0
BRP,D,20230213,000000,9.6,9.6,9.1,9.58,1195,0
BRP,D,20230214,000000,9.58,9.58,8.94,9.04,1135,0
BRP,D,20230215,000000,9.04,9.2,9,9.2,992,0
BRP,D,20230216,000000,9,9.08,9,9.08,470,0
BRP,D,20230217,000000,9.7,9.8,8.7,9.38,2189,0
BRP,D,20230220,000000,9.38,9.38,8.76,9.3,1257,0
BRP,D,20230221,000000,9.38,9.38,8.5,8.76,3187,0
BRP,D,20230222,000000,8.84,9.1,8.84,9.1,711,0
BRP,D,20230223,000000,9,9,8.5,8.78,1432,0
BRP,D,20230224,000000,8.98,8.98,8.42,8.98,1268,0
BRP,D,20230227,000000,9,9,8.42,8.6,217,0
BRP,D,20230228,000000,8.44,8.76,8.4,8.76,581,0
BRP,D,20230301,000000,8.88,8.88,8.88,8.88,257,0
BRP,D,20230302,000000,8.96,8.96,8.18,8.18,1018,0
BRP,D,20230303,000000,8.2,8.7,8.12,8.66,425,0
BRP,D,20230306,000000,8.66,8.66,8.12,8.12,915,0
BRP,D,20230307,000000,8.4,8.4,8,8.34,1196,0
BRP,D,20230308,000000,8.32,8.32,8.3,8.3,202,0
BRP,D,20230309,000000,8.3,8.36,8.3,8.36,202,0
BRP,D,20230310,000000,8.56,8.56,8.56,8.56,352,0
BRP,D,20230313,000000,8.56,8.56,8.44,8.44,222,0
BRP,D,20230314,000000,8.56,8.56,8,8.08,492,0
BRP,D,20230315,000000,8.08,8.08,7.84,7.84,333,0
BRP,D,20230316,000000,7.84,8.86,7.84,8.86,202,0
BRP,D,20230317,000000,8.84,8.84,7.62,7.62,877,0
BRP,D,20230320,000000,7.62,7.98,7.62,7.98,204,0
BRP,D,20230321,000000,8.78,8.78,8.78,8.78,280,0
BRP,D,20230322,000000,8.76,8.76,7.56,7.8,1067,0
BRP,D,20230323,000000,7.8,7.8,7.76,7.76,52,0
BRP,D,20230324,000000,7.76,7.76,7.74,7.74,62,0
BRP,D,20230327,000000,7.74,7.74,7.1,7.32,893,0
BRP,D,20230328,000000,7.56,7.56,7.56,7.56,136,0
BRP,D,20230329,000000,7.6,7.6,7,7.28,1115,0
BRP,D,20230330,000000,7.28,7.3,7,7.3,387,0
BRP,D,20230331,000000,7.28,7.28,6.82,7.2,1005,0
BRP,D,20230403,000000,7.2,7.2,6.04,6.04,1738,0
BRP,D,20230404,000000,6.04,6.38,5.96,6.3,346,0
BRP,D,20230405,000000,6.38,6.4,6,6.3,698,0
BRP,D,20230406,000000,6.48,6.48,6.2,6.2,217,0
BRP,D,20230411,000000,6.76,6.9,5.74,6.9,761,0
BRP,D,20230412,000000,6.88,6.88,6.4,6.7,532,0
BRP,D,20230413,000000,6.88,6.88,6.06,6.4,1695,0
BRP,D,20230414,000000,6.4,6.4,6,6,400,0
BRP,D,20230417,000000,5.9,5.9,5.18,5.18,2776,0
BRP,D,20230418,000000,5.36,6,5.36,6,475,0
BRP,D,20230419,000000,5.98,5.98,5.54,5.96,709,0
BRP,D,20230420,000000,5.98,5.98,5.26,5.5,1463,0
BRP,D,20230421,000000,5.5,5.98,5.4,5.6,1839,0
BRP,D,20230424,000000,5.6,5.78,5.3,5.78,1103,0
BRP,D,20230425,000000,5.78,5.78,5.3,5.62,571,0
BRP,D,20230426,000000,5.6,5.6,5,5,2439,0
BRP,D,20230427,000000,4.96,5.28,4.96,5.28,212,0
BRP,D,20230428,000000,5.28,5.3,5.28,5.3,203,0
BRP,D,20230502,000000,5.3,5.3,5.02,5.26,1035,0
BRP,D,20230504,000000,5.78,5.78,4.25,4.8,3095,0
BRP,D,20230505,000000,4.78,4.78,4.34,4.7,2752,0
BRP,D,20230508,000000,4.69,4.69,4.19,4.19,2835,0
BRP,D,20230509,000000,4.17,4.17,3.8,3.9,4311,0
BRP,D,20230510,000000,3.91,4.18,3.91,4.18,1182,0
BRP,D,20230511,000000,4.41,4.98,4.26,4.98,778,0
BRP,D,20230512,000000,4.95,4.95,4.5,4.7,2406,0
BRP,D,20230515,000000,4.9,5.26,4.9,5.26,432,0
BRP,D,20230516,000000,4.95,5,4.5,5,3645,0
BRP,D,20230517,000000,5.28,5.94,5.16,5.94,1672,0
BRP,D,20230518,000000,5.94,5.94,5.5,5.78,945,0
BRP,D,20230519,000000,5.78,5.8,5.5,5.78,651,0
BRP,D,20230522,000000,5.78,5.94,5.52,5.94,1422,0
BRP,D,20230523,000000,5.94,5.94,5.52,5.88,2075,0
BRP,D,20230524,000000,5.88,5.88,5.5,5.82,1722,0
BRP,D,20230525,000000,5.94,5.94,5.66,5.78,445,0
BRP,D,20230526,000000,5.9,6,5.6,6,3011,0
BRP,D,20230529,000000,6,6,5.6,5.94,1042,0
BRP,D,20230530,000000,5.94,5.94,5.5,5.5,990,0
BRP,D,20230531,000000,5.5,5.5,5.14,5.18,551,0
BRP,D,20230601,000000,5.16,5.34,5.16,5.34,688,0
BRP,D,20230602,000000,5.34,5.34,4.28,4.32,16302,0
BRP,D,20230605,000000,4.44,4.66,4,4.39,9963,0
BRP,D,20230606,000000,4.39,4.39,3.93,4.2,2553,0
BRP,D,20230607,000000,4.2,4.38,3.7,3.86,9892,0
BRP,D,20230609,000000,3.9,3.9,3.4,3.8,3552,0
BRP,D,20230612,000000,4,4.1,3.8,4,4222,0
BRP,D,20230613,000000,4,4.06,3.91,4.06,1340,0
BRP,D,20230614,000000,4.15,4.15,4.15,4.15,2,0
BRP,D,20230615,000000,4.05,4.2,4.05,4.2,711,0
BRP,D,20230616,000000,4.18,4.18,3.84,4.06,1211,0
BRP,D,20230619,000000,3.88,4.14,3.8,4.14,3523,0
BRP,D,20230620,000000,4.15,4.15,4.14,4.14,11,0
BRP,D,20230621,000000,4,4.09,3.8,4.09,2780,0
BRP,D,20230622,000000,4.09,4.09,3.79,3.79,922,0
BRP,D,20230623,000000,3.99,3.99,3.62,3.62,772,0
BRP,D,20230626,000000,3.68,3.83,3.68,3.83,2153,0
BRP,D,20230627,000000,3.83,3.83,3.83,3.83,2,0
BRP,D,20230628,000000,3.83,3.87,3.83,3.87,203,0
BRP,D,20230629,000000,4,4,4,4,2,0
BRP,D,20230630,000000,4,4,3.87,4,402,0
BRP,D,20230703,000000,4,4,3.97,4,265,0
BRP,D,20230704,000000,4,4.14,3.9,4.14,1021,0
BRP,D,20230705,000000,4.14,4.14,3.85,4,1472,0
BRP,D,20230706,000000,4.1,4.1,4.1,4.1,2,0
BRP,D,20230707,000000,4.06,4.06,4.06,4.06,2,0
BRP,D,20230710,000000,4.08,4.08,4.08,4.08,2,0
BRP,D,20230711,000000,4.08,4.08,4.08,4.08,2,0
BRP,D,20230712,000000,4.08,4.08,4.08,4.08,2,0
BRP,D,20230713,000000,4.08,4.08,4.08,4.08,3,0
BRP,D,20230714,000000,4.08,4.08,4.06,4.08,65,0
BRP,D,20230717,000000,4.06,4.06,4.06,4.06,3,0
BRP,D,20230718,000000,4.06,4.14,4.06,4.14,1096,0
BRP,D,20230719,000000,4.14,4.14,4.14,4.14,5,0
BRP,D,20230720,000000,4.12,4.12,4.12,4.12,3,0
BRP,D,20230721,000000,4.1,4.1,4.1,4.1,8,0
BRP,D,20230724,000000,4.1,4.1,4.1,4.1,5,0
BRP,D,20230725,000000,4.1,4.1,4.1,4.1,2,0
BRP,D,20230726,000000,4.1,4.1,3.85,4.09,2040,0
BRP,D,20230727,000000,4.08,4.08,3.85,3.99,2347,0
BRP,D,20230728,000000,4.08,4.08,4.08,4.08,2,0
BRP,D,20230731,000000,4.08,4.08,4,4.07,852,0
BRP,D,20230801,000000,4.08,4.08,3.9,4.07,587,0
BRP,D,20230802,000000,4.07,4.07,4.07,4.07,2,0
BRP,D,20230803,000000,4.07,4.07,4.07,4.07,2,0
BRP,D,20230804,000000,4.03,4.03,4.03,4.03,3,0
BRP,D,20230807,000000,4.02,4.02,4.02,4.02,2,0
BRP,D,20230808,000000,4.02,4.02,4.02,4.02,2,0
BRP,D,20230809,000000,4.05,4.05,3.85,4.05,860,0
BRP,D,20230810,000000,4.05,4.05,4.05,4.05,2,0
BRP,D,20230811,000000,4.05,4.05,4.05,4.05,2,0
BRP,D,20230814,000000,4.05,4.05,4.05,4.05,2,0
BRP,D,20230816,000000,4.04,4.04,4.04,4.04,3,0
BRP,D,20230817,000000,4.06,4.06,3.8,4,584,0
BRP,D,20230818,000000,4,4,3.67,3.68,1650,0
BRP,D,20230821,000000,3.69,3.79,3.69,3.79,422,0
BRP,D,20230822,000000,3.79,3.79,3.5,3.76,2596,0
BRP,D,20230823,000000,3.89,3.89,3.4,3.74,1347,0
BRP,D,20230824,000000,3.74,3.74,3.5,3.52,1462,0
BRP,D,20230825,000000,3.52,3.6,3.52,3.6,521,0
BRP,D,20230828,000000,3.61,3.65,3.4,3.4,2905,0
BRP,D,20230829,000000,3.74,3.74,3.74,3.74,550,0
BRP,D,20230830,000000,3.74,3.74,3.41,3.5,1703,0
BRP,D,20230831,000000,3.5,3.79,3.36,3.79,2074,0
BRP,D,20230901,000000,3.78,3.78,3.5,3.6,2285,0
BRP,D,20230904,000000,3.62,3.62,3.59,3.6,201,0
BRP,D,20230905,000000,3.62,3.62,3.46,3.55,1092,0
BRP,D,20230906,000000,3.55,3.55,3.55,3.55,2,0
BRP,D,20230907,000000,3.5,3.55,3.5,3.55,735,0
BRP,D,20230908,000000,3.55,3.55,3.25,3.39,2199,0
BRP,D,20230911,000000,3.39,3.39,3.15,3.34,4671,0
BRP,D,20230912,000000,3.34,3.54,3.15,3.54,2073,0
BRP,D,20230913,000000,3.5,3.59,3.27,3.59,3144,0
BRP,D,20230914,000000,3.55,3.59,3.44,3.59,894,0
BRP,D,20230915,000000,3.59,3.59,3.33,3.48,2734,0
BRP,D,20230918,000000,3.46,3.46,3.3,3.33,1480,0
BRP,D,20230919,000000,3.39,3.4,3.22,3.4,2742,0
BRP,D,20230920,000000,3.38,3.38,3.2,3.21,1043,0
BRP,D,20230921,000000,3.21,3.21,3.02,3.15,2426,0
BRP,D,20230922,000000,3.19,3.19,3.01,3.01,683,0
BRP,D,20230925,000000,3,3.19,3,3.19,1208,0
BRP,D,20230926,000000,3.19,3.19,2.9,3,3442,0
BRP,D,20230927,000000,3,3.17,2.92,3.17,1674,0
BRP,D,20230928,000000,3.16,3.17,2.92,3.17,4156,0
BRP,D,20230929,000000,3.16,3.17,2.9,3.17,3212,0
BRP,D,20231002,000000,3.16,3.16,3.02,3.1,422,0
BRP,D,20231003,000000,3.08,3.08,3.08,3.08,2,0
BRP,D,20231004,000000,3.08,3.08,3.05,3.05,352,0
BRP,D,20231005,000000,3.08,3.1,3.08,3.1,402,0
BRP,D,20231006,000000,3.08,3.1,2.9,3.1,2988,0
BRP,D,20231009,000000,3.1,3.1,3.05,3.05,102,0
BRP,D,20231010,000000,3.1,3.15,2.9,3.15,2136,0
BRP,D,20231011,000000,3.14,3.14,2.94,2.94,1172,0
BRP,D,20231012,000000,3.1,3.1,2.85,2.85,1316,0
BRP,D,20231013,000000,3.05,3.05,2.87,3,1430,0
BRP,D,20231016,000000,2.96,3,2.94,3,1052,0
BRP,D,20231017,000000,3,3,2.86,3,3715,0
BRP,D,20231018,000000,3,3,2.84,3,2165,0
BRP,D,20231019,000000,3,3,2.81,3,3078,0
BRP,D,20231020,000000,3,3,2.77,2.77,3067,0
BRP,D,20231023,000000,2.95,2.95,2.8,2.95,4255,0
BRP,D,20231024,000000,2.95,2.95,2.95,2.95,5,0
BRP,D,20231025,000000,2.94,2.94,2.82,2.82,224,0
BRP,D,20231026,000000,2.94,2.94,2.81,2.91,693,0
BRP,D,20231027,000000,2.91,2.91,2.91,2.91,5,0
BRP,D,20231030,000000,2.91,2.91,2.91,2.91,10,0
BRP,D,20231031,000000,2.91,2.91,2.91,2.91,2,0
BRP,D,20231102,000000,3.25,3.25,2.95,3,244,0
BRP,D,20231103,000000,3,3.1,3,3.1,555,0
BRP,D,20231106,000000,3.1,3.1,2.84,3.08,1822,0
BRP,D,20231107,000000,3.08,3.08,3.08,3.08,2,0
BRP,D,20231108,000000,3.05,3.05,2.9,2.9,1595,0
BRP,D,20231109,000000,3.03,3.03,2.88,2.98,753,0
BRP,D,20231110,000000,2.98,3,2.82,3,668,0
BRP,D,20231113,000000,2.98,3.1,2.83,3.05,2280,0
BRP,D,20231114,000000,3.05,3.05,3.05,3.05,5,0
BRP,D,20231115,000000,3.05,3.05,2.94,3.05,220,0
BRP,D,20231116,000000,3.05,3.05,2.81,2.81,2355,0
BRP,D,20231117,000000,3,3,2.61,2.79,6836,0
BRP,D,20231120,000000,2.69,2.69,2.17,2.35,11643,0
BRP,D,20231121,000000,2.59,2.59,2.36,2.54,1279,0
BRP,D,20231122,000000,2.56,2.98,2.48,2.98,452,0
BRP,D,20231123,000000,2.91,2.93,2.75,2.93,1219,0
BRP,D,20231124,000000,2.94,2.94,2.94,2.94,5,0
BRP,D,20231127,000000,2.94,2.94,2.76,2.9,842,0
BRP,D,20231128,000000,2.6,2.91,2.6,2.91,641,0
BRP,D,20231129,000000,2.92,2.94,2.62,2.94,1285,0
BRP,D,20231130,000000,2.94,2.94,2.74,2.9,815,0
BRP,D,20231201,000000,2.71,2.71,2.64,2.69,1182,0
BRP,D,20231204,000000,2.78,2.78,2.69,2.69,425,0
BRP,D,20231205,000000,2.69,2.7,2.57,2.7,1065,0
BRP,D,20231206,000000,2.7,2.7,2.56,2.69,1595,0
BRP,D,20231207,000000,2.57,2.57,2.52,2.55,2200,0
BRP,D,20231208,000000,2.45,2.57,2.4,2.51,2348,0
BRP,D,20231211,000000,2.53,2.54,2.5,2.54,1200,0
BRP,D,20231212,000000,2.58,2.58,2.57,2.57,810,0
BRP,D,20231213,000000,2.57,2.57,2.5,2.54,800,0
BRP,D,20231214,000000,2.54,2.54,2.51,2.54,855,0
BRP,D,20231215,000000,2.54,2.54,2.44,2.54,2055,0
BRP,D,20231219,000000,2.54,2.57,2.42,2.57,1557,0
BRP,D,20231220,000000,2.36,2.58,2.36,2.58,1831,0
BRP,D,20231221,000000,2.58,2.58,2.58,2.58,500,0
BRP,D,20231222,000000,2.58,2.62,2.52,2.62,852,0
BRP,D,20231227,000000,2.39,2.62,2.39,2.62,1385,0
BRP,D,20231228,000000,2.62,2.62,2.6,2.61,605,0
BRP,D,20231229,000000,2.61,2.61,2.51,2.61,2055,0
BRP,D,20240102,000000,2.65,2.65,2.65,2.65,320,0
BRP,D,20240103,000000,2.55,2.65,2.5,2.65,2150,0
BRP,D,20240104,000000,2.65,2.65,2.5,2.58,1812,0
BRP,D,20240105,000000,2.64,2.7,2.54,2.65,7003,0
BRP,D,20240108,000000,2.69,2.69,2.51,2.53,2624,0
BRP,D,20240109,000000,2.64,2.64,2.64,2.64,4,0
BRP,D,20240110,000000,2.63,2.63,2.42,2.49,2231,0
BRP,D,20240111,000000,2.48,2.64,2.37,2.64,1675,0
BRP,D,20240112,000000,2.63,2.63,2.26,2.43,6170,0
BRP,D,20240115,000000,2.44,2.44,2.15,2.26,4500,0
BRP,D,20240116,000000,2.31,2.31,2.14,2.24,3165,0
BRP,D,20240117,000000,2.22,2.22,2.1,2.18,1214,0
BRP,D,20240118,000000,2.17,2.19,2.15,2.19,655,0
BRP,D,20240119,000000,2.2,2.2,2.11,2.17,1534,0
BRP,D,20240122,000000,2.21,2.3,2.14,2.29,18124,0
BRP,D,20240123,000000,2.25,2.25,2.1,2.1,2474,0
BRP,D,20240124,000000,2.19,2.19,2.03,2.1,23653,0
BRP,D,20240125,000000,2.2,2.24,2.11,2.24,5634,0
BRP,D,20240126,000000,2.24,2.57,2.24,2.3,3936,0
BRP,D,20240129,000000,2.3,2.74,2.25,2.69,8157,0
BRP,D,20240130,000000,2.6,2.6,2.17,2.49,11982,0
BRP,D,20240131,000000,2.49,2.49,2.2,2.4,9500,0
BRP,D,20240201,000000,2.4,2.59,2.29,2.59,2011,0
BRP,D,20240202,000000,2.58,2.58,2.16,2.33,4740,0
BRP,D,20240205,000000,2.34,2.53,2.23,2.23,5635,0
BRP,D,20240206,000000,2.35,2.35,2.19,2.29,11072,0
BRP,D,20240207,000000,2.28,2.5,2.09,2.2,5750,0
BRP,D,20240208,000000,2.18,2.2,2.18,2.2,41,0
BRP,D,20240209,000000,2.18,2.2,2.1,2.19,1466,0
BRP,D,20240212,000000,2.16,2.17,2.02,2.14,3424,0
BRP,D,20240213,000000,2.17,2.17,2.04,2.13,2646,0
BRP,D,20240214,000000,2.13,2.13,1.9,2.03,8254,0
BRP,D,20240215,000000,1.95,2.15,1.95,2.1,11759,0
BRP,D,20240216,000000,2.11,2.16,2.1,2.16,4253,0
BRP,D,20240219,000000,2.16,2.16,1.96,2.05,6441,0
BRP,D,20240220,000000,2.04,2.05,2.04,2.05,1164,0
BRP,D,20240221,000000,1.95,2,1.72,2,10981,0
BRP,D,20240222,000000,2.03,2.03,1.8,2.02,9695,0
BRP,D,20240223,000000,2.02,2.19,2.02,2.19,584,0
BRP,D,20240226,000000,2.1,2.19,1.935,2.05,6477,0
BRP,D,20240227,000000,2.02,2.02,1.84,1.93,7879,0
BRP,D,20240228,000000,1.92,1.93,1.81,1.93,9382,0
BRP,D,20240229,000000,2.15,2.15,1.93,2.13,1055,0
BRP,D,20240301,000000,2.02,2.74,2.02,2.66,26311,0
BRP,D,20240304,000000,2.66,2.87,2.25,2.44,28340,0
BRP,D,20240305,000000,2.4,2.52,2.24,2.49,1874,0
BRP,D,20240306,000000,2.49,2.52,2.3,2.5,2950,0
BRP,D,20240307,000000,2.49,2.49,2.24,2.3,2329,0
BRP,D,20240308,000000,2.42,2.48,2.42,2.48,789,0
BRP,D,20240311,000000,2.48,2.48,2.13,2.37,6363,0
BRP,D,20240312,000000,2.43,2.44,2.16,2.29,7400,0
BRP,D,20240313,000000,2.29,2.4,2.16,2.4,12648,0
BRP,D,20240314,000000,2.27,2.48,2.18,2.34,10434,0
BRP,D,20240315,000000,2.34,2.44,2.17,2.44,9242,0
BRP,D,20240318,000000,2.41,2.41,2.3,2.4,2600,0
BRP,D,20240319,000000,2.37,2.37,2.1,2.36,6439,0
BRP,D,20240320,000000,2.3,2.3,2.26,2.3,3890,0
BRP,D,20240321,000000,2.31,2.39,2.16,2.38,13575,0
BRP,D,20240322,000000,2.38,2.38,2.38,2.38,5,0
BRP,D,20240325,000000,2.38,2.38,2.2,2.28,1304,0
BRP,D,20240326,000000,2.36,2.36,2.17,2.27,1904,0
BRP,D,20240327,000000,2.3,2.4,2,2.05,20258,0
BRP,D,20240328,000000,2.08,2.09,1.86,2.09,10298,0
BRP,D,20240402,000000,2.04,2.42,2.02,2.2,8340,0
BRP,D,20240403,000000,2.18,2.18,1.75,1.93,40248,0
BRP,D,20240404,000000,1.95,1.95,1.77,1.89,9187,0
BRP,D,20240405,000000,1.9,1.91,1.89,1.91,1373,0
BRP,D,20240408,000000,1.99,1.99,1.84,1.94,986,0
BRP,D,20240409,000000,1.93,2.14,1.93,2.14,1469,0
BRP,D,20240410,000000,2.06,2.06,1.86,1.98,6798,0
BRP,D,20240411,000000,1.98,2,1.98,2,8,0
BRP,D,20240412,000000,1.98,2,1.84,2,1800,0
BRP,D,20240415,000000,2.02,2.02,1.73,1.82,13759,0
BRP,D,20240416,000000,1.84,1.85,1.84,1.85,610,0
BRP,D,20240417,000000,1.84,1.85,1.72,1.85,5503,0
BRP,D,20240418,000000,1.8,1.86,1.8,1.86,1444,0
BRP,D,20240419,000000,1.77,2.02,1.77,1.89,6030,0
BRP,D,20240422,000000,1.89,1.89,1.89,1.89,426,0
BRP,D,20240423,000000,1.89,1.89,1.82,1.89,1719,0
BRP,D,20240424,000000,1.89,1.93,1.78,1.93,9497,0
BRP,D,20240425,000000,1.93,1.99,1.81,1.88,9257,0
BRP,D,20240426,000000,1.88,1.9,1.88,1.9,748,0
BRP,D,20240429,000000,1.85,1.99,1.85,1.99,3087,0
BRP,D,20240430,000000,1.99,2.14,1.95,2.14,2700,0
BRP,D,20240502,000000,1.91,2.08,1.85,1.98,8139,0
BRP,D,20240506,000000,2,2.02,1.8,1.9,6338,0
BRP,D,20240507,000000,1.91,1.97,1.78,1.84,8376,0
BRP,D,20240508,000000,1.84,1.92,1.78,1.81,8445,0
BRP,D,20240509,000000,1.89,1.92,1.79,1.92,2474,0
BRP,D,20240510,000000,1.92,1.92,1.8,1.85,4277,0
BRP,D,20240513,000000,1.91,1.91,1.8,1.8,1943,0
BRP,D,20240514,000000,1.8,1.82,1.74,1.82,12862,0
BRP,D,20240515,000000,1.82,1.92,1.8,1.85,7121,0
BRP,D,20240516,000000,1.85,1.85,1.85,1.85,106,0
BRP,D,20240517,000000,1.85,1.85,1.85,1.85,504,0
BRP,D,20240520,000000,1.85,1.85,1.79,1.8,663,0
BRP,D,20240521,000000,1.84,1.84,1.71,1.79,3346,0
BRP,D,20240522,000000,1.79,1.79,1.6,1.72,9308,0
BRP,D,20240523,000000,1.72,1.72,1.72,1.72,510,0
BRP,D,20240524,000000,1.71,1.71,1.46,1.66,24899,0
BRP,D,20240527,000000,1.66,1.66,1.66,1.66,50,0
BRP,D,20240528,000000,1.65,1.65,1.55,1.65,2873,0
BRP,D,20240529,000000,1.48,1.55,1.48,1.55,1200,0
BRP,D,20240531,000000,1.55,1.55,1.55,1.55,93,0
BRP,D,20240603,000000,1.46,1.49,1.2,1.49,7887,0
BRP,D,20240604,000000,1.38,1.4,1.29,1.38,3257,0
BRP,D,20240605,000000,1.46,1.46,1.3,1.45,6392,0
BRP,D,20240606,000000,1.45,1.45,1.28,1.4,4436,0
BRP,D,20240607,000000,1.4,1.51,1.3,1.51,2916,0
BRP,D,20240610,000000,1.32,1.33,1.29,1.33,6003,0
BRP,D,20240611,000000,1.38,1.45,1.28,1.37,8884,0
BRP,D,20240612,000000,1.37,1.38,1.23,1.29,11504,0
BRP,D,20240613,000000,1.36,1.36,1.2,1.29,5352,0
BRP,D,20240614,000000,1.29,1.35,1.28,1.35,4511,0
BRP,D,20240617,000000,1.36,1.36,1.36,1.36,10,0
BRP,D,20240618,000000,1.26,1.26,1.2,1.26,2590,0
BRP,D,20240619,000000,1.32,1.36,1.21,1.29,7077,0
BRP,D,20240620,000000,1.21,1.28,1.17,1.28,11595,0
BRP,D,20240621,000000,1.28,1.28,1.2,1.23,3532,0
BRP,D,20240624,000000,1.16,1.23,1.15,1.18,10744,0
BRP,D,20240625,000000,1.19,1.19,1.11,1.18,9803,0
BRP,D,20240626,000000,1.11,1.32,1.07,1.25,23264,0
BRP,D,20240627,000000,1.25,1.39,1.03,1.15,32418,0
BRP,D,20240628,000000,1.14,1.26,1.1,1.26,5057,0
BRP,D,20240701,000000,1.26,1.26,1.16,1.25,4949,0
BRP,D,20240702,000000,1.25,1.25,1.07,1.13,6724,0
BRP,D,20240703,000000,1.19,1.19,1.04,1.13,27987,0
BRP,D,20240704,000000,1.13,1.13,1.02,1.09,15085,0
BRP,D,20240705,000000,1.18,1.23,1.02,1.14,33624,0
BRP,D,20240708,000000,1.14,1.14,1.01,1.03,11997,0
BRP,D,20240709,000000,1.03,1.57,1.03,1.57,163871,0
BRP,D,20240710,000000,1.67,2.12,1.5,1.93,135750,0
BRP,D,20240711,000000,1.9,1.9,1.52,1.66,68042,0
BRP,D,20240712,000000,1.66,1.77,1.35,1.5,56626,0
BRP,D,20240715,000000,1.52,1.67,1.42,1.63,18387,0
BRP,D,20240716,000000,1.62,1.62,1.3,1.38,50007,0
BRP,D,20240717,000000,1.38,1.49,1.24,1.24,50108,0
BRP,D,20240718,000000,1.32,1.45,1.25,1.39,13097,0
BRP,D,20240719,000000,1.39,1.39,1.18,1.28,54002,0
BRP,D,20240722,000000,1.28,1.45,1.11,1.26,62175,0
BRP,D,20240723,000000,1.26,1.31,1.16,1.29,12032,0
BRP,D,20240724,000000,1.29,1.31,1.17,1.24,21965,0
BRP,D,20240725,000000,1.28,1.28,1.04,1.1,63556,0
BRP,D,20240726,000000,1.13,1.22,1.01,1.14,46496,0
BRP,D,20240729,000000,1.14,1.14,1.05,1.12,22244,0
BRP,D,20240730,000000,1.12,1.12,1.02,1.04,16163,0
BRP,D,20240731,000000,1.04,1.09,1.02,1.03,16121,0
BRP,D,20240801,000000,1.11,1.11,1.04,1.07,3623,0
BRP,D,20240802,000000,1.07,1.11,1,1.11,9773,0
BRP,D,20240805,000000,1,1.08,1,1.06,19578,0
BRP,D,20240806,000000,1.06,1.07,1.01,1.07,6504,0
BRP,D,20240807,000000,1.09,1.09,1.08,1.09,647,0
BRP,D,20240808,000000,1.09,1.09,1.09,1.09,710,0
BRP,D,20240809,000000,1.11,1.41,1.11,1.37,69446,0
BRP,D,20240812,000000,1.37,1.37,1.21,1.29,4067,0
BRP,D,20240813,000000,1.34,1.34,1.16,1.23,3901,0
BRP,D,20240814,000000,1.25,1.28,1.1,1.22,34518,0
BRP,D,20240816,000000,1.03,1.15,1.03,1.12,24699,0
BRP,D,20240819,000000,1.12,1.25,1.12,1.25,6126,0
BRP,D,20240820,000000,1.25,1.25,1.24,1.24,809,0
BRP,D,20240821,000000,1.24,1.24,1.12,1.24,7265,0
BRP,D,20240822,000000,1.24,1.48,1.1,1.36,52561,0
BRP,D,20240823,000000,1.45,1.63,1.27,1.52,36152,0
BRP,D,20240826,000000,1.4,1.51,1.12,1.2,118668,0
BRP,D,20240827,000000,1.23,1.4,1.23,1.3,27226,0
BRP,D,20240828,000000,1.36,1.7,1.36,1.6,70330,0
BRP,D,20240829,000000,1.63,1.92,1.48,1.64,79372,0
BRP,D,20240830,000000,1.61,1.8,1.41,1.75,27236,0
BRP,D,20240902,000000,1.76,1.86,1.51,1.62,38644,0
BRP,D,20240903,000000,1.62,1.62,1.44,1.54,15723,0
BRP,D,20240904,000000,1.54,1.57,1.31,1.36,41046,0
BRP,D,20240905,000000,1.45,1.48,1.33,1.45,8202,0
BRP,D,20240906,000000,1.44,1.64,1.25,1.44,48144,0
BRP,D,20240909,000000,1.47,1.47,1.2,1.24,23725,0
BRP,D,20240910,000000,1.24,1.3,1.2,1.26,6897,0
BRP,D,20240911,000000,1.2,1.24,1.1,1.21,13094,0
BRP,D,20240912,000000,1.13,1.21,1.11,1.19,7697,0
BRP,D,20240913,000000,1.14,1.24,1.13,1.21,2675,0
BRP,D,20240916,000000,1.24,1.24,1.22,1.22,116,0
BRP,D,20240917,000000,1.19,1.39,1.16,1.39,9680,0
BRP,D,20240918,000000,1.45,1.5,1.36,1.46,14867,0
BRP,D,20240919,000000,1.29,1.47,1.29,1.46,4599,0
BRP,D,20240920,000000,1.44,1.45,1.44,1.45,600,0
BRP,D,20240923,000000,1.45,1.45,1.26,1.3,7410,0
BRP,D,20240924,000000,1.41,1.41,1.27,1.35,9779,0
BRP,D,20240925,000000,1.35,1.37,1.25,1.36,9257,0
BRP,D,20240926,000000,1.26,1.26,1.03,1.18,68078,0
BRP,D,20240927,000000,1.18,1.24,1.16,1.16,4631,0
BRP,D,20240930,000000,1.24,1.27,1.07,1.12,26615,0
BRP,D,20241001,000000,1.2,1.2,1.08,1.15,11803,0
BRP,D,20241002,000000,1.15,1.24,1.1,1.24,8010,0
BRP,D,20241003,000000,1.32,1.79,1.32,1.71,283703,0
BRP,D,20241004,000000,1.73,1.97,1.55,1.6,168537,0
BRP,D,20241007,000000,1.65,1.93,1.52,1.88,130647,0
BRP,D,20241008,000000,2,2.3,1.7,2.06,129411,0
BRP,D,20241009,000000,2.08,2.1,1.75,1.9,49979,0
BRP,D,20241010,000000,1.89,1.89,1.57,1.6,86601,0
BRP,D,20241011,000000,1.66,1.78,1.57,1.78,17072,0
BRP,D,20241014,000000,1.78,1.84,1.65,1.7,2989,0
BRP,D,20241015,000000,1.84,1.92,1.67,1.86,14603,0
BRP,D,20241016,000000,1.84,1.84,1.69,1.75,9595,0
BRP,D,20241017,000000,1.69,1.74,1.55,1.66,14654,0
BRP,D,20241018,000000,1.67,1.77,1.5,1.76,30756,0
BRP,D,20241021,000000,1.76,1.76,1.59,1.65,11564,0
BRP,D,20241022,000000,1.7,1.7,1.37,1.38,86213,0
BRP,D,20241023,000000,1.4,1.44,1.24,1.44,41097,0
BRP,D,20241024,000000,1.44,1.51,1.33,1.48,7368,0
BRP,D,20241025,000000,1.48,1.48,1.28,1.38,39934,0
BRP,D,20241028,000000,1.37,1.38,1.25,1.35,44136,0
BRP,D,20241029,000000,1.34,1.36,1.17,1.22,26488,0
BRP,D,20241030,000000,1.18,1.41,1.17,1.28,44580,0
BRP,D,20241031,000000,1.27,1.35,1.25,1.3,13733,0
BRP,D,20241104,000000,1.35,1.37,1.25,1.36,14587,0
BRP,D,20241105,000000,1.36,1.36,1.23,1.33,6070,0
BRP,D,20241106,000000,1.29,1.36,1.26,1.36,9174,0
BRP,D,20241107,000000,1.36,1.36,1.22,1.28,34724,0
BRP,D,20241108,000000,1.28,1.29,1.23,1.29,3509,0
BRP,D,20241112,000000,1.29,1.33,1.25,1.29,4605,0
BRP,D,20241113,000000,1.29,1.3,1.28,1.3,1425,0
BRP,D,20241114,000000,1.3,1.3,1.16,1.19,8430,0
BRP,D,20241115,000000,1.19,1.25,1.15,1.24,4257,0
BRP,D,20241118,000000,1.22,1.62,1.13,1.44,256663,0
BRP,D,20241119,000000,1.45,1.45,1.16,1.31,80349,0
BRP,D,20241120,000000,1.32,1.32,1.21,1.31,18065,0
BRP,D,20241121,000000,1.3,1.3,1.25,1.3,1220,0
BRP,D,20241122,000000,1.3,1.3,1.22,1.3,3995,0
BRP,D,20241125,000000,1.35,1.38,1.3,1.38,7202,0
BRP,D,20241126,000000,1.38,1.38,1.24,1.38,11450,0
BRP,D,20241127,000000,1.38,1.43,1.25,1.38,3283,0
BRP,D,20241128,000000,1.35,1.37,1.23,1.29,7381,0
BRP,D,20241129,000000,1.27,1.3,1.19,1.25,4649,0
BRP,D,20241202,000000,1.25,1.29,1.16,1.22,42329,0
BRP,D,20241203,000000,1.23,1.26,1.19,1.25,7305,0
BRP,D,20241204,000000,1.24,1.28,1.2,1.23,4928,0
BRP,D,20241205,000000,1.26,1.44,1.25,1.3,7165,0
BRP,D,20241206,000000,1.28,1.38,1.27,1.38,5680,0
BRP,D,20241209,000000,1.37,1.37,1.3,1.36,1474,0
BRP,D,20241210,000000,1.36,1.36,1.18,1.23,14634,0
BRP,D,20241211,000000,1.23,1.31,1.18,1.19,5722,0
BRP,D,20241212,000000,1.19,1.2,1.15,1.19,2508,0
BRP,D,20241213,000000,1.19,1.28,1.14,1.25,5120,0
BRP,D,20241216,000000,1.25,1.25,1.12,1.21,8304,0
BRP,D,20241217,000000,1.22,1.22,1.09,1.13,30868,0
BRP,D,20241218,000000,1.13,1.15,1.08,1.14,10109,0
BRP,D,20241219,000000,1.14,1.19,1.13,1.18,2835,0
BRP,D,20241220,000000,1.18,1.2,1.08,1.19,17879,0
BRP,D,20241223,000000,1.18,1.21,1.11,1.15,16854,0
BRP,D,20241227,000000,1.15,1.21,1.09,1.17,15156,0
BRP,D,20241230,000000,1.17,1.17,1.11,1.17,1363,0
BRP,D,20250102,000000,1.38,1.38,1.17,1.26,18560,0
BRP,D,20250103,000000,1.23,1.28,1.16,1.28,8978,0
BRP,D,20250107,000000,1.28,1.28,1.13,1.18,5215,0
BRP,D,20250108,000000,1.18,1.27,1.13,1.18,15808,0
BRP,D,20250109,000000,1.18,1.25,1.16,1.23,7974,0
BRP,D,20250110,000000,1.23,1.23,1.22,1.23,2205,0
BRP,D,20250113,000000,1.23,1.23,1.18,1.22,1484,0
BRP,D,20250114,000000,1.22,1.24,1.14,1.19,3784,0
BRP,D,20250115,000000,1.19,1.19,1.12,1.16,12050,0
BRP,D,20250116,000000,1.15,1.17,1.13,1.17,1836,0
BRP,D,20250117,000000,1.17,1.17,1.09,1.15,11103,0
BRP,D,20250120,000000,1.14,1.15,1.12,1.15,2955,0
BRP,D,20250121,000000,1.15,1.18,1.15,1.18,6649,0
BRP,D,20250122,000000,1.15,1.18,1.08,1.12,19438,0
BRP,D,20250123,000000,1.12,1.14,1.09,1.13,3401,0
BRP,D,20250124,000000,1.12,1.23,1.1,1.2,14451,0
BRP,D,20250127,000000,1.2,1.34,1.1,1.27,48752,0
BRP,D,20250128,000000,1.27,1.28,1.17,1.26,6635,0
BRP,D,20250129,000000,1.27,1.27,1.25,1.25,415,0
BRP,D,20250130,000000,1.22,1.28,1.22,1.27,786,0
BRP,D,20250131,000000,1.28,1.31,1.24,1.3,5555,0
BRP,D,20250203,000000,1.28,1.33,1.25,1.3,10170,0
BRP,D,20250204,000000,1.28,1.28,1.25,1.28,4681,0
BRP,D,20250205,000000,1.28,1.28,1.17,1.22,2062,0
BRP,D,20250206,000000,1.26,1.26,1.15,1.22,12057,0
BRP,D,20250207,000000,1.22,1.22,1.05,1.19,25892,0
BRP,D,20250210,000000,1.19,1.19,1.05,1.08,91831,0
BRP,D,20250211,000000,1.11,1.2,1.07,1.14,25855,0
BRP,D,20250212,000000,1.14,1.22,1.08,1.16,23281,0
BRP,D,20250213,000000,1.2,1.21,1.12,1.21,6790,0
BRP,D,20250214,000000,1.2,1.2,1.07,1.15,20571,0
BRP,D,20250217,000000,1.14,1.15,1.09,1.14,15774,0
BRP,D,20250218,000000,1.13,1.14,1.1,1.14,2683,0
BRP,D,20250219,000000,1.14,1.17,1.09,1.15,21311,0
BRP,D,20250220,000000,1.15,1.15,1.12,1.15,1910,0
BRP,D,20250221,000000,1.15,1.15,1.1,1.14,11320,0
BRP,D,20250224,000000,1.14,1.14,1.1,1.13,3329,0
BRP,D,20250225,000000,1.13,1.14,1.09,1.14,885,0
BRP,D,20250226,000000,1.14,1.2,1.1,1.16,39328,0
BRP,D,20250227,000000,1.16,1.16,1.08,1.13,3255,0
BRP,D,20250228,000000,1.12,1.12,1.09,1.12,4118,0
BRP,D,20250303,000000,1.12,1.13,0.81,0.93,114797,0
BRP,D,20250304,000000,0.915,0.945,0.915,0.93,7921,0
BRP,D,20250305,000000,0.93,0.975,0.9,0.955,11441,0
BRP,D,20250306,000000,0.955,0.955,0.82,0.94,39131,0
BRP,D,20250307,000000,0.94,0.94,0.94,0.94,4,0
BRP,D,20250310,000000,0.935,0.935,0.855,0.865,4244,0
BRP,D,20250311,000000,0.89,0.89,0.825,0.825,11454,0
BRP,D,20250312,000000,0.825,0.945,0.81,0.94,49622,0
BRP,D,20250313,000000,1.01,1.01,0.83,0.83,35659,0
BRP,D,20250314,000000,0.87,0.89,0.835,0.88,20520,0
BRP,D,20250317,000000,0.88,0.93,0.855,0.925,3720,0
BRP,D,20250318,000000,0.925,0.925,0.865,0.91,919,0
BRP,D,20250319,000000,0.91,0.91,0.825,0.9,12024,0
BRP,D,20250320,000000,0.9,0.94,0.84,0.93,9402,0
BRP,D,20250321,000000,0.93,0.93,0.875,0.88,1987,0
BRP,D,20250324,000000,0.92,0.92,0.86,0.915,4486,0
BRP,D,20250325,000000,0.915,0.945,0.9,0.94,7359,0
BRP,D,20250326,000000,0.94,0.94,0.865,0.92,817,0
BRP,D,20250327,000000,0.915,0.93,0.83,0.89,36266,0
BRP,D,20250328,000000,0.895,0.9,0.84,0.88,8248,0
BRP,D,20250331,000000,0.89,0.89,0.85,0.89,224,0
BRP,D,20250401,000000,0.898,0.898,0.82,0.882,1497,0
BRP,D,20250402,000000,0.882,0.882,0.832,0.876,1528,0
BRP,D,20250403,000000,0.876,0.876,0.832,0.866,16207,0
BRP,D,20250404,000000,0.866,0.866,0.734,0.768,28977,0
BRP,D,20250407,000000,0.81,0.81,0.764,0.78,4422,0
BRP,D,20250408,000000,0.704,0.78,0.704,0.776,10401,0
BRP,D,20250409,000000,0.776,0.848,0.706,0.814,26928,0
BRP,D,20250410,000000,0.834,0.834,0.8,0.81,2763,0
BRP,D,20250411,000000,0.768,0.838,0.756,0.768,2934,0
BRP,D,20250414,000000,0.76,0.818,0.76,0.818,5877,0
BRP,D,20250415,000000,0.818,0.84,0.818,0.84,3669,0
BRP,D,20250416,000000,0.842,0.886,0.816,0.874,7686,0
BRP,D,20250417,000000,0.898,0.898,0.866,0.87,801,0
BRP,D,20250422,000000,0.89,0.89,0.77,0.772,8291,0
BRP,D,20250423,000000,0.772,0.818,0.772,0.816,1520,0
BRP,D,20250424,000000,0.816,0.816,0.8,0.8,830,0
BRP,D,20250425,000000,0.842,0.842,0.84,0.84,804,0
BRP,D,20250428,000000,0.838,0.838,0.802,0.802,1033,0
BRP,D,20250429,000000,0.836,0.836,0.772,0.772,4599,0
BRP,D,20250430,000000,0.828,1.165,0.778,1.15,136387,0
BRP,D,20250502,000000,1.68,1.68,1.255,1.36,136183,0
BRP,D,20250505,000000,1.36,1.36,1.155,1.275,84602,0
BRP,D,20250506,000000,1.295,1.355,1.165,1.33,56130,0
BRP,D,20250507,000000,1.36,1.36,1.17,1.275,20282,0
BRP,D,20250508,000000,1.3,1.3,1.16,1.16,18587,0
BRP,D,20250509,000000,1.115,1.28,1.115,1.245,40743,0
BRP,D,20250512,000000,1.27,1.27,1.11,1.145,23235,0
BRP,D,20250513,000000,1.18,1.25,1.08,1.08,37729,0
BRP,D,20250514,000000,1.15,1.17,1.055,1.155,6578,0
BRP,D,20250515,000000,1.18,1.18,1.065,1.165,14562,0
BRP,D,20250516,000000,1.165,1.3,1.15,1.285,34756,0
BRP,D,20250519,000000,1.32,1.32,1.15,1.25,9214,0
BRP,D,20250520,000000,1.3,1.3,1.11,1.15,23900,0
BRP,D,20250521,000000,1.15,1.17,1.09,1.17,7562,0
BRP,D,20250522,000000,1.17,1.17,1.06,1.125,9065,0
BRP,D,20250523,000000,1.125,1.125,0.962,1.03,37930,0
BRP,D,20250526,000000,1.035,1.125,1.035,1.115,6817,0
BRP,D,20250527,000000,1.15,1.15,1.035,1.08,6651,0
BRP,D,20250528,000000,1.08,1.08,1.02,1.02,6578,0
BRP,D,20250529,000000,1.03,1.11,0.974,1.07,29053,0
BRP,D,20250530,000000,1.07,1.08,1.02,1.08,4940,0
BRP,D,20250602,000000,1.08,1.12,1.03,1.115,2321,0
BRP,D,20250603,000000,1.115,1.115,0.926,1.025,9874,0
BRP,D,20250604,000000,1.02,1.055,0.948,0.948,8693,0
BRP,D,20250605,000000,0.948,0.98,0.88,0.97,18247,0
BRP,D,20250606,000000,0.97,0.97,0.97,0.97,79,0
BRP,D,20250609,000000,0.964,0.964,0.91,0.96,8687,0
BRP,D,20250610,000000,0.96,0.96,0.95,0.95,35,0
BRP,D,20250611,000000,0.95,1,0.914,0.96,12989,0
BRP,D,20250612,000000,0.96,1.1,0.96,1.065,32633,0
BRP,D,20250613,000000,1.07,1.09,1,1.08,6929,0
BRP,D,20250616,000000,1.08,1.08,0.978,1.04,3606,0
BRP,D,20250617,000000,1.04,1.04,0.976,1.02,3186,0
BRP,D,20250618,000000,0.98,0.98,0.92,0.978,13990,0
BRP,D,20250620,000000,0.932,0.976,0.932,0.976,3145,0
BRP,D,20250623,000000,0.978,1.02,0.838,0.964,52283,0
BRP,D,20250624,000000,0.96,0.99,0.926,0.95,9273,0
BRP,D,20250625,000000,0.99,1.07,0.98,1.07,22378,0
BRP,D,20250626,000000,1.08,1.08,0.99,1.07,9361,0
BRP,D,20250627,000000,1.08,1.08,0.976,1.07,12318,0
BRP,D,20250630,000000,1.07,1.16,1,1.15,14209,0
BRP,D,20250701,000000,1.15,1.15,1.02,1.095,5590,0
BRP,D,20250702,000000,1.095,1.11,0.954,0.972,22519,0
BRP,D,20250703,000000,1.05,1.07,0.962,1.04,8936,0
BRP,D,20250704,000000,1.035,1.035,1.025,1.03,1009,0
BRP,D,20250707,000000,1.04,1.065,1.04,1.055,1134,0
BRP,D,20250708,000000,1,1.045,0.97,1.02,3446,0
BRP,D,20250709,000000,1.04,1.04,0.94,1.035,7373,0
BRP,D,20250710,000000,1.035,1.035,0.95,0.95,6802,0
BRP,D,20250711,000000,0.95,0.99,0.9,0.948,16282,0
BRP,D,20250714,000000,0.948,1.09,0.948,1.01,21213,0
BRP,D,20250715,000000,1.045,1.045,1.045,1.045,4,0
BRP,D,20250716,000000,1.025,1.025,0.94,0.99,11454,0
BRP,D,20250717,000000,0.95,1,0.95,1,1075,0
BRP,D,20250718,000000,1,1,0.89,0.996,8105,0
BRP,D,20250721,000000,0.996,0.996,0.93,0.94,4557,0
BRP,D,20250722,000000,0.988,0.988,0.986,0.988,1330,0
BRP,D,20250723,000000,0.988,0.99,0.926,0.96,4113,0
BRP,D,20250724,000000,0.97,0.97,0.94,0.96,4122,0
BRP,D,20250725,000000,0.988,0.996,0.942,0.942,52,0
BRP,D,20250728,000000,0.992,0.992,0.9,0.928,3115,0
BRP,D,20250729,000000,0.948,0.994,0.89,0.946,4285,0
BRP,D,20250730,000000,0.948,0.98,0.916,0.976,464,0
BRP,D,20250731,000000,0.988,0.988,0.988,0.988,4,0
BRP,D,20250801,000000,0.974,0.988,0.97,0.988,3050,0
BRP,D,20250804,000000,0.988,0.988,0.904,0.986,275,0
BRP,D,20250805,000000,0.986,0.986,0.972,0.972,726,0
BRP,D,20250806,000000,0.972,0.972,0.972,0.972,10,0
BRP,D,20250807,000000,0.968,1,0.93,0.994,5948,0
BRP,D,20250808,000000,0.994,0.994,0.934,0.974,5557,0
BRP,D,20250811,000000,1,1,0.9,0.9,8935,0
BRP,D,20250812,000000,0.906,0.94,0.906,0.92,3110,0
BRP,D,20250813,000000,0.92,1.1,0.92,1.04,66413,0
BRP,D,20250814,000000,1.095,1.095,1.02,1.04,2730,0
BRP,D,20250818,000000,1.06,1.06,0.966,1,2755,0
BRP,D,20250819,000000,1.025,1.025,1.025,1.025,10,0
BRP,D,20250820,000000,1.025,1.025,1.025,1.025,10,0
BRP,D,20250821,000000,1.025,1.025,0.94,0.998,1311,0
BRP,D,20250822,000000,0.998,0.998,0.842,0.906,43992,0
BRP,D,20250825,000000,0.88,0.908,0.88,0.9,2783,0
BRP,D,20250826,000000,0.902,0.902,0.87,0.87,5255,0
BRP,D,20250827,000000,0.888,0.9,0.864,0.864,10520,0
BRP,D,20250828,000000,0.866,0.982,0.866,0.92,16280,0
BRP,D,20250829,000000,0.95,0.95,0.95,0.95,66,0
BRP,D,20250901,000000,0.95,0.95,0.95,0.95,10,0
BRP,D,20250902,000000,0.93,0.93,0.866,0.872,20673,0
BRP,D,20250903,000000,0.872,0.93,0.872,0.872,1141,0
BRP,D,20250904,000000,0.872,1.045,0.872,1.02,30791,0
BRP,D,20250905,000000,1.04,1.54,1.02,1.54,238709,0
BRP,D,20250908,000000,1.41,1.54,1.305,1.35,125964,0
BRP,D,20250909,000000,1.4,1.445,1.19,1.21,50810,0
BRP,D,20250910,000000,1.245,1.25,1.125,1.185,30025,0
BRP,D,20250911,000000,1.19,1.275,1.13,1.25,3510,0
BRP,D,20250912,000000,1.25,1.29,1.18,1.29,21734,0
BRP,D,20250915,000000,1.29,1.3,1.18,1.3,10947,0
BRP,D,20250916,000000,1.28,1.28,1.03,1.215,25366,0
BRP,D,20250917,000000,1.215,1.215,1.07,1.17,3747,0
BRP,D,20250918,000000,1.17,1.17,1.11,1.165,1620,0
BRP,D,20250919,000000,1.165,1.26,1.16,1.245,4359,0
BRP,D,20250922,000000,1.245,1.245,1.15,1.215,7040,0
BRP,D,20250923,000000,1.19,1.37,1.145,1.335,18293,0
BRP,D,20250924,000000,1.325,1.345,1.24,1.245,21253,0
BRP,D,20250925,000000,1.245,1.29,1.14,1.26,14770,0
BRP,D,20250926,000000,1.26,1.29,1.16,1.255,69,0
BRP,D,20250929,000000,1.15,1.21,1.13,1.2,8715,0
BRP,D,20250930,000000,1.2,1.2,1.13,1.13,6089,0
BRP,D,20251001,000000,1.15,1.18,1.12,1.165,9313,0
BRP,D,20251002,000000,1.16,1.165,1.04,1.055,28909,0
BRP,D,20251003,000000,1.12,1.12,1.015,1.04,19709,0
BRP,D,20251006,000000,1.08,1.08,1.06,1.06,80,0
BRP,D,20251007,000000,1.09,1.09,1.06,1.09,2752,0
BRP,D,20251008,000000,1.16,1.3,1,1.05,232281,0
BRP,D,20251009,000000,1.08,1.085,1.04,1.07,7308,0
BRP,D,20251010,000000,1.075,1.075,0.962,0.996,16727,0
BRP,D,20251013,000000,1.045,1.25,0.986,1.135,110823,0
BRP,D,20251014,000000,1.135,1.175,1.05,1.175,24877,0
BRP,D,20251015,000000,1.1,1.17,1.04,1.045,13938,0
BRP,D,20251016,000000,1.07,1.07,1.02,1.02,15741,0
BRP,D,20251017,000000,1.045,1.075,1.025,1.075,2547,0
BRP,D,20251020,000000,1.045,1.075,1.03,1.035,2490,0
BRP,D,20251021,000000,1.065,1.075,1.04,1.04,2389,0
BRP,D,20251022,000000,1.07,1.07,1,1.04,15496,0
BRP,D,20251023,000000,1.04,1.05,1.005,1.02,1695,0
BRP,D,20251024,000000,1.05,1.06,1.02,1.02,7652,0
BRP,D,20251027,000000,1.025,1.05,0.86,0.95,92572,0
BRP,D,20251028,000000,0.95,1.04,0.902,0.986,39081,0
BRP,D,20251029,000000,0.978,0.978,0.914,0.95,4860,0
BRP,D,20251030,000000,0.968,1.04,0.964,1.035,14352,0
BRP,D,20251031,000000,1.04,1.05,0.964,1.05,16023,0
BRP,D,20251103,000000,1.05,1.075,1.015,1.015,322,0
BRP,D,20251104,000000,1.015,1.015,0.922,0.922,15360,0
BRP,D,20251105,000000,0.97,0.97,0.97,0.97,10,0
BRP,D,20251106,000000,0.97,1.005,0.96,0.96,1465,0
BRP,D,20251107,000000,1.015,1.015,0.95,0.986,6729,0
BRP,D,20251110,000000,1.04,1.04,0.99,1.04,16388,0
BRP,D,20251112,000000,1.045,1.045,1.005,1.005,4615,0
BRP,D,20251113,000000,1.005,1.095,1,1.09,44809,0
BRP,D,20251114,000000,1.09,1.1,1.065,1.1,8539,0
BRP,D,20251117,000000,1.1,1.1,1.1,1.1,10,0
BRP,D,20251118,000000,1.09,1.09,1.005,1.045,10543,0
BRP,D,20251119,000000,1.05,1.06,1.01,1.055,3274,0
BRP,D,20251120,000000,1.06,1.06,1.06,1.06,10,0
BRP,D,20251121,000000,1.01,1.045,0.98,1.005,5694,0
BRP,D,20251124,000000,1.005,1.005,0.98,1.005,50,0
BRP,D,20251125,000000,1.015,1.03,0.98,0.98,3251,0
BRP,D,20251126,000000,1.005,1.015,0.956,0.978,1382,0
BRP,D,20251127,000000,1,1,0.94,0.94,15450,0
BRP,D,20251128,000000,0.964,0.978,0.964,0.976,5489,0
BRP,D,20251201,000000,0.978,0.978,0.978,0.978,27,0
BRP,D,20251202,000000,0.978,0.978,0.96,0.96,1010,0
BRP,D,20251203,000000,0.978,0.978,0.978,0.978,500,0
BRP,D,20251204,000000,0.978,0.978,0.908,0.976,250,0
BRP,D,20251205,000000,0.976,0.976,0.908,0.954,1320,0
BRP,D,20251208,000000,0.972,0.972,0.94,0.94,1521,0
BRP,D,20251209,000000,0.966,1.04,0.94,1,15906,0
BRP,D,20251210,000000,1,1,0.93,0.956,3387,0
BRP,D,20251211,000000,0.956,0.96,0.91,0.91,3567,0
BRP,D,20251212,000000,0.928,0.936,0.884,0.936,2221,0
BRP,D,20251215,000000,0.936,0.936,0.936,0.936,620,0
BRP,D,20251216,000000,0.954,0.954,0.864,0.93,4477,0
BRP,D,20251217,000000,0.936,0.956,0.9,0.936,1036,0
BRP,D,20251218,000000,0.936,0.936,0.884,0.892,5902,0
BRP,D,20251219,000000,0.934,0.956,0.886,0.956,841,0
BRP,D,20251222,000000,0.956,0.956,0.88,0.88,3361,0
BRP,D,20251223,000000,0.88,0.96,0.88,0.96,5646,0
BRP,D,20251229,000000,0.902,0.958,0.902,0.958,6600,0
BRP,D,20251230,000000,0.936,0.958,0.936,0.94,7430,0
