<TICKER>,<PER>,<DATE>,<TIME>,<OPEN>,<HIGH>,<LOW>,<CLOSE>,<VOL>,<OPENINT>
CHP,D,20171124,000000,80,99.8,80,82.1,10575,0
CHP,D,20171127,000000,85,104.5,85,95.1,7488,0
CHP,D,20171128,000000,113.8,113.8,95.15,100,2765,0
CHP,D,20171129,000000,103.8,110,103.5,110,3548,0
CHP,D,20171130,000000,110,114.9,108,114,2989,0
CHP,D,20171201,000000,113.95,118.45,108,108.1,445,0
CHP,D,20171204,000000,110,114,108,108,2848,0
CHP,D,20171205,000000,108,108,93.6,101,453,0
CHP,D,20171206,000000,104,104,99,99,137,0
CHP,D,20171207,000000,99.1,103.95,99,99.65,450,0
CHP,D,20171208,000000,105.9,105.9,98,98,557,0
CHP,D,20171211,000000,100,105,96,105,2922,0
CHP,D,20171212,000000,105.5,118.95,105.5,110.9,1020,0
CHP,D,20171213,000000,110.2,111.5,110.2,111,628,0
CHP,D,20171214,000000,112,116,110,112,611,0
CHP,D,20171215,000000,110.2,118.45,88.2,103.9,2897,0
CHP,D,20171218,000000,109,109,103,107.9,630,0
CHP,D,20171219,000000,113,117.4,113,115.95,1890,0
CHP,D,20171220,000000,112,114.75,107,112.8,226,0
CHP,D,20171221,000000,112.65,118.35,106,117.95,639,0
CHP,D,20171222,000000,118,118,111,115.95,1005,0
CHP,D,20171227,000000,108.2,118.8,108.2,116.85,451,0
CHP,D,20171228,000000,116.4,116.4,110,110,916,0
CHP,D,20171229,000000,112.3,129.35,111.55,117,2412,0
CHP,D,20180103,000000,114.5,114.5,114.5,114.5,2,0
CHP,D,20180104,000000,114.5,116,110,116,219,0
CHP,D,20180105,000000,111,111,111,111,10,0
CHP,D,20180108,000000,111,111,111,111,33,0
CHP,D,20180109,000000,114,118,114,118,184,0
CHP,D,20180110,000000,111.1,111.1,111.1,111.1,23,0
CHP,D,20180111,000000,116.8,116.8,116.7,116.7,6,0
CHP,D,20180115,000000,112.5,113,112.5,113,20,0
CHP,D,20180116,000000,113,115.9,111,111.1,207,0
CHP,D,20180117,000000,115,115,110,115,48,0
CHP,D,20180118,000000,114.9,114.9,114.9,114.9,4,0
CHP,D,20180119,000000,114,114,114,114,2,0
CHP,D,20180122,000000,112,112,110,110.5,137,0
CHP,D,20180123,000000,110.5,113,110,111,62,0
CHP,D,20180124,000000,110.5,110.5,110,110,230,0
CHP,D,20180125,000000,110,121,110,120,1400,0
CHP,D,20180126,000000,126,138.5,124,138.5,1409,0
CHP,D,20180129,000000,135,143,135,137.5,1437,0
CHP,D,20180130,000000,128,138,128,138,1685,0
CHP,D,20180131,000000,133,141,133,137.5,6418,0
CHP,D,20180201,000000,136,141,132,132,17,0
CHP,D,20180202,000000,132,133,128,129,127,0
CHP,D,20180205,000000,130,130,120.5,129.5,376,0
CHP,D,20180206,000000,123,123.5,116,117.5,553,0
CHP,D,20180207,000000,125,127.5,120,125,304,0
CHP,D,20180208,000000,128,129,128,128,67,0
CHP,D,20180209,000000,126,126,126,126,99,0
CHP,D,20180212,000000,126,126,126,126,1,0
CHP,D,20180213,000000,124,127,124,127,10,0
CHP,D,20180214,000000,127,127,127,127,6,0
CHP,D,20180215,000000,138.5,138.5,138.5,138.5,73,0
CHP,D,20180216,000000,139,139,135,135,22,0
CHP,D,20180219,000000,135,135,135,135,145,0
CHP,D,20180221,000000,136.5,137,122,127.5,837,0
CHP,D,20180222,000000,127.5,136.5,127.5,135,752,0
CHP,D,20180223,000000,138,144,138,141,688,0
CHP,D,20180226,000000,141,144,141,142,459,0
CHP,D,20180227,000000,142,142.5,141.5,141.5,130,0
CHP,D,20180228,000000,139.5,142,136,136,1085,0
CHP,D,20180301,000000,132,132,124.5,132,496,0
CHP,D,20180302,000000,130.5,131,120,120,1055,0
CHP,D,20180305,000000,124.5,126,120,120,568,0
CHP,D,20180306,000000,120,121,120,120,245,0
CHP,D,20180307,000000,120,120.5,120,120,97,0
CHP,D,20180308,000000,120,125,119,119.5,88,0
CHP,D,20180309,000000,119.5,122,116,116,166,0
CHP,D,20180312,000000,118.5,120,118.5,120,671,0
CHP,D,20180313,000000,120.5,121.5,119.5,119.5,557,0
CHP,D,20180314,000000,121,121,118,121,219,0
CHP,D,20180315,000000,121,121,120,120,72,0
CHP,D,20180316,000000,120,120,116,116,382,0
CHP,D,20180319,000000,116.5,120.5,116,117,297,0
CHP,D,20180320,000000,119,119,103,110.5,1017,0
CHP,D,20180321,000000,112,113,109.5,111,837,0
CHP,D,20180322,000000,108,110,90,110,387,0
CHP,D,20180323,000000,111,112,110,112,213,0
CHP,D,20180326,000000,112.5,114,110,113,259,0
CHP,D,20180328,000000,112,112,109,109,63,0
CHP,D,20180329,000000,109,109,109,109,30,0
CHP,D,20180403,000000,111,111,111,111,3,0
CHP,D,20180404,000000,111,111,108,108,57,0
CHP,D,20180405,000000,108,112,108,112,1539,0
CHP,D,20180406,000000,111,111,110,110,440,0
CHP,D,20180410,000000,113.5,115,110,110,332,0
CHP,D,20180411,000000,110,112,110,110,187,0
CHP,D,20180412,000000,110.5,112.5,110,110.5,1042,0
CHP,D,20180413,000000,110.5,110.5,110,110,70,0
CHP,D,20180416,000000,109,112,105,112,5847,0
CHP,D,20180417,000000,111,111,109.5,110,104,0
CHP,D,20180418,000000,110,111,110,110.5,730,0
CHP,D,20180419,000000,108,111,108,111,2149,0
CHP,D,20180420,000000,112,112.5,110,110,1137,0
CHP,D,20180423,000000,110,110.5,106.5,110.5,708,0
CHP,D,20180424,000000,109,109,109,109,86,0
CHP,D,20180425,000000,108.5,110,108,110,190,0
CHP,D,20180426,000000,108,108,108,108,53,0
CHP,D,20180427,000000,107,110,106.5,110,140,0
CHP,D,20180430,000000,112,122,110,110,440,0
CHP,D,20180502,000000,110,114.5,110,114.5,30,0
CHP,D,20180504,000000,115,119.5,115,119,261,0
CHP,D,20180507,000000,118.5,118.5,111,115,71,0
CHP,D,20180508,000000,113,115,113,115,95,0
CHP,D,20180509,000000,113,115,111,115,1100,0
CHP,D,20180510,000000,110,116,110,113.5,4584,0
CHP,D,20180511,000000,111.5,115.5,110,111,4411,0
CHP,D,20180514,000000,115,121.5,115,119.5,209,0
CHP,D,20180515,000000,119.5,132,119.5,125,589,0
CHP,D,20180516,000000,128,136,128,136,697,0
CHP,D,20180517,000000,136,137,128,134,500,0
CHP,D,20180518,000000,129,136,129,133,126,0
CHP,D,20180521,000000,133.5,133.5,125,133,245,0
CHP,D,20180522,000000,133,133,124,132,538,0
CHP,D,20180525,000000,125,132,124,131.5,170,0
CHP,D,20180528,000000,130,130,124,129,604,0
CHP,D,20180529,000000,129,130,123,123,1256,0
CHP,D,20180530,000000,131,131,108,123,1445,0
CHP,D,20180601,000000,123.5,123.5,121,122,1155,0
CHP,D,20180604,000000,123,123,120,120,52,0
CHP,D,20180605,000000,123,123,119,120,330,0
CHP,D,20180606,000000,122,122,119,120,188,0
CHP,D,20180607,000000,130,134.5,115,122.5,1203,0
CHP,D,20180608,000000,124.5,124.5,120,123,109,0
CHP,D,20180611,000000,123,123,123,123,55,0
CHP,D,20180612,000000,124,124,123.5,124,46,0
CHP,D,20180613,000000,124.5,124.5,124.5,124.5,8,0
CHP,D,20180614,000000,124.5,132,124,132,221,0
CHP,D,20180615,000000,132,134.5,130,133.5,317,0
CHP,D,20180618,000000,134.5,134.5,128,128,241,0
CHP,D,20180619,000000,127,127,120.5,126,311,0
CHP,D,20180620,000000,127,127,125,125,151,0
CHP,D,20180621,000000,127,127,122,126,164,0
CHP,D,20180622,000000,127,127,125,125,142,0
CHP,D,20180625,000000,126.5,126.5,125,125,135,0
CHP,D,20180626,000000,127,127,124,124,107,0
CHP,D,20180627,000000,127,128,124,125,184,0
CHP,D,20180628,000000,129,129,123,125,70,0
CHP,D,20180629,000000,125,125,123,125,1433,0
CHP,D,20180702,000000,127,127,119.5,127,348,0
CHP,D,20180703,000000,127,127,124,126.5,157,0
CHP,D,20180704,000000,127,127,121,125.5,84,0
CHP,D,20180705,000000,127,127,125.5,125.5,16,0
CHP,D,20180706,000000,127,127,127,127,2,0
CHP,D,20180709,000000,127,127,127,127,1,0
CHP,D,20180710,000000,127,127,120,120,414,0
CHP,D,20180711,000000,126,126,120,125,118,0
CHP,D,20180712,000000,125,125,112.5,112.5,1198,0
CHP,D,20180713,000000,118,123,108,110,1149,0
CHP,D,20180716,000000,111.5,112,108,109,676,0
CHP,D,20180717,000000,116,120,110,110,1032,0
CHP,D,20180718,000000,115.5,115.5,109,110,305,0
CHP,D,20180719,000000,112,112,109,110,129,0
CHP,D,20180720,000000,112,112,108,111,267,0
CHP,D,20180723,000000,115,115,108.5,115,43,0
CHP,D,20180724,000000,115,122,108.5,122,1027,0
CHP,D,20180725,000000,122,122,108,119,1055,0
CHP,D,20180726,000000,118,120,109,120,783,0
CHP,D,20180727,000000,120,121,119,121,1064,0
CHP,D,20180730,000000,121.5,122,120,122,491,0
CHP,D,20180731,000000,122,128.5,120,128,6008,0
CHP,D,20180801,000000,128,132,128,132,1646,0
CHP,D,20180802,000000,133,139,109,133,2066,0
CHP,D,20180803,000000,133,133,130,132,462,0
CHP,D,20180806,000000,132,134.5,130,132,957,0
CHP,D,20180807,000000,135,135,132,132,110,0
CHP,D,20180808,000000,132,132,126.5,132,1529,0
CHP,D,20180809,000000,133.5,133.5,128,130,93,0
CHP,D,20180810,000000,131.5,132,131.5,132,1474,0
CHP,D,20180813,000000,132,132,128,131.5,21,0
CHP,D,20180814,000000,132.5,132.5,126.5,132,237,0
CHP,D,20180816,000000,130,155,125,144.5,1968,0
CHP,D,20180817,000000,148,160,148,159,3101,0
CHP,D,20180820,000000,161,170,159,162,610,0
CHP,D,20180821,000000,165,168,158,158,976,0
CHP,D,20180822,000000,158,177,158,174,4607,0
CHP,D,20180823,000000,174,208,173,195,4157,0
CHP,D,20180824,000000,197.5,197.5,180,183,991,0
CHP,D,20180827,000000,182,218,182,205,3245,0
CHP,D,20180828,000000,210,210,196,198,1149,0
CHP,D,20180829,000000,204,207,196,205,666,0
CHP,D,20180830,000000,207,207,199,206,313,0
CHP,D,20180831,000000,205,205,186.5,199,708,0
CHP,D,20180903,000000,195,203,190.5,198.5,372,0
CHP,D,20180904,000000,196.5,196.5,187,189.5,525,0
CHP,D,20180905,000000,194,194,171,181,354,0
CHP,D,20180906,000000,184.5,184.5,148,159.5,1509,0
CHP,D,20180907,000000,165,168,137,140,5481,0
CHP,D,20180910,000000,143.5,161,133,140,35635,0
CHP,D,20180911,000000,141,148.5,133,147,11488,0
CHP,D,20180912,000000,148,170,148,165,4069,0
CHP,D,20180913,000000,172,190.5,160,190,2706,0
CHP,D,20180914,000000,193,193,181,190,752,0
CHP,D,20180917,000000,188,188,180,185,225,0
CHP,D,20180918,000000,180,212,177,203,1465,0
CHP,D,20180919,000000,210,210,195,195,371,0
CHP,D,20180920,000000,195,204,195,200,126,0
CHP,D,20180921,000000,200,203,198,200,161,0
CHP,D,20180924,000000,200,200,198,200,129,0
CHP,D,20180925,000000,199.5,199.5,195,195,57,0
CHP,D,20180926,000000,195,195,180,183,1217,0
CHP,D,20180927,000000,184,190,174,188,280,0
CHP,D,20180928,000000,191,192,180,184,257,0
CHP,D,20181001,000000,184,184,164,168.5,551,0
CHP,D,20181002,000000,165.5,166,157,160,603,0
CHP,D,20181003,000000,158,164,151,157,360,0
CHP,D,20181004,000000,154,154,150,154,403,0
CHP,D,20181005,000000,154,154,149.5,153.5,374,0
CHP,D,20181008,000000,153.5,153.5,140,145,889,0
CHP,D,20181009,000000,138,159,136,159,1323,0
CHP,D,20181010,000000,164,169,160,166,664,0
CHP,D,20181011,000000,158.5,158.5,138,150,1020,0
CHP,D,20181012,000000,150,159,150,155,725,0
CHP,D,20181015,000000,154,155,154,155,78,0
CHP,D,20181016,000000,160,167,150.5,150.5,1800,0
CHP,D,20181017,000000,155,156,148,155,712,0
CHP,D,20181018,000000,155,155,153,155,192,0
CHP,D,20181019,000000,156,156,147,154.5,101,0
CHP,D,20181022,000000,140,153,125,144,2951,0
CHP,D,20181023,000000,144,153.5,139,153.5,442,0
CHP,D,20181024,000000,153.5,163,148,153.5,1134,0
CHP,D,20181025,000000,139,146,134.5,140,2917,0
CHP,D,20181026,000000,144,148.5,134.5,147,6902,0
CHP,D,20181029,000000,154,156,141,141,1277,0
CHP,D,20181030,000000,147,147.5,132,147,7677,0
CHP,D,20181031,000000,147,153,141,151.5,1771,0
CHP,D,20181102,000000,153,153,144,152,1041,0
CHP,D,20181105,000000,160,169,154,159.5,1689,0
CHP,D,20181106,000000,160,160,151.5,157,396,0
CHP,D,20181107,000000,155,155,149.5,154,343,0
CHP,D,20181108,000000,154,154,144.5,149.5,633,0
CHP,D,20181109,000000,149.5,149.5,135.5,135.5,1780,0
CHP,D,20181113,000000,137,143,136,140,1107,0
CHP,D,20181114,000000,141.5,141.5,125,137.5,853,0
CHP,D,20181115,000000,135,139.5,133,137,516,0
CHP,D,20181116,000000,137.5,137.5,115,124.5,1491,0
CHP,D,20181119,000000,125,125,105.5,108,1863,0
CHP,D,20181120,000000,110,110,93.2,101,2228,0
CHP,D,20181121,000000,100,101,97,98,202,0
CHP,D,20181122,000000,99,116,99,116,1104,0
CHP,D,20181123,000000,114,114,99,105,2762,0
CHP,D,20181126,000000,109,109,100,101,273,0
CHP,D,20181127,000000,105,105,99.6,105,235,0
CHP,D,20181128,000000,105,105,104.5,105,11,0
CHP,D,20181129,000000,109,110,104,109.5,88,0
CHP,D,20181130,000000,109.5,109.5,104,105,86,0
CHP,D,20181203,000000,106,107,106,106,33,0
CHP,D,20181204,000000,103,103,87,91,1446,0
CHP,D,20181205,000000,91,93,87.2,89.2,1363,0
CHP,D,20181206,000000,87,90,79.6,85,868,0
CHP,D,20181207,000000,89.2,89.2,81.6,83.8,632,0
CHP,D,20181210,000000,83.8,83.8,73,76,1367,0
CHP,D,20181211,000000,71.2,74.6,68,69,1821,0
CHP,D,20181212,000000,69,79.4,59.8,76.2,5006,0
CHP,D,20181213,000000,80.8,82.8,72,81.8,862,0
CHP,D,20181214,000000,85,85.2,81.4,81.8,371,0
CHP,D,20181217,000000,90,90,82,86.8,862,0
CHP,D,20181218,000000,95.8,95.8,87,90,1933,0
CHP,D,20181219,000000,90,90,78,79.4,362,0
CHP,D,20181220,000000,76,83,76,80,313,0
CHP,D,20181221,000000,81.8,82.6,74,77,1233,0
CHP,D,20181227,000000,77.4,80,74,79.4,1379,0
CHP,D,20181228,000000,79.8,79.8,74,74,2809,0
CHP,D,20190102,000000,76,76.2,72,75.2,208,0
CHP,D,20190103,000000,77.4,77.4,76.8,76.8,12,0
CHP,D,20190104,000000,76.8,77.2,76.6,76.8,47,0
CHP,D,20190107,000000,77.4,78.4,77.4,78.2,99,0
CHP,D,20190108,000000,79,79.6,78,79,244,0
CHP,D,20190109,000000,79,81.4,77.6,77.6,1093,0
CHP,D,20190110,000000,77.4,77.6,75.4,77.4,458,0
CHP,D,20190111,000000,78.4,78.4,72.4,75,952,0
CHP,D,20190114,000000,76.2,76.2,71,74.8,139,0
CHP,D,20190115,000000,74.8,75,72,74,311,0
CHP,D,20190116,000000,74.8,77,73,74.6,2005,0
CHP,D,20190117,000000,76,76,72.4,74,132,0
CHP,D,20190118,000000,74.2,77.2,74,74.8,697,0
CHP,D,20190121,000000,74.8,74.8,74.4,74.6,143,0
CHP,D,20190122,000000,72.6,76.2,72.6,74,1091,0
CHP,D,20190123,000000,74,74,62,68.2,1074,0
CHP,D,20190124,000000,70,71,66.8,68.6,787,0
CHP,D,20190125,000000,68.6,70.4,66,67.8,2075,0
CHP,D,20190128,000000,68,68.2,65,66,306,0
CHP,D,20190129,000000,66,66,62,62.8,514,0
CHP,D,20190130,000000,64.8,64.8,60.8,62.8,847,0
CHP,D,20190131,000000,62.8,62.8,55.6,57,3125,0
CHP,D,20190201,000000,57,66,55.2,62.4,6368,0
CHP,D,20190204,000000,64.6,73,64.6,71,2751,0
CHP,D,20190205,000000,72,74,67.4,68.6,702,0
CHP,D,20190206,000000,71,77.8,68.6,77.8,4734,0
CHP,D,20190207,000000,79,84,79,84,3746,0
CHP,D,20190208,000000,85.6,85.6,78,80.2,1625,0
CHP,D,20190211,000000,80.2,84.8,65,79.6,1686,0
CHP,D,20190212,000000,79,79,75.6,79,207,0
CHP,D,20190213,000000,79.6,82,78.4,80,83,0
CHP,D,20190214,000000,80.4,80.4,77.2,78.8,303,0
CHP,D,20190215,000000,78.8,78.8,78,78.2,64,0
CHP,D,20190218,000000,79,79,75.4,76.2,162,0
CHP,D,20190219,000000,76.2,76.2,75,75,89,0
CHP,D,20190220,000000,75.8,75.8,70.4,72,123,0
CHP,D,20190221,000000,72,72.2,70,72.2,275,0
CHP,D,20190222,000000,72.4,75.2,70,75,418,0
CHP,D,20190225,000000,75,75,71,74.8,213,0
CHP,D,20190226,000000,74,74,71.2,73.2,66,0
CHP,D,20190227,000000,73.2,75.2,71.2,74,665,0
CHP,D,20190228,000000,74.2,78.2,71.8,78.2,1659,0
CHP,D,20190301,000000,78.6,78.6,76,78,82,0
CHP,D,20190304,000000,78.6,78.6,73,73,315,0
CHP,D,20190305,000000,75.8,75.8,71.6,71.6,538,0
CHP,D,20190306,000000,73,73,68,69,578,0
CHP,D,20190307,000000,68.6,68.6,67.8,68,62,0
CHP,D,20190308,000000,70.2,70.2,61,64,987,0
CHP,D,20190311,000000,68.8,70,64.2,69,928,0
CHP,D,20190312,000000,70.2,70.2,65,68.8,642,0
CHP,D,20190313,000000,69.4,69.4,64.8,67,330,0
CHP,D,20190314,000000,67,67,66.6,66.6,30,0
CHP,D,20190315,000000,66.6,67.2,64.6,65,2585,0
CHP,D,20190318,000000,67.2,69.2,65.2,67.6,247,0
CHP,D,20190319,000000,68.8,68.8,65.2,68,182,0
CHP,D,20190320,000000,69,69,68.8,68.8,25,0
CHP,D,20190321,000000,66,67.8,66,67.8,229,0
CHP,D,20190322,000000,67.8,67.8,65,65,403,0
CHP,D,20190325,000000,68.8,68.8,65.2,66,221,0
CHP,D,20190326,000000,67,70,66,66.8,3426,0
CHP,D,20190327,000000,68,71.6,67.6,69.8,2026,0
CHP,D,20190328,000000,72,75.8,72,75.8,1226,0
CHP,D,20190329,000000,76.2,76.2,73.4,74.8,1108,0
CHP,D,20190401,000000,76,76.6,74.8,76.6,216,0
CHP,D,20190402,000000,76.8,77.6,75,75,492,0
CHP,D,20190403,000000,77.6,77.6,70.4,74,612,0
CHP,D,20190404,000000,73.4,73.4,71.2,71.6,189,0
CHP,D,20190405,000000,71.6,71.6,69,69,966,0
CHP,D,20190408,000000,71.4,71.4,70,70,35,0
CHP,D,20190409,000000,70,70.4,65.8,68.4,849,0
CHP,D,20190410,000000,69.8,70,67.2,69.2,334,0
CHP,D,20190411,000000,69.2,69.2,63,66,1207,0
CHP,D,20190412,000000,70,75,67,69,4567,0
CHP,D,20190415,000000,69,70.8,68.4,68.8,329,0
CHP,D,20190416,000000,70,70,68,69,1314,0
CHP,D,20190417,000000,68.8,68.8,67,68.4,1300,0
CHP,D,20190418,000000,68.4,68.4,66,66.2,1057,0
CHP,D,20190423,000000,66,67,63.2,64,1066,0
CHP,D,20190424,000000,64,64,61.2,63,3044,0
CHP,D,20190425,000000,63.6,63.6,60.6,61.8,2411,0
CHP,D,20190426,000000,62.8,62.8,60.4,60.8,2491,0
CHP,D,20190429,000000,64,64,59,61.6,1047,0
CHP,D,20190430,000000,63,63,59.6,61.4,665,0
CHP,D,20190502,000000,61.6,61.6,59,60.2,1550,0
CHP,D,20190506,000000,61,61,54,57.4,7259,0
CHP,D,20190507,000000,57.6,57.6,53,54.6,1418,0
CHP,D,20190508,000000,55,56.4,54,56.4,1299,0
CHP,D,20190509,000000,56.4,59.2,55.4,59.2,2549,0
CHP,D,20190510,000000,59.2,61,56.6,61,1352,0
CHP,D,20190513,000000,61.6,61.6,58.4,61,1206,0
CHP,D,20190514,000000,61,61,58,61,451,0
CHP,D,20190515,000000,60.8,60.8,57.8,58.6,264,0
CHP,D,20190516,000000,60.8,60.8,57,57,349,0
CHP,D,20190517,000000,59.6,59.6,54.8,57,249,0
CHP,D,20190520,000000,59.6,59.6,48.1,49.8,6368,0
CHP,D,20190521,000000,49.8,49.8,43,45.7,10931,0
CHP,D,20190522,000000,48.4,55,47,53.4,1749,0
CHP,D,20190523,000000,53.4,55.2,52.2,54.6,818,0
CHP,D,20190524,000000,54.6,54.6,52,53.8,438,0
CHP,D,20190527,000000,51.2,53.8,50,50,241,0
CHP,D,20190528,000000,52.4,52.4,49,51,87,0
CHP,D,20190529,000000,52.4,52.4,46,48.8,653,0
CHP,D,20190530,000000,48.8,48.8,45.1,48,720,0
CHP,D,20190531,000000,48.4,48.4,42.2,45,2730,0
CHP,D,20190603,000000,45,47.8,45,47,229,0
CHP,D,20190604,000000,46.8,47.6,45,47.3,233,0
CHP,D,20190605,000000,47.5,47.5,41.4,42.4,6240,0
CHP,D,20190606,000000,45,45,41.4,44.3,112,0
CHP,D,20190607,000000,44.3,44.3,42,42,675,0
CHP,D,20190610,000000,42.5,42.5,34,39,1425,0
CHP,D,20190611,000000,38.8,38.8,36,37.9,727,0
CHP,D,20190612,000000,37.9,41.4,37.6,41.4,851,0
CHP,D,20190613,000000,41,42.2,40,41.2,183,0
CHP,D,20190614,000000,41.4,41.4,39.5,41.4,32,0
CHP,D,20190617,000000,41.4,41.4,36.1,37.8,5103,0
CHP,D,20190618,000000,37.9,37.9,33.8,34,4068,0
CHP,D,20190619,000000,35.1,35.1,28.5,29.1,9778,0
CHP,D,20190621,000000,31,31,27.2,27.7,2541,0
CHP,D,20190624,000000,29.2,29.2,26.3,27,2712,0
CHP,D,20190625,000000,27.2,32.6,27,27,11913,0
CHP,D,20190626,000000,27.8,28,24.5,25,38756,0
CHP,D,20190627,000000,25.8,29.9,25,29,20563,0
CHP,D,20190628,000000,30.30,31.20,27.10,28.00,8033,0
CHP,D,20190701,000000,28,29.8,27.5,28.9,5725,0
CHP,D,20190702,000000,28.9,29.7,27.8,28.8,1576,0
CHP,D,20190703,000000,28.7,29.4,27.6,28.7,1498,0
CHP,D,20190704,000000,28.7,28.7,27.5,28.1,625,0
CHP,D,20190705,000000,28,28.2,22.6,25.7,18053,0
CHP,D,20190708,000000,26.6,28.9,26.6,27.1,5955,0
CHP,D,20190709,000000,27.9,29.2,26,27.1,4234,0
CHP,D,20190710,000000,27.2,27.4,25.5,26,3231,0
CHP,D,20190711,000000,26.6,26.6,25.1,26.6,1756,0
CHP,D,20190712,000000,26.5,26.5,25,26.4,2415,0
CHP,D,20190715,000000,26.7,27.2,25.8,25.9,1546,0
CHP,D,20190716,000000,26.4,27.8,25.7,26.4,2764,0
CHP,D,20190717,000000,26.5,28,26,26.7,19900,0
CHP,D,20190718,000000,27.2,27.2,24.4,25.9,7783,0
CHP,D,20190719,000000,26,26,25,25,3557,0
CHP,D,20190722,000000,26,26,25,25.1,620,0
CHP,D,20190723,000000,25.5,25.7,24.6,25,2081,0
CHP,D,20190724,000000,25.5,25.6,25,25.2,1144,0
CHP,D,20190725,000000,24.7,28.5,23.5,25.5,24035,0
CHP,D,20190726,000000,25.4,26.3,25,25.7,16059,0
CHP,D,20190729,000000,26,29.6,25.6,28.2,18168,0
CHP,D,20190730,000000,28.8,35.5,28.8,35.5,37053,0
CHP,D,20190731,000000,37.6,39,33.2,34.4,28159,0
CHP,D,20190801,000000,34.6,38.3,32.1,35.9,13915,0
CHP,D,20190802,000000,36.5,36.5,32.6,33.1,10689,0
CHP,D,20190805,000000,33.1,33.8,29.1,30,5529,0
CHP,D,20190806,000000,30.4,33.3,30.4,31,9916,0
CHP,D,20190807,000000,31,32.9,30.8,31,7272,0
CHP,D,20190808,000000,32,32,30.7,31.8,4210,0
CHP,D,20190809,000000,31.7,34,31,33.8,5320,0
CHP,D,20190812,000000,33.8,34.5,32.7,32.7,2498,0
CHP,D,20190813,000000,31,31.9,29,31,11688,0
CHP,D,20190814,000000,31.8,31.8,29.6,29.6,3472,0
CHP,D,20190816,000000,30.7,30.7,29.3,30.2,3632,0
CHP,D,20190819,000000,30.4,30.4,29.7,29.7,2493,0
CHP,D,20190820,000000,30.2,30.2,28,28.8,9533,0
CHP,D,20190821,000000,28.8,29,27.2,28.1,13800,0
CHP,D,20190822,000000,28.5,28.5,27,28.4,7519,0
CHP,D,20190823,000000,28.4,29.5,27.8,29.4,1608,0
CHP,D,20190826,000000,29.2,31,29,29.9,3658,0
CHP,D,20190827,000000,30.3,32,29.5,31.9,3621,0
CHP,D,20190828,000000,32.4,32.4,30.2,30.8,414,0
CHP,D,20190829,000000,31.5,31.5,29.7,29.7,2704,0
CHP,D,20190830,000000,30.9,31.2,29.4,29.4,2098,0
CHP,D,20190902,000000,30.9,31,29,30,1941,0
CHP,D,20190903,000000,30.8,30.9,30,30.2,1160,0
CHP,D,20190904,000000,30.9,30.9,30,30,275,0
CHP,D,20190905,000000,30.6,31.9,29.8,31.6,1194,0
CHP,D,20190906,000000,31.6,33.6,30.6,31.2,1961,0
CHP,D,20190909,000000,31,32.9,30.2,30.8,5723,0
CHP,D,20190910,000000,31,31.9,30.5,30.5,2374,0
CHP,D,20190911,000000,31.9,33,30.8,31.8,7718,0
CHP,D,20190912,000000,31.8,31.9,30.4,31.2,8500,0
CHP,D,20190913,000000,31.5,31.8,30.2,30.6,11317,0
CHP,D,20190916,000000,31.4,31.4,29.8,29.8,1765,0
CHP,D,20190917,000000,30.5,30.5,27.7,28,6114,0
CHP,D,20190918,000000,28.3,29,27.2,28.9,2111,0
CHP,D,20190919,000000,28.6,30,27,28.9,3459,0
CHP,D,20190920,000000,29.3,29.3,27.5,27.6,1854,0
CHP,D,20190923,000000,28,28,25.8,26.3,2227,0
CHP,D,20190924,000000,27,27,24.7,25.4,5885,0
CHP,D,20190925,000000,25.5,25.5,24.7,25.2,626,0
CHP,D,20190926,000000,25.2,25.4,24.7,25.4,588,0
CHP,D,20190927,000000,25.4,25.4,24.7,24.8,1511,0
CHP,D,20190930,000000,25,25.1,22.3,23.8,2166,0
CHP,D,20191001,000000,23.8,23.8,20.2,22.6,3286,0
CHP,D,20191002,000000,22.8,22.8,20,21.6,5458,0
CHP,D,20191003,000000,20.7,23,20.7,22.4,1627,0
CHP,D,20191004,000000,21.8,22.9,21.8,22.9,122,0
CHP,D,20191007,000000,23,25.2,23,25.1,5663,0
CHP,D,20191008,000000,25,26,24.8,25.3,2994,0
CHP,D,20191009,000000,24.5,24.9,23.6,24.4,1156,0
CHP,D,20191010,000000,24.7,24.7,23.7,24,750,0
CHP,D,20191011,000000,24,24,22.1,23,1469,0
CHP,D,20191014,000000,23,23.2,22.3,22.3,330,0
CHP,D,20191015,000000,22.3,22.5,22.2,22.5,144,0
CHP,D,20191016,000000,22.4,22.5,22,22,360,0
CHP,D,20191017,000000,22.1,22.5,22,22,3773,0
CHP,D,20191018,000000,22,22,21.6,21.6,644,0
CHP,D,20191021,000000,22,22.2,21.7,22.2,514,0
CHP,D,20191022,000000,22.4,22.8,22.1,22.2,1847,0
CHP,D,20191023,000000,22.5,22.7,22.5,22.5,300,0
CHP,D,20191024,000000,22.5,22.5,22.5,22.5,44,0
CHP,D,20191025,000000,21.8,22.8,21.6,21.6,596,0
CHP,D,20191028,000000,21.6,21.6,21,21.4,1163,0
CHP,D,20191029,000000,21,22.6,20.1,20.7,1111,0
CHP,D,20191030,000000,21.5,22.8,21.1,22.5,1991,0
CHP,D,20191031,000000,21.5,23.1,20.2,23.1,2068,0
CHP,D,20191104,000000,23.1,23.1,22,22.3,790,0
CHP,D,20191105,000000,22.1,22.1,21.5,21.5,380,0
CHP,D,20191106,000000,21.1,22.3,21.1,22.2,426,0
CHP,D,20191107,000000,22.4,23.1,22.4,23.1,617,0
CHP,D,20191108,000000,23.1,29,23.1,26.5,5809,0
CHP,D,20191112,000000,26.8,29.4,25.8,28,3578,0
CHP,D,20191113,000000,27.9,29.1,26.1,29.1,8862,0
CHP,D,20191114,000000,28.8,29.1,28.8,29.1,420,0
CHP,D,20191115,000000,29,29,26.3,26.7,4039,0
CHP,D,20191118,000000,26.8,26.8,24,24,2996,0
CHP,D,20191119,000000,24.8,24.9,24.8,24.9,55,0
CHP,D,20191120,000000,23.6,24.8,23.1,24.8,1642,0
CHP,D,20191121,000000,23.5,24,23.5,24,450,0
CHP,D,20191122,000000,24.4,25.3,24.4,25,390,0
CHP,D,20191125,000000,24.7,27,24.2,27,1343,0
CHP,D,20191126,000000,25.3,28.7,25.3,27,1828,0
CHP,D,20191127,000000,27,27,27,27,200,0
CHP,D,20191128,000000,27,27.1,26.1,26.1,1097,0
CHP,D,20191129,000000,27,27.5,26,26.2,4210,0
CHP,D,20191202,000000,26.3,27.9,26.3,26.6,287,0
CHP,D,20191203,000000,26.6,26.6,26.6,26.6,30,0
CHP,D,20191204,000000,26.9,27,26.9,27,430,0
CHP,D,20191205,000000,26.5,27.1,26.5,27.1,100,0
CHP,D,20191206,000000,26.5,27,25.8,26,1391,0
CHP,D,20191209,000000,26,26,26,26,60,0
CHP,D,20191210,000000,27,27,27,27,20,0
CHP,D,20191211,000000,26.9,27.1,26.1,26.9,1435,0
CHP,D,20191212,000000,26.5,27.2,26.5,26.7,1093,0
CHP,D,20191216,000000,27.1,27.5,27,27,4157,0
CHP,D,20191217,000000,27,27,26.9,26.9,801,0
CHP,D,20191218,000000,26.8,26.8,25.8,25.8,138,0
CHP,D,20191219,000000,25.2,25.9,25.2,25.9,793,0
CHP,D,20191220,000000,25.9,25.9,25.2,25.6,445,0
CHP,D,20191223,000000,24.4,25.7,24.4,25.5,1521,0
CHP,D,20191227,000000,24.6,25.7,24.6,24.7,190,0
CHP,D,20200102,000000,26,26.1,26,26,119,0
CHP,D,20200103,000000,26,26,25.5,25.5,75,0
CHP,D,20200107,000000,26,26,25,25,198,0
CHP,D,20200108,000000,25.8,25.8,25,25,205,0
CHP,D,20200109,000000,24.4,27.9,24.4,25.5,3773,0
CHP,D,20200110,000000,26.9,26.9,22.6,24.3,1869,0
CHP,D,20200113,000000,25.4,26.1,25,26.1,430,0
CHP,D,20200114,000000,26.1,27.4,25.1,27.4,791,0
CHP,D,20200115,000000,27.5,27.5,25.1,25.5,573,0
CHP,D,20200116,000000,26.6,26.6,25,25.2,95,0
CHP,D,20200117,000000,25.2,26.7,25,25.9,470,0
CHP,D,20200120,000000,25.9,25.9,25.9,25.9,5,0
CHP,D,20200121,000000,26.4,26.4,25.5,25.5,382,0
CHP,D,20200122,000000,26.5,26.5,25.6,26.4,40,0
CHP,D,20200123,000000,26.5,26.5,25.2,25.2,412,0
CHP,D,20200124,000000,25.2,26.4,25.2,26.4,217,0
CHP,D,20200127,000000,26.5,26.5,25.4,25.4,603,0
CHP,D,20200128,000000,26.6,26.6,24.5,24.5,1668,0
CHP,D,20200129,000000,24.5,24.5,22,22.5,2597,0
CHP,D,20200130,000000,23,23,20,23,12766,0
CHP,D,20200131,000000,23.3,25,22.1,24.4,1960,0
CHP,D,20200203,000000,24.9,24.9,23,23.5,764,0
CHP,D,20200204,000000,23.9,24,22,24,1670,0
CHP,D,20200205,000000,24.1,24.1,23,23.7,915,0
CHP,D,20200206,000000,23.6,23.6,22.1,22.3,1269,0
CHP,D,20200207,000000,22.8,22.9,20.1,22,1756,0
CHP,D,20200210,000000,22.2,22.2,20.3,21.3,2067,0
CHP,D,20200211,000000,21.6,21.6,20.2,21.4,4795,0
CHP,D,20200212,000000,20.5,23,20.2,22.5,2810,0
CHP,D,20200213,000000,23,23,22.5,22.5,705,0
CHP,D,20200214,000000,22.1,22.5,21.2,22,1138,0
CHP,D,20200217,000000,22.5,24.1,21,24.1,4939,0
CHP,D,20200218,000000,24.4,24.4,22.8,23.5,1171,0
CHP,D,20200219,000000,24.4,24.4,22,23.6,1567,0
CHP,D,20200220,000000,24,31.4,23.7,30.3,8537,0
CHP,D,20200221,000000,29.8,31.5,27.8,31,8700,0
CHP,D,20200224,000000,31.9,31.9,29.6,29.6,4063,0
CHP,D,20200225,000000,29.6,29.6,27.9,27.9,2786,0
CHP,D,20200226,000000,27.8,28.1,26.6,28.1,4338,0
CHP,D,20200227,000000,28.6,29,26.9,27.7,2733,0
CHP,D,20200228,000000,29,29,24.5,27,1210,0
CHP,D,20200302,000000,28.5,33.8,28,32.8,4925,0
CHP,D,20200303,000000,32.8,39,31.6,35.6,14551,0
CHP,D,20200304,000000,33.6,36.9,33,34,4896,0
CHP,D,20200305,000000,34,37.5,33.5,33.5,5018,0
CHP,D,20200306,000000,34,34,32,32.8,457,0
CHP,D,20200309,000000,32.8,35.1,28.3,33,5843,0
CHP,D,20200310,000000,31,35.3,31,34,2585,0
CHP,D,20200311,000000,34,34,30.6,30.6,3709,0
CHP,D,20200312,000000,30.1,30.1,26.1,29,1917,0
CHP,D,20200313,000000,27,32.4,25,30,3430,0
CHP,D,20200316,000000,29.9,29.9,27.5,27.5,771,0
CHP,D,20200317,000000,28.3,28.3,23.5,23.5,13075,0
CHP,D,20200318,000000,24.1,24.1,22.7,22.7,1458,0
CHP,D,20200319,000000,22.7,24.1,22,22,2342,0
CHP,D,20200320,000000,21,23,20.2,21.5,4972,0
CHP,D,20200323,000000,21.4,21.4,19.05,20.7,3542,0
CHP,D,20200324,000000,20.7,25.7,20.5,25.7,20984,0
CHP,D,20200325,000000,27.7,28.8,24,27,7957,0
CHP,D,20200326,000000,26.8,26.8,24.8,26,1604,0
CHP,D,20200327,000000,26.9,26.9,24.8,25.2,5346,0
CHP,D,20200330,000000,26.3,26.3,23.8,23.8,1260,0
CHP,D,20200331,000000,25.4,25.4,23,23.5,1997,0
CHP,D,20200401,000000,24.5,27.5,23.9,26.1,6912,0
CHP,D,20200402,000000,26.7,26.7,25,25,340,0
CHP,D,20200403,000000,24.5,25.7,23.4,24,2104,0
CHP,D,20200406,000000,23.3,24.7,23.1,23.8,302,0
CHP,D,20200407,000000,24.4,24.5,23.1,23.1,227,0
CHP,D,20200408,000000,23.9,23.9,23.1,23.1,321,0
CHP,D,20200409,000000,23.1,23.5,23.1,23.5,83,0
CHP,D,20200414,000000,23.9,27,22.6,26.6,13980,0
CHP,D,20200415,000000,26.9,26.9,25.2,25.2,92,0
CHP,D,20200416,000000,25.3,36.3,24.6,36.3,39359,0
CHP,D,20200417,000000,39,39,30,33.6,24924,0
CHP,D,20200420,000000,34.1,35.9,31,33.8,3357,0
CHP,D,20200421,000000,33,33.1,31,32.1,4168,0
CHP,D,20200422,000000,30.3,35.6,30.3,35.5,5294,0
CHP,D,20200423,000000,35.5,35.5,33.6,33.6,2409,0
CHP,D,20200424,000000,34.9,35,32.2,33.1,2523,0
CHP,D,20200427,000000,35,37.2,34.5,36.7,5081,0
CHP,D,20200428,000000,36.8,38.9,36,36.8,4840,0
CHP,D,20200429,000000,37.5,37.5,35,35.3,1255,0
CHP,D,20200430,000000,36.5,36.5,32.1,33,6597,0
CHP,D,20200504,000000,33.8,33.8,32.1,33,1082,0
CHP,D,20200505,000000,33,34.9,33,34.6,1790,0
CHP,D,20200506,000000,34.9,35,34.1,34.1,415,0
CHP,D,20200507,000000,34.7,34.7,32,33.1,2508,0
CHP,D,20200508,000000,32.2,38.6,32.2,37.5,5733,0
CHP,D,20200511,000000,38.5,45.2,38.5,44,13315,0
CHP,D,20200512,000000,45.1,46,43,44.5,3972,0
CHP,D,20200513,000000,44.9,44.9,42,43.5,2021,0
CHP,D,20200514,000000,42.1,42.5,37.1,38.2,3932,0
CHP,D,20200515,000000,39,39.9,36.6,39.9,2818,0
CHP,D,20200518,000000,42.2,42.2,39.3,41,848,0
CHP,D,20200519,000000,41.8,44,41,43.7,2892,0
CHP,D,20200520,000000,44.8,47,44.5,47,3494,0
CHP,D,20200521,000000,48,49,46.2,48,676,0
CHP,D,20200522,000000,47,47,45.6,45.6,530,0
CHP,D,20200525,000000,46.5,46.5,43.1,44,837,0
CHP,D,20200526,000000,45,45,43,44,1788,0
CHP,D,20200527,000000,44.8,44.8,42.8,42.8,692,0
CHP,D,20200528,000000,43.4,43.4,42.5,43.3,148,0
CHP,D,20200529,000000,43.4,48,43,46.4,1572,0
CHP,D,20200601,000000,46.1,46.1,44,45.4,649,0
CHP,D,20200602,000000,45.4,45.4,43,44,837,0
CHP,D,20200603,000000,44,46.1,43,46.1,3564,0
CHP,D,20200604,000000,46,46,42.8,44,641,0
CHP,D,20200605,000000,46,46,41,45,4536,0
CHP,D,20200608,000000,43.8,44,41.5,44,1386,0
CHP,D,20200609,000000,43.5,43.5,41.5,43.5,866,0
CHP,D,20200610,000000,44,44,44,44,234,0
CHP,D,20200612,000000,41,43.3,41,43.3,275,0
CHP,D,20200615,000000,43.2,43.2,39,43.2,1358,0
CHP,D,20200616,000000,41,43.6,41,43.6,468,0
CHP,D,20200617,000000,43.6,43.6,41.5,43.5,83,0
CHP,D,20200618,000000,43.5,43.5,41.1,42,789,0
CHP,D,20200619,000000,42.6,42.6,42.6,42.6,25,0
CHP,D,20200622,000000,42.5,42.5,40,41.8,1202,0
CHP,D,20200623,000000,43,49.9,42.5,47.2,2766,0
CHP,D,20200624,000000,48.3,48.4,47,47.1,650,0
CHP,D,20200625,000000,48.9,48.9,42.6,44,430,0
CHP,D,20200626,000000,45,49,45,45.6,1365,0
CHP,D,20200629,000000,46.1,53,46.1,50,14447,0
CHP,D,20200630,000000,54,54,43.2,46,6335,0
CHP,D,20200701,000000,45,51,45,47.8,11844,0
CHP,D,20200702,000000,47.5,52.8,47.5,51.2,2773,0
CHP,D,20200703,000000,51.8,51.8,50.2,51.2,550,0
CHP,D,20200706,000000,52,53,52,53,304,0
CHP,D,20200707,000000,53,54,48,52.4,827,0
CHP,D,20200708,000000,52.4,52.4,48.1,51.8,869,0
CHP,D,20200709,000000,52,52,50.4,51.8,742,0
CHP,D,20200710,000000,51.8,51.8,48.1,49.8,1050,0
CHP,D,20200713,000000,50.6,50.6,48,48,774,0
CHP,D,20200714,000000,45,47.6,45,45.5,6102,0
CHP,D,20200715,000000,45.2,48,45.2,47,402,0
CHP,D,20200716,000000,47.4,47.4,44.1,45.5,615,0
CHP,D,20200717,000000,47.4,47.4,43.5,46,801,0
CHP,D,20200720,000000,45,45,42.2,42.2,1589,0
CHP,D,20200721,000000,44,52,40.2,50.2,2514,0
CHP,D,20200722,000000,49,50,43.6,46.6,11418,0
CHP,D,20200723,000000,45.4,50.2,45,48,3180,0
CHP,D,20200724,000000,49.9,49.9,44.2,44.5,617,0
CHP,D,20200727,000000,45,45,41,43,978,0
CHP,D,20200728,000000,41.5,42,39,39,3160,0
CHP,D,20200729,000000,39.9,39.9,38.5,39,914,0
CHP,D,20200730,000000,40,40.8,38,38,1054,0
CHP,D,20200731,000000,34.1,39.5,34.1,39.5,2825,0
CHP,D,20200803,000000,39.5,39.5,35,35.5,1579,0
CHP,D,20200804,000000,36.2,36.2,35.1,35.1,8537,0
CHP,D,20200805,000000,33.2,37.7,33.2,35,1540,0
CHP,D,20200806,000000,37.9,37.9,35.3,36.4,667,0
CHP,D,20200807,000000,38,38,36.4,36.6,89,0
CHP,D,20200810,000000,38,38,37.6,37.6,168,0
CHP,D,20200811,000000,41.1,41.3,37.6,38,3588,0
CHP,D,20200812,000000,41,41,33.2,35.7,2924,0
CHP,D,20200813,000000,36.9,36.9,34,35,2664,0
CHP,D,20200814,000000,33.6,37.1,33.6,37.1,486,0
CHP,D,20200817,000000,37.1,37.3,37.1,37.3,250,0
CHP,D,20200818,000000,37.5,44.9,37.5,41,24643,0
CHP,D,20200819,000000,42,43,38.1,38.7,5305,0
CHP,D,20200820,000000,39,39.6,37.7,39.3,577,0
CHP,D,20200821,000000,39.4,42.9,38,42.9,8730,0
CHP,D,20200824,000000,43.5,44.8,42.9,43.4,3083,0
CHP,D,20200825,000000,43.9,43.9,39.1,42.2,1464,0
CHP,D,20200826,000000,42.8,42.8,39.3,41,2450,0
CHP,D,20200827,000000,40,42.4,39.6,42.4,488,0
CHP,D,20200828,000000,42.4,42.5,40.2,42,627,0
CHP,D,20200831,000000,41.8,41.9,40.5,40.5,796,0
CHP,D,20200901,000000,41.8,44.9,39.7,42.4,2200,0
CHP,D,20200902,000000,40.1,42.8,40.1,42.6,857,0
CHP,D,20200903,000000,42.6,44,41.2,44,1616,0
CHP,D,20200904,000000,43.4,43.4,41.1,41.5,164,0
CHP,D,20200907,000000,41.5,41.6,38,40.5,1928,0
CHP,D,20200908,000000,39.2,42.1,35.1,39.6,2315,0
CHP,D,20200909,000000,39.4,40.8,37.6,40.8,995,0
CHP,D,20200910,000000,41.8,41.8,39,40,100,0
CHP,D,20200911,000000,38.9,40,37.8,39.8,508,0
CHP,D,20200914,000000,40.1,40.7,39.8,40.7,1164,0
CHP,D,20200915,000000,40.9,41,39,40.9,598,0
CHP,D,20200916,000000,40.8,40.8,40,40.8,81,0
CHP,D,20200917,000000,40.8,44,40.5,44,2205,0
CHP,D,20200918,000000,44,44,42,43,106,0
CHP,D,20200921,000000,43.8,43.8,38.1,41.5,697,0
CHP,D,20200922,000000,41.5,42.5,41,42,318,0
CHP,D,20200923,000000,41.9,41.9,39.4,41.4,640,0
CHP,D,20200924,000000,41.2,41.2,38.5,40.6,1378,0
CHP,D,20200925,000000,41,41,39.2,40.6,221,0
CHP,D,20200928,000000,40.8,40.8,40.2,40.7,105,0
CHP,D,20200929,000000,40.8,41.2,37.6,41.2,614,0
CHP,D,20200930,000000,42.6,42.6,40.5,40.5,16,0
CHP,D,20201001,000000,41.9,41.9,41.9,41.9,5,0
CHP,D,20201002,000000,41.5,42.3,40,42.3,1113,0
CHP,D,20201005,000000,42.5,42.5,39.2,39.2,418,0
CHP,D,20201006,000000,39.2,42.7,39.2,42.5,1354,0
CHP,D,20201007,000000,42.2,60,41,57,14619,0
CHP,D,20201008,000000,55,57,50.4,54.6,2428,0
CHP,D,20201009,000000,55,55,48,52.2,1000,0
CHP,D,20201012,000000,53,53,47.1,50.2,1538,0
CHP,D,20201013,000000,50.2,50.2,46.5,48,365,0
CHP,D,20201014,000000,48,48,42.2,46.9,1836,0
CHP,D,20201015,000000,46.8,46.8,42.2,43.1,1644,0
CHP,D,20201016,000000,44.8,50.2,44,47,544,0
CHP,D,20201019,000000,45,51.2,45,49,205,0
CHP,D,20201020,000000,50,50,40.9,44.8,1246,0
CHP,D,20201021,000000,44.8,50,44.1,48.8,588,0
CHP,D,20201022,000000,48,49,48,49,727,0
CHP,D,20201023,000000,49,52,48.8,48.8,343,0
CHP,D,20201026,000000,51.6,52,48.5,51.4,1067,0
CHP,D,20201027,000000,51.4,51.4,48.5,50,256,0
CHP,D,20201028,000000,50,50,45,48.5,915,0
CHP,D,20201029,000000,44.6,45,42.1,45,3206,0
CHP,D,20201030,000000,45,45,41,43.2,831,0
CHP,D,20201102,000000,43.2,44.1,41.5,42,1049,0
CHP,D,20201103,000000,45,48,42.1,48,216,0
CHP,D,20201104,000000,49.3,51,46.7,51,511,0
CHP,D,20201105,000000,50.6,51,49,50,855,0
CHP,D,20201106,000000,50,50,42.2,48.4,673,0
CHP,D,20201109,000000,48.4,49.8,46,49.8,198,0
CHP,D,20201110,000000,48.8,50,48.4,48.4,1049,0
CHP,D,20201112,000000,48.2,50.8,45,45.5,2818,0
CHP,D,20201113,000000,47.9,50,46.3,50,571,0
CHP,D,20201116,000000,49.4,54,46.1,51,1932,0
CHP,D,20201117,000000,53,53,48.6,51.6,38,0
CHP,D,20201118,000000,53.6,53.6,47.2,52.2,2640,0
CHP,D,20201119,000000,49.3,52.2,49,49.5,855,0
CHP,D,20201120,000000,49.4,51.2,49.3,51,628,0
CHP,D,20201123,000000,50.8,50.8,49,50.2,637,0
CHP,D,20201124,000000,50.4,50.4,45.6,48.9,3603,0
CHP,D,20201125,000000,49.6,49.6,47.1,49,58,0
CHP,D,20201126,000000,49.8,49.8,47.1,48.8,94,0
CHP,D,20201127,000000,49.9,49.9,49,49.9,257,0
CHP,D,20201130,000000,48,48.5,47,48.4,891,0
CHP,D,20201201,000000,46.2,48.2,46.1,48.2,51,0
CHP,D,20201202,000000,48.8,48.8,45,47.9,818,0
CHP,D,20201203,000000,47.9,48,45.5,45.5,533,0
CHP,D,20201204,000000,46,46,45,46,175,0
CHP,D,20201207,000000,46,46,43.2,44.6,689,0
CHP,D,20201208,000000,45.9,45.9,43.6,44.9,576,0
CHP,D,20201209,000000,45.2,45.2,43.9,45.2,1225,0
CHP,D,20201210,000000,45.5,45.5,44.1,44.7,186,0
CHP,D,20201211,000000,45,45,43,44,660,0
CHP,D,20201214,000000,43,44.3,43,44.1,953,0
CHP,D,20201215,000000,44.1,47.6,43,46,2143,0
CHP,D,20201216,000000,47,47,43.8,46.3,373,0
CHP,D,20201217,000000,45,45,42.2,43,1848,0
CHP,D,20201218,000000,43,43,41,41.9,1579,0
CHP,D,20201221,000000,42.1,42.1,39.1,40.1,3359,0
CHP,D,20201222,000000,40.8,40.8,40.1,40.1,3172,0
CHP,D,20201223,000000,40,40,38.5,39.2,507,0
CHP,D,20201228,000000,39.6,39.6,38.3,38.5,8990,0
CHP,D,20201229,000000,39,43.7,38.7,41.3,1153,0
CHP,D,20201230,000000,42,42,36.2,40,3662,0
CHP,D,20210104,000000,43.8,43.8,40,42.3,142,0
CHP,D,20210105,000000,42.2,42.2,40.1,41.9,218,0
CHP,D,20210107,000000,41.7,41.7,40.5,40.5,5105,0
CHP,D,20210108,000000,41.5,45.1,41.5,44.9,2371,0
CHP,D,20210111,000000,44.9,47,43.8,47,1445,0
CHP,D,20210112,000000,47.7,47.7,45,45,218,0
CHP,D,20210113,000000,47.7,47.7,46,46,80,0
CHP,D,20210114,000000,47.6,47.6,45.3,47,288,0
CHP,D,20210115,000000,47.3,47.3,47.3,47.3,5,0
CHP,D,20210118,000000,46,46,45.7,46,214,0
CHP,D,20210119,000000,46,46,43.4,43.4,446,0
CHP,D,20210120,000000,45,45,44,44.9,85,0
CHP,D,20210121,000000,45,45.9,45,45.9,207,0
CHP,D,20210122,000000,45,45,42,44.6,115,0
CHP,D,20210125,000000,41.2,44.9,41.2,44.9,48,0
CHP,D,20210126,000000,45,45,44.9,45,105,0
CHP,D,20210127,000000,45,45,43.1,43.1,62,0
CHP,D,20210128,000000,44.9,45,43,43,882,0
CHP,D,20210129,000000,44.5,44.5,43.1,44.4,328,0
CHP,D,20210201,000000,44.5,46,44.5,46,588,0
CHP,D,20210202,000000,46,46.2,45,45.5,389,0
CHP,D,20210203,000000,45.5,45.5,43.8,45,683,0
CHP,D,20210204,000000,45,45,44.8,44.8,24,0
CHP,D,20210205,000000,45,48.5,44.8,48.5,767,0
CHP,D,20210208,000000,48.5,48.5,48.5,48.5,5,0
CHP,D,20210209,000000,48.5,48.5,47,47,220,0
CHP,D,20210210,000000,48.4,48.4,46,46,799,0
CHP,D,20210211,000000,48.4,48.4,46,46,102,0
CHP,D,20210212,000000,48,48,46.6,47,3515,0
CHP,D,20210215,000000,47,48,46.9,47.5,1744,0
CHP,D,20210216,000000,48,51,47.5,49,5105,0
CHP,D,20210217,000000,50.2,50.2,46.6,46.7,495,0
CHP,D,20210218,000000,48.5,48.5,45.4,46,185,0
CHP,D,20210219,000000,48.4,48.5,44.9,44.9,320,0
CHP,D,20210222,000000,44.2,44.2,42.4,43,343,0
CHP,D,20210223,000000,43.7,43.7,39.5,41.6,2886,0
CHP,D,20210224,000000,43,43.8,42.2,42.3,913,0
CHP,D,20210225,000000,44,44,43,43.4,85,0
CHP,D,20210226,000000,43.9,43.9,42.2,42.8,46,0
CHP,D,20210301,000000,42.3,42.3,42,42,160,0
CHP,D,20210302,000000,43.2,43.2,42,43.1,159,0
CHP,D,20210303,000000,43.1,43.1,39.6,42.4,229,0
CHP,D,20210304,000000,42.1,42.1,40,41,2879,0
CHP,D,20210305,000000,41,41,41,41,166,0
CHP,D,20210308,000000,41.2,41.2,40,40.9,115,0
CHP,D,20210309,000000,41,41,40.9,40.9,41,0
CHP,D,20210310,000000,40.9,40.9,36.1,40,785,0
CHP,D,20210311,000000,41,41,38,38.5,313,0
CHP,D,20210312,000000,40.8,41,40.8,40.9,103,0
CHP,D,20210315,000000,40.9,40.9,38.3,40.4,906,0
CHP,D,20210316,000000,40.3,40.4,40.2,40.4,113,0
CHP,D,20210317,000000,40.4,40.4,38.4,38.4,188,0
CHP,D,20210318,000000,40,40,40,40,5,0
CHP,D,20210319,000000,40,40.4,40,40.4,102,0
CHP,D,20210322,000000,40.6,40.6,38.5,38.5,235,0
CHP,D,20210323,000000,40,40,36.2,38.4,658,0
CHP,D,20210324,000000,38.4,40.2,38.4,39.9,360,0
CHP,D,20210325,000000,39.9,40,37.9,37.9,55,0
CHP,D,20210326,000000,37.9,37.9,37.6,37.6,35,0
CHP,D,20210329,000000,39,39.1,36.5,36.5,725,0
CHP,D,20210330,000000,38.5,38.5,36.5,36.5,1027,0
CHP,D,20210331,000000,37.2,38,36.5,38,452,0
CHP,D,20210401,000000,36.5,36.5,36.3,36.3,573,0
CHP,D,20210406,000000,37.7,37.7,33.2,35,2502,0
CHP,D,20210407,000000,35,35.8,34,35.8,1434,0
CHP,D,20210408,000000,35.8,36,35,36,217,0
CHP,D,20210409,000000,36,36.2,35.2,36,582,0
CHP,D,20210412,000000,36.9,36.9,35.7,35.7,274,0
CHP,D,20210413,000000,36.6,36.9,35.8,36.9,126,0
CHP,D,20210414,000000,36.9,37.4,36.9,37.4,110,0
CHP,D,20210415,000000,37.8,37.9,37.7,37.8,104,0
CHP,D,20210416,000000,37.8,38.8,37.8,38.8,1175,0
CHP,D,20210419,000000,38.8,38.8,36.5,38.7,162,0
CHP,D,20210420,000000,38.5,40,38.5,40,1196,0
CHP,D,20210421,000000,40.2,40.2,38.7,38.7,1145,0
CHP,D,20210422,000000,39.9,39.9,38.9,38.9,1158,0
CHP,D,20210423,000000,39.8,39.8,39,39,159,0
CHP,D,20210426,000000,39.7,39.7,38.5,38.6,5335,0
CHP,D,20210427,000000,39.4,39.4,37.5,37.6,686,0
CHP,D,20210428,000000,37.8,37.8,35.6,37.5,776,0
CHP,D,20210429,000000,37,37,34.9,35.4,1612,0
CHP,D,20210430,000000,36.8,36.8,33.5,34.5,1161,0
CHP,D,20210504,000000,34.8,34.8,30,32.6,3120,0
CHP,D,20210505,000000,32.3,32.9,31,32,390,0
CHP,D,20210506,000000,33.8,33.8,31.8,31.8,116,0
CHP,D,20210507,000000,32.9,32.9,31,32,266,0
CHP,D,20210510,000000,33,33,30.9,31,175,0
CHP,D,20210511,000000,32,32,30.3,30.3,561,0
CHP,D,20210512,000000,32,32,31,31.5,329,0
CHP,D,20210513,000000,31.9,31.9,31,31,395,0
CHP,D,20210514,000000,32.6,32.6,30.8,32.6,238,0
CHP,D,20210517,000000,31,31.6,30,30,1418,0
CHP,D,20210518,000000,31,31.5,27.9,30.7,725,0
CHP,D,20210519,000000,30,31.3,29.8,30.2,263,0
CHP,D,20210520,000000,31.2,31.3,31,31.3,103,0
CHP,D,20210521,000000,31.6,31.6,30.3,30.3,308,0
CHP,D,20210524,000000,30.9,30.9,29,29,155,0
CHP,D,20210525,000000,28.6,31,28.5,31,977,0
CHP,D,20210526,000000,31.2,31.2,29,31.1,303,0
CHP,D,20210527,000000,31.2,31.2,29.2,29.2,11,0
CHP,D,20210528,000000,31,31,31,31,6,0
CHP,D,20210531,000000,31,31,29.3,30.6,105,0
CHP,D,20210601,000000,30.5,30.5,29.1,29.1,205,0
CHP,D,20210602,000000,29.9,29.9,27.4,27.4,1319,0
CHP,D,20210604,000000,29.6,29.6,27.7,27.7,475,0
CHP,D,20210607,000000,29.1,29.1,26.3,27.7,1312,0
CHP,D,20210608,000000,27.7,28.8,26,26.9,1255,0
CHP,D,20210609,000000,26.9,26.9,25.1,26.4,1488,0
CHP,D,20210610,000000,26.5,26.7,25,26.7,1013,0
CHP,D,20210611,000000,26.6,26.6,24,25.9,3236,0
CHP,D,20210614,000000,25.8,25.8,23.9,24.9,676,0
CHP,D,20210615,000000,24.8,25,24.2,24.2,553,0
CHP,D,20210616,000000,24.8,24.8,24.1,24.8,225,0
CHP,D,20210617,000000,24.8,24.8,23.5,24.4,249,0
CHP,D,20210618,000000,24.5,24.8,23.8,23.9,248,0
CHP,D,20210621,000000,24.7,24.8,24.7,24.7,493,0
CHP,D,20210622,000000,24.7,24.7,24.2,24.2,40,0
CHP,D,20210623,000000,24.8,24.8,24.2,24.8,135,0
CHP,D,20210624,000000,24.8,24.8,24.8,24.8,255,0
CHP,D,20210625,000000,24.8,24.8,23.4,23.4,559,0
CHP,D,20210628,000000,24.2,24.8,24,24,1189,0
CHP,D,20210629,000000,24.8,24.8,23.4,24.4,149,0
CHP,D,20210630,000000,24.7,24.9,24.7,24.9,112,0
CHP,D,20210701,000000,24.9,24.9,24.8,24.9,25,0
CHP,D,20210702,000000,24,24,22.5,23.9,3321,0
CHP,D,20210705,000000,24.2,24.2,23.6,23.9,198,0
CHP,D,20210706,000000,23.9,24.2,23.9,24.2,374,0
CHP,D,20210707,000000,23.2,23.2,22.5,23,566,0
CHP,D,20210708,000000,23,23,20.5,21.8,1802,0
CHP,D,20210709,000000,22.5,22.7,22.2,22.5,434,0
CHP,D,20210712,000000,21.6,22.7,21.6,22.7,100,0
CHP,D,20210713,000000,23,23,22.5,22.5,182,0
CHP,D,20210714,000000,22.9,22.9,22.9,22.9,60,0
CHP,D,20210715,000000,22.9,22.9,22.9,22.9,2,0
CHP,D,20210716,000000,23,23,23,23,100,0
CHP,D,20210719,000000,23,23,22,22,321,0
CHP,D,20210720,000000,23,23,20.9,20.9,542,0
CHP,D,20210721,000000,21.8,21.8,21.1,21.1,187,0
CHP,D,20210722,000000,21.5,21.5,20.7,20.7,175,0
CHP,D,20210723,000000,21.5,21.5,20.9,20.9,220,0
CHP,D,20210726,000000,21.6,21.6,21,21,15,0
CHP,D,20210727,000000,21.5,21.5,20.7,21.4,258,0
CHP,D,20210728,000000,21.4,21.4,20.5,20.5,270,0
CHP,D,20210729,000000,20.9,21,20.1,20.1,702,0
CHP,D,20210730,000000,20.9,20.9,20,20,144,0
CHP,D,20210802,000000,20.5,20.5,20,20.1,1012,0
CHP,D,20210803,000000,20.5,21,20.1,20.1,2447,0
CHP,D,20210804,000000,20.9,21.3,20.1,20.8,1337,0
CHP,D,20210805,000000,20.1,21,20.1,21,472,0
CHP,D,20210806,000000,21,21,20.3,20.3,290,0
CHP,D,20210809,000000,20.9,21,19.6,19.6,548,0
CHP,D,20210810,000000,20.9,20.9,20,20,205,0
CHP,D,20210811,000000,20.9,20.9,20,20.8,514,0
CHP,D,20210812,000000,20.1,21,20.1,21,133,0
CHP,D,20210813,000000,21.5,25,21,21.4,1095,0
CHP,D,20210816,000000,22.4,22.4,22.3,22.4,86,0
CHP,D,20210817,000000,21.3,21.3,19.5,19.8,697,0
CHP,D,20210818,000000,19.8,19.95,19.1,19.1,1651,0
CHP,D,20210819,000000,19.7,19.7,18.3,18.9,715,0
CHP,D,20210820,000000,18.9,19.05,17.55,18,1300,0
CHP,D,20210823,000000,18.7,18.75,18.5,18.75,232,0
CHP,D,20210824,000000,19.2,19.2,19.2,19.2,2,0
CHP,D,20210825,000000,19,19.85,18.9,19,610,0
CHP,D,20210826,000000,19,19.9,19,19,303,0
CHP,D,20210827,000000,19.1,19.5,19.1,19.5,82,0
CHP,D,20210830,000000,19.5,19.55,19.5,19.55,252,0
CHP,D,20210831,000000,19.5,19.9,19.5,19.5,644,0
CHP,D,20210901,000000,20.9,21,19.95,20.9,917,0
CHP,D,20210902,000000,21,21.4,20.9,21.4,342,0
CHP,D,20210903,000000,21,21,19.3,20.8,644,0
CHP,D,20210906,000000,20.8,20.8,20.1,20.4,60,0
CHP,D,20210907,000000,20.8,20.8,19.5,19.55,518,0
CHP,D,20210908,000000,19.55,20,19,20,1174,0
CHP,D,20210909,000000,20,20,19.05,20,169,0
CHP,D,20210910,000000,21,21,19.1,20.6,833,0
CHP,D,20210913,000000,20.8,21.6,19,19.4,2075,0
CHP,D,20210914,000000,20.5,20.9,19.95,20.2,1080,0
CHP,D,20210915,000000,20,20,19.2,20,414,0
CHP,D,20210916,000000,21.4,21.5,19.6,21,691,0
CHP,D,20210917,000000,20.5,20.5,19.6,20.3,301,0
CHP,D,20210920,000000,20,20,19.5,19.5,285,0
CHP,D,20210921,000000,19.95,20,19.25,19.4,556,0
CHP,D,20210922,000000,19.85,20,19.85,20,276,0
CHP,D,20210923,000000,19.95,19.95,19.5,19.5,163,0
CHP,D,20210924,000000,19.95,20.1,19.9,20.1,729,0
CHP,D,20210927,000000,20.1,20.2,19.9,19.9,174,0
CHP,D,20210928,000000,20,20,19.4,20,369,0
CHP,D,20210929,000000,19.8,19.9,19.8,19.9,32,0
CHP,D,20210930,000000,19.9,19.95,19.9,19.95,115,0
CHP,D,20211001,000000,19.9,19.9,19.5,19.9,147,0
CHP,D,20211004,000000,19.9,19.9,18.85,18.85,602,0
CHP,D,20211005,000000,19.85,19.85,17.6,17.75,983,0
CHP,D,20211006,000000,17.65,18.15,17.1,18.15,495,0
CHP,D,20211007,000000,18.8,18.8,17.2,17.2,99,0
CHP,D,20211008,000000,18.7,18.7,15.4,15.5,6269,0
CHP,D,20211011,000000,15,16.7,13.65,15.8,10508,0
CHP,D,20211012,000000,16.25,16.25,15.95,16.25,214,0
CHP,D,20211013,000000,16.25,16.8,16.2,16.4,1505,0
CHP,D,20211014,000000,16.8,18.85,16.8,18.1,1024,0
CHP,D,20211015,000000,19,22.4,19,22.4,4422,0
CHP,D,20211018,000000,22.2,22.2,19.1,22.2,1681,0
CHP,D,20211019,000000,22,24.8,19.35,22.9,4875,0
CHP,D,20211020,000000,24.7,24.7,21.1,21.1,499,0
CHP,D,20211021,000000,21.6,24,20.1,22.4,4399,0
CHP,D,20211022,000000,22.4,22.4,19.7,20.9,1284,0
CHP,D,20211025,000000,20.9,22.3,18.65,20.9,1417,0
CHP,D,20211026,000000,20.7,20.7,15.8,16.8,35029,0
CHP,D,20211027,000000,16.95,17.75,16.45,17.5,4125,0
CHP,D,20211028,000000,17.5,18.35,16.95,17.1,3235,0
CHP,D,20211029,000000,17.1,17.95,16.5,16.8,664,0
CHP,D,20211102,000000,17.7,17.7,15.75,16.25,2854,0
CHP,D,20211103,000000,16.3,16.95,15.4,16.95,2853,0
CHP,D,20211104,000000,17.1,17.1,15.4,15.6,1080,0
CHP,D,20211105,000000,16.2,16.2,15.15,15.9,915,0
CHP,D,20211108,000000,16.7,16.7,15.35,15.6,465,0
CHP,D,20211109,000000,16.45,16.45,15.25,16.1,305,0
CHP,D,20211110,000000,15.2,15.85,15.2,15.75,891,0
CHP,D,20211112,000000,15.75,15.75,15.05,15.05,761,0
CHP,D,20211115,000000,15.05,15.9,15.05,15.8,387,0
CHP,D,20211116,000000,15.8,15.8,14.8,14.8,1246,0
CHP,D,20211117,000000,15.7,15.7,13.1,14.15,1451,0
CHP,D,20211118,000000,13.95,14.8,13.35,13.35,849,0
CHP,D,20211119,000000,13.35,14.2,13,14.2,1799,0
CHP,D,20211122,000000,14.5,14.5,11.95,13.8,2463,0
CHP,D,20211123,000000,13.8,13.8,13.1,13.7,468,0
CHP,D,20211124,000000,13.8,13.8,13.5,13.5,55,0
CHP,D,20211125,000000,13.8,14.15,13.3,13.3,625,0
CHP,D,20211126,000000,14.15,14.35,11.35,12.95,6784,0
CHP,D,20211129,000000,12.95,12.95,11.2,12,2917,0
CHP,D,20211130,000000,12.1,12.1,11.55,11.55,266,0
CHP,D,20211201,000000,12.1,12.45,11.55,11.6,301,0
CHP,D,20211202,000000,12.95,13,12,12,447,0
CHP,D,20211203,000000,12.5,12.5,12.2,12.5,31,0
CHP,D,20211206,000000,12.5,12.5,11,12.4,1014,0
CHP,D,20211207,000000,12.4,12.4,11,11.15,3920,0
CHP,D,20211208,000000,12.4,12.4,10.7,10.7,2401,0
CHP,D,20211209,000000,12.3,12.3,10.95,11,1839,0
CHP,D,20211210,000000,11.15,12,10.75,12,13197,0
CHP,D,20211213,000000,11.6,11.6,11,11,6468,0
CHP,D,20211214,000000,11,11.5,10.7,11,1675,0
CHP,D,20211215,000000,11.45,11.45,10,10.4,5099,0
CHP,D,20211216,000000,10.4,10.4,9.24,9.5,5531,0
CHP,D,20211217,000000,9.5,12,9.4,12,23998,0
CHP,D,20211220,000000,11,11,9.7,10.15,2227,0
CHP,D,20211221,000000,10,10.4,10,10,1554,0
CHP,D,20211222,000000,10.6,10.6,10,10,2016,0
CHP,D,20211223,000000,10,10,9.56,10,3286,0
CHP,D,20211227,000000,9.64,9.66,9.1,9.5,5678,0
CHP,D,20211228,000000,8.4,9,8,8.7,7495,0
CHP,D,20211229,000000,8.7,8.78,8.36,8.5,4372,0
CHP,D,20211230,000000,8.78,8.78,8.4,8.7,1263,0
CHP,D,20220103,000000,8.7,10.4,8.7,10.25,2713,0
CHP,D,20220104,000000,10.25,11.25,10.2,10.5,786,0
CHP,D,20220105,000000,10.25,10.25,10.05,10.05,467,0
CHP,D,20220107,000000,10.05,10.4,10,10,87,0
CHP,D,20220110,000000,10.45,10.45,10.45,10.45,5,0
CHP,D,20220111,000000,10.4,10.4,9.52,10,491,0
CHP,D,20220112,000000,10.1,10.6,9.9,10.6,1861,0
CHP,D,20220113,000000,10.6,10.6,9.8,9.8,505,0
CHP,D,20220114,000000,10.4,10.4,9,9.12,2046,0
CHP,D,20220117,000000,9.12,10,9,9.04,4254,0
CHP,D,20220118,000000,9.02,9.04,9.02,9.04,20,0
CHP,D,20220119,000000,9.4,9.4,7.98,8.1,5523,0
CHP,D,20220120,000000,8.1,8.3,7.8,8.3,315,0
CHP,D,20220121,000000,8.3,8.3,7.8,8.2,443,0
CHP,D,20220124,000000,8.2,8.2,7.2,7.2,4026,0
CHP,D,20220125,000000,7.94,8.52,7.32,7.92,1969,0
CHP,D,20220126,000000,7.9,8.2,7.9,8,2679,0
CHP,D,20220127,000000,7.84,7.84,7.76,7.84,535,0
CHP,D,20220128,000000,7.64,7.8,7.5,7.8,2903,0
CHP,D,20220131,000000,7.98,7.98,7.98,7.98,5,0
CHP,D,20220201,000000,7.94,7.94,6.4,6.46,23231,0
CHP,D,20220202,000000,6.64,7,6.64,6.72,2373,0
CHP,D,20220203,000000,7,7.42,6.68,7.38,2431,0
CHP,D,20220204,000000,7,7.36,6.52,6.54,1324,0
CHP,D,20220207,000000,6.54,7.48,6.16,6.2,7276,0
CHP,D,20220208,000000,6.8,6.8,6.8,6.8,5,0
CHP,D,20220209,000000,6.64,6.68,6.36,6.68,1235,0
CHP,D,20220210,000000,6.8,7.24,6.8,6.88,245,0
CHP,D,20220211,000000,6.88,7.28,6.8,6.9,2525,0
CHP,D,20220214,000000,6.9,6.9,6.88,6.9,55,0
CHP,D,20220215,000000,6.96,6.96,6.8,6.8,105,0
CHP,D,20220216,000000,6.8,7.24,6.72,7.24,1566,0
CHP,D,20220217,000000,7.2,7.2,6.68,6.68,240,0
CHP,D,20220218,000000,6.68,7,6.54,6.98,1550,0
CHP,D,20220221,000000,7,7.5,6.9,7.28,1197,0
CHP,D,20220222,000000,6.7,6.98,6.48,6.96,552,0
CHP,D,20220223,000000,7.3,7.3,6.52,7.06,2146,0
CHP,D,20220224,000000,6.98,6.98,5.6,5.78,3310,0
CHP,D,20220225,000000,6.5,6.5,5.4,6.4,3874,0
CHP,D,20220228,000000,6.4,6.4,5.44,5.44,53,0
CHP,D,20220301,000000,6.4,6.4,6,6.4,477,0
CHP,D,20220302,000000,6.4,6.4,6.02,6.04,701,0
CHP,D,20220303,000000,6.06,6.1,6.04,6.1,846,0
CHP,D,20220304,000000,6.04,6.38,6.04,6.38,181,0
CHP,D,20220307,000000,6.32,6.32,5.98,5.98,431,0
CHP,D,20220308,000000,6,6,4.99,5.9,1986,0
CHP,D,20220309,000000,6,6,5.32,5.72,598,0
CHP,D,20220310,000000,6,6,5.86,5.96,829,0
CHP,D,20220311,000000,6.2,6.2,5.2,5.72,7182,0
CHP,D,20220314,000000,6.1,6.1,5,5.16,3639,0
CHP,D,20220315,000000,5.66,5.66,4.8,5.1,4412,0
CHP,D,20220316,000000,5.58,5.58,5.24,5.5,2239,0
CHP,D,20220317,000000,5.98,6.16,5.4,6,4071,0
CHP,D,20220318,000000,6.12,6.44,5.8,5.8,2094,0
CHP,D,20220321,000000,6.3,6.3,6.08,6.08,455,0
CHP,D,20220322,000000,6.08,6.08,6.08,6.08,800,0
CHP,D,20220323,000000,6.22,6.22,5.82,5.9,254,0
CHP,D,20220324,000000,6.22,6.22,5.4,6,1466,0
CHP,D,20220325,000000,6,6,5.4,5.4,405,0
CHP,D,20220328,000000,5.86,6.22,5.52,5.74,921,0
CHP,D,20220329,000000,6.08,6.08,5.9,6.08,643,0
CHP,D,20220331,000000,5.9,6.1,5.9,6.02,54,0
CHP,D,20220401,000000,5.98,5.98,5.7,5.98,223,0
CHP,D,20220404,000000,5.98,5.98,5.42,5.58,827,0
CHP,D,20220405,000000,5.52,5.84,5.52,5.76,455,0
CHP,D,20220406,000000,5.58,5.58,5.3,5.42,1561,0
CHP,D,20220407,000000,5.54,5.54,5.2,5.2,70,0
CHP,D,20220408,000000,5.5,5.5,5.02,5.02,983,0
CHP,D,20220412,000000,5.38,5.88,5.38,5.86,2337,0
CHP,D,20220413,000000,5.8,6.3,5.8,6.3,2996,0
CHP,D,20220414,000000,6.2,6.2,6.2,6.2,161,0
CHP,D,20220419,000000,6.2,6.2,6.2,6.2,2,0
CHP,D,20220420,000000,6.2,6.2,6.2,6.2,5,0
CHP,D,20220421,000000,6.2,6.2,6.2,6.2,15,0
CHP,D,20220422,000000,6.14,6.14,5.84,6,118,0
CHP,D,20220425,000000,6.14,6.14,6.14,6.14,13,0
CHP,D,20220426,000000,6.14,6.14,5.5,6.04,571,0
CHP,D,20220427,000000,6.06,6.06,6.06,6.06,81,0
CHP,D,20220428,000000,6.06,6.06,5.64,6.02,214,0
CHP,D,20220429,000000,6.06,6.06,5.64,6.02,38,0
CHP,D,20220502,000000,6.02,6.02,6.02,6.02,2,0
CHP,D,20220504,000000,6,6,6,6,166,0
CHP,D,20220505,000000,5.98,5.98,5.98,5.98,5,0
CHP,D,20220506,000000,5.98,5.98,5.64,5.98,360,0
CHP,D,20220509,000000,6,6,5.5,5.72,814,0
CHP,D,20220510,000000,6,6,6,6,205,0
CHP,D,20220511,000000,6.06,6.06,6.06,6.06,5,0
CHP,D,20220512,000000,6,6,5.02,5.5,4740,0
CHP,D,20220513,000000,5.46,5.46,5.46,5.46,115,0
CHP,D,20220516,000000,5.46,5.46,4.87,4.87,1706,0
CHP,D,20220517,000000,5.24,5.24,4.4,4.7,4364,0
CHP,D,20220518,000000,4.71,4.8,4.71,4.8,25,0
CHP,D,20220519,000000,4.81,4.81,4.81,4.81,450,0
CHP,D,20220520,000000,4.9,4.9,4.4,4.4,1820,0
CHP,D,20220523,000000,4.41,4.49,4.4,4.49,275,0
CHP,D,20220524,000000,4.77,4.77,4.54,4.69,715,0
CHP,D,20220525,000000,4.69,4.69,4.38,4.4,551,0
CHP,D,20220526,000000,4.4,4.4,4.4,4.4,25,0
CHP,D,20220527,000000,4.66,4.66,4.4,4.4,190,0
CHP,D,20220530,000000,4.4,4.68,4.4,4.68,945,0
CHP,D,20220531,000000,5.32,5.34,4.84,5.34,135,0
CHP,D,20220601,000000,5.34,5.34,5.34,5.34,5,0
CHP,D,20220602,000000,5.34,5.34,5.34,5.34,5,0
CHP,D,20220603,000000,5.32,5.32,4.55,4.55,1215,0
CHP,D,20220606,000000,4.8,4.8,4.8,4.8,5,0
CHP,D,20220607,000000,4.8,4.8,4.07,4.4,1589,0
CHP,D,20220608,000000,4.8,4.8,4.6,4.8,17,0
CHP,D,20220609,000000,4.79,4.79,4.31,4.4,2395,0
CHP,D,20220610,000000,4.5,4.5,4,4,3172,0
CHP,D,20220613,000000,3.93,3.93,3.92,3.92,999,0
CHP,D,20220614,000000,4.28,4.78,4.01,4.01,1623,0
CHP,D,20220615,000000,4.37,4.37,3.9,4.1,1424,0
CHP,D,20220617,000000,4.36,4.36,4.15,4.29,1005,0
CHP,D,20220620,000000,4.36,4.36,4.22,4.34,108,0
CHP,D,20220621,000000,4.36,4.36,4.34,4.34,155,0
CHP,D,20220622,000000,4.36,4.36,4.36,4.36,2,0
CHP,D,20220623,000000,4.36,4.36,4.36,4.36,5,0
CHP,D,20220624,000000,4.36,4.36,4.36,4.36,2,0
CHP,D,20220627,000000,4.37,4.73,4.34,4.73,2477,0
CHP,D,20220628,000000,4.85,5,4.67,4.67,4558,0
CHP,D,20220629,000000,5,5,4.69,4.69,455,0
CHP,D,20220630,000000,5,5.4,4.99,5.2,1383,0
CHP,D,20220701,000000,5.26,7.18,5.26,7,6924,0
CHP,D,20220704,000000,7.3,9.5,6.26,7.6,42533,0
CHP,D,20220705,000000,7.6,7.62,5.5,5.5,19649,0
CHP,D,20220706,000000,5.86,6.2,4.7,4.9,18252,0
CHP,D,20220707,000000,5.1,5.5,4.9,5.38,3855,0
CHP,D,20220708,000000,5.5,5.5,5,5.26,948,0
CHP,D,20220711,000000,5.28,5.28,3.96,4.46,35353,0
CHP,D,20220712,000000,4.46,4.67,3.58,4.4,39081,0
CHP,D,20220713,000000,4.44,4.8,4.11,4.13,6304,0
CHP,D,20220714,000000,4.48,4.48,4.13,4.15,338,0
CHP,D,20220715,000000,4.5,4.74,4.3,4.7,13488,0
CHP,D,20220718,000000,4.74,5.36,4.65,5.04,4724,0
CHP,D,20220719,000000,5.24,5.24,4.78,4.78,1531,0
CHP,D,20220720,000000,5.38,5.38,4.7,4.7,6596,0
CHP,D,20220721,000000,5.1,5.1,4.96,4.96,505,0
CHP,D,20220722,000000,4.99,6.46,4.9,5.64,11087,0
CHP,D,20220725,000000,5.66,5.86,5.42,5.42,2475,0
CHP,D,20220726,000000,5.02,5.28,5.02,5.28,721,0
CHP,D,20220727,000000,5.28,5.28,5.18,5.2,169,0
CHP,D,20220728,000000,5.64,8.1,5.64,8.1,35009,0
CHP,D,20220729,000000,9.7,12.3,9.42,12.3,59792,0
CHP,D,20220801,000000,13.1,21.9,13.1,21.7,158678,0
CHP,D,20220802,000000,21.7,31.2,18,28,87203,0
CHP,D,20220803,000000,29.2,35,22.8,23.5,78867,0
CHP,D,20220804,000000,23.6,25.5,18.9,19,82205,0
CHP,D,20220805,000000,18.2,19.7,16.2,17.85,51844,0
CHP,D,20220808,000000,17.5,24.2,16.65,23.3,60447,0
CHP,D,20220809,000000,23.5,23.5,18.3,18.3,27640,0
CHP,D,20220810,000000,18.5,21,18,19.25,24797,0
CHP,D,20220811,000000,19.5,23.4,18,22.4,26667,0
CHP,D,20220812,000000,21.2,22.2,20.4,20.7,9392,0
CHP,D,20220816,000000,20.7,20.7,18.7,18.7,13198,0
CHP,D,20220817,000000,19.4,19.4,16.5,17.25,22099,0
CHP,D,20220818,000000,17.25,17.4,14.65,15.05,22882,0
CHP,D,20220819,000000,15.4,16.75,14,16,17327,0
CHP,D,20220822,000000,16.65,16.65,14.2,14.2,6948,0
CHP,D,20220823,000000,14.5,14.8,13.35,13.75,11502,0
CHP,D,20220824,000000,13.9,14.1,11.8,11.8,23171,0
CHP,D,20220825,000000,11.6,13.3,11.6,11.9,15156,0
CHP,D,20220826,000000,11,11.6,10.2,10.4,17848,0
CHP,D,20220829,000000,10.3,10.5,9.38,10.35,18067,0
CHP,D,20220830,000000,10.05,11.6,10,10,7268,0
CHP,D,20220831,000000,10.8,10.8,9.5,9.96,5776,0
CHP,D,20220901,000000,9.96,9.96,9.32,9.5,2236,0
CHP,D,20220902,000000,9.82,10.95,8.9,10.1,11980,0
CHP,D,20220905,000000,10.7,10.7,9.72,10.1,1498,0
CHP,D,20220906,000000,10,10,9.34,9.8,2452,0
CHP,D,20220907,000000,9.74,9.74,8.5,9.16,8186,0
CHP,D,20220908,000000,9.16,9.4,8.7,9.28,3332,0
CHP,D,20220909,000000,9.28,9.28,8.6,8.86,1589,0
CHP,D,20220912,000000,8.9,9.9,8.9,9.32,4346,0
CHP,D,20220913,000000,9.7,9.7,9,9,3709,0
CHP,D,20220914,000000,9.22,9.28,8.66,9,2595,0
CHP,D,20220915,000000,8.66,9.5,7.78,8.92,6078,0
CHP,D,20220916,000000,9.36,9.36,8.34,8.6,1177,0
CHP,D,20220919,000000,9.16,9.16,8,8.1,3891,0
CHP,D,20220920,000000,8.4,8.4,7.48,7.52,2267,0
CHP,D,20220921,000000,7.94,7.94,7.04,7.82,1958,0
CHP,D,20220922,000000,7.36,7.78,7.36,7.5,549,0
CHP,D,20220923,000000,7.7,7.82,7.1,7.82,1215,0
CHP,D,20220926,000000,8.78,8.78,7.34,7.36,4255,0
CHP,D,20220927,000000,7.58,10.85,7.58,10.85,52401,0
CHP,D,20220928,000000,10.4,10.4,8.38,8.38,25021,0
CHP,D,20220929,000000,8.38,8.74,7.56,7.64,6804,0
CHP,D,20220930,000000,8.28,8.3,7.56,8.14,7889,0
CHP,D,20221003,000000,8,8.08,7.5,7.98,5409,0
CHP,D,20221004,000000,7.98,8.06,7.6,8.02,1563,0
CHP,D,20221005,000000,8.02,8.98,7.84,8.48,3314,0
CHP,D,20221006,000000,8.56,12.3,8.52,12.3,41176,0
CHP,D,20221007,000000,12.5,17.9,11.6,16.55,50960,0
CHP,D,20221010,000000,17.1,19.8,15.1,16.7,46629,0
CHP,D,20221011,000000,16.9,16.9,13.4,13.4,24191,0
CHP,D,20221012,000000,13.8,15.9,13,14.8,7300,0
CHP,D,20221013,000000,15,15,13.6,14.3,2625,0
CHP,D,20221014,000000,14.4,14.4,13.05,13.5,3481,0
CHP,D,20221017,000000,13.5,13.7,11.5,12.4,9423,0
CHP,D,20221018,000000,12.4,13.6,11,12.95,8086,0
CHP,D,20221019,000000,13,13,11.7,11.7,3306,0
CHP,D,20221020,000000,12.45,14.8,11.6,13.8,7074,0
CHP,D,20221021,000000,13.8,13.95,12.8,13.4,1678,0
CHP,D,20221024,000000,13.4,13.9,13,13.9,4319,0
CHP,D,20221025,000000,13.9,13.9,12.55,13.45,5913,0
CHP,D,20221026,000000,13.8,13.8,12.8,12.9,1063,0
CHP,D,20221027,000000,13.25,13.45,12.6,13.45,2840,0
CHP,D,20221028,000000,13.45,13.45,12.5,13.4,886,0
CHP,D,20221031,000000,12.15,13.4,12.15,13.3,2622,0
CHP,D,20221102,000000,13.3,13.3,12.5,12.7,1121,0
CHP,D,20221103,000000,13.15,13.3,12.5,12.95,1440,0
CHP,D,20221104,000000,13.3,13.3,12.8,13.2,1404,0
CHP,D,20221107,000000,13.25,13.25,12,12.6,17369,0
CHP,D,20221108,000000,12.65,13.3,12.55,13.1,7578,0
CHP,D,20221109,000000,13.15,13.15,12.5,13.1,744,0
CHP,D,20221110,000000,14.5,17.4,13.95,16.7,55029,0
CHP,D,20221114,000000,17.6,18.6,15,15.9,26159,0
CHP,D,20221115,000000,15.95,15.95,14.55,15,11702,0
CHP,D,20221116,000000,14.9,15.85,14.6,15,4806,0
CHP,D,20221117,000000,15.4,16,14.8,15,5828,0
CHP,D,20221118,000000,15.4,15.95,14.8,15.65,3885,0
CHP,D,20221121,000000,15.6,15.75,14.55,15.75,3980,0
CHP,D,20221122,000000,15.6,16.05,15,15.85,2612,0
CHP,D,20221123,000000,16.1,21,15.35,20,50781,0
CHP,D,20221124,000000,21,23.2,20.2,20.8,55991,0
CHP,D,20221125,000000,20.8,21.6,19.2,21.3,11876,0
CHP,D,20221128,000000,21.6,22.3,20.1,21,8669,0
CHP,D,20221129,000000,21.6,21.6,18,18.05,22615,0
CHP,D,20221130,000000,18.5,19.4,17.4,18.65,5378,0
CHP,D,20221201,000000,18.9,21.2,18.15,18.4,12448,0
CHP,D,20221202,000000,18.7,18.7,17.35,17.85,4510,0
CHP,D,20221205,000000,18.3,18.6,17.8,18,2527,0
CHP,D,20221206,000000,18.6,19.55,17.5,18.9,1764,0
CHP,D,20221207,000000,18.9,18.9,17.8,18.85,1852,0
CHP,D,20221208,000000,19,21,18.25,20,4236,0
CHP,D,20221209,000000,19.95,23.6,19.85,21.3,16703,0
CHP,D,20221212,000000,21.6,22.5,21.1,22.5,3423,0
CHP,D,20221213,000000,22.5,22.5,20.6,21,5569,0
CHP,D,20221214,000000,21.4,22.9,19.6,20,13919,0
CHP,D,20221215,000000,20.4,20.5,19.1,19.4,5530,0
CHP,D,20221216,000000,19.75,19.75,18.75,19.3,2198,0
CHP,D,20221219,000000,19.3,19.85,18.7,19.15,1683,0
CHP,D,20221220,000000,19.2,19.45,18.85,19.4,653,0
CHP,D,20221221,000000,19.5,19.5,18.1,18.1,7274,0
CHP,D,20221222,000000,18.2,20.2,18.2,19.9,4967,0
CHP,D,20221223,000000,19.9,20,18.7,19.9,5521,0
CHP,D,20221227,000000,19.9,21.6,19.15,19.75,4874,0
CHP,D,20221228,000000,20,20.3,19.4,20.3,993,0
CHP,D,20221229,000000,19.75,20.5,19.75,20.4,976,0
CHP,D,20221230,000000,20.4,20.4,18.8,19.8,3867,0
CHP,D,20230102,000000,20.3,20.3,18.85,18.95,1506,0
CHP,D,20230103,000000,18.85,19.1,18.15,18.5,3594,0
CHP,D,20230104,000000,18.9,19.7,18.35,18.7,1026,0
CHP,D,20230105,000000,18.7,19.5,18.5,18.8,891,0
CHP,D,20230109,000000,19.25,19.7,18.7,19,2501,0
CHP,D,20230110,000000,19.15,19.15,18,18.8,1064,0
CHP,D,20230111,000000,18.95,19,18.2,18.2,724,0
CHP,D,20230112,000000,18.8,19,18,18,1855,0
CHP,D,20230113,000000,18.7,19.35,18.65,19.35,9767,0
CHP,D,20230116,000000,19.35,19.35,18.5,18.5,2327,0
CHP,D,20230117,000000,18.4,18.7,17.95,17.95,4328,0
CHP,D,20230118,000000,18.6,18.6,18,18,458,0
CHP,D,20230119,000000,17.8,18.2,17.3,17.6,1610,0
CHP,D,20230120,000000,17.6,18,17.6,18,837,0
CHP,D,20230123,000000,17.3,18,17.3,17.95,1251,0
CHP,D,20230124,000000,18,18.3,17.45,17.45,16212,0
CHP,D,20230125,000000,17.95,18.4,17.55,18.35,994,0
CHP,D,20230126,000000,18.3,18.3,17.35,18,2654,0
CHP,D,20230127,000000,18.15,18.15,17.45,18,1508,0
CHP,D,20230130,000000,18,18,17.05,17.45,2100,0
CHP,D,20230131,000000,17.45,17.6,17.1,17.6,346,0
CHP,D,20230201,000000,17.5,17.5,16.35,16.85,2058,0
CHP,D,20230202,000000,17.45,17.95,17.25,17.9,606,0
CHP,D,20230203,000000,18,18,17.2,17.3,974,0
CHP,D,20230206,000000,17.95,17.95,16.9,17.6,1309,0
CHP,D,20230207,000000,17.6,17.6,16.8,16.8,4888,0
CHP,D,20230208,000000,17.3,17.4,16.5,17.4,3149,0
CHP,D,20230209,000000,17.4,18.7,17.4,18,11598,0
CHP,D,20230210,000000,18,18,17.6,17.95,2196,0
CHP,D,20230213,000000,18,18.15,18,18,626,0
CHP,D,20230214,000000,18,18.5,17.75,18.35,3868,0
CHP,D,20230215,000000,18.6,18.6,17.6,18.05,6582,0
CHP,D,20230216,000000,17.25,18,16.9,18,4462,0
CHP,D,20230217,000000,17.95,18,17.35,17.95,1300,0
CHP,D,20230220,000000,17.95,17.95,17.05,17.9,784,0
CHP,D,20230221,000000,18,18,17.25,17.9,882,0
CHP,D,20230222,000000,17.9,17.9,17,17.4,1284,0
CHP,D,20230223,000000,17.8,18,17,18,2175,0
CHP,D,20230224,000000,18.15,18.95,17.55,17.55,3017,0
CHP,D,20230227,000000,17.5,17.5,17,17.05,6474,0
CHP,D,20230228,000000,17,17,16.15,16.85,1829,0
CHP,D,20230301,000000,17.05,18.8,17.05,17.9,5535,0
CHP,D,20230302,000000,18,18,16.55,16.55,2446,0
CHP,D,20230303,000000,17.25,17.75,16.95,17.75,2286,0
CHP,D,20230306,000000,17.9,18.3,17.55,17.6,5585,0
CHP,D,20230307,000000,18,18.2,17.6,18,5749,0
CHP,D,20230308,000000,17.95,18.15,17.7,17.8,1091,0
CHP,D,20230309,000000,18.15,18.15,17,17.4,877,0
CHP,D,20230310,000000,17.75,17.75,17.6,17.6,30,0
CHP,D,20230313,000000,17.75,17.75,15.95,17.05,2617,0
CHP,D,20230314,000000,17.05,17.95,17,17.85,1459,0
CHP,D,20230315,000000,17.9,17.9,16.3,17.05,694,0
CHP,D,20230316,000000,17.3,17.7,16.35,17.4,733,0
CHP,D,20230317,000000,17.7,17.7,17.45,17.6,798,0
CHP,D,20230320,000000,17.6,17.6,16.35,17.1,859,0
CHP,D,20230321,000000,17.1,17.1,16.4,16.85,793,0
CHP,D,20230322,000000,16.85,16.85,16.25,16.3,1988,0
CHP,D,20230323,000000,16.5,16.5,16.1,16.5,1177,0
CHP,D,20230324,000000,16.8,16.8,16,16.5,260,0
CHP,D,20230327,000000,16.5,16.5,16.15,16.5,81,0
CHP,D,20230328,000000,16.5,16.5,16.15,16.5,358,0
CHP,D,20230329,000000,16.55,16.55,15.7,16.45,461,0
CHP,D,20230330,000000,16.5,16.5,16.45,16.5,652,0
CHP,D,20230331,000000,16.55,16.55,14.8,16.5,3136,0
CHP,D,20230403,000000,16.5,16.95,15.3,16,935,0
CHP,D,20230404,000000,16.35,16.35,15.15,16.2,2598,0
CHP,D,20230405,000000,16.2,17.05,15.35,17,2016,0
CHP,D,20230406,000000,17,17,16.05,17,893,0
CHP,D,20230411,000000,16.95,17.9,16.15,17.2,2317,0
CHP,D,20230412,000000,17.5,17.65,16.8,17.5,561,0
CHP,D,20230413,000000,17.5,17.5,16.8,17.5,57,0
CHP,D,20230414,000000,17.5,17.7,17.25,17.7,935,0
CHP,D,20230417,000000,18.15,19.45,18.1,19.05,3007,0
CHP,D,20230418,000000,19.05,19.45,18.85,19.4,1612,0
CHP,D,20230419,000000,19.45,19.5,18.55,19.45,2005,0
CHP,D,20230420,000000,19.45,19.5,18.7,19.2,846,0
CHP,D,20230421,000000,19.4,19.4,18.55,18.9,621,0
CHP,D,20230424,000000,19.4,19.4,18.9,19.3,775,0
CHP,D,20230425,000000,19.5,19.5,19.4,19.4,237,0
CHP,D,20230426,000000,19.5,19.5,18.4,18.4,1286,0
CHP,D,20230427,000000,19.3,19.3,18.45,18.9,1051,0
CHP,D,20230428,000000,18.9,18.9,17.1,18.7,3085,0
CHP,D,20230502,000000,19.5,19.55,18.6,19.3,1160,0
CHP,D,20230504,000000,19.5,19.8,18.8,19.7,1519,0
CHP,D,20230505,000000,19.75,19.9,19.5,19.7,1923,0
CHP,D,20230508,000000,19.5,20.8,18.05,20.2,7035,0
CHP,D,20230509,000000,20.5,20.6,20,20.6,1837,0
CHP,D,20230510,000000,20.9,27,20.9,26.5,20992,0
CHP,D,20230511,000000,27.1,30,26.7,29.4,22752,0
CHP,D,20230512,000000,29.4,29.4,25.1,25.4,17931,0
CHP,D,20230515,000000,25.3,26.2,21.3,21.9,25690,0
CHP,D,20230516,000000,22.2,24,21,22.1,21059,0
CHP,D,20230517,000000,22.4,23.4,21.1,22.6,5679,0
CHP,D,20230518,000000,22.6,23.1,21.5,22.2,1980,0
CHP,D,20230519,000000,22.2,22.2,20.5,21.8,3090,0
CHP,D,20230522,000000,22.2,23.3,20.9,21.1,5251,0
CHP,D,20230523,000000,21.6,21.6,20.7,20.8,228,0
CHP,D,20230524,000000,20.3,21.5,20.2,20.8,1532,0
CHP,D,20230525,000000,20.9,21.6,20.3,20.5,1310,0
CHP,D,20230526,000000,21.2,21.3,20.4,21.2,191,0
CHP,D,20230529,000000,21.2,21.2,20.8,20.8,371,0
CHP,D,20230530,000000,21.1,21.1,19.8,21,1612,0
CHP,D,20230531,000000,21,21,19.8,20.6,1046,0
CHP,D,20230601,000000,19.65,20.5,19.65,19.65,3548,0
CHP,D,20230602,000000,20.2,20.2,19.1,19.95,1104,0
CHP,D,20230605,000000,19.95,20,19.35,19.9,352,0
CHP,D,20230606,000000,19.4,20.3,19.25,19.75,1218,0
CHP,D,20230607,000000,19.75,19.75,19.1,19.45,1123,0
CHP,D,20230609,000000,19.6,19.6,19.05,19.05,289,0
CHP,D,20230612,000000,19.6,22.8,19.55,21.9,8635,0
CHP,D,20230613,000000,21.9,22.3,20.4,21.4,4368,0
CHP,D,20230614,000000,21.4,22.6,20.5,22.4,3451,0
CHP,D,20230615,000000,22.3,22.3,21,22.3,2291,0
CHP,D,20230616,000000,22.3,23.4,21.5,22,722,0
CHP,D,20230619,000000,22.5,22.5,21,22,571,0
CHP,D,20230620,000000,22.4,22.5,21.2,21.7,907,0
CHP,D,20230621,000000,21.9,21.9,19.8,20.5,3545,0
CHP,D,20230622,000000,20.1,21.4,20,21.4,3388,0
CHP,D,20230623,000000,21.5,21.5,21.4,21.4,81,0
CHP,D,20230626,000000,21,21.4,21,21.4,330,0
CHP,D,20230627,000000,21.3,21.3,20.2,20.9,358,0
CHP,D,20230628,000000,20.9,20.9,20,20,1067,0
CHP,D,20230629,000000,20.6,21,20,20,259,0
CHP,D,20230630,000000,20.9,21,20.1,20.9,255,0
CHP,D,20230703,000000,20.9,21,19.9,19.9,312,0
CHP,D,20230704,000000,20.5,22,19.9,21.8,2863,0
CHP,D,20230705,000000,21.3,21.3,19.4,19.95,3614,0
CHP,D,20230706,000000,19.95,20.1,18.55,18.6,1533,0
CHP,D,20230707,000000,18.5,19.05,18.05,18.05,1099,0
CHP,D,20230710,000000,17.9,19.7,17.6,19.7,938,0
CHP,D,20230711,000000,19.7,19.7,18.7,18.7,14,0
CHP,D,20230712,000000,18.8,19.7,18.8,19.7,157,0
CHP,D,20230713,000000,19.6,19.6,19.55,19.55,75,0
CHP,D,20230714,000000,19.6,19.6,19.6,19.6,2,0
CHP,D,20230717,000000,19.6,19.6,18,19.45,920,0
CHP,D,20230718,000000,19.45,20.1,19.4,20.1,859,0
CHP,D,20230719,000000,20.1,21.9,20,20.5,1954,0
CHP,D,20230720,000000,21.2,21.2,20,21.2,1089,0
CHP,D,20230721,000000,21.2,21.4,20.9,21.2,1846,0
CHP,D,20230724,000000,21.9,21.9,20.2,21.5,1399,0
CHP,D,20230725,000000,20.9,22.3,20.9,22.3,2005,0
CHP,D,20230726,000000,22.3,22.6,20.1,21,2400,0
CHP,D,20230727,000000,21.4,21.5,21,21.2,1079,0
CHP,D,20230728,000000,21.8,22.2,21,22.2,2711,0
CHP,D,20230731,000000,22,24.9,22,24.4,8197,0
CHP,D,20230801,000000,24.9,25.5,22.1,23,6049,0
CHP,D,20230802,000000,23,23.8,21.8,21.8,2128,0
CHP,D,20230803,000000,24.3,24.9,23,23.3,3928,0
CHP,D,20230804,000000,23.4,25,22.7,22.7,6075,0
CHP,D,20230807,000000,23.4,23.4,22,23,819,0
CHP,D,20230808,000000,22.8,23.9,22.5,23.7,1684,0
CHP,D,20230809,000000,24.4,24.4,22.5,22.6,2184,0
CHP,D,20230810,000000,23.4,23.4,21.1,23,569,0
CHP,D,20230811,000000,23,23.7,22.1,22.1,1738,0
CHP,D,20230814,000000,22.1,22.1,20.8,21.1,918,0
CHP,D,20230816,000000,21.8,22.1,21.3,22.1,449,0
CHP,D,20230817,000000,22.1,22.1,20.4,21.9,964,0
CHP,D,20230818,000000,21.7,21.7,21.6,21.7,67,0
CHP,D,20230821,000000,21.7,21.7,19,19.3,5687,0
CHP,D,20230822,000000,20.3,20.3,19.2,19.5,1773,0
CHP,D,20230823,000000,19.5,19.9,19,19,3376,0
CHP,D,20230824,000000,20.2,20.2,19,19,213,0
CHP,D,20230825,000000,19,19.9,18.55,19.85,664,0
CHP,D,20230828,000000,19.85,19.85,19.6,19.6,7,0
CHP,D,20230829,000000,19.75,19.75,18.6,18.7,1057,0
CHP,D,20230830,000000,19.35,19.35,19,19.3,127,0
CHP,D,20230831,000000,19.3,19.3,18.55,18.8,632,0
CHP,D,20230901,000000,18.7,18.9,18.7,18.7,378,0
CHP,D,20230904,000000,19.05,19.05,19.05,19.05,180,0
CHP,D,20230905,000000,19.25,19.25,18.9,18.9,152,0
CHP,D,20230906,000000,18.9,19.3,17.65,18.85,1840,0
CHP,D,20230907,000000,18.75,18.8,17.85,17.9,1324,0
CHP,D,20230908,000000,18.65,18.65,17.9,17.9,1204,0
CHP,D,20230911,000000,18.35,18.35,17.25,17.8,1453,0
CHP,D,20230912,000000,17.8,17.8,16.9,17.35,639,0
CHP,D,20230913,000000,17.7,17.85,17.4,17.4,435,0
CHP,D,20230914,000000,18,18,17.1,17.1,1312,0
CHP,D,20230915,000000,17.7,17.7,17.5,17.5,47,0
CHP,D,20230918,000000,17.7,17.75,17.7,17.7,482,0
CHP,D,20230919,000000,18.3,18.3,17.05,17.5,765,0
CHP,D,20230920,000000,18.3,18.55,17.95,18.55,797,0
CHP,D,20230921,000000,18.8,18.8,17.35,17.35,762,0
CHP,D,20230922,000000,18.15,18.15,17.5,18,613,0
CHP,D,20230925,000000,18.15,18.15,16.8,17,1193,0
CHP,D,20230926,000000,17,18.15,16.55,16.7,686,0
CHP,D,20230927,000000,18.15,18.15,16.05,17.4,935,0
CHP,D,20230928,000000,17.4,17.75,16.65,17.75,207,0
CHP,D,20230929,000000,17.5,17.5,16.65,17.5,8,0
CHP,D,20231002,000000,17.5,17.5,16.85,17.5,24,0
CHP,D,20231003,000000,17,17,16.4,17,318,0
CHP,D,20231004,000000,17,17,17,17,2,0
CHP,D,20231005,000000,17,17,16.05,16.05,960,0
CHP,D,20231006,000000,16.95,16.95,16.2,16.2,311,0
CHP,D,20231009,000000,16.8,17.5,15.45,16.7,2071,0
CHP,D,20231010,000000,16.55,16.55,14.8,15.45,5747,0
CHP,D,20231011,000000,15.65,15.65,15.1,15.1,707,0
CHP,D,20231012,000000,15.9,15.9,15,15,213,0
CHP,D,20231013,000000,15.3,15.5,15,15.45,392,0
CHP,D,20231016,000000,15.5,15.5,15.45,15.45,353,0
CHP,D,20231017,000000,15.65,15.65,15.45,15.45,436,0
CHP,D,20231018,000000,15.45,15.45,15.15,15.15,242,0
CHP,D,20231019,000000,15.2,15.5,14.2,15.05,1153,0
CHP,D,20231020,000000,15.05,15.05,14.2,14.95,286,0
CHP,D,20231023,000000,14.95,15.5,14.95,15.5,1003,0
CHP,D,20231024,000000,15.5,16.1,15.5,16.1,1605,0
CHP,D,20231025,000000,16.2,16.2,16.2,16.2,2,0
CHP,D,20231026,000000,16.15,18.6,16.1,17.9,2642,0
CHP,D,20231027,000000,17.9,19.45,16.55,18.9,7123,0
CHP,D,20231030,000000,18.9,18.9,17.5,18.35,477,0
CHP,D,20231031,000000,18.3,18.3,17.2,18.05,449,0
CHP,D,20231102,000000,18.7,18.7,18.3,18.3,90,0
CHP,D,20231103,000000,18.5,18.5,17.75,18.5,134,0
CHP,D,20231106,000000,18.5,18.5,18,18.3,350,0
CHP,D,20231107,000000,18.5,18.5,17.8,18.35,604,0
CHP,D,20231108,000000,18.5,18.5,17.8,18.45,676,0
CHP,D,20231109,000000,18.4,18.4,17.35,17.35,959,0
CHP,D,20231110,000000,18.3,18.3,17,17,362,0
CHP,D,20231113,000000,17.9,17.9,16,17,1043,0
CHP,D,20231114,000000,16.85,16.85,13.5,15.2,5498,0
CHP,D,20231115,000000,15.2,15.45,14.2,15.45,535,0
CHP,D,20231116,000000,16.5,16.5,14.75,15.05,134,0
CHP,D,20231117,000000,16.4,16.4,14.7,14.7,514,0
CHP,D,20231120,000000,16.15,16.15,14,14.55,3483,0
CHP,D,20231121,000000,14,14,13.45,13.8,2661,0
CHP,D,20231122,000000,13.8,13.9,13.75,13.85,345,0
CHP,D,20231123,000000,13.85,15.45,13.7,15.05,2669,0
CHP,D,20231124,000000,14.95,14.95,14,14,273,0
CHP,D,20231127,000000,14,14.95,14,14.9,1041,0
CHP,D,20231128,000000,14.9,14.9,14,14,2574,0
CHP,D,20231129,000000,14.5,14.5,13.95,14,880,0
CHP,D,20231130,000000,14,14,13.95,14,259,0
CHP,D,20231201,000000,14,14.45,13.2,14.45,1774,0
CHP,D,20231204,000000,14.45,14.45,13.15,13.7,1544,0
CHP,D,20231205,000000,14.15,14.15,13.15,13.25,779,0
CHP,D,20231206,000000,13.75,13.75,13,13.45,765,0
CHP,D,20231207,000000,13.7,13.7,12.8,13.65,2035,0
CHP,D,20231208,000000,13.65,14.35,13,13.7,776,0
CHP,D,20231211,000000,14.3,15,14,14.95,2120,0
CHP,D,20231212,000000,15,15,13.7,13.7,420,0
CHP,D,20231213,000000,13.7,14.95,13.7,13.8,534,0
CHP,D,20231214,000000,14.85,14.85,13.5,13.9,292,0
CHP,D,20231215,000000,14.85,14.85,14,14.65,218,0
CHP,D,20231218,000000,13.65,14.6,12.8,13.9,1655,0
CHP,D,20231219,000000,14,14,12.5,12.7,3357,0
CHP,D,20231220,000000,12.7,12.7,12.3,12.7,1489,0
CHP,D,20231221,000000,13.15,13.15,13.05,13.05,4,0
CHP,D,20231222,000000,13.05,13.05,12.5,12.65,695,0
CHP,D,20231227,000000,12.55,13.15,12.55,13.15,1017,0
CHP,D,20231228,000000,13.25,13.75,13.25,13.4,766,0
CHP,D,20231229,000000,13.4,14.5,13.4,14.5,265,0
CHP,D,20240102,000000,14.9,14.9,13.05,13.75,870,0
CHP,D,20240103,000000,14.7,14.7,14,14,50,0
CHP,D,20240104,000000,14.7,14.7,13.35,13.6,1253,0
CHP,D,20240105,000000,14.55,14.55,13.6,13.6,133,0
CHP,D,20240108,000000,13.9,13.9,13.4,13.4,321,0
CHP,D,20240109,000000,13.9,14.45,13.3,13.95,959,0
CHP,D,20240110,000000,14.5,14.5,13.55,13.85,202,0
CHP,D,20240111,000000,13.95,13.95,13.2,13.25,1110,0
CHP,D,20240112,000000,13.65,13.95,13.55,13.75,716,0
CHP,D,20240115,000000,14.35,14.45,14.1,14.45,700,0
CHP,D,20240116,000000,14.45,14.45,13.8,13.95,553,0
CHP,D,20240117,000000,14.35,14.35,13.25,13.25,1016,0
CHP,D,20240118,000000,13.75,13.85,13.35,13.7,598,0
CHP,D,20240119,000000,13.7,13.7,13.4,13.4,132,0
CHP,D,20240122,000000,13.95,14.85,13.2,13.55,4033,0
CHP,D,20240123,000000,13.95,13.95,13.15,13.4,3997,0
CHP,D,20240124,000000,13.75,13.75,13.2,13.25,682,0
CHP,D,20240125,000000,13.3,13.5,13.1,13.1,786,0
CHP,D,20240126,000000,13.7,14.45,13.35,14.4,1058,0
CHP,D,20240129,000000,14.35,14.35,13.65,13.65,115,0
CHP,D,20240130,000000,13.95,13.95,13.9,13.95,98,0
CHP,D,20240131,000000,14.5,14.5,13.6,14.2,515,0
CHP,D,20240201,000000,14.2,15.45,14.15,15.4,3478,0
CHP,D,20240202,000000,15.25,15.25,14.4,14.95,1142,0
CHP,D,20240205,000000,14.95,15.05,14.5,14.5,3374,0
CHP,D,20240206,000000,15.2,15.2,14.5,14.5,23,0
CHP,D,20240207,000000,15.2,15.2,14.5,14.65,13,0
CHP,D,20240208,000000,14.5,14.6,14.5,14.6,2530,0
CHP,D,20240209,000000,15.2,15.2,14.6,14.6,1882,0
CHP,D,20240212,000000,14.55,15.9,14.5,15.85,3020,0
CHP,D,20240213,000000,15.85,15.85,15.1,15.65,718,0
CHP,D,20240214,000000,15.65,16.6,15.55,16.6,3299,0
CHP,D,20240215,000000,16.75,17.7,16.25,17,5947,0
CHP,D,20240216,000000,17.4,17.9,16.95,16.95,3063,0
CHP,D,20240219,000000,16.85,16.85,15.6,16.65,5731,0
CHP,D,20240220,000000,16.55,16.55,15.7,16.45,127,0
CHP,D,20240221,000000,16.5,16.9,16.5,16.85,1222,0
CHP,D,20240222,000000,17.05,17.05,17.05,17.05,1,0
CHP,D,20240223,000000,17,17,15.75,16.45,552,0
CHP,D,20240226,000000,16.7,16.7,15.35,15.65,519,0
CHP,D,20240227,000000,16.3,16.3,14.35,14.4,1772,0
CHP,D,20240228,000000,15.35,15.35,14.2,14.2,1047,0
CHP,D,20240229,000000,14.2,14.25,14.05,14.05,665,0
CHP,D,20240301,000000,15.1,15.1,14.25,14.25,55,0
CHP,D,20240304,000000,15.35,15.35,14.35,14.55,178,0
CHP,D,20240305,000000,15.35,15.35,15.25,15.25,4,0
CHP,D,20240306,000000,15.25,15.25,15.2,15.25,147,0
CHP,D,20240307,000000,14.45,15,14,14.05,858,0
CHP,D,20240308,000000,14.1,14.7,14.1,14.15,287,0
CHP,D,20240311,000000,14.15,14.55,14.15,14.55,68,0
CHP,D,20240312,000000,14.5,14.55,14.15,14.15,306,0
CHP,D,20240313,000000,14.5,14.5,14.15,14.15,357,0
CHP,D,20240314,000000,14.5,15,14.4,14.8,1047,0
CHP,D,20240315,000000,14.9,14.9,13.2,13.75,1051,0
CHP,D,20240318,000000,13.75,13.9,13.35,13.85,608,0
CHP,D,20240319,000000,13.85,14.5,13.4,14.5,531,0
CHP,D,20240320,000000,14.75,14.75,13.5,13.5,8,0
CHP,D,20240321,000000,14.35,14.35,14.35,14.35,2,0
CHP,D,20240322,000000,14.65,14.65,13.85,14.5,53,0
CHP,D,20240325,000000,14.95,14.95,14.65,14.65,130,0
CHP,D,20240326,000000,15.2,15.2,13.3,14.4,1604,0
CHP,D,20240327,000000,14.9,14.9,14.65,14.9,597,0
CHP,D,20240328,000000,15.15,15.15,14.4,14.45,1607,0
CHP,D,20240402,000000,14.95,14.95,14.45,14.45,9,0
CHP,D,20240403,000000,14.9,14.9,14.45,14.45,383,0
CHP,D,20240404,000000,14.95,14.95,14.95,14.95,2,0
CHP,D,20240405,000000,14.9,14.9,14.9,14.9,2,0
CHP,D,20240408,000000,14.9,14.95,14.4,14.45,480,0
CHP,D,20240409,000000,14.4,14.45,13.8,14,1835,0
CHP,D,20240410,000000,14.9,14.9,13.2,13.25,724,0
CHP,D,20240411,000000,13.85,14.45,13.8,14.45,206,0
CHP,D,20240412,000000,14.45,14.5,14.45,14.45,45,0
CHP,D,20240415,000000,14.9,14.9,14.45,14.75,1099,0
CHP,D,20240416,000000,14.9,14.9,14.45,14.45,315,0
CHP,D,20240417,000000,14.45,14.45,13.75,13.75,313,0
CHP,D,20240418,000000,14.9,14.9,13.65,13.7,4,0
CHP,D,20240419,000000,14.9,14.9,13.35,14.15,770,0
CHP,D,20240422,000000,14.75,14.95,14.4,14.95,2023,0
CHP,D,20240423,000000,14.95,16.9,14.6,16.85,7339,0
CHP,D,20240424,000000,16.85,18.6,14.65,17.25,7945,0
CHP,D,20240425,000000,17.7,17.7,15.6,16.05,984,0
CHP,D,20240426,000000,16.05,17.7,15.15,16.4,1022,0
CHP,D,20240429,000000,17,17,16.45,16.45,45,0
CHP,D,20240430,000000,16.45,16.45,14.65,14.9,2057,0
CHP,D,20240502,000000,14.9,15.1,14.5,14.55,483,0
CHP,D,20240506,000000,15,15,14.65,14.65,66,0
CHP,D,20240507,000000,14.95,15.9,14.55,14.55,565,0
CHP,D,20240508,000000,15.65,15.65,15,15,308,0
CHP,D,20240509,000000,15.45,15.45,14.7,14.7,230,0
CHP,D,20240510,000000,15.5,15.5,13.4,14.1,2386,0
CHP,D,20240513,000000,14.35,15,14.3,15,372,0
CHP,D,20240514,000000,14.9,15,14.45,15,320,0
CHP,D,20240515,000000,15.4,15.4,14.45,15.4,171,0
CHP,D,20240516,000000,14.2,14.55,13.2,13.95,1582,0
CHP,D,20240517,000000,14.5,14.9,14.35,14.9,637,0
CHP,D,20240520,000000,14.8,14.8,13.95,14,154,0
CHP,D,20240521,000000,14.45,14.5,14,14.5,345,0
CHP,D,20240522,000000,14.9,14.9,14.2,14.2,4,0
CHP,D,20240523,000000,14.2,14.5,14.1,14.1,303,0
CHP,D,20240524,000000,14.1,14.2,13.6,14.2,1758,0
CHP,D,20240527,000000,14.2,14.2,13.65,13.95,27,0
CHP,D,20240528,000000,14.15,14.15,14,14,78,0
CHP,D,20240529,000000,14.15,14.15,14.15,14.15,2,0
CHP,D,20240531,000000,14.15,14.15,14.15,14.15,102,0
CHP,D,20240603,000000,14.15,14.15,14.15,14.15,2,0
CHP,D,20240604,000000,14.1,14.1,14.1,14.1,2,0
CHP,D,20240605,000000,14.1,14.6,14.1,14.6,287,0
CHP,D,20240606,000000,14.6,14.6,14,14,210,0
CHP,D,20240607,000000,14,14.05,14,14,162,0
CHP,D,20240610,000000,14.45,14.45,13.85,13.85,471,0
CHP,D,20240611,000000,14.35,14.35,14.35,14.35,2,0
CHP,D,20240612,000000,14.3,14.3,13.85,13.9,286,0
CHP,D,20240613,000000,14.3,14.3,14.3,14.3,2,0
CHP,D,20240614,000000,14.3,14.3,14.3,14.3,12,0
CHP,D,20240617,000000,14.35,14.35,13.9,13.9,99,0
CHP,D,20240618,000000,14.3,14.3,14.3,14.3,2,0
CHP,D,20240619,000000,14.35,14.35,14.35,14.35,2,0
CHP,D,20240620,000000,14.25,14.25,13.6,13.6,419,0
CHP,D,20240621,000000,14.3,14.3,13.65,13.65,22,0
CHP,D,20240624,000000,14.25,14.25,13.6,13.75,630,0
CHP,D,20240625,000000,14.2,14.2,14.2,14.2,2,0
CHP,D,20240626,000000,14.1,14.1,13.4,14.1,383,0
CHP,D,20240627,000000,14.1,14.1,13.6,13.6,102,0
CHP,D,20240628,000000,14.05,14.05,13.55,13.55,140,0
CHP,D,20240701,000000,14,14,14,14,2,0
CHP,D,20240702,000000,13.95,13.95,13.95,13.95,2,0
CHP,D,20240703,000000,13.95,13.95,13.95,13.95,1,0
CHP,D,20240704,000000,13.95,14.45,13.95,14.45,339,0
CHP,D,20240705,000000,14.45,14.45,14.4,14.45,16,0
CHP,D,20240708,000000,14.45,14.5,14.4,14.5,341,0
CHP,D,20240709,000000,14.5,14.5,13.6,13.6,278,0
CHP,D,20240710,000000,14.4,14.4,14.4,14.4,2,0
CHP,D,20240711,000000,14.2,14.2,14.2,14.2,2,0
CHP,D,20240712,000000,14.15,14.15,13.65,13.8,102,0
CHP,D,20240715,000000,14,14,14,14,1,0
CHP,D,20240716,000000,14,14,14,14,2,0
CHP,D,20240717,000000,13.95,13.95,13.95,13.95,3,0
CHP,D,20240718,000000,13.45,13.45,13.45,13.45,470,0
CHP,D,20240719,000000,13.95,13.95,13.4,13.6,202,0
CHP,D,20240722,000000,13.6,13.6,12.55,13.6,266,0
CHP,D,20240723,000000,13.6,13.6,13.6,13.6,4,0
CHP,D,20240724,000000,13.6,13.6,12.55,12.8,1551,0
CHP,D,20240725,000000,13.4,13.4,12.6,12.6,558,0
CHP,D,20240726,000000,12.85,13.4,12.7,13.3,951,0
CHP,D,20240729,000000,13.3,13.3,13.3,13.3,47,0
CHP,D,20240730,000000,13.25,13.25,13.25,13.25,2,0
CHP,D,20240731,000000,13.2,13.2,13.15,13.2,120,0
CHP,D,20240801,000000,12.6,12.6,12.6,12.6,11,0
CHP,D,20240802,000000,13.25,13.25,10.8,12.15,8146,0
CHP,D,20240805,000000,12.7,12.7,11.2,11.25,1197,0
CHP,D,20240806,000000,12.35,12.35,11.55,12.05,101,0
CHP,D,20240807,000000,12.05,12.35,12.05,12.35,583,0
CHP,D,20240808,000000,12.5,12.5,12.5,12.5,42,0
CHP,D,20240809,000000,12.5,12.5,11.6,12.35,891,0
CHP,D,20240812,000000,12.35,12.35,12.35,12.35,81,0
CHP,D,20240813,000000,12,12.3,12,12.3,62,0
CHP,D,20240814,000000,12.3,12.3,11.6,11.6,2,0
CHP,D,20240816,000000,12,12,10.7,11.1,1518,0
CHP,D,20240819,000000,11.5,11.5,10.35,10.35,984,0
CHP,D,20240820,000000,10.35,10.35,8.7,9.38,8635,0
CHP,D,20240821,000000,9.7,9.8,9.38,9.8,850,0
CHP,D,20240822,000000,9.8,10.85,9.8,10.8,1929,0
CHP,D,20240823,000000,11.15,11.15,10.2,10.25,30,0
CHP,D,20240826,000000,10.7,10.7,10.2,10.2,217,0
CHP,D,20240827,000000,10.4,10.4,10.4,10.4,2,0
CHP,D,20240828,000000,10.4,10.7,10.4,10.65,372,0
CHP,D,20240829,000000,10.7,10.7,9.52,9.8,555,0
CHP,D,20240830,000000,10.25,10.25,10.2,10.2,163,0
CHP,D,20240902,000000,10.2,10.2,9.54,9.62,196,0
CHP,D,20240903,000000,10.05,10.05,9.7,9.86,827,0
CHP,D,20240904,000000,10.05,10.3,9.72,10.3,330,0
CHP,D,20240905,000000,10.7,10.7,10.7,10.7,2,0
CHP,D,20240906,000000,10.7,10.7,10.45,10.7,72,0
CHP,D,20240909,000000,10.7,10.7,10.45,10.7,85,0
CHP,D,20240910,000000,10.7,10.7,10.7,10.7,27,0
CHP,D,20240911,000000,10.7,10.7,9.6,10.1,316,0
CHP,D,20240912,000000,10.7,10.7,9.56,10.7,197,0
CHP,D,20240913,000000,10.7,10.7,9.7,9.76,363,0
CHP,D,20240916,000000,10.4,10.4,9.3,9.3,754,0
CHP,D,20240917,000000,9.46,9.46,9.3,9.3,247,0
CHP,D,20240918,000000,9.82,10,9.28,10,141,0
CHP,D,20240919,000000,10.05,10.05,10.05,10.05,2,0
CHP,D,20240920,000000,10,10.2,9.98,10.05,163,0
CHP,D,20240923,000000,10.2,10.2,9.42,9.5,32,0
CHP,D,20240924,000000,9.9,9.9,9.6,9.6,10,0
CHP,D,20240925,000000,9.98,9.98,9.98,9.98,2,0
CHP,D,20240926,000000,9.98,9.98,9.98,9.98,11,0
CHP,D,20240927,000000,9.98,9.98,9.42,9.42,34,0
CHP,D,20240930,000000,9.98,9.98,9.98,9.98,2,0
CHP,D,20241001,000000,9.98,9.98,9.98,9.98,2,0
CHP,D,20241002,000000,9.98,9.98,9.98,9.98,2,0
CHP,D,20241003,000000,9.96,9.96,9.96,9.96,2,0
CHP,D,20241004,000000,9.96,9.96,9.96,9.96,2,0
CHP,D,20241007,000000,9.96,9.96,9.96,9.96,5,0
CHP,D,20241008,000000,9.96,9.96,9.96,9.96,2,0
CHP,D,20241009,000000,9.96,9.96,9.96,9.96,2,0
CHP,D,20241010,000000,9.96,10.2,9.96,10.2,172,0
CHP,D,20241011,000000,10.2,10.2,10.05,10.2,6,0
CHP,D,20241014,000000,10.2,10.2,10.1,10.1,415,0
CHP,D,20241015,000000,10.15,10.15,10.15,10.15,35,0
CHP,D,20241016,000000,10.2,10.2,10.05,10.2,239,0
CHP,D,20241017,000000,10.2,10.25,9.66,10.25,130,0
CHP,D,20241018,000000,10.25,10.25,9.4,9.4,480,0
CHP,D,20241021,000000,9.64,9.64,9.64,9.64,10,0
CHP,D,20241022,000000,9.66,10.25,9.66,10,235,0
CHP,D,20241023,000000,10,10,9.7,9.7,559,0
CHP,D,20241024,000000,9.9,9.9,9.22,9.7,1367,0
CHP,D,20241025,000000,9.9,9.9,9.2,9.88,378,0
CHP,D,20241028,000000,9.9,9.9,9.7,9.7,122,0
CHP,D,20241029,000000,9.9,9.9,9.2,9.2,3,0
CHP,D,20241030,000000,9.2,9.42,9.2,9.2,137,0
CHP,D,20241031,000000,9.16,9.28,8.66,8.66,1687,0
CHP,D,20241104,000000,9.24,9.8,8.66,9.7,505,0
CHP,D,20241105,000000,9.7,9.7,8.94,9.04,22,0
CHP,D,20241106,000000,9.52,9.52,9.06,9.06,6,0
CHP,D,20241107,000000,9.06,9.7,9.06,9.7,82,0
CHP,D,20241108,000000,9.7,9.7,8.86,9.5,594,0
CHP,D,20241112,000000,9.58,9.58,9.58,9.58,2,0
CHP,D,20241113,000000,9.54,9.54,9,9,185,0
CHP,D,20241114,000000,9.44,9.54,9.04,9.54,267,0
CHP,D,20241115,000000,9.54,9.54,9.02,9.02,4,0
CHP,D,20241118,000000,9.54,9.54,8.6,8.6,161,0
CHP,D,20241119,000000,9.32,9.32,8.74,9,145,0
CHP,D,20241120,000000,9.24,9.3,8.74,9.3,236,0
CHP,D,20241121,000000,9.3,9.3,9,9,52,0
CHP,D,20241122,000000,9,9,9,9,63,0
CHP,D,20241125,000000,9,9.3,8.96,9,209,0
CHP,D,20241126,000000,9.54,9.54,8.98,8.98,202,0
CHP,D,20241127,000000,9.16,9.16,9.06,9.16,44,0
CHP,D,20241128,000000,9.16,9.16,8.6,8.9,239,0
CHP,D,20241129,000000,8.9,8.9,8.9,8.9,4,0
CHP,D,20241202,000000,9.52,9.52,8.24,8.24,2859,0
CHP,D,20241203,000000,8.24,8.4,8.08,8.4,857,0
CHP,D,20241204,000000,8.38,8.38,8.34,8.34,60,0
CHP,D,20241205,000000,8.36,8.36,7.82,7.9,595,0
CHP,D,20241206,000000,8.3,8.3,8.26,8.26,14,0
CHP,D,20241209,000000,8.26,8.26,8.26,8.26,2,0
CHP,D,20241210,000000,8.26,8.26,8.1,8.1,330,0
CHP,D,20241211,000000,8.28,8.28,8.1,8.1,73,0
CHP,D,20241212,000000,8.28,8.28,8.28,8.28,1,0
CHP,D,20241213,000000,8.24,8.24,8.1,8.12,231,0
CHP,D,20241216,000000,8.12,8.48,8.12,8.48,1832,0
CHP,D,20241217,000000,8.48,8.48,8.46,8.48,185,0
CHP,D,20241218,000000,8.48,8.5,8.48,8.5,124,0
CHP,D,20241219,000000,8.96,8.96,8.48,8.48,74,0
CHP,D,20241220,000000,8.5,8.5,8.16,8.16,822,0
CHP,D,20241223,000000,8.16,8.16,8,8,689,0
CHP,D,20241227,000000,8.8,8.8,8,8.28,440,0
CHP,D,20241230,000000,8.38,8.38,7.98,7.98,4,0
CHP,D,20250102,000000,8,9.6,8,9.6,1195,0
CHP,D,20250103,000000,8.98,10.5,8.98,10.4,745,0
CHP,D,20250107,000000,10.5,10.5,9.66,9.68,212,0
CHP,D,20250108,000000,10.3,10.3,10.1,10.3,107,0
CHP,D,20250109,000000,10.45,10.45,8.78,10.2,1046,0
CHP,D,20250110,000000,10.2,10.35,10.15,10.35,165,0
CHP,D,20250113,000000,10.35,10.6,10.3,10.6,744,0
CHP,D,20250114,000000,10.6,12.5,10.55,12,3577,0
CHP,D,20250115,000000,12.5,12.5,10.55,12,382,0
CHP,D,20250116,000000,12.35,12.35,11.8,12.35,184,0
CHP,D,20250117,000000,12.45,12.45,11.75,11.95,163,0
CHP,D,20250120,000000,11.95,11.95,10.65,11.15,41,0
CHP,D,20250121,000000,11.3,11.3,10.65,10.65,952,0
CHP,D,20250122,000000,11.35,11.45,10.6,10.6,12,0
CHP,D,20250123,000000,10.6,11.3,10.6,11.3,4,0
CHP,D,20250124,000000,11.3,11.3,10.55,10.55,38,0
CHP,D,20250127,000000,11.25,11.25,10.55,10.55,371,0
CHP,D,20250128,000000,10.6,10.6,10.55,10.6,47,0
CHP,D,20250129,000000,10.6,10.6,10.15,10.6,342,0
CHP,D,20250130,000000,10.6,10.6,10.55,10.6,60,0
CHP,D,20250131,000000,10.6,10.6,9.7,10.6,386,0
CHP,D,20250203,000000,11.3,11.3,9.46,9.46,84,0
CHP,D,20250204,000000,10.9,11.95,10.4,11.85,939,0
CHP,D,20250205,000000,11.85,12.35,11.85,11.85,1134,0
CHP,D,20250206,000000,12.45,12.45,10,10.3,456,0
CHP,D,20250207,000000,11.55,11.7,10.05,11.65,1234,0
CHP,D,20250210,000000,11.65,11.85,11.05,11.85,64,0
CHP,D,20250211,000000,12.3,12.3,11.4,11.65,748,0
CHP,D,20250212,000000,11.65,12.45,10.5,11.9,505,0
CHP,D,20250213,000000,10.9,11.55,10.5,10.85,1839,0
CHP,D,20250214,000000,10.95,10.95,10.5,10.95,71,0
CHP,D,20250217,000000,10.95,10.95,9.84,10.25,2302,0
CHP,D,20250218,000000,10,10,9.52,9.94,188,0
CHP,D,20250219,000000,9.94,9.94,9.52,9.9,13,0
CHP,D,20250220,000000,9.9,9.94,9.8,9.94,252,0
CHP,D,20250221,000000,10,10.9,9.8,10.9,711,0
CHP,D,20250224,000000,10.9,10.9,9.4,10.2,526,0
CHP,D,20250225,000000,10.4,10.4,9.56,10.4,6371,0
CHP,D,20250226,000000,10.95,10.95,10.3,10.95,10,0
CHP,D,20250227,000000,10.95,10.95,9.82,10.75,994,0
CHP,D,20250228,000000,10.95,10.95,9.88,10,440,0
CHP,D,20250303,000000,10,10,9.22,9.32,1011,0
CHP,D,20250304,000000,9.98,10.55,9.24,9.6,804,0
CHP,D,20250305,000000,10.2,10.45,10.2,10.45,100,0
CHP,D,20250306,000000,10.25,10.25,9.7,9.7,89,0
CHP,D,20250307,000000,10.2,10.2,9.74,9.74,348,0
CHP,D,20250310,000000,10.4,10.4,8.76,8.76,1249,0
CHP,D,20250311,000000,9,9.74,8,9.74,3626,0
CHP,D,20250312,000000,8.52,9.54,8.52,8.84,165,0
CHP,D,20250313,000000,8.32,8.92,8.32,8.92,212,0
CHP,D,20250314,000000,9.18,9.38,8.62,9.38,6,0
CHP,D,20250317,000000,9.08,9.1,8.98,9.1,232,0
CHP,D,20250318,000000,9.1,9.1,8.98,9.1,358,0
CHP,D,20250319,000000,9.1,9.1,9.1,9.1,2,0
CHP,D,20250320,000000,9,9,8.94,9,86,0
CHP,D,20250321,000000,9,9,8.94,8.94,213,0
CHP,D,20250324,000000,9,9.1,8.36,9.1,386,0
CHP,D,20250325,000000,9.1,9.1,9.1,9.1,22,0
CHP,D,20250326,000000,9.18,9.18,8.64,8.64,4,0
CHP,D,20250327,000000,9.14,9.14,8.4,8.4,225,0
CHP,D,20250328,000000,8.94,8.94,8.3,8.3,517,0
CHP,D,20250331,000000,8.2,9.18,8.2,9.06,379,0
CHP,D,20250401,000000,9.72,9.72,8.5,8.6,755,0
CHP,D,20250402,000000,8.6,8.6,8.5,8.6,276,0
CHP,D,20250403,000000,8.6,8.6,8.5,8.5,10,0
CHP,D,20250404,000000,8.56,8.56,8.2,8.56,22,0
CHP,D,20250407,000000,8.5,8.5,7.98,7.98,248,0
CHP,D,20250408,000000,8,8.4,8,8.34,88,0
CHP,D,20250409,000000,8.36,8.36,8,8,141,0
CHP,D,20250410,000000,8.36,8.36,8.36,8.36,35,0
CHP,D,20250411,000000,8.58,8.58,8.58,8.58,7,0
CHP,D,20250414,000000,8.58,8.58,8,8.4,764,0
CHP,D,20250415,000000,8.4,8.74,8.02,8.02,238,0
CHP,D,20250416,000000,8.02,8.02,8.02,8.02,373,0
CHP,D,20250417,000000,8.14,8.18,8.14,8.18,143,0
CHP,D,20250422,000000,8.18,8.18,7.8,7.8,875,0
CHP,D,20250423,000000,8,8.16,7.98,8.16,240,0
CHP,D,20250424,000000,8.98,8.98,7.82,7.82,198,0
CHP,D,20250425,000000,8,8,7.8,7.8,1189,0
CHP,D,20250428,000000,7.88,8.14,7.8,7.8,643,0
CHP,D,20250429,000000,8.1,8.1,7.7,7.7,215,0
CHP,D,20250430,000000,8.02,8.12,7.8,7.9,595,0
CHP,D,20250502,000000,8.12,8.12,8,8,176,0
CHP,D,20250505,000000,8,8,7.38,7.7,1788,0
CHP,D,20250506,000000,7.9,7.9,7.44,7.44,43,0
CHP,D,20250507,000000,7.9,7.9,7.88,7.9,66,0
CHP,D,20250508,000000,7.9,7.9,7.9,7.9,2,0
CHP,D,20250509,000000,7.9,7.9,7.9,7.9,1,0
CHP,D,20250512,000000,7.9,7.9,7.06,7.32,1702,0
CHP,D,20250513,000000,8.46,8.46,7.24,7.58,774,0
CHP,D,20250514,000000,7.62,7.62,7.24,7.3,787,0
CHP,D,20250515,000000,7.4,7.4,7.4,7.4,28,0
CHP,D,20250516,000000,7.4,7.4,7,7.02,1396,0
CHP,D,20250519,000000,7,7,6.68,7,1182,0
CHP,D,20250520,000000,7,7,7,7,2,0
CHP,D,20250521,000000,6.98,6.98,6.82,6.82,232,0
CHP,D,20250522,000000,6.92,6.98,6.84,6.98,56,0
CHP,D,20250523,000000,6.96,6.96,6.96,6.96,4,0
CHP,D,20250526,000000,6.98,6.98,6.82,6.86,1134,0
CHP,D,20250527,000000,6.98,6.98,5.6,5.9,8039,0
CHP,D,20250528,000000,6.92,6.92,5.5,5.5,3972,0
CHP,D,20250529,000000,5.96,6.84,5.22,6.8,6343,0
CHP,D,20250530,000000,6.42,6.8,5.84,6.3,315,0
CHP,D,20250602,000000,6.3,6.3,5.96,6.2,961,0
CHP,D,20250603,000000,6.2,6.2,5.18,5.3,2436,0
CHP,D,20250604,000000,5.3,5.3,4.59,4.9,3614,0
CHP,D,20250605,000000,4.97,5.78,4.97,5.22,551,0
CHP,D,20250606,000000,5.78,5.78,5.02,5.08,1054,0
CHP,D,20250609,000000,5.78,5.96,5.56,5.96,269,0
CHP,D,20250610,000000,5.96,5.96,5,5.2,3676,0
CHP,D,20250611,000000,5.96,6.54,5.34,5.6,2666,0
CHP,D,20250612,000000,6,6.76,5.1,6,350,0
CHP,D,20250613,000000,6.44,6.44,5.7,6.44,217,0
CHP,D,20250616,000000,6.46,6.46,5.74,5.92,1028,0
CHP,D,20250617,000000,5.92,6.16,5.54,5.9,488,0
CHP,D,20250618,000000,6.16,6.44,5.92,6.44,128,0
CHP,D,20250620,000000,6.46,6.46,5.9,6.44,340,0
CHP,D,20250623,000000,6.44,6.44,5.9,5.9,699,0
CHP,D,20250624,000000,6.4,6.4,6,6.36,208,0
CHP,D,20250625,000000,6.44,6.44,6,6,3,0
CHP,D,20250626,000000,6,6,5.18,5.32,4004,0
CHP,D,20250627,000000,5.42,5.68,5.32,5.32,620,0
CHP,D,20250630,000000,5.32,5.38,5.2,5.38,1270,0
CHP,D,20250701,000000,5.36,5.36,5.08,5.12,77,0
CHP,D,20250702,000000,5.12,5.48,5.12,5.48,270,0
CHP,D,20250703,000000,5.1,5.46,5,5.14,2676,0
CHP,D,20250704,000000,5.44,5.44,5.18,5.18,153,0
CHP,D,20250707,000000,5.98,5.98,5.06,5.06,214,0
CHP,D,20250708,000000,5.88,5.88,5.06,5.06,9,0
CHP,D,20250709,000000,5.06,5.62,5.06,5.2,744,0
CHP,D,20250710,000000,5.2,5.42,5.18,5.4,1281,0
CHP,D,20250711,000000,5.4,6,5.4,5.82,803,0
CHP,D,20250714,000000,5.84,5.96,5.22,5.8,356,0
CHP,D,20250715,000000,6,6,5.38,5.4,1223,0
CHP,D,20250716,000000,5.76,5.88,5.4,5.4,432,0
CHP,D,20250717,000000,5.4,5.76,5.4,5.4,45,0
CHP,D,20250718,000000,6,6,5.92,6,937,0
CHP,D,20250721,000000,6.2,6.2,5.96,6.14,580,0
CHP,D,20250722,000000,6.16,6.16,5.64,5.98,1246,0
CHP,D,20250723,000000,6.02,8.6,5.82,7.8,8749,0
CHP,D,20250724,000000,8.5,12.2,8.26,12.2,41796,0
CHP,D,20250725,000000,13,14.85,10.5,11,54426,0
CHP,D,20250728,000000,11,11.4,9.62,10.55,11472,0
CHP,D,20250729,000000,10.75,10.75,9.7,10,1380,0
CHP,D,20250730,000000,9.96,9.96,9.26,9.56,9447,0
CHP,D,20250731,000000,9.56,9.56,9.1,9.1,1718,0
CHP,D,20250801,000000,9.34,9.34,9,9,405,0
CHP,D,20250804,000000,9.34,9.34,9.3,9.3,15,0
CHP,D,20250805,000000,9.34,9.38,8.5,8.52,1321,0
CHP,D,20250806,000000,8.86,8.86,8,8.02,4029,0
CHP,D,20250807,000000,8.26,8.7,8.26,8.42,2301,0
CHP,D,20250808,000000,8.42,8.42,7.94,7.94,709,0
CHP,D,20250811,000000,8.32,8.32,7.4,7.9,771,0
CHP,D,20250812,000000,8.28,8.28,7.74,8.18,1243,0
CHP,D,20250813,000000,8.42,8.42,8.18,8.18,60,0
CHP,D,20250814,000000,8.18,8.32,8.18,8.32,167,0
CHP,D,20250818,000000,8.32,8.32,8.18,8.32,112,0
CHP,D,20250819,000000,8.32,8.9,8,8.78,577,0
CHP,D,20250820,000000,8.78,8.78,8.24,8.24,248,0
CHP,D,20250821,000000,8.8,9.52,8.6,9.44,1732,0
CHP,D,20250822,000000,9.54,10.2,9.4,10.2,1707,0
CHP,D,20250825,000000,10.2,10.2,9.36,9.36,725,0
CHP,D,20250826,000000,9.98,9.98,9.36,9.76,868,0
CHP,D,20250827,000000,9.94,9.96,9.44,9.88,1266,0
CHP,D,20250828,000000,9.88,9.88,8.44,8.6,1535,0
CHP,D,20250829,000000,9.38,9.38,8.64,9.22,786,0
CHP,D,20250901,000000,9.44,9.7,9.02,9.56,849,0
CHP,D,20250902,000000,9,9.54,9,9.02,97,0
CHP,D,20250903,000000,9,9.44,9,9.02,63,0
CHP,D,20250904,000000,9.6,9.6,8.9,9.2,476,0
CHP,D,20250905,000000,8.9,9.18,8.9,8.9,285,0
CHP,D,20250908,000000,8.9,9.18,8.9,9,514,0
CHP,D,20250909,000000,9,10.8,9,9.98,7286,0
CHP,D,20250910,000000,10.45,10.45,9.6,9.98,61,0
CHP,D,20250911,000000,10,10,9.52,9.98,289,0
CHP,D,20250912,000000,9.98,9.98,9.52,9.96,114,0
CHP,D,20250915,000000,9.96,9.98,9.52,9.52,404,0
CHP,D,20250916,000000,9.02,9.92,9.02,9.9,153,0
CHP,D,20250917,000000,10.45,10.45,9,9.82,3092,0
CHP,D,20250918,000000,9.74,9.74,9,9,49,0
CHP,D,20250919,000000,9,9.58,8.56,8.96,718,0
CHP,D,20250922,000000,8.54,9.54,8.52,9.46,1608,0
CHP,D,20250923,000000,9.46,9.46,8.04,8.7,1254,0
CHP,D,20250924,000000,9.28,9.28,8.62,9.2,736,0
CHP,D,20250925,000000,8.64,9.2,8.64,9.2,682,0
CHP,D,20250926,000000,9.2,9.2,8.62,9.1,371,0
CHP,D,20250929,000000,9.2,9.2,9.18,9.18,9,0
CHP,D,20250930,000000,9.18,9.18,9.16,9.18,351,0
CHP,D,20251001,000000,9.18,9.18,8.64,9.16,40,0
CHP,D,20251002,000000,9.18,9.18,8.06,8.06,3042,0
CHP,D,20251003,000000,8,8.08,7.24,7.64,4542,0
CHP,D,20251006,000000,7.8,7.8,7.32,7.58,53,0
CHP,D,20251007,000000,7.58,7.58,7.1,7.5,1917,0
CHP,D,20251008,000000,7.5,7.58,7.48,7.58,1230,0
CHP,D,20251009,000000,7.6,8.04,7,7.6,2203,0
CHP,D,20251010,000000,7.94,9.06,7.4,8.44,4434,0
CHP,D,20251013,000000,8.44,9.06,8.4,8.9,4473,0
CHP,D,20251014,000000,8.92,8.92,8.84,8.92,191,0
CHP,D,20251015,000000,8.9,9.68,8.9,9.66,2892,0
CHP,D,20251016,000000,9.68,9.68,8.56,9.66,342,0
CHP,D,20251017,000000,9.68,9.68,7.8,8.26,262,0
CHP,D,20251020,000000,9.66,9.66,8.74,8.76,525,0
CHP,D,20251021,000000,9.56,9.56,8.8,9.1,623,0
CHP,D,20251022,000000,9.52,9.52,8.06,8.54,2111,0
CHP,D,20251023,000000,8.44,8.9,8.44,8.44,276,0
CHP,D,20251024,000000,8.7,8.7,8.22,8.22,140,0
CHP,D,20251027,000000,8.74,8.74,8.74,8.74,1067,0
CHP,D,20251028,000000,8.74,8.74,8.3,8.7,114,0
CHP,D,20251029,000000,8.74,8.74,8.3,8.74,327,0
CHP,D,20251030,000000,8.22,8.74,8.22,8.74,13,0
CHP,D,20251031,000000,8.7,8.7,8.22,8.22,361,0
CHP,D,20251103,000000,8.22,8.48,7.8,7.92,2251,0
CHP,D,20251104,000000,8,8,7.92,7.92,341,0
CHP,D,20251105,000000,7.92,8.2,7.92,8.18,41,0
CHP,D,20251106,000000,8.18,8.2,8.1,8.1,134,0
CHP,D,20251107,000000,8.1,8.1,8.1,8.1,14,0
CHP,D,20251110,000000,8.1,8.1,7.92,7.92,216,0
CHP,D,20251112,000000,7.92,7.92,7.92,7.92,216,0
CHP,D,20251113,000000,7.92,7.92,7.9,7.9,6,0
CHP,D,20251114,000000,7.9,7.9,6.44,6.8,6119,0
CHP,D,20251117,000000,7.1,7.14,6.96,6.96,1462,0
CHP,D,20251118,000000,6.96,6.96,6.8,6.82,503,0
CHP,D,20251119,000000,7.08,7.08,6.92,6.92,23,0
CHP,D,20251120,000000,6.94,7.04,6.94,6.94,424,0
CHP,D,20251121,000000,6.78,7.04,5.72,6.4,6306,0
CHP,D,20251124,000000,6.06,6.34,6.06,6.34,686,0
CHP,D,20251125,000000,6.4,6.5,6,6.2,930,0
CHP,D,20251126,000000,6.02,6.16,5.88,5.94,759,0
CHP,D,20251127,000000,5.94,6.2,5.66,6.2,1750,0
CHP,D,20251128,000000,6.2,6.2,6.2,6.2,58,0
CHP,D,20251201,000000,6.1,6.1,5.66,5.88,1335,0
CHP,D,20251202,000000,5.92,6.2,5.66,5.92,2028,0
CHP,D,20251203,000000,5.92,6,5.92,6,656,0
CHP,D,20251204,000000,6,6.4,6,6.24,2598,0
CHP,D,20251205,000000,6.24,6.24,6.24,6.24,2,0
CHP,D,20251208,000000,6.24,6.7,6.24,6.6,2977,0
CHP,D,20251209,000000,6.6,6.7,5.68,6.68,1605,0
CHP,D,20251210,000000,6.68,6.7,6.3,6.7,591,0
CHP,D,20251211,000000,6.72,6.72,6.72,6.72,10,0
CHP,D,20251212,000000,6.6,6.6,5.64,5.88,2373,0
CHP,D,20251215,000000,5.96,5.98,5.94,5.98,249,0
CHP,D,20251216,000000,5.9,5.9,5.44,5.6,4980,0
CHP,D,20251217,000000,5.72,5.72,5.6,5.6,2213,0
CHP,D,20251218,000000,5.62,5.62,5.6,5.6,705,0
CHP,D,20251219,000000,5.46,5.46,5.22,5.46,793,0
CHP,D,20251222,000000,5.44,5.6,5.24,5.4,2044,0
CHP,D,20251223,000000,5.4,5.72,5.4,5.72,2049,0
CHP,D,20251229,000000,5.72,5.8,5.68,5.7,396,0
CHP,D,20251230,000000,5.7,5.8,5.7,5.8,663,0
