<TICKER>,<PER>,<DATE>,<TIME>,<OPEN>,<HIGH>,<LOW>,<CLOSE>,<VOL>,<OPENINT>
ECC,D,20190214,000000,2.85,2.85,1.82,2.38,572183,0
ECC,D,20190215,000000,2.5,3.34,2.5,2.73,495926,0
ECC,D,20190218,000000,2.69,2.69,1.92,2.07,480943,0
ECC,D,20190219,000000,2.19,2.19,1.82,1.83,175358,0
ECC,D,20190220,000000,1.8,2,1.76,1.92,211600,0
ECC,D,20190221,000000,1.86,1.92,1.84,1.9,35575,0
ECC,D,20190222,000000,1.9,1.98,1.78,1.86,123766,0
ECC,D,20190225,000000,1.79,1.85,1.7,1.72,228942,0
ECC,D,20190226,000000,1.7,1.8,1.7,1.79,129773,0
ECC,D,20190227,000000,1.79,1.83,1.7,1.75,109808,0
ECC,D,20190228,000000,1.75,1.79,1.71,1.78,67876,0
ECC,D,20190301,000000,1.78,1.96,1.73,1.87,89273,0
ECC,D,20190304,000000,1.87,2.19,1.85,2.07,227747,0
ECC,D,20190305,000000,2.06,2.49,2.02,2.38,339625,0
ECC,D,20190306,000000,2.42,2.78,2.42,2.78,244413,0
ECC,D,20190307,000000,2.8,2.84,2.5,2.55,137400,0
ECC,D,20190308,000000,2.6,2.6,2.28,2.55,57274,0
ECC,D,20190311,000000,2.549,2.55,2.3,2.4,108576,0
ECC,D,20190312,000000,2.399,2.438,2.205,2.28,124512,0
ECC,D,20190313,000000,2.283,2.43,2.2,2.4,89127,0
ECC,D,20190314,000000,2.4,2.48,2.31,2.37,85585,0
ECC,D,20190315,000000,2.4,2.52,2.25,2.43,172320,0
ECC,D,20190318,000000,2.45,2.56,2.215,2.31,209290,0
ECC,D,20190319,000000,2.3,2.37,2.3,2.37,99095,0
ECC,D,20190320,000000,2.37,2.44,2.35,2.42,20598,0
ECC,D,20190321,000000,2.49,2.49,2.35,2.43,28307,0
ECC,D,20190322,000000,2.469,2.52,2.4,2.5,93769,0
ECC,D,20190325,000000,2.5,2.52,2.4,2.46,27291,0
ECC,D,20190326,000000,2.465,2.465,2.395,2.44,24533,0
ECC,D,20190327,000000,2.44,2.44,2.31,2.38,40578,0
ECC,D,20190328,000000,2.41,2.45,2.3,2.45,43439,0
ECC,D,20190329,000000,2.38,2.498,2.38,2.45,31750,0
ECC,D,20190401,000000,2.479,2.6,2.451,2.58,74284,0
ECC,D,20190402,000000,2.59,2.78,2.538,2.54,195929,0
ECC,D,20190403,000000,2.65,2.678,2.48,2.56,257427,0
ECC,D,20190404,000000,2.608,2.68,2.57,2.59,59417,0
ECC,D,20190405,000000,2.7,2.86,2.6,2.84,107530,0
ECC,D,20190408,000000,2.83,2.93,2.714,2.92,133320,0
ECC,D,20190409,000000,2.9,2.9,2.805,2.81,210286,0
ECC,D,20190410,000000,2.82,2.87,2.79,2.79,22091,0
ECC,D,20190411,000000,2.84,2.84,2.72,2.72,174102,0
ECC,D,20190412,000000,2.71,2.85,2.51,2.8,301321,0
ECC,D,20190415,000000,2.79,2.8,2.657,2.8,5825,0
ECC,D,20190416,000000,2.8,2.8,2.65,2.8,20827,0
ECC,D,20190417,000000,2.7,2.8,2.624,2.8,36346,0
ECC,D,20190418,000000,2.75,2.789,2.668,2.79,14228,0
ECC,D,20190423,000000,2.7,2.7845,2.7,2.78,12480,0
ECC,D,20190424,000000,2.684,2.77,2.65,2.77,45840,0
ECC,D,20190425,000000,2.746,2.77,2.68,2.77,30352,0
ECC,D,20190426,000000,2.7,2.759,2.68,2.74,129472,0
ECC,D,20190429,000000,2.7,2.75,2.66,2.75,74421,0
ECC,D,20190430,000000,2.7,2.762,2.67,2.76,28575,0
ECC,D,20190502,000000,2.764,2.78,2.682,2.78,21856,0
ECC,D,20190506,000000,2.764,2.78,2.69,2.75,36875,0
ECC,D,20190507,000000,2.71,2.72,2.6,2.69,50878,0
ECC,D,20190508,000000,2.69,2.69,2.63,2.67,10567,0
ECC,D,20190509,000000,2.62,2.69,2.605,2.61,13905,0
ECC,D,20190510,000000,2.52,2.59,2.22,2.58,75586,0
ECC,D,20190513,000000,2.677,2.677,2.44,2.55,31846,0
ECC,D,20190514,000000,2.476,2.5,2.4,2.49,50165,0
ECC,D,20190515,000000,2.365,2.488,2.3,2.43,53887,0
ECC,D,20190516,000000,2.4305,2.4305,2.28,2.4,51452,0
ECC,D,20190517,000000,2.4,2.5,2.38,2.44,22686,0
ECC,D,20190520,000000,2.49,2.5,2.42,2.47,20805,0
ECC,D,20190521,000000,2.5,2.5,2.4,2.44,40225,0
ECC,D,20190522,000000,2.44,2.44,2.323,2.4,11073,0
ECC,D,20190523,000000,2.33,2.44,2.23,2.44,15950,0
ECC,D,20190524,000000,2.4,2.43,2.36,2.43,3800,0
ECC,D,20190527,000000,2.37,2.4,2.3,2.35,18855,0
ECC,D,20190528,000000,2.35,2.389,2.31,2.39,6909,0
ECC,D,20190529,000000,2.34,2.399,2.27,2.4,15191,0
ECC,D,20190530,000000,2.31,2.377,2.3,2.38,6937,0
ECC,D,20190531,000000,2.35,2.73,2.32,2.73,53222,0
ECC,D,20190603,000000,2.68,2.68,2.46,2.46,13056,0
ECC,D,20190604,000000,2.401,2.59,2.36,2.59,17109,0
ECC,D,20190605,000000,2.57,2.67,2.48,2.48,19523,0
ECC,D,20190606,000000,2.451,2.488,2.36,2.4,7382,0
ECC,D,20190607,000000,2.488,2.54,2.4,2.54,10848,0
ECC,D,20190610,000000,2.48,2.498,2.162,2.4,33550,0
ECC,D,20190611,000000,2.28,2.4,2.28,2.39,8110,0
ECC,D,20190612,000000,2.39,2.44,2.31,2.37,1810,0
ECC,D,20190613,000000,2.367,2.408,2.303,2.4,6074,0
ECC,D,20190614,000000,2.31,2.398,2.31,2.39,1982,0
ECC,D,20190617,000000,2.449,2.449,2.304,2.36,17121,0
ECC,D,20190618,000000,2.32,2.35,2.28,2.35,9166,0
ECC,D,20190619,000000,2.285,2.36,2.26,2.36,11026,0
ECC,D,20190621,000000,2.26,2.36,2.26,2.36,13368,0
ECC,D,20190624,000000,2.4,2.4,2.27,2.37,5825,0
ECC,D,20190625,000000,2.37,2.37,2.3,2.37,8212,0
ECC,D,20190626,000000,2.312,2.312,2.25,2.29,24965,0
ECC,D,20190627,000000,2.3,2.3,2.2,2.24,15473,0
ECC,D,20190628,000000,2.29,2.37,2.25,2.33,36908,0
ECC,D,20190701,000000,2.39,2.448,2.378,2.43,37207,0
ECC,D,20190702,000000,2.428,2.428,2.39,2.41,2939,0
ECC,D,20190703,000000,2.41,2.41,2.39,2.39,5900,0
ECC,D,20190704,000000,2.4,2.4,2.27,2.38,5012,0
ECC,D,20190705,000000,2.311,2.41,2.311,2.41,4800,0
ECC,D,20190708,000000,2.4,2.4,2.35,2.4,7714,0
ECC,D,20190709,000000,2.4,2.47,2.4,2.46,16571,0
ECC,D,20190710,000000,2.414,2.548,2.414,2.53,28805,0
ECC,D,20190711,000000,2.548,2.55,2.45,2.49,10420,0
ECC,D,20190712,000000,2.41,2.46,2.39,2.44,10893,0
ECC,D,20190715,000000,2.41,2.46,2.35,2.42,6343,0
ECC,D,20190716,000000,2.42,2.45,2.38,2.42,5939,0
ECC,D,20190717,000000,2.42,2.42,2.36,2.42,9000,0
ECC,D,20190718,000000,2.44,2.44,2.38,2.44,4600,0
ECC,D,20190719,000000,2.43,2.44,2.4,2.43,5530,0
ECC,D,20190722,000000,2.43,2.43,2.4,2.4,2648,0
ECC,D,20190723,000000,2.43,2.43,2.361,2.4,4292,0
ECC,D,20190724,000000,2.42,2.42,2.3,2.39,28670,0
ECC,D,20190725,000000,2.37,2.43,2.323,2.43,19541,0
ECC,D,20190726,000000,2.43,2.43,2.35,2.43,10887,0
ECC,D,20190729,000000,2.43,2.7,2.43,2.646,56684,0
ECC,D,20190730,000000,2.646,2.895,2.6,2.85,124669,0
ECC,D,20190731,000000,2.85,2.85,2.7,2.77,42706,0
ECC,D,20190801,000000,2.75,2.81,2.62,2.65,116340,0
ECC,D,20190802,000000,2.68,2.7,2.6,2.666,25856,0
ECC,D,20190805,000000,2.66,2.66,2.49,2.6,8775,0
ECC,D,20190806,000000,2.62,2.64,2.53,2.62,32121,0
ECC,D,20190807,000000,2.625,2.625,2.44,2.6,18730,0
ECC,D,20190808,000000,2.56,2.63,2.47,2.63,81828,0
ECC,D,20190809,000000,2.63,2.67,2.5995,2.648,15774,0
ECC,D,20190812,000000,2.66,2.66,2.5,2.59,193458,0
ECC,D,20190813,000000,2.59,2.7,2.5,2.7,180774,0
ECC,D,20190814,000000,2.7,2.75,2.6,2.74,15481,0
ECC,D,20190816,000000,2.73,2.88,2.63,2.86,71520,0
ECC,D,20190819,000000,2.85,3.16,2.85,3.028,158404,0
ECC,D,20190820,000000,3.025,3.4,2.89,3.28,157798,0
ECC,D,20190821,000000,3.34,3.489,3.2,3.38,165903,0
ECC,D,20190822,000000,3.3795,3.445,3.29,3.32,66803,0
ECC,D,20190823,000000,3.32,3.35,3.04,3.278,118542,0
ECC,D,20190826,000000,3.269,3.42,3.1,3.249,167367,0
ECC,D,20190827,000000,3.16,3.34,3.1,3.229,143779,0
ECC,D,20190828,000000,3.153,3.229,2.97,3.22,132288,0
ECC,D,20190829,000000,3.1,3.15,3.011,3.12,139007,0
ECC,D,20190830,000000,3.12,3.2,3.01,3.2,100238,0
ECC,D,20190902,000000,3.19,3.19,3.035,3.065,159936,0
ECC,D,20190903,000000,3.06,3.0995,3.024,3.035,43838,0
ECC,D,20190904,000000,3.05,3.14,3.011,3.05,99251,0
ECC,D,20190905,000000,3.069,3.069,2.975,3.03,34582,0
ECC,D,20190906,000000,2.975,3.07,2.952,3.05,34197,0
ECC,D,20190909,000000,3.1,3.3,3.1,3.24,121778,0
ECC,D,20190910,000000,3.2,3.24,3.14,3.185,28779,0
ECC,D,20190911,000000,3.185,3.225,3.15,3.22,36317,0
ECC,D,20190912,000000,3.238,3.24,3.17,3.19,55441,0
ECC,D,20190913,000000,3.219,3.4,3.2,3.3,172788,0
ECC,D,20190916,000000,3.44,3.88,3.4,3.8,260202,0
ECC,D,20190917,000000,3.8,3.8695,3.7,3.72,55367,0
ECC,D,20190918,000000,3.76,4.18,3.73,4.01,183697,0
ECC,D,20190919,000000,4.02,4.04,3.86,3.95,83240,0
ECC,D,20190920,000000,4,4.03,3.95,4,64237,0
ECC,D,20190923,000000,4,4.188,3.43,3.5,302705,0
ECC,D,20190924,000000,3.35,3.61,3.14,3.6,576779,0
ECC,D,20190925,000000,3.6,3.6,3.4,3.52,70027,0
ECC,D,20190926,000000,3.53,3.74,3.33,3.41,163032,0
ECC,D,20190927,000000,3.362,3.55,3.08,3.5,192614,0
ECC,D,20190930,000000,3.59,3.59,3.3,3.49,125226,0
ECC,D,20191001,000000,3.4,3.48,3.32,3.47,26823,0
ECC,D,20191002,000000,3.45,3.45,3.0655,3.1,119551,0
ECC,D,20191003,000000,3.11,3.25,3.1,3.2,63388,0
ECC,D,20191004,000000,3.19,3.19,2.9545,3.06,180167,0
ECC,D,20191007,000000,3.03,3.16,2.91,2.979,143328,0
ECC,D,20191008,000000,3,3.1,2.98,3.07,50873,0
ECC,D,20191009,000000,3.0695,3.0695,2.98,3.04,34406,0
ECC,D,20191010,000000,3.05,3.16,2.9,3.16,112527,0
ECC,D,20191011,000000,3.16,3.3,3.06,3.13,102635,0
ECC,D,20191014,000000,3.11,3.24,3.08,3.23,122560,0
ECC,D,20191015,000000,3.22,3.288,3.15,3.2345,43540,0
ECC,D,20191016,000000,3.26,3.26,3.14,3.229,18377,0
ECC,D,20191017,000000,3.17,3.25,3.04,3.12,60019,0
ECC,D,20191018,000000,3.1,3.19,3.06,3.189,79370,0
ECC,D,20191021,000000,3.164,3.164,2.86,3.09,103382,0
ECC,D,20191022,000000,3.049,3.049,2.56,2.64,330944,0
ECC,D,20191023,000000,2.68,2.73,2.57,2.629,109224,0
ECC,D,20191024,000000,2.635,2.66,2.43,2.5015,205880,0
ECC,D,20191025,000000,2.52,2.52,2.221,2.249,315354,0
ECC,D,20191028,000000,2.22,2.24,2.01,2.0305,380105,0
ECC,D,20191029,000000,2.06,2.157,1.935,2.119,275339,0
ECC,D,20191030,000000,2.12,2.12,1.6104,1.77,1541504,0
ECC,D,20191031,000000,1.79,1.86,1.7,1.75,167882,0
ECC,D,20191104,000000,1.8,1.899,1.75,1.848,132531,0
ECC,D,20191105,000000,1.918,1.934,1.802,1.87,59871,0
ECC,D,20191106,000000,1.9,1.9,1.77,1.83,59327,0
ECC,D,20191107,000000,1.83,1.83,1.73,1.7988,97303,0
ECC,D,20191108,000000,1.83,1.83,1.72,1.775,59908,0
ECC,D,20191112,000000,1.775,1.82,1.74,1.8,24681,0
ECC,D,20191113,000000,1.8,1.9,1.756,1.84,128277,0
ECC,D,20191114,000000,1.84,1.87,1.781,1.835,31044,0
ECC,D,20191115,000000,1.82,1.82,1.734,1.805,32140,0
ECC,D,20191118,000000,1.82,1.829,1.751,1.772,40513,0
ECC,D,20191119,000000,1.81,1.82,1.79,1.808,22835,0
ECC,D,20191120,000000,1.83,1.83,1.77,1.798,20393,0
ECC,D,20191121,000000,1.844,1.844,1.82,1.84,11413,0
ECC,D,20191122,000000,1.85,2.12,1.85,2.04,302146,0
ECC,D,20191125,000000,2.1,2.1,1.96,1.986,78417,0
ECC,D,20191126,000000,2.01,2.059,1.93,1.96,46946,0
ECC,D,20191127,000000,2,2.03,1.942,1.97,67794,0
ECC,D,20191128,000000,1.9998,1.9998,1.945,1.951,27909,0
ECC,D,20191129,000000,1.97,1.97,1.919,1.96,15171,0
ECC,D,20191202,000000,1.96,1.96,1.9,1.902,32520,0
ECC,D,20191203,000000,1.929,1.93,1.9022,1.928,28831,0
ECC,D,20191204,000000,1.928,1.928,1.83,1.91,42654,0
ECC,D,20191205,000000,1.91,2.028,1.9,2,21471,0
ECC,D,20191206,000000,2,2,1.932,1.935,12145,0
ECC,D,20191209,000000,2.028,2.028,1.91,1.925,19489,0
ECC,D,20191210,000000,1.925,1.9798,1.904,1.904,12148,0
ECC,D,20191211,000000,1.95,2.02,1.95,1.98,25243,0
ECC,D,20191212,000000,2,2.0865,1.98,2.04,131365,0
ECC,D,20191213,000000,2.08,2.09,2.04,2.04,40337,0
ECC,D,20191216,000000,2.03,2.032,1.98,2.028,43009,0
ECC,D,20191217,000000,2.024,2.03,1.97,2.02,14219,0
ECC,D,20191218,000000,1.972,2,1.935,1.97,49677,0
ECC,D,20191219,000000,2.14,2.29,2.14,2.2085,363372,0
ECC,D,20191220,000000,2.2695,2.29,2.1705,2.22,113880,0
ECC,D,20191223,000000,2.198,2.198,2.11,2.164,52705,0
ECC,D,20191227,000000,2.15,2.39,2.11,2.34,80527,0
ECC,D,20191230,000000,2.35,2.82,2.35,2.56,402256,0
ECC,D,20200102,000000,2.7,2.73,2.52,2.638,145266,0
ECC,D,20200103,000000,2.6,2.65,2.52,2.53,180399,0
ECC,D,20200107,000000,2.56,2.6,2.356,2.44,192755,0
ECC,D,20200108,000000,2.4,2.569,2.333,2.352,161359,0
ECC,D,20200109,000000,2.436,2.495,2.301,2.301,276519,0
ECC,D,20200110,000000,2.32,2.399,2.32,2.32,53485,0
ECC,D,20200113,000000,2.3695,2.3695,2.141,2.27,223685,0
ECC,D,20200114,000000,2.22,2.288,2.15,2.244,182034,0
ECC,D,20200115,000000,2.25,2.4395,2.18,2.36,91272,0
ECC,D,20200116,000000,2.324,2.418,2.31,2.399,49396,0
ECC,D,20200117,000000,2.385,2.52,2.32,2.43,103745,0
ECC,D,20200120,000000,2.47,2.59,2.3,2.49,119539,0
ECC,D,20200121,000000,2.49,2.55,2.41,2.422,23829,0
ECC,D,20200122,000000,2.4305,2.55,2.4,2.42,36505,0
ECC,D,20200123,000000,2.42,2.42,2.3,2.31,65878,0
ECC,D,20200124,000000,2.34,2.448,2.27,2.4,68373,0
ECC,D,20200127,000000,2.45,2.546,2.4,2.479,128716,0
ECC,D,20200128,000000,2.479,2.529,2.44,2.479,68099,0
ECC,D,20200129,000000,2.49,2.499,2.41,2.41,49167,0
ECC,D,20200130,000000,2.41,2.489,2.4,2.465,58438,0
ECC,D,20200131,000000,2.5,2.63,2.48,2.62,128397,0
ECC,D,20200203,000000,2.62,2.67,2.58,2.636,59397,0
ECC,D,20200204,000000,2.64,2.68,2.6,2.65,22933,0
ECC,D,20200205,000000,2.667,2.78,2.58,2.67,84409,0
ECC,D,20200206,000000,2.72,2.72,2.59,2.6005,36161,0
ECC,D,20200207,000000,2.61,2.655,2.5,2.6,38070,0
ECC,D,20200210,000000,2.66,2.66,2.605,2.605,12344,0
ECC,D,20200211,000000,2.6,2.698,2.6,2.65,32685,0
ECC,D,20200212,000000,2.66,2.66,2.6,2.62,36962,0
ECC,D,20200213,000000,2.64,2.7895,2.513,2.73,251850,0
ECC,D,20200214,000000,2.78,2.84,2.751,2.8175,93662,0
ECC,D,20200217,000000,3.268,3.268,2.92,3.02,334796,0
ECC,D,20200218,000000,3.09,3.09,2.9755,3.025,126454,0
ECC,D,20200219,000000,3.07,3.15,3.06,3.1,152441,0
ECC,D,20200220,000000,3.082,3.12,3.05,3.071,60328,0
ECC,D,20200221,000000,3.065,3.15,3.06,3.15,43368,0
ECC,D,20200224,000000,3.1,3.1,2.86,2.88,176528,0
ECC,D,20200225,000000,2.8,2.88,2.26,2.64,424193,0
ECC,D,20200226,000000,2.5,2.84,2.36,2.66,224521,0
ECC,D,20200227,000000,2.69,2.69,2.35,2.39,209594,0
ECC,D,20200228,000000,2.25,2.35,1.96,2.12,332886,0
ECC,D,20200302,000000,2.2,2.42,2.135,2.27,213087,0
ECC,D,20200303,000000,2.41,2.54,2.3,2.41,228534,0
ECC,D,20200304,000000,2.33,2.4,2.17,2.4,75674,0
ECC,D,20200305,000000,2.42,2.56,2.36,2.39,85392,0
ECC,D,20200306,000000,2.292,2.39,2.252,2.39,28669,0
ECC,D,20200309,000000,2.025,2.2,1.9,2.07,433442,0
ECC,D,20200310,000000,2.05,2.15,1.99,2.04,135451,0
ECC,D,20200311,000000,2.1,2.1,1.7,1.722,245983,0
ECC,D,20200312,000000,1.27,1.6,1.22,1.24,204875,0
ECC,D,20200313,000000,1.3,1.56,1.288,1.319,226392,0
ECC,D,20200316,000000,1.3,1.79,1.17,1.78,331329,0
ECC,D,20200317,000000,1.73,2.14,1.7,1.97,448911,0
ECC,D,20200318,000000,1.89,2.1,1.8,1.9,178467,0
ECC,D,20200319,000000,1.9,2.14,1.9,2.13,152240,0
ECC,D,20200320,000000,2.18,2.33,2.1,2.1,154949,0
ECC,D,20200323,000000,2.1,2.1,1.8,2.04,136004,0
ECC,D,20200324,000000,2.14,2.42,2.14,2.28,215628,0
ECC,D,20200325,000000,2.39,2.5,2.23,2.356,222970,0
ECC,D,20200326,000000,2.43,2.43,2.262,2.369,63838,0
ECC,D,20200327,000000,2.371,2.48,2.35,2.439,88468,0
ECC,D,20200330,000000,2.4,2.4,2.23,2.311,123385,0
ECC,D,20200331,000000,2.38,2.38,2.3,2.34,54655,0
ECC,D,20200401,000000,2.33,2.35,2.24,2.26,53863,0
ECC,D,20200402,000000,2.24,2.295,2.12,2.2,110658,0
ECC,D,20200403,000000,2.185,2.27,2.14,2.21,32438,0
ECC,D,20200406,000000,2.3,2.4,2.2,2.4,66264,0
ECC,D,20200407,000000,2.485,2.55,2.21,2.3,97151,0
ECC,D,20200408,000000,2.29,2.43,2.26,2.3,41266,0
ECC,D,20200409,000000,2.25,2.43,2.25,2.35,43940,0
ECC,D,20200414,000000,2.4,2.45,2.35,2.45,98270,0
ECC,D,20200415,000000,2.49,2.84,2.39,2.73,182427,0
ECC,D,20200416,000000,2.83,2.935,2.74,2.9,163519,0
ECC,D,20200417,000000,2.98,3.07,2.915,2.96,170556,0
ECC,D,20200420,000000,3.05,3.2,3.03,3.18,302484,0
ECC,D,20200421,000000,3.18,3.56,2.76,3.3,634763,0
ECC,D,20200422,000000,3.4,3.48,3.11,3.35,350728,0
ECC,D,20200423,000000,3.4,3.53,3.35,3.53,203299,0
ECC,D,20200424,000000,3.55,3.99,3.39,3.81,600253,0
ECC,D,20200427,000000,3.82,4.1,3.62,3.925,231491,0
ECC,D,20200428,000000,4.01,4.15,3.92,4.1,231221,0
ECC,D,20200429,000000,5.19,5.19,4.12,4.33,1216409,0
ECC,D,20200430,000000,4.3,4.6,4,4.36,567820,0
ECC,D,20200504,000000,4.49,4.49,4,4.275,364161,0
ECC,D,20200505,000000,4.2,4.25,3.92,4.05,495109,0
ECC,D,20200506,000000,4.19,4.19,3.64,3.9,410125,0
ECC,D,20200507,000000,3.56,4.1,3.54,3.9,595626,0
ECC,D,20200508,000000,2.4,3.18,2.26,2.725,3540690,0
ECC,D,20200511,000000,2.695,2.84,2.43,2.75,1033343,0
ECC,D,20200512,000000,2.75,2.75,2.55,2.68,453578,0
ECC,D,20200513,000000,2.68,2.69,2.55,2.64,214438,0
ECC,D,20200514,000000,2.62,2.62,2.255,2.38,457959,0
ECC,D,20200515,000000,2.4,2.68,2.39,2.54,380154,0
ECC,D,20200518,000000,2.46,2.53,2.35,2.43,251011,0
ECC,D,20200519,000000,2.43,2.49,2.4,2.445,132676,0
ECC,D,20200520,000000,2.43,2.455,2.37,2.41,133100,0
ECC,D,20200521,000000,2.41,2.48,2.38,2.45,138516,0
ECC,D,20200522,000000,2.48,2.54,2.41,2.51,96280,0
ECC,D,20200525,000000,2.5,2.53,2.45,2.495,76600,0
ECC,D,20200526,000000,2.47,2.6,2.445,2.54,137586,0
ECC,D,20200527,000000,2.58,2.635,2.43,2.43,246360,0
ECC,D,20200528,000000,2.46,2.46,2.375,2.38,237662,0
ECC,D,20200529,000000,2.4,2.425,2.38,2.425,40260,0
ECC,D,20200601,000000,2.45,2.45,2.365,2.42,76920,0
ECC,D,20200602,000000,2.385,2.4,2.3,2.32,195878,0
ECC,D,20200603,000000,2.32,2.34,2.24,2.28,185698,0
ECC,D,20200604,000000,2.28,2.28,2.16,2.21,182770,0
ECC,D,20200605,000000,2.21,2.21,2.1,2.17,193225,0
ECC,D,20200608,000000,2.2,2.34,2.16,2.3,301492,0
ECC,D,20200609,000000,2.335,2.34,2.17,2.27,92666,0
ECC,D,20200610,000000,2.265,2.285,2.175,2.2,85242,0
ECC,D,20200612,000000,2.185,2.225,2.15,2.215,210272,0
ECC,D,20200615,000000,2.2,2.21,2.18,2.2,107880,0
ECC,D,20200616,000000,2.2,2.26,2.18,2.18,138637,0
ECC,D,20200617,000000,2.18,2.21,2.18,2.195,79887,0
ECC,D,20200618,000000,2.2,2.38,2.17,2.27,341446,0
ECC,D,20200619,000000,2.3,2.315,2.21,2.245,114504,0
ECC,D,20200622,000000,2.24,2.245,2.17,2.19,194553,0
ECC,D,20200623,000000,2.2,2.45,2.17,2.26,236407,0
ECC,D,20200624,000000,2.295,2.34,2.22,2.3,126282,0
ECC,D,20200625,000000,2.3,2.3,2.22,2.235,52808,0
ECC,D,20200626,000000,2.29,2.38,2.26,2.31,155992,0
ECC,D,20200629,000000,2.385,2.385,2.23,2.3,61410,0
ECC,D,20200630,000000,2.3,2.33,2.25,2.27,60218,0
ECC,D,20200701,000000,2.25,2.29,2.19,2.24,114997,0
ECC,D,20200702,000000,2.245,2.32,2.19,2.26,96566,0
ECC,D,20200703,000000,2.29,2.3,2.25,2.29,67087,0
ECC,D,20200706,000000,2.305,2.5,2.26,2.45,324907,0
ECC,D,20200707,000000,2.55,2.95,2.45,2.81,832451,0
ECC,D,20200708,000000,2.91,2.91,2.535,2.535,416932,0
ECC,D,20200709,000000,2.65,2.78,2.54,2.64,331935,0
ECC,D,20200710,000000,2.7,2.74,2.56,2.62,141720,0
ECC,D,20200713,000000,2.62,2.65,2.54,2.6,93851,0
ECC,D,20200714,000000,2.6,2.6,2.495,2.55,127166,0
ECC,D,20200715,000000,2.55,2.81,2.55,2.65,206496,0
ECC,D,20200716,000000,2.65,2.7,2.5,2.58,100088,0
ECC,D,20200717,000000,2.61,2.62,2.52,2.575,46886,0
ECC,D,20200720,000000,2.575,2.575,2.32,2.39,166837,0
ECC,D,20200721,000000,2.38,2.47,2.3,2.335,139751,0
ECC,D,20200722,000000,2.335,2.375,2.3,2.34,108815,0
ECC,D,20200723,000000,2.34,2.4,2.285,2.3,189405,0
ECC,D,20200724,000000,2.315,2.39,2.26,2.33,144179,0
ECC,D,20200727,000000,2.31,2.31,2.2,2.23,185850,0
ECC,D,20200728,000000,2.22,2.25,2.2,2.235,140647,0
ECC,D,20200729,000000,2.25,2.25,2.11,2.2,171526,0
ECC,D,20200730,000000,2.25,2.38,2,2.06,329938,0
ECC,D,20200731,000000,2.15,2.24,2.1,2.22,91365,0
ECC,D,20200803,000000,2.32,2.32,2.21,2.3,68251,0
ECC,D,20200804,000000,2.3,2.3,2.2,2.24,102425,0
ECC,D,20200805,000000,2.27,2.27,2.1,2.19,67306,0
ECC,D,20200806,000000,2.2,2.215,2.12,2.205,76295,0
ECC,D,20200807,000000,2.2,2.2,2.12,2.19,36307,0
ECC,D,20200810,000000,2.22,2.4,2.195,2.365,113920,0
ECC,D,20200811,000000,2.28,2.34,2.21,2.26,90540,0
ECC,D,20200812,000000,2.3,2.3,2.2,2.25,57550,0
ECC,D,20200813,000000,2.29,2.38,2.25,2.27,76968,0
ECC,D,20200814,000000,2.35,2.35,2.25,2.35,57514,0
ECC,D,20200817,000000,2.29,2.35,2.21,2.32,75061,0
ECC,D,20200818,000000,2.32,2.32,2.22,2.27,34050,0
ECC,D,20200819,000000,2.22,2.25,2.19,2.195,46649,0
ECC,D,20200820,000000,2.2,2.25,2.16,2.16,16817,0
ECC,D,20200821,000000,2.17,2.235,2.16,2.22,17020,0
ECC,D,20200824,000000,2.24,2.28,2.205,2.275,22765,0
ECC,D,20200825,000000,2.28,2.3,2.215,2.26,27522,0
ECC,D,20200826,000000,2.29,2.29,2.215,2.25,13734,0
ECC,D,20200827,000000,2.25,2.26,2.21,2.225,29446,0
ECC,D,20200828,000000,2.24,2.245,2.18,2.2,10413,0
ECC,D,20200831,000000,2.26,2.26,2.195,2.215,9898,0
ECC,D,20200901,000000,2.215,2.215,2.08,2.16,69225,0
ECC,D,20200902,000000,2.1,2.16,2.02,2.08,41676,0
ECC,D,20200903,000000,2.08,2.155,2.08,2.085,19431,0
ECC,D,20200904,000000,2.06,2.13,2.03,2.1,39219,0
ECC,D,20200907,000000,2.07,2.07,1.9,1.96,93513,0
ECC,D,20200908,000000,1.934,1.934,1.78,1.85,146532,0
ECC,D,20200909,000000,1.85,1.94,1.8,1.92,48150,0
ECC,D,20200910,000000,1.92,1.99,1.9,1.97,19424,0
ECC,D,20200911,000000,1.98,1.99,1.89,1.98,14414,0
ECC,D,20200914,000000,2,2.09,1.99,2.09,19742,0
ECC,D,20200915,000000,2.09,2.09,1.98,2.08,18013,0
ECC,D,20200916,000000,2.08,2.08,2,2.02,12937,0
ECC,D,20200917,000000,2.02,2.05,1.96,2,49530,0
ECC,D,20200918,000000,1.98,2.03,1.94,2.01,15559,0
ECC,D,20200921,000000,2.01,2.01,1.94,1.94,11635,0
ECC,D,20200922,000000,1.98,1.98,1.762,1.92,50455,0
ECC,D,20200923,000000,1.92,1.93,1.852,1.93,30655,0
ECC,D,20200924,000000,1.9,1.9,1.822,1.89,7172,0
ECC,D,20200925,000000,1.824,1.89,1.8,1.86,15543,0
ECC,D,20200928,000000,1.858,1.95,1.84,1.86,12655,0
ECC,D,20200929,000000,1.95,1.95,1.83,1.88,37462,0
ECC,D,20200930,000000,1.95,1.95,1.81,1.9,21059,0
ECC,D,20201001,000000,1.852,2.21,1.852,1.89,225317,0
ECC,D,20201002,000000,1.9,1.93,1.8,1.85,60936,0
ECC,D,20201005,000000,1.824,1.9,1.8,1.83,57001,0
ECC,D,20201006,000000,1.83,1.89,1.79,1.84,95160,0
ECC,D,20201007,000000,1.8,1.848,1.71,1.8,99465,0
ECC,D,20201008,000000,1.8,1.838,1.75,1.81,78778,0
ECC,D,20201009,000000,1.81,1.88,1.8,1.86,117410,0
ECC,D,20201012,000000,1.88,1.99,1.87,1.9,128035,0
ECC,D,20201013,000000,1.93,1.958,1.89,1.928,57777,0
ECC,D,20201014,000000,1.988,2.075,1.922,2.04,100093,0
ECC,D,20201015,000000,2.05,2.05,1.83,1.96,82943,0
ECC,D,20201016,000000,1.912,2,1.9,1.98,17960,0
ECC,D,20201019,000000,2,2.045,1.952,2.005,22538,0
ECC,D,20201020,000000,1.988,2.05,1.92,1.99,29691,0
ECC,D,20201021,000000,1.99,2.04,1.98,2.03,17222,0
ECC,D,20201022,000000,2.005,2.05,1.99,1.99,25241,0
ECC,D,20201023,000000,2,2.045,1.95,2.045,10894,0
ECC,D,20201026,000000,2.04,2.04,1.87,1.94,46318,0
ECC,D,20201027,000000,1.9,1.98,1.9,1.978,32179,0
ECC,D,20201028,000000,1.978,1.978,1.73,1.81,107490,0
ECC,D,20201029,000000,1.8,1.89,1.71,1.84,72222,0
ECC,D,20201030,000000,1.85,1.85,1.71,1.848,58029,0
ECC,D,20201102,000000,1.848,1.9,1.76,1.88,52094,0
ECC,D,20201103,000000,1.88,1.91,1.802,1.91,26155,0
ECC,D,20201104,000000,1.86,1.9,1.81,1.85,13168,0
ECC,D,20201105,000000,1.85,1.9,1.85,1.85,20658,0
ECC,D,20201106,000000,1.9,1.91,1.81,1.89,18323,0
ECC,D,20201109,000000,1.85,1.89,1.8,1.884,95846,0
ECC,D,20201110,000000,1.886,1.886,1.74,1.848,56189,0
ECC,D,20201112,000000,1.812,1.84,1.77,1.828,53300,0
ECC,D,20201113,000000,1.82,1.844,1.786,1.844,26154,0
ECC,D,20201116,000000,1.87,1.88,1.79,1.8,52475,0
ECC,D,20201117,000000,1.8,1.84,1.8,1.8,13477,0
ECC,D,20201118,000000,1.8,1.89,1.8,1.88,23727,0
ECC,D,20201119,000000,1.88,1.94,1.83,1.94,29871,0
ECC,D,20201120,000000,1.94,1.97,1.902,1.92,18015,0
ECC,D,20201123,000000,1.9,1.936,1.87,1.92,49173,0
ECC,D,20201124,000000,1.92,1.97,1.9,1.97,41798,0
ECC,D,20201125,000000,1.97,1.97,1.93,1.97,5240,0
ECC,D,20201126,000000,1.97,1.97,1.904,1.968,34574,0
ECC,D,20201127,000000,1.968,2.29,1.968,2.21,185476,0
ECC,D,20201130,000000,2.24,2.265,2.035,2.24,60202,0
ECC,D,20201201,000000,2.24,2.24,2.165,2.17,44725,0
ECC,D,20201202,000000,2.225,2.23,2.1,2.12,58091,0
ECC,D,20201203,000000,2.12,2.17,2.045,2.11,27235,0
ECC,D,20201204,000000,2.11,2.18,2.05,2.16,32529,0
ECC,D,20201207,000000,2.16,2.22,2.01,2.22,73067,0
ECC,D,20201208,000000,2.21,2.4,2.16,2.35,126017,0
ECC,D,20201209,000000,2.37,2.4,2.28,2.345,120228,0
ECC,D,20201210,000000,2.4,2.4,2.3,2.38,64753,0
ECC,D,20201211,000000,2.385,2.385,2.26,2.345,77275,0
ECC,D,20201214,000000,2.345,2.345,2.15,2.26,77499,0
ECC,D,20201215,000000,2.24,2.25,2.16,2.245,20319,0
ECC,D,20201216,000000,2.21,2.25,2.15,2.15,39234,0
ECC,D,20201217,000000,2.15,2.19,2.1,2.155,28498,0
ECC,D,20201218,000000,2.155,2.18,2.1,2.14,40965,0
ECC,D,20201221,000000,2.1,2.14,2.09,2.11,27061,0
ECC,D,20201222,000000,2.08,2.12,2.06,2.12,29794,0
ECC,D,20201223,000000,2.12,2.12,2,2.06,103129,0
ECC,D,20201228,000000,2.075,2.075,1.99,2.02,197723,0
ECC,D,20201229,000000,2.07,2.15,1.99,2.13,24562,0
ECC,D,20201230,000000,2.1,2.13,2.06,2.095,17214,0
ECC,D,20210104,000000,2.145,2.395,2.145,2.21,43029,0
ECC,D,20210105,000000,2.23,2.25,2.125,2.25,34675,0
ECC,D,20210107,000000,2.24,2.25,2.165,2.23,16877,0
ECC,D,20210108,000000,2.23,2.25,2.21,2.23,35230,0
ECC,D,20210111,000000,2.23,2.23,2.165,2.175,25868,0
ECC,D,20210112,000000,2.165,2.175,2.12,2.15,12211,0
ECC,D,20210113,000000,2.14,2.15,2.06,2.15,37403,0
ECC,D,20210114,000000,2.12,2.195,2.12,2.19,9976,0
ECC,D,20210115,000000,2.175,2.19,2.125,2.19,6733,0
ECC,D,20210118,000000,2.195,2.2,2.15,2.2,7927,0
ECC,D,20210119,000000,2.195,2.195,2.16,2.185,6075,0
ECC,D,20210120,000000,2.16,2.16,2.13,2.15,13326,0
ECC,D,20210121,000000,2.085,2.17,2.085,2.15,14308,0
ECC,D,20210122,000000,2.14,2.14,2.1,2.14,5620,0
ECC,D,20210125,000000,2.16,2.16,2.09,2.13,7751,0
ECC,D,20210126,000000,2.09,2.13,2.04,2.05,50888,0
ECC,D,20210127,000000,2.1,2.1,2.03,2.03,14244,0
ECC,D,20210128,000000,2.03,2.05,1.86,2.05,67507,0
ECC,D,20210129,000000,1.948,2.03,1.948,2.025,12928,0
ECC,D,20210201,000000,1.98,2.05,1.95,2,21726,0
ECC,D,20210202,000000,1.99,2.1,1.99,2.07,21049,0
ECC,D,20210203,000000,2.06,2.115,2.01,2.095,17386,0
ECC,D,20210204,000000,2.09,2.125,2,2,27619,0
ECC,D,20210205,000000,2.045,2.05,1.98,2.05,8193,0
ECC,D,20210208,000000,2.045,2.09,1.954,2.07,9080,0
ECC,D,20210209,000000,2.02,2.085,2.02,2.05,2663,0
ECC,D,20210210,000000,2.02,2.09,2.02,2.08,18777,0
ECC,D,20210211,000000,2.03,2.06,2.005,2.06,5296,0
ECC,D,20210212,000000,2.05,2.055,2,2.055,18720,0
ECC,D,20210215,000000,2.01,2.055,1.97,2.055,29493,0
ECC,D,20210216,000000,2.05,2.05,2.02,2.02,4391,0
ECC,D,20210217,000000,2.04,2.055,2.02,2.045,11113,0
ECC,D,20210218,000000,2.04,2.07,2.03,2.065,11951,0
ECC,D,20210219,000000,2.045,2.045,1.97,2.045,40071,0
ECC,D,20210222,000000,1.99,2.05,1.97,1.98,22442,0
ECC,D,20210223,000000,1.98,1.998,1.91,1.998,30299,0
ECC,D,20210224,000000,1.996,2.03,1.922,2.01,9222,0
ECC,D,20210225,000000,2.005,2.01,1.97,2.01,6355,0
ECC,D,20210226,000000,1.962,1.99,1.932,1.98,7952,0
ECC,D,20210301,000000,1.968,1.968,1.91,1.91,10029,0
ECC,D,20210302,000000,1.92,2,1.91,2,17237,0
ECC,D,20210303,000000,1.93,1.95,1.93,1.94,7857,0
ECC,D,20210304,000000,1.94,2.01,1.92,1.95,10351,0
ECC,D,20210305,000000,1.948,1.95,1.9,1.91,25618,0
ECC,D,20210308,000000,1.9,2,1.88,2,17403,0
ECC,D,20210309,000000,1.98,1.99,1.93,1.99,3945,0
ECC,D,20210310,000000,1.978,1.98,1.91,1.98,3800,0
ECC,D,20210311,000000,1.93,1.96,1.884,1.958,25000,0
ECC,D,20210312,000000,1.956,1.956,1.894,1.94,12440,0
ECC,D,20210315,000000,1.91,1.946,1.9,1.944,12122,0
ECC,D,20210316,000000,1.93,1.99,1.902,1.932,32231,0
ECC,D,20210317,000000,1.924,1.97,1.92,1.92,11695,0
ECC,D,20210318,000000,1.92,1.97,1.912,1.95,13651,0
ECC,D,20210319,000000,1.93,1.98,1.93,1.98,7276,0
ECC,D,20210322,000000,1.988,1.988,1.91,1.912,24793,0
ECC,D,20210323,000000,1.948,1.948,1.9,1.91,27086,0
ECC,D,20210324,000000,1.91,1.95,1.9,1.95,5252,0
ECC,D,20210325,000000,1.95,1.95,1.88,1.936,6701,0
ECC,D,20210326,000000,1.87,1.93,1.85,1.91,45358,0
ECC,D,20210329,000000,1.864,1.93,1.85,1.93,26666,0
ECC,D,20210330,000000,1.93,1.94,1.864,1.94,15262,0
ECC,D,20210331,000000,1.862,1.89,1.85,1.878,27410,0
ECC,D,20210401,000000,1.878,1.93,1.85,1.862,16248,0
ECC,D,20210406,000000,1.854,1.88,1.814,1.826,52240,0
ECC,D,20210407,000000,1.86,1.86,1.82,1.82,18263,0
ECC,D,20210408,000000,1.83,1.848,1.8,1.82,15337,0
ECC,D,20210409,000000,1.82,1.846,1.81,1.81,16773,0
ECC,D,20210412,000000,1.8,1.832,1.794,1.802,18209,0
ECC,D,20210413,000000,1.8,1.84,1.79,1.83,12299,0
ECC,D,20210414,000000,1.796,1.85,1.796,1.802,37815,0
ECC,D,20210415,000000,1.802,1.81,1.79,1.802,12575,0
ECC,D,20210416,000000,1.802,1.846,1.8,1.83,17380,0
ECC,D,20210419,000000,1.83,1.89,1.78,1.89,19191,0
ECC,D,20210420,000000,1.878,1.878,1.75,1.84,18375,0
ECC,D,20210421,000000,1.84,1.84,1.78,1.838,15376,0
ECC,D,20210422,000000,1.838,1.84,1.796,1.84,5401,0
ECC,D,20210423,000000,1.84,1.85,1.796,1.834,11288,0
ECC,D,20210426,000000,1.83,1.83,1.75,1.752,37315,0
ECC,D,20210427,000000,1.798,1.798,1.76,1.766,19739,0
ECC,D,20210428,000000,1.79,1.82,1.76,1.792,11829,0
ECC,D,20210429,000000,1.8,1.848,1.8,1.842,13971,0
ECC,D,20210430,000000,1.842,1.86,1.806,1.84,13790,0
ECC,D,20210504,000000,1.85,1.858,1.8,1.8,13912,0
ECC,D,20210505,000000,1.8,1.846,1.754,1.844,11993,0
ECC,D,20210506,000000,1.772,1.838,1.73,1.836,38568,0
ECC,D,20210507,000000,1.752,1.8,1.73,1.79,28553,0
ECC,D,20210510,000000,1.788,1.788,1.722,1.75,13355,0
ECC,D,20210511,000000,1.74,1.75,1.72,1.722,36282,0
ECC,D,20210512,000000,1.748,1.776,1.71,1.76,62804,0
ECC,D,20210513,000000,1.778,2.075,1.752,1.916,104611,0
ECC,D,20210514,000000,1.978,2.065,1.9,2.035,81771,0
ECC,D,20210517,000000,2.08,2.08,1.95,1.95,21086,0
ECC,D,20210518,000000,2.11,2.24,2,2.135,169144,0
ECC,D,20210519,000000,2.1,2.19,2.07,2.135,49507,0
ECC,D,20210520,000000,2.12,2.15,2.05,2.14,21067,0
ECC,D,20210521,000000,2.11,2.135,2.08,2.08,10277,0
ECC,D,20210524,000000,2.06,2.12,2.06,2.085,20451,0
ECC,D,20210525,000000,2.115,2.115,2.07,2.07,24107,0
ECC,D,20210526,000000,2.07,2.07,1.942,2.04,20085,0
ECC,D,20210527,000000,2.04,2.11,1.97,2.1,19394,0
ECC,D,20210528,000000,2.12,2.12,2.07,2.115,22236,0
ECC,D,20210531,000000,2.17,2.17,2.055,2.055,14985,0
ECC,D,20210601,000000,2.125,2.125,2.035,2.04,11500,0
ECC,D,20210602,000000,2.08,2.08,2,2.07,21040,0
ECC,D,20210604,000000,2.015,2.1,2.015,2.09,12674,0
ECC,D,20210607,000000,2.1,2.29,2.06,2.25,143527,0
ECC,D,20210608,000000,2.255,2.4,2.22,2.26,132948,0
ECC,D,20210609,000000,2.3,2.3,2.03,2.25,45195,0
ECC,D,20210610,000000,2.19,2.225,1.99,2.07,103855,0
ECC,D,20210611,000000,2.015,2.065,1.87,2.065,78955,0
ECC,D,20210614,000000,2.08,2.08,1.89,1.958,53563,0
ECC,D,20210615,000000,1.914,1.96,1.902,1.908,7543,0
ECC,D,20210616,000000,1.906,1.94,1.896,1.896,9622,0
ECC,D,20210617,000000,1.9,1.92,1.89,1.9,7039,0
ECC,D,20210618,000000,1.9,1.924,1.87,1.91,3512,0
ECC,D,20210621,000000,1.924,1.96,1.8,1.868,33689,0
ECC,D,20210622,000000,1.84,1.868,1.8,1.81,50949,0
ECC,D,20210623,000000,1.788,1.864,1.76,1.85,63997,0
ECC,D,20210624,000000,1.85,1.97,1.808,1.92,21560,0
ECC,D,20210625,000000,1.93,1.95,1.84,1.88,28236,0
ECC,D,20210628,000000,1.9,1.9,1.76,1.8,80180,0
ECC,D,20210629,000000,1.838,1.85,1.782,1.8,29211,0
ECC,D,20210630,000000,1.8,1.8,1.758,1.762,24048,0
ECC,D,20210701,000000,1.794,1.828,1.738,1.796,32648,0
ECC,D,20210702,000000,1.744,1.794,1.744,1.762,8869,0
ECC,D,20210705,000000,1.79,1.798,1.75,1.756,11752,0
ECC,D,20210706,000000,1.754,1.78,1.748,1.752,22377,0
ECC,D,20210707,000000,1.75,1.778,1.746,1.752,16286,0
ECC,D,20210708,000000,1.75,1.778,1.738,1.75,15914,0
ECC,D,20210709,000000,1.75,1.78,1.75,1.78,9146,0
ECC,D,20210712,000000,1.78,1.782,1.742,1.742,8370,0
ECC,D,20210713,000000,1.748,1.748,1.712,1.74,24186,0
ECC,D,20210714,000000,1.712,1.766,1.7,1.766,15686,0
ECC,D,20210715,000000,1.758,1.758,1.708,1.75,6987,0
ECC,D,20210716,000000,1.748,1.748,1.72,1.72,2585,0
ECC,D,20210719,000000,1.72,1.748,1.714,1.714,3082,0
ECC,D,20210720,000000,1.742,1.746,1.714,1.746,4764,0
ECC,D,20210721,000000,1.74,1.74,1.7,1.73,14517,0
ECC,D,20210722,000000,1.734,1.734,1.67,1.73,6545,0
ECC,D,20210723,000000,1.7,1.72,1.688,1.72,2820,0
ECC,D,20210726,000000,1.718,1.738,1.7,1.738,3421,0
ECC,D,20210727,000000,1.738,1.738,1.686,1.71,11617,0
ECC,D,20210728,000000,1.71,1.718,1.678,1.7,12415,0
ECC,D,20210729,000000,1.7,1.738,1.7,1.702,14916,0
ECC,D,20210730,000000,1.7,1.71,1.67,1.71,19343,0
ECC,D,20210802,000000,1.674,1.72,1.672,1.7,27620,0
ECC,D,20210803,000000,1.68,1.72,1.68,1.72,10724,0
ECC,D,20210804,000000,1.692,1.718,1.68,1.686,12768,0
ECC,D,20210805,000000,1.7,1.7,1.684,1.686,7517,0
ECC,D,20210806,000000,1.708,1.71,1.69,1.69,900,0
ECC,D,20210809,000000,1.716,1.718,1.65,1.65,23904,0
ECC,D,20210810,000000,1.69,1.846,1.69,1.8,35893,0
ECC,D,20210811,000000,1.8,1.8,1.71,1.78,8518,0
ECC,D,20210812,000000,1.8,1.94,1.8,1.94,50926,0
ECC,D,20210813,000000,1.94,1.978,1.87,1.978,71156,0
ECC,D,20210816,000000,1.9,1.92,1.77,1.9,22886,0
ECC,D,20210817,000000,1.822,1.822,1.782,1.81,17570,0
ECC,D,20210818,000000,1.8,1.832,1.78,1.78,5277,0
ECC,D,20210819,000000,1.774,1.774,1.69,1.72,19484,0
ECC,D,20210820,000000,1.74,1.748,1.72,1.72,4591,0
ECC,D,20210823,000000,1.714,1.848,1.712,1.84,28685,0
ECC,D,20210824,000000,1.848,1.918,1.848,1.87,10286,0
ECC,D,20210825,000000,1.9,2.05,1.9,2,58390,0
ECC,D,20210826,000000,2,2,1.872,1.95,11970,0
ECC,D,20210827,000000,1.904,2,1.9,1.996,30044,0
ECC,D,20210830,000000,2,2.045,1.94,1.94,18359,0
ECC,D,20210831,000000,1.95,1.988,1.91,1.98,4506,0
ECC,D,20210901,000000,1.9,2.045,1.9,2.015,58017,0
ECC,D,20210902,000000,2.02,2.055,1.942,1.942,16724,0
ECC,D,20210903,000000,1.96,2.01,1.942,2,15228,0
ECC,D,20210906,000000,2,2,1.95,1.962,1826,0
ECC,D,20210907,000000,1.97,1.98,1.88,1.97,15388,0
ECC,D,20210908,000000,1.91,1.98,1.9,1.98,19668,0
ECC,D,20210909,000000,1.99,2.06,1.99,2.02,18199,0
ECC,D,20210910,000000,2.01,2.055,2.01,2.03,4860,0
ECC,D,20210913,000000,2.035,2.035,1.936,1.998,3459,0
ECC,D,20210914,000000,1.948,1.95,1.9,1.944,18403,0
ECC,D,20210915,000000,1.91,1.95,1.9,1.9,12594,0
ECC,D,20210916,000000,1.9,1.922,1.886,1.9,9553,0
ECC,D,20210917,000000,1.88,1.92,1.858,1.858,10826,0
ECC,D,20210920,000000,1.92,1.92,1.8,1.848,17921,0
ECC,D,20210921,000000,1.804,2,1.804,1.88,18450,0
ECC,D,20210922,000000,1.84,1.9,1.802,1.85,3471,0
ECC,D,20210923,000000,1.89,1.898,1.826,1.896,11101,0
ECC,D,20210924,000000,1.896,1.9,1.896,1.9,799,0
ECC,D,20210927,000000,1.832,1.9,1.816,1.86,8501,0
ECC,D,20210928,000000,1.898,1.908,1.816,1.816,33971,0
ECC,D,20210929,000000,1.84,1.92,1.78,1.92,39297,0
ECC,D,20210930,000000,1.928,1.928,1.81,1.886,6743,0
ECC,D,20211001,000000,1.814,1.884,1.814,1.878,11381,0
ECC,D,20211004,000000,1.85,1.9,1.85,1.9,12451,0
ECC,D,20211005,000000,1.9,1.9,1.8,1.868,14702,0
ECC,D,20211006,000000,1.82,1.9,1.792,1.85,37473,0
ECC,D,20211007,000000,1.84,1.878,1.84,1.878,4098,0
ECC,D,20211008,000000,1.9,2,1.846,1.864,49879,0
ECC,D,20211011,000000,1.862,1.94,1.862,1.94,353,0
ECC,D,20211012,000000,1.92,1.962,1.92,1.96,5178,0
ECC,D,20211013,000000,1.96,1.98,1.96,1.98,4074,0
ECC,D,20211014,000000,1.914,1.97,1.9,1.91,7804,0
ECC,D,20211015,000000,1.96,1.96,1.916,1.956,1180,0
ECC,D,20211018,000000,1.916,1.94,1.85,1.912,25476,0
ECC,D,20211019,000000,1.85,1.896,1.85,1.896,2618,0
ECC,D,20211020,000000,1.852,1.862,1.84,1.85,6927,0
ECC,D,20211021,000000,1.85,1.856,1.85,1.85,2403,0
ECC,D,20211022,000000,1.85,1.886,1.824,1.85,2057,0
ECC,D,20211025,000000,1.85,1.85,1.81,1.844,6428,0
ECC,D,20211026,000000,1.812,1.84,1.8,1.802,10919,0
ECC,D,20211027,000000,1.86,1.892,1.83,1.89,26667,0
ECC,D,20211028,000000,1.89,1.95,1.89,1.92,36569,0
ECC,D,20211029,000000,1.874,1.938,1.874,1.92,4680,0
ECC,D,20211102,000000,1.918,1.918,1.822,1.824,9045,0
ECC,D,20211103,000000,1.822,1.894,1.822,1.89,6206,0
ECC,D,20211104,000000,1.89,1.9,1.824,1.9,7644,0
ECC,D,20211105,000000,1.9,1.918,1.85,1.9,19776,0
ECC,D,20211108,000000,1.854,1.858,1.8,1.84,39728,0
ECC,D,20211109,000000,1.846,1.866,1.79,1.79,40556,0
ECC,D,20211110,000000,1.79,1.848,1.78,1.848,17049,0
ECC,D,20211112,000000,1.798,1.83,1.798,1.828,2866,0
ECC,D,20211115,000000,1.798,1.85,1.78,1.85,11811,0
ECC,D,20211116,000000,1.79,1.848,1.79,1.848,22,0
ECC,D,20211117,000000,1.842,1.848,1.842,1.848,1030,0
ECC,D,20211118,000000,1.848,1.85,1.792,1.792,5940,0
ECC,D,20211119,000000,1.792,1.816,1.74,1.816,12968,0
ECC,D,20211122,000000,1.79,1.8,1.76,1.8,5219,0
ECC,D,20211123,000000,1.81,1.81,1.75,1.79,1290,0
ECC,D,20211124,000000,1.79,1.794,1.45,1.7,70172,0
ECC,D,20211125,000000,1.65,1.734,1.65,1.71,8014,0
ECC,D,20211126,000000,1.7,1.736,1.65,1.68,20455,0
ECC,D,20211129,000000,1.67,1.74,1.67,1.71,5036,0
ECC,D,20211130,000000,1.73,1.73,1.67,1.7,9023,0
ECC,D,20211201,000000,1.662,1.8,1.584,1.65,19952,0
ECC,D,20211202,000000,1.632,1.68,1.632,1.68,1371,0
ECC,D,20211203,000000,1.7,1.792,1.7,1.77,7409,0
ECC,D,20211206,000000,1.79,1.79,1.75,1.79,3374,0
ECC,D,20211207,000000,1.72,1.778,1.7,1.7,1121,0
ECC,D,20211208,000000,1.7,1.71,1.664,1.7,6363,0
ECC,D,20211209,000000,1.74,1.75,1.662,1.74,26575,0
ECC,D,20211210,000000,1.748,1.748,1.74,1.74,4304,0
ECC,D,20211213,000000,1.74,1.746,1.69,1.742,8333,0
ECC,D,20211214,000000,1.7,1.7,1.6,1.686,12753,0
ECC,D,20211215,000000,1.64,1.69,1.64,1.68,5839,0
ECC,D,20211216,000000,1.68,1.686,1.61,1.65,14201,0
ECC,D,20211217,000000,1.65,1.654,1.608,1.654,9419,0
ECC,D,20211220,000000,1.61,1.7,1.584,1.69,14959,0
ECC,D,20211221,000000,1.69,1.71,1.616,1.688,10989,0
ECC,D,20211222,000000,1.62,1.65,1.55,1.65,81327,0
ECC,D,20211223,000000,1.638,1.638,1.524,1.59,56394,0
ECC,D,20211227,000000,1.59,1.59,1.512,1.516,48837,0
ECC,D,20211228,000000,1.51,1.636,1.5,1.56,92804,0
ECC,D,20211229,000000,1.578,1.62,1.512,1.62,12921,0
ECC,D,20211230,000000,1.542,1.63,1.542,1.63,14070,0
ECC,D,20220103,000000,1.63,1.72,1.6,1.72,21649,0
ECC,D,20220104,000000,1.728,1.774,1.72,1.76,1750,0
ECC,D,20220105,000000,1.668,1.73,1.6,1.69,16591,0
ECC,D,20220107,000000,1.69,1.69,1.63,1.67,3306,0
ECC,D,20220110,000000,1.632,1.64,1.602,1.602,6441,0
ECC,D,20220111,000000,1.602,1.63,1.602,1.602,2153,0
ECC,D,20220112,000000,1.58,1.63,1.574,1.612,6388,0
ECC,D,20220113,000000,1.6,1.6,1.52,1.584,17993,0
ECC,D,20220114,000000,1.58,1.63,1.58,1.63,6505,0
ECC,D,20220117,000000,1.64,1.64,1.6,1.62,6188,0
ECC,D,20220118,000000,1.634,1.634,1.544,1.59,8353,0
ECC,D,20220119,000000,1.58,1.58,1.552,1.56,3000,0
ECC,D,20220120,000000,1.568,1.578,1.552,1.578,1000,0
ECC,D,20220121,000000,1.53,1.55,1.522,1.548,5108,0
ECC,D,20220124,000000,1.548,1.548,1.42,1.422,41970,0
ECC,D,20220125,000000,1.422,1.5,1.382,1.49,30042,0
ECC,D,20220126,000000,1.48,1.5,1.46,1.48,3339,0
ECC,D,20220127,000000,1.498,1.498,1.45,1.45,2884,0
ECC,D,20220128,000000,1.44,1.526,1.44,1.526,27219,0
ECC,D,20220131,000000,1.526,1.53,1.46,1.53,2580,0
ECC,D,20220201,000000,1.526,1.526,1.47,1.47,1984,0
ECC,D,20220202,000000,1.46,1.526,1.46,1.5,5529,0
ECC,D,20220203,000000,1.526,1.526,1.47,1.47,2890,0
ECC,D,20220204,000000,1.47,1.49,1.46,1.488,5982,0
ECC,D,20220207,000000,1.488,1.49,1.4,1.488,54919,0
ECC,D,20220208,000000,1.49,1.49,1.488,1.49,44936,0
ECC,D,20220209,000000,1.49,1.51,1.49,1.51,3767,0
ECC,D,20220210,000000,1.52,1.52,1.49,1.52,1689,0
ECC,D,20220211,000000,1.52,1.52,1.52,1.52,667,0
ECC,D,20220214,000000,1.53,1.53,1.352,1.478,22974,0
ECC,D,20220215,000000,1.43,1.548,1.414,1.53,9063,0
ECC,D,20220216,000000,1.52,1.52,1.47,1.47,2272,0
ECC,D,20220217,000000,1.48,1.48,1.47,1.47,4347,0
ECC,D,20220218,000000,1.51,1.51,1.46,1.51,8349,0
ECC,D,20220221,000000,1.52,1.54,1.456,1.456,5000,0
ECC,D,20220222,000000,1.456,1.53,1.43,1.53,1788,0
ECC,D,20220223,000000,1.496,1.496,1.46,1.46,5179,0
ECC,D,20220224,000000,1.366,1.52,1.112,1.306,73875,0
ECC,D,20220225,000000,1.212,1.33,1.21,1.296,56915,0
ECC,D,20220228,000000,1.34,1.34,1.122,1.33,53324,0
ECC,D,20220301,000000,1.3,1.33,1.222,1.29,5730,0
ECC,D,20220302,000000,1.29,1.29,1.2,1.23,13862,0
ECC,D,20220303,000000,1.23,1.47,1.19,1.298,81391,0
ECC,D,20220304,000000,1.286,1.286,1.122,1.18,48582,0
ECC,D,20220307,000000,1.182,1.2,1.12,1.168,24996,0
ECC,D,20220308,000000,1.188,1.188,1.122,1.17,24515,0
ECC,D,20220309,000000,1.122,1.26,1.122,1.16,26134,0
ECC,D,20220310,000000,1.198,1.198,1.162,1.162,4165,0
ECC,D,20220311,000000,1.2,1.246,1.198,1.21,17780,0
ECC,D,20220314,000000,1.202,1.202,1.2,1.2,850,0
ECC,D,20220315,000000,1.2,1.23,1.2,1.22,3455,0
ECC,D,20220316,000000,1.2,1.22,1.164,1.2,11364,0
ECC,D,20220317,000000,1.19,1.25,1.166,1.166,12615,0
ECC,D,20220318,000000,1.234,1.35,1.21,1.35,21543,0
ECC,D,20220321,000000,1.35,1.35,1.222,1.288,14225,0
ECC,D,20220322,000000,1.226,1.27,1.212,1.216,7467,0
ECC,D,20220323,000000,1.24,1.248,1.2,1.2,3800,0
ECC,D,20220324,000000,1.24,1.24,1.202,1.202,200,0
ECC,D,20220325,000000,1.23,1.23,1.19,1.23,11331,0
ECC,D,20220328,000000,1.23,1.25,1.204,1.236,4520,0
ECC,D,20220329,000000,1.236,1.33,1.236,1.24,2055,0
ECC,D,20220330,000000,1.28,1.33,1.28,1.33,2466,0
ECC,D,20220331,000000,1.34,1.418,1.3,1.394,8416,0
ECC,D,20220401,000000,1.35,1.352,1.284,1.352,2083,0
ECC,D,20220404,000000,1.352,1.352,1.242,1.302,12210,0
ECC,D,20220405,000000,1.298,1.35,1.298,1.35,7907,0
ECC,D,20220406,000000,1.31,1.33,1.25,1.32,30939,0
ECC,D,20220407,000000,1.32,1.32,1.26,1.26,458,0
ECC,D,20220408,000000,1.262,1.296,1.25,1.294,2265,0
ECC,D,20220411,000000,1.296,1.34,1.27,1.27,12792,0
ECC,D,20220412,000000,1.3,1.336,1.27,1.32,11450,0
ECC,D,20220413,000000,1.19,1.315,1.19,1.3,6505,0
ECC,D,20220414,000000,1.3,1.34,1.3,1.315,701,0
ECC,D,20220419,000000,1.31,1.31,1.22,1.25,17274,0
ECC,D,20220420,000000,1.3,1.36,1.29,1.29,3869,0
ECC,D,20220421,000000,1.335,1.335,1.17,1.245,18166,0
ECC,D,20220422,000000,1.25,1.26,1.2,1.26,7252,0
ECC,D,20220425,000000,1.26,1.26,1.165,1.22,6375,0
ECC,D,20220426,000000,1.22,1.24,1.175,1.185,8114,0
ECC,D,20220427,000000,1.2,1.2,1.18,1.18,951,0
ECC,D,20220428,000000,1.2,1.21,1.17,1.17,6615,0
ECC,D,20220429,000000,1.215,1.215,1.17,1.18,3292,0
ECC,D,20220502,000000,1.2,1.2,1.2,1.2,1100,0
ECC,D,20220504,000000,1.2,1.2,1.17,1.17,5050,0
ECC,D,20220505,000000,1.19,1.19,1.185,1.185,1200,0
ECC,D,20220506,000000,1.19,1.19,1.185,1.185,1700,0
ECC,D,20220509,000000,1.185,1.19,1.17,1.19,6809,0
ECC,D,20220510,000000,1.19,1.19,1.15,1.19,2065,0
ECC,D,20220511,000000,1.19,1.19,1.135,1.185,2560,0
ECC,D,20220512,000000,1.15,1.185,1.15,1.185,800,0
ECC,D,20220513,000000,1.17,1.19,1.16,1.17,36207,0
ECC,D,20220516,000000,1.175,1.175,1.175,1.175,100,0
ECC,D,20220517,000000,1.18,1.19,1.18,1.19,39859,0
ECC,D,20220518,000000,1.185,1.19,1.18,1.19,32500,0
ECC,D,20220519,000000,1.19,1.19,1.19,1.19,1860,0
ECC,D,20220520,000000,1.19,1.19,1.14,1.15,27351,0
ECC,D,20220523,000000,1.17,1.175,1.145,1.175,8578,0
ECC,D,20220524,000000,1.175,1.175,1,1.09,24110,0
ECC,D,20220525,000000,1.03,1.105,0.98,1.105,129286,0
ECC,D,20220526,000000,1.12,1.15,0.968,1.06,19648,0
ECC,D,20220527,000000,1.05,1.12,1.02,1.12,15397,0
ECC,D,20220530,000000,1.12,1.175,1.1,1.175,2906,0
ECC,D,20220531,000000,1.15,1.19,1.12,1.12,36816,0
ECC,D,20220601,000000,1.175,1.25,1.175,1.24,22854,0
ECC,D,20220602,000000,1.25,1.35,1.24,1.35,16593,0
ECC,D,20220603,000000,1.325,1.48,1.325,1.475,28021,0
ECC,D,20220606,000000,1.465,1.47,1.39,1.39,16682,0
ECC,D,20220607,000000,1.395,1.455,1.36,1.455,12690,0
ECC,D,20220608,000000,1.445,1.495,1.39,1.475,3780,0
ECC,D,20220609,000000,1.43,1.495,1.395,1.48,25342,0
ECC,D,20220610,000000,1.5,1.52,1.4,1.495,13002,0
ECC,D,20220613,000000,1.46,1.46,1.415,1.415,5783,0
ECC,D,20220614,000000,1.425,1.425,1.295,1.34,24780,0
ECC,D,20220615,000000,1.345,1.37,1.295,1.32,3132,0
ECC,D,20220617,000000,1.39,1.4,1.3,1.4,6574,0
ECC,D,20220620,000000,1.325,1.415,1.31,1.415,716,0
ECC,D,20220621,000000,1.415,1.45,1.4,1.45,3251,0
ECC,D,20220622,000000,1.45,1.47,1.37,1.37,11665,0
ECC,D,20220623,000000,1.4,1.4,1.36,1.36,1358,0
ECC,D,20220624,000000,1.365,1.365,1.27,1.3,6169,0
ECC,D,20220627,000000,1.25,1.445,1.25,1.435,9445,0
ECC,D,20220628,000000,1.435,1.435,1.435,1.435,500,0
ECC,D,20220629,000000,1.43,1.435,1.43,1.435,200,0
ECC,D,20220630,000000,1.4,1.4,1.39,1.39,378,0
ECC,D,20220701,000000,1.39,1.39,1.35,1.39,311,0
ECC,D,20220704,000000,1.31,1.355,1.205,1.355,6097,0
ECC,D,20220705,000000,1.27,1.52,1.26,1.48,41690,0
ECC,D,20220706,000000,1.47,1.5,1.35,1.35,17177,0
ECC,D,20220707,000000,1.39,1.39,1.29,1.38,4479,0
ECC,D,20220708,000000,1.39,1.445,1.3,1.425,12900,0
ECC,D,20220711,000000,1.43,1.44,1.43,1.44,420,0
ECC,D,20220712,000000,1.4,1.42,1.4,1.42,1679,0
ECC,D,20220713,000000,1.44,1.44,1.36,1.42,7560,0
ECC,D,20220714,000000,1.4,1.4,1.35,1.395,4779,0
ECC,D,20220715,000000,1.395,1.4,1.35,1.4,250,0
ECC,D,20220718,000000,1.35,1.38,1.29,1.37,5330,0
ECC,D,20220719,000000,1.3,1.39,1.29,1.3,8662,0
ECC,D,20220720,000000,1.35,1.35,1.16,1.28,24009,0
ECC,D,20220721,000000,1.205,1.255,1.2,1.245,5048,0
ECC,D,20220722,000000,1.245,1.245,1.18,1.245,3864,0
ECC,D,20220725,000000,1.19,1.25,1.19,1.25,3681,0
ECC,D,20220726,000000,1.195,1.24,1.19,1.24,7014,0
ECC,D,20220727,000000,1.165,1.29,1.15,1.29,6488,0
ECC,D,20220728,000000,1.2,1.25,1.155,1.245,5560,0
ECC,D,20220729,000000,1.2,1.235,1.18,1.235,5878,0
ECC,D,20220801,000000,1.255,1.29,1.205,1.29,3988,0
ECC,D,20220802,000000,1.28,1.28,1.19,1.265,1088,0
ECC,D,20220803,000000,1.25,1.3,1.25,1.3,8895,0
ECC,D,20220804,000000,1.3,1.4,1.3,1.395,11566,0
ECC,D,20220805,000000,1.3,1.3,1.275,1.275,37360,0
ECC,D,20220808,000000,1.27,1.31,1.25,1.31,3633,0
ECC,D,20220809,000000,1.25,1.32,1.21,1.32,4600,0
ECC,D,20220810,000000,1.205,1.31,1.205,1.31,55,0
ECC,D,20220811,000000,1.23,1.27,1.21,1.27,5830,0
ECC,D,20220812,000000,1.28,1.28,1.28,1.28,200,0
ECC,D,20220816,000000,1.285,1.33,1.285,1.33,9493,0
ECC,D,20220817,000000,1.33,1.4,1.29,1.32,18081,0
ECC,D,20220818,000000,1.305,1.32,1.29,1.32,3573,0
ECC,D,20220819,000000,1.32,1.32,1.2,1.2,18351,0
ECC,D,20220822,000000,1.205,1.295,1.175,1.295,2503,0
ECC,D,20220823,000000,1.31,1.31,1.235,1.295,1850,0
ECC,D,20220824,000000,1.28,1.28,1.195,1.24,4656,0
ECC,D,20220825,000000,1.19,1.26,1.19,1.235,1952,0
ECC,D,20220826,000000,1.205,1.24,1.205,1.205,2139,0
ECC,D,20220829,000000,1.205,1.24,1.19,1.19,4192,0
ECC,D,20220830,000000,1.22,1.3,1.2,1.29,23280,0
ECC,D,20220831,000000,1.285,1.285,1.28,1.285,1010,0
ECC,D,20220901,000000,1.285,1.29,1.225,1.29,1110,0
ECC,D,20220902,000000,1.285,1.285,1.09,1.25,14282,0
ECC,D,20220905,000000,1.25,1.25,1.08,1.12,102053,0
ECC,D,20220906,000000,1.16,1.19,1.09,1.11,13870,0
ECC,D,20220907,000000,1.11,1.125,1.085,1.12,10494,0
ECC,D,20220908,000000,1.12,1.15,1.115,1.15,5331,0
ECC,D,20220909,000000,1.145,1.18,1.14,1.14,6272,0
ECC,D,20220912,000000,1.18,1.19,1.18,1.19,1500,0
ECC,D,20220913,000000,1.15,1.18,1.145,1.145,1330,0
ECC,D,20220914,000000,1.18,1.18,1.125,1.125,1614,0
ECC,D,20220915,000000,1.17,1.17,1.02,1.085,27280,0
ECC,D,20220916,000000,1.085,1.085,1,1.02,17209,0
ECC,D,20220919,000000,1.02,1.06,0.99,1.05,46316,0
ECC,D,20220920,000000,0.99,1.05,0.99,1.05,31085,0
ECC,D,20220921,000000,1.05,1.05,0.962,0.98,9712,0
ECC,D,20220922,000000,0.964,0.99,0.95,0.99,12288,0
ECC,D,20220923,000000,0.958,1.05,0.95,1.05,11455,0
ECC,D,20220926,000000,1.045,1.045,0.9,0.99,24629,0
ECC,D,20220927,000000,0.98,0.99,0.9,0.93,43885,0
ECC,D,20220928,000000,0.98,0.98,0.9,0.97,29149,0
ECC,D,20220929,000000,0.96,0.96,0.96,0.96,700,0
ECC,D,20220930,000000,0.912,0.988,0.9,0.94,23038,0
ECC,D,20221003,000000,0.92,0.944,0.92,0.944,2000,0
ECC,D,20221004,000000,0.908,0.948,0.9,0.948,9513,0
ECC,D,20221005,000000,0.912,0.92,0.9,0.9,5204,0
ECC,D,20221006,000000,0.9,0.95,0.89,0.95,13637,0
ECC,D,20221007,000000,0.9,0.926,0.86,0.922,2800,0
ECC,D,20221010,000000,0.856,0.9,0.85,0.888,33243,0
ECC,D,20221011,000000,0.852,0.9,0.83,0.9,21008,0
ECC,D,20221012,000000,0.88,0.88,0.84,0.876,2520,0
ECC,D,20221013,000000,0.876,0.876,0.83,0.868,34774,0
ECC,D,20221014,000000,0.834,0.85,0.83,0.85,13265,0
ECC,D,20221017,000000,0.83,0.85,0.812,0.816,13800,0
ECC,D,20221018,000000,0.818,0.836,0.806,0.836,28879,0
ECC,D,20221019,000000,0.83,0.83,0.762,0.822,35429,0
ECC,D,20221020,000000,0.798,0.82,0.76,0.798,12521,0
ECC,D,20221021,000000,0.798,0.798,0.742,0.75,19628,0
ECC,D,20221024,000000,0.75,0.826,0.75,0.824,6980,0
ECC,D,20221025,000000,0.818,0.85,0.7,0.81,82260,0
ECC,D,20221026,000000,0.762,0.764,0.762,0.762,2815,0
ECC,D,20221027,000000,0.81,0.81,0.81,0.81,600,0
ECC,D,20221028,000000,0.818,0.818,0.744,0.77,4370,0
ECC,D,20221031,000000,0.74,0.8,0.74,0.75,15539,0
ECC,D,20221102,000000,0.744,0.744,0.698,0.728,18687,0
ECC,D,20221103,000000,0.728,0.748,0.698,0.748,5280,0
ECC,D,20221104,000000,0.74,0.82,0.74,0.772,21386,0
ECC,D,20221107,000000,0.798,0.798,0.7,0.7,25269,0
ECC,D,20221108,000000,0.758,0.758,0.692,0.7,37699,0
ECC,D,20221109,000000,0.726,0.726,0.726,0.726,3411,0
ECC,D,20221110,000000,0.722,0.776,0.69,0.776,15870,0
ECC,D,20221114,000000,0.74,0.78,0.73,0.78,3974,0
ECC,D,20221115,000000,0.75,0.75,0.694,0.738,15160,0
ECC,D,20221116,000000,0.7,0.738,0.696,0.738,1450,0
ECC,D,20221117,000000,0.72,0.736,0.7,0.7,14981,0
ECC,D,20221118,000000,0.71,0.71,0.69,0.706,14332,0
ECC,D,20221121,000000,0.69,0.69,0.686,0.686,2897,0
ECC,D,20221122,000000,0.694,0.7,0.65,0.698,28671,0
ECC,D,20221123,000000,0.7,0.714,0.698,0.714,8420,0
ECC,D,20221124,000000,0.712,0.75,0.7,0.72,26474,0
ECC,D,20221125,000000,0.74,0.75,0.74,0.75,826,0
ECC,D,20221128,000000,0.746,0.77,0.746,0.77,3751,0
ECC,D,20221129,000000,0.71,0.73,0.708,0.73,12839,0
ECC,D,20221130,000000,0.736,0.74,0.708,0.72,16727,0
ECC,D,20221201,000000,0.744,0.744,0.744,0.744,1000,0
ECC,D,20221202,000000,0.744,0.746,0.744,0.746,320,0
ECC,D,20221205,000000,0.746,0.79,0.74,0.788,28428,0
ECC,D,20221206,000000,0.788,0.808,0.788,0.808,14898,0
ECC,D,20221207,000000,0.8,0.91,0.8,0.91,89140,0
ECC,D,20221208,000000,0.88,0.9,0.834,0.85,4071,0
ECC,D,20221209,000000,0.886,0.888,0.832,0.88,30278,0
ECC,D,20221212,000000,0.88,0.88,0.822,0.824,6681,0
ECC,D,20221213,000000,0.85,0.888,0.842,0.87,12946,0
ECC,D,20221214,000000,0.866,0.866,0.84,0.866,240,0
ECC,D,20221215,000000,0.84,0.854,0.8,0.82,35487,0
ECC,D,20221216,000000,0.82,0.836,0.796,0.796,3760,0
ECC,D,20221219,000000,0.798,0.83,0.79,0.798,4057,0
ECC,D,20221220,000000,0.8,0.812,0.8,0.812,21,0
ECC,D,20221221,000000,0.812,0.812,0.786,0.808,257,0
ECC,D,20221222,000000,0.78,0.808,0.75,0.808,23592,0
ECC,D,20221223,000000,0.75,0.808,0.75,0.76,11611,0
ECC,D,20221227,000000,0.762,0.762,0.758,0.758,17127,0
ECC,D,20221228,000000,0.756,0.76,0.7,0.748,31692,0
ECC,D,20221229,000000,0.748,0.776,0.73,0.75,3876,0
ECC,D,20221230,000000,0.726,0.79,0.72,0.79,18049,0
ECC,D,20230102,000000,0.79,0.796,0.79,0.796,700,0
ECC,D,20230103,000000,0.75,0.8,0.75,0.8,6300,0
ECC,D,20230104,000000,0.806,0.96,0.806,0.826,33086,0
ECC,D,20230105,000000,0.824,0.832,0.81,0.81,6094,0
ECC,D,20230109,000000,0.81,0.814,0.732,0.734,15556,0
ECC,D,20230110,000000,0.76,0.81,0.76,0.806,6280,0
ECC,D,20230111,000000,0.75,0.78,0.732,0.78,24337,0
ECC,D,20230112,000000,0.78,0.784,0.734,0.78,1650,0
ECC,D,20230113,000000,0.78,0.78,0.78,0.78,400,0
ECC,D,20230116,000000,0.776,0.82,0.776,0.8,15503,0
ECC,D,20230117,000000,0.818,0.818,0.79,0.804,3725,0
ECC,D,20230118,000000,0.79,0.804,0.776,0.804,14925,0
ECC,D,20230119,000000,0.806,0.806,0.776,0.792,3802,0
ECC,D,20230123,000000,0.792,0.792,0.788,0.788,1033,0
ECC,D,20230124,000000,0.798,0.798,0.73,0.76,20380,0
ECC,D,20230125,000000,0.736,0.758,0.722,0.73,26147,0
ECC,D,20230126,000000,0.76,0.78,0.678,0.702,90669,0
ECC,D,20230127,000000,0.69,0.69,0.67,0.69,23571,0
ECC,D,20230130,000000,0.674,0.694,0.672,0.69,16537,0
ECC,D,20230131,000000,0.694,0.694,0.672,0.692,11426,0
ECC,D,20230201,000000,0.686,0.686,0.654,0.67,18290,0
ECC,D,20230202,000000,0.674,0.674,0.642,0.664,55643,0
ECC,D,20230203,000000,0.67,0.73,0.67,0.73,23925,0
ECC,D,20230206,000000,0.73,0.75,0.67,0.674,21582,0
ECC,D,20230207,000000,0.678,0.71,0.678,0.708,4051,0
ECC,D,20230208,000000,0.77,0.844,0.706,0.748,135922,0
ECC,D,20230209,000000,0.748,0.824,0.748,0.82,32373,0
ECC,D,20230210,000000,0.81,0.81,0.752,0.77,14646,0
ECC,D,20230213,000000,0.77,0.818,0.75,0.8,22324,0
ECC,D,20230214,000000,0.804,0.804,0.762,0.762,7058,0
ECC,D,20230215,000000,0.756,0.788,0.756,0.788,5006,0
ECC,D,20230216,000000,0.788,0.79,0.788,0.788,5049,0
ECC,D,20230217,000000,0.762,0.762,0.75,0.75,12920,0
ECC,D,20230220,000000,0.748,0.77,0.748,0.77,6121,0
ECC,D,20230221,000000,0.77,0.774,0.768,0.77,9499,0
ECC,D,20230222,000000,0.77,0.774,0.7,0.7,35544,0
ECC,D,20230223,000000,0.718,0.77,0.704,0.77,15993,0
ECC,D,20230224,000000,0.768,0.768,0.72,0.762,5023,0
ECC,D,20230227,000000,0.718,0.75,0.716,0.75,4476,0
ECC,D,20230228,000000,0.75,0.75,0.722,0.75,4647,0
ECC,D,20230301,000000,0.75,0.75,0.67,0.678,74624,0
ECC,D,20230302,000000,0.68,0.704,0.68,0.68,25750,0
ECC,D,20230303,000000,0.674,0.674,0.636,0.642,182563,0
ECC,D,20230306,000000,0.65,0.65,0.62,0.62,66460,0
ECC,D,20230307,000000,0.61,0.646,0.604,0.644,116004,0
ECC,D,20230308,000000,0.64,0.652,0.62,0.65,20388,0
ECC,D,20230309,000000,0.648,0.65,0.648,0.65,3871,0
ECC,D,20230310,000000,0.65,0.652,0.64,0.652,9300,0
ECC,D,20230313,000000,0.628,0.646,0.61,0.632,21034,0
ECC,D,20230314,000000,0.61,0.63,0.61,0.628,1997,0
ECC,D,20230315,000000,0.632,0.64,0.632,0.64,6526,0
ECC,D,20230316,000000,0.64,0.64,0.62,0.62,5533,0
ECC,D,20230317,000000,0.64,0.64,0.612,0.64,69962,0
ECC,D,20230320,000000,0.636,0.636,0.6,0.62,17654,0
ECC,D,20230321,000000,0.612,0.7,0.612,0.65,74774,0
ECC,D,20230322,000000,0.622,0.7,0.622,0.646,52503,0
ECC,D,20230323,000000,0.69,0.706,0.66,0.7,15938,0
ECC,D,20230324,000000,0.7,0.7,0.67,0.67,14915,0
ECC,D,20230327,000000,0.67,0.692,0.66,0.69,6000,0
ECC,D,20230328,000000,0.69,0.698,0.69,0.698,3500,0
ECC,D,20230329,000000,0.698,0.71,0.672,0.674,16213,0
ECC,D,20230330,000000,0.698,0.704,0.682,0.69,42147,0
ECC,D,20230331,000000,0.698,0.758,0.694,0.74,32719,0
ECC,D,20230403,000000,0.738,0.738,0.664,0.688,25799,0
ECC,D,20230404,000000,0.688,0.7,0.67,0.67,2308,0
ECC,D,20230405,000000,0.67,0.676,0.64,0.676,26859,0
ECC,D,20230406,000000,0.67,0.67,0.67,0.67,2500,0
ECC,D,20230411,000000,0.622,0.67,0.622,0.67,20864,0
ECC,D,20230412,000000,0.66,0.66,0.66,0.66,4531,0
ECC,D,20230413,000000,0.658,0.658,0.64,0.65,26600,0
ECC,D,20230414,000000,0.658,0.668,0.62,0.636,45549,0
ECC,D,20230417,000000,0.636,0.638,0.622,0.622,2300,0
ECC,D,20230418,000000,0.668,0.674,0.64,0.66,115734,0
ECC,D,20230419,000000,0.652,0.662,0.634,0.634,2104,0
ECC,D,20230420,000000,0.658,0.68,0.634,0.634,77158,0
ECC,D,20230421,000000,0.67,0.67,0.63,0.634,19456,0
ECC,D,20230424,000000,0.634,0.67,0.634,0.64,33519,0
ECC,D,20230425,000000,0.654,0.682,0.634,0.67,17646,0
ECC,D,20230426,000000,0.67,0.67,0.65,0.65,2116,0
ECC,D,20230427,000000,0.668,0.668,0.642,0.666,20098,0
ECC,D,20230428,000000,0.67,0.674,0.642,0.666,38171,0
ECC,D,20230502,000000,0.682,0.7,0.644,0.646,30830,0
ECC,D,20230504,000000,0.654,0.654,0.628,0.638,25639,0
ECC,D,20230505,000000,0.63,0.64,0.62,0.64,17904,0
ECC,D,20230508,000000,0.64,0.698,0.62,0.698,14958,0
ECC,D,20230509,000000,0.698,0.73,0.666,0.73,20692,0
ECC,D,20230510,000000,0.75,0.75,0.656,0.69,26590,0
ECC,D,20230511,000000,0.69,0.738,0.67,0.68,19761,0
ECC,D,20230512,000000,0.67,0.682,0.65,0.676,6423,0
ECC,D,20230515,000000,0.68,0.714,0.68,0.708,34863,0
ECC,D,20230516,000000,0.684,0.714,0.66,0.68,84616,0
ECC,D,20230517,000000,0.7,0.736,0.666,0.736,30961,0
ECC,D,20230518,000000,0.684,0.786,0.684,0.786,141310,0
ECC,D,20230519,000000,0.752,0.76,0.716,0.752,26957,0
ECC,D,20230522,000000,0.75,0.766,0.74,0.74,23662,0
ECC,D,20230523,000000,0.71,0.744,0.71,0.726,29266,0
ECC,D,20230524,000000,0.738,0.746,0.722,0.744,16037,0
ECC,D,20230525,000000,0.744,0.744,0.67,0.69,20619,0
ECC,D,20230526,000000,0.724,0.724,0.7,0.7,5300,0
ECC,D,20230529,000000,0.71,0.71,0.666,0.666,6668,0
ECC,D,20230530,000000,0.718,0.718,0.668,0.7,21132,0
ECC,D,20230531,000000,0.68,0.7,0.67,0.67,18601,0
ECC,D,20230601,000000,0.692,0.692,0.666,0.666,16000,0
ECC,D,20230602,000000,0.69,0.69,0.67,0.672,1992,0
ECC,D,20230605,000000,0.672,0.698,0.668,0.67,9329,0
ECC,D,20230606,000000,0.688,0.688,0.688,0.688,35,0
ECC,D,20230609,000000,0.672,0.706,0.67,0.706,43735,0
ECC,D,20230612,000000,0.706,0.742,0.706,0.742,15256,0
ECC,D,20230613,000000,0.746,0.746,0.708,0.708,22389,0
ECC,D,20230614,000000,0.7,0.72,0.69,0.718,15163,0
ECC,D,20230615,000000,0.716,0.72,0.698,0.72,4557,0
ECC,D,20230616,000000,0.718,0.746,0.718,0.742,26391,0
ECC,D,20230619,000000,0.742,0.742,0.716,0.742,2585,0
ECC,D,20230620,000000,0.742,0.742,0.716,0.716,450,0
ECC,D,20230621,000000,0.736,0.736,0.718,0.718,5355,0
ECC,D,20230622,000000,0.73,0.73,0.718,0.72,5749,0
ECC,D,20230626,000000,0.72,0.72,0.71,0.71,5208,0
ECC,D,20230627,000000,0.698,0.698,0.676,0.678,9968,0
ECC,D,20230629,000000,0.706,0.846,0.706,0.818,248099,0
ECC,D,20230630,000000,0.82,0.85,0.732,0.81,61958,0
ECC,D,20230703,000000,0.8,0.8,0.732,0.78,24355,0
ECC,D,20230704,000000,0.76,0.78,0.738,0.778,17029,0
ECC,D,20230705,000000,0.778,0.782,0.736,0.782,3900,0
ECC,D,20230706,000000,0.752,0.752,0.742,0.742,2960,0
ECC,D,20230707,000000,0.75,0.78,0.748,0.78,5870,0
ECC,D,20230710,000000,0.776,0.78,0.776,0.78,1954,0
ECC,D,20230711,000000,0.78,0.814,0.78,0.814,12685,0
ECC,D,20230712,000000,0.814,0.82,0.762,0.79,15965,0
ECC,D,20230713,000000,0.764,0.79,0.764,0.79,11555,0
ECC,D,20230714,000000,0.766,0.796,0.756,0.794,7963,0
ECC,D,20230717,000000,0.794,0.82,0.766,0.82,1781,0
ECC,D,20230718,000000,0.8,0.82,0.8,0.82,8016,0
ECC,D,20230719,000000,0.8,0.848,0.8,0.844,17034,0
ECC,D,20230720,000000,0.822,0.822,0.81,0.81,3711,0
ECC,D,20230721,000000,0.81,0.81,0.79,0.794,8900,0
ECC,D,20230724,000000,0.8,0.846,0.8,0.838,12156,0
ECC,D,20230725,000000,0.838,0.838,0.792,0.834,5706,0
ECC,D,20230726,000000,0.838,0.838,0.802,0.836,1517,0
ECC,D,20230727,000000,0.836,0.836,0.82,0.836,5725,0
ECC,D,20230728,000000,0.836,0.836,0.8,0.83,5971,0
ECC,D,20230731,000000,0.83,0.88,0.83,0.88,66377,0
ECC,D,20230801,000000,0.878,0.88,0.85,0.878,24602,0
ECC,D,20230802,000000,0.878,0.898,0.852,0.886,72066,0
ECC,D,20230803,000000,0.884,0.888,0.86,0.86,12045,0
ECC,D,20230804,000000,0.898,0.94,0.87,0.9,126386,0
ECC,D,20230807,000000,0.938,1.06,0.938,1.06,168732,0
ECC,D,20230808,000000,1.04,1.2,1.005,1.16,62695,0
ECC,D,20230809,000000,1.16,1.18,1.08,1.135,11761,0
ECC,D,20230810,000000,1.1,1.1,0.952,0.982,32198,0
ECC,D,20230811,000000,0.982,1.1,0.982,1.01,44229,0
ECC,D,20230814,000000,1.01,1.04,0.972,1.04,27647,0
ECC,D,20230816,000000,0.95,0.95,0.852,0.892,66661,0
ECC,D,20230817,000000,0.93,0.93,0.926,0.926,1010,0
ECC,D,20230818,000000,0.922,0.922,0.832,0.85,9642,0
ECC,D,20230821,000000,0.85,0.898,0.808,0.858,36076,0
ECC,D,20230822,000000,0.858,0.858,0.812,0.854,2198,0
ECC,D,20230823,000000,0.856,0.864,0.84,0.84,1355,0
ECC,D,20230824,000000,0.824,0.866,0.824,0.866,3773,0
ECC,D,20230825,000000,0.87,0.888,0.87,0.888,1380,0
ECC,D,20230828,000000,0.918,0.918,0.85,0.908,19653,0
ECC,D,20230829,000000,0.9,0.938,0.9,0.92,8313,0
ECC,D,20230830,000000,0.88,0.92,0.86,0.91,3397,0
ECC,D,20230831,000000,0.86,0.91,0.854,0.888,14363,0
ECC,D,20230901,000000,0.888,0.9,0.888,0.9,11217,0
ECC,D,20230904,000000,0.91,0.94,0.91,0.93,4854,0
ECC,D,20230905,000000,0.93,0.93,0.926,0.93,2040,0
ECC,D,20230906,000000,0.93,0.93,0.86,0.9,11506,0
ECC,D,20230907,000000,0.906,0.906,0.868,0.904,725,0
ECC,D,20230908,000000,0.9,0.904,0.856,0.896,5025,0
ECC,D,20230911,000000,0.89,0.898,0.89,0.898,26,0
ECC,D,20230912,000000,0.898,0.92,0.85,0.898,61789,0
ECC,D,20230913,000000,0.866,0.94,0.86,0.94,13102,0
ECC,D,20230914,000000,0.94,0.94,0.888,0.938,11821,0
ECC,D,20230915,000000,0.9,0.9,0.89,0.89,2900,0
ECC,D,20230918,000000,0.88,0.898,0.88,0.898,1447,0
ECC,D,20230919,000000,0.898,0.926,0.898,0.926,976,0
ECC,D,20230920,000000,0.924,0.924,0.922,0.924,3060,0
ECC,D,20230921,000000,0.924,0.924,0.892,0.9,869,0
ECC,D,20230922,000000,0.9,0.926,0.9,0.926,5341,0
ECC,D,20230925,000000,0.87,0.928,0.87,0.926,3002,0
ECC,D,20230926,000000,0.926,0.926,0.926,0.926,50,0
ECC,D,20230927,000000,0.9,0.9,0.87,0.898,9328,0
ECC,D,20230928,000000,0.898,0.898,0.85,0.85,7653,0
ECC,D,20230929,000000,0.85,0.85,0.844,0.85,47552,0
ECC,D,20231002,000000,0.844,0.872,0.816,0.872,10022,0
ECC,D,20231003,000000,0.86,0.86,0.824,0.83,8334,0
ECC,D,20231004,000000,0.83,0.858,0.828,0.828,1377,0
ECC,D,20231005,000000,0.828,0.86,0.776,0.86,27471,0
ECC,D,20231006,000000,0.86,0.86,0.8,0.8,5563,0
ECC,D,20231009,000000,0.8,0.84,0.8,0.84,6771,0
ECC,D,20231010,000000,0.8,0.84,0.79,0.79,6021,0
ECC,D,20231011,000000,0.78,0.78,0.77,0.77,2481,0
ECC,D,20231012,000000,0.798,0.83,0.77,0.83,10211,0
ECC,D,20231013,000000,0.782,0.83,0.77,0.83,10767,0
ECC,D,20231016,000000,0.828,0.83,0.828,0.83,8530,0
ECC,D,20231017,000000,0.83,0.84,0.78,0.84,17215,0
ECC,D,20231018,000000,0.8,0.84,0.784,0.8,17638,0
ECC,D,20231019,000000,0.8,0.81,0.782,0.81,16397,0
ECC,D,20231020,000000,0.782,0.798,0.726,0.798,27168,0
ECC,D,20231023,000000,0.798,0.818,0.77,0.818,4101,0
ECC,D,20231024,000000,0.828,0.828,0.74,0.82,9470,0
ECC,D,20231025,000000,0.752,0.82,0.752,0.82,6325,0
ECC,D,20231026,000000,0.796,0.816,0.762,0.79,20584,0
ECC,D,20231027,000000,0.79,0.81,0.79,0.81,10328,0
ECC,D,20231030,000000,0.82,0.822,0.8,0.8,2684,0
ECC,D,20231031,000000,0.81,0.828,0.79,0.826,21713,0
ECC,D,20231102,000000,0.826,0.84,0.8,0.828,23466,0
ECC,D,20231103,000000,0.828,0.828,0.828,0.828,6596,0
ECC,D,20231106,000000,0.838,0.838,0.806,0.836,9946,0
ECC,D,20231107,000000,0.802,0.83,0.78,0.8,5113,0
ECC,D,20231108,000000,0.83,0.83,0.83,0.83,80,0
ECC,D,20231109,000000,0.8,0.8,0.784,0.8,7600,0
ECC,D,20231110,000000,0.784,0.828,0.784,0.828,18794,0
ECC,D,20231113,000000,0.83,0.95,0.824,0.898,88705,0
ECC,D,20231114,000000,0.898,0.9,0.852,0.852,6145,0
ECC,D,20231115,000000,0.844,0.844,0.7,0.776,65720,0
ECC,D,20231116,000000,0.78,0.78,0.632,0.7,74634,0
ECC,D,20231117,000000,0.672,0.704,0.66,0.704,3922,0
ECC,D,20231120,000000,0.69,0.69,0.672,0.68,11255,0
ECC,D,20231121,000000,0.7,0.7,0.652,0.69,13937,0
ECC,D,20231122,000000,0.674,0.69,0.66,0.686,23534,0
ECC,D,20231123,000000,0.686,0.686,0.66,0.66,3802,0
ECC,D,20231124,000000,0.67,0.7,0.67,0.7,17069,0
ECC,D,20231127,000000,0.7,0.7,0.64,0.69,25039,0
ECC,D,20231128,000000,0.69,0.694,0.64,0.676,10899,0
ECC,D,20231129,000000,0.64,0.648,0.6,0.646,121691,0
ECC,D,20231130,000000,0.612,0.676,0.612,0.676,13002,0
ECC,D,20231201,000000,0.632,0.68,0.632,0.65,8508,0
ECC,D,20231204,000000,0.678,0.678,0.644,0.654,1610,0
ECC,D,20231205,000000,0.654,0.676,0.654,0.66,11156,0
ECC,D,20231206,000000,0.676,0.676,0.648,0.67,10502,0
ECC,D,20231207,000000,0.668,0.67,0.644,0.67,2274,0
ECC,D,20231208,000000,0.67,0.67,0.65,0.65,17478,0
ECC,D,20231211,000000,0.65,0.668,0.65,0.66,1345,0
ECC,D,20231212,000000,0.668,0.67,0.652,0.66,6091,0
ECC,D,20231213,000000,0.666,0.666,0.66,0.66,8005,0
ECC,D,20231214,000000,0.66,0.66,0.622,0.64,12364,0
ECC,D,20231215,000000,0.63,0.748,0.61,0.696,87505,0
ECC,D,20231218,000000,0.66,0.68,0.65,0.65,8970,0
ECC,D,20231219,000000,0.65,0.65,0.618,0.648,36044,0
ECC,D,20231220,000000,0.624,0.646,0.6,0.622,112751,0
ECC,D,20231221,000000,0.616,0.62,0.604,0.61,32348,0
ECC,D,20231222,000000,0.61,0.63,0.574,0.63,21719,0
ECC,D,20231227,000000,0.594,0.618,0.54,0.596,152323,0
ECC,D,20231228,000000,0.596,0.6,0.576,0.58,10565,0
ECC,D,20231229,000000,0.604,0.606,0.58,0.606,3018,0
ECC,D,20240102,000000,0.58,0.61,0.58,0.6,4856,0
ECC,D,20240103,000000,0.614,0.614,0.59,0.59,133,0
ECC,D,20240104,000000,0.616,0.616,0.592,0.592,3430,0
ECC,D,20240105,000000,0.592,0.616,0.592,0.612,1478,0
ECC,D,20240108,000000,0.616,0.62,0.592,0.618,490,0
ECC,D,20240109,000000,0.6,0.61,0.596,0.596,2800,0
ECC,D,20240110,000000,0.606,0.61,0.596,0.61,2489,0
ECC,D,20240111,000000,0.62,0.63,0.618,0.624,2210,0
ECC,D,20240112,000000,0.618,0.638,0.596,0.638,7700,0
ECC,D,20240115,000000,0.638,0.638,0.602,0.602,5812,0
ECC,D,20240116,000000,0.602,0.628,0.582,0.628,1539,0
ECC,D,20240117,000000,0.584,0.626,0.584,0.624,21075,0
ECC,D,20240118,000000,0.594,0.594,0.594,0.594,6800,0
ECC,D,20240119,000000,0.594,0.6,0.58,0.594,11213,0
ECC,D,20240122,000000,0.594,0.594,0.58,0.58,3251,0
ECC,D,20240123,000000,0.59,0.598,0.59,0.598,2900,0
ECC,D,20240124,000000,0.6,0.6,0.582,0.582,80,0
ECC,D,20240125,000000,0.59,0.59,0.58,0.58,6280,0
ECC,D,20240126,000000,0.59,0.598,0.58,0.58,3385,0
ECC,D,20240129,000000,0.59,0.6,0.58,0.58,11270,0
ECC,D,20240130,000000,0.58,0.584,0.572,0.584,4498,0
ECC,D,20240131,000000,0.564,0.584,0.564,0.584,400,0
ECC,D,20240201,000000,0.58,0.58,0.55,0.552,22908,0
ECC,D,20240202,000000,0.564,0.564,0.522,0.548,5368,0
ECC,D,20240205,000000,0.522,0.548,0.506,0.508,25307,0
ECC,D,20240206,000000,0.542,0.542,0.5,0.5,24851,0
ECC,D,20240207,000000,0.5,0.5,0.48,0.5,18529,0
ECC,D,20240208,000000,0.499,0.5,0.499,0.5,29427,0
ECC,D,20240209,000000,0.5,0.51,0.484,0.51,37969,0
ECC,D,20240212,000000,0.51,0.51,0.485,0.485,38820,0
ECC,D,20240213,000000,0.48,0.5,0.47,0.5,44028,0
ECC,D,20240214,000000,0.5,0.5,0.5,0.5,2780,0
ECC,D,20240215,000000,0.476,0.5,0.475,0.5,11659,0
ECC,D,20240216,000000,0.5,0.5,0.476,0.5,6972,0
ECC,D,20240219,000000,0.495,0.514,0.478,0.512,3116,0
ECC,D,20240220,000000,0.512,0.52,0.512,0.52,1000,0
ECC,D,20240221,000000,0.512,0.514,0.508,0.508,16427,0
ECC,D,20240222,000000,0.51,0.514,0.49,0.504,11784,0
ECC,D,20240223,000000,0.49,0.514,0.49,0.49,4726,0
ECC,D,20240226,000000,0.51,0.51,0.492,0.492,6984,0
ECC,D,20240227,000000,0.495,0.495,0.495,0.495,700,0
ECC,D,20240228,000000,0.492,0.51,0.492,0.508,4832,0
ECC,D,20240229,000000,0.508,0.514,0.494,0.494,5785,0
ECC,D,20240301,000000,0.48,0.504,0.48,0.5,5906,0
ECC,D,20240304,000000,0.489,0.5,0.468,0.49,86030,0
ECC,D,20240305,000000,0.489,0.502,0.489,0.489,20700,0
ECC,D,20240306,000000,0.499,0.5,0.496,0.499,5035,0
ECC,D,20240307,000000,0.48,0.499,0.48,0.494,23133,0
ECC,D,20240308,000000,0.48,0.493,0.48,0.493,3395,0
ECC,D,20240311,000000,0.493,0.493,0.47,0.49,11013,0
ECC,D,20240312,000000,0.476,0.476,0.425,0.435,114925,0
ECC,D,20240313,000000,0.44,0.44,0.404,0.415,28800,0
ECC,D,20240314,000000,0.416,0.416,0.416,0.416,172,0
ECC,D,20240315,000000,0.434,0.45,0.434,0.45,26557,0
ECC,D,20240318,000000,0.45,0.45,0.431,0.44,18741,0
ECC,D,20240319,000000,0.449,0.45,0.449,0.45,2400,0
ECC,D,20240320,000000,0.449,0.45,0.449,0.45,8690,0
ECC,D,20240321,000000,0.45,0.45,0.421,0.421,17090,0
ECC,D,20240322,000000,0.449,0.45,0.44,0.441,54110,0
ECC,D,20240325,000000,0.44,0.45,0.44,0.45,11620,0
ECC,D,20240326,000000,0.432,0.448,0.432,0.448,534,0
ECC,D,20240327,000000,0.432,0.448,0.421,0.448,36600,0
ECC,D,20240328,000000,0.448,0.45,0.441,0.45,8875,0
ECC,D,20240402,000000,0.45,0.45,0.45,0.45,4570,0
ECC,D,20240403,000000,0.45,0.45,0.448,0.448,16724,0
ECC,D,20240404,000000,0.45,0.45,0.442,0.45,3176,0
ECC,D,20240405,000000,0.45,0.45,0.442,0.45,3221,0
ECC,D,20240408,000000,0.45,0.45,0.443,0.443,2025,0
ECC,D,20240409,000000,0.45,0.45,0.44,0.44,14453,0
ECC,D,20240410,000000,0.45,0.45,0.442,0.45,15500,0
ECC,D,20240411,000000,0.449,0.45,0.449,0.45,1947,0
ECC,D,20240412,000000,0.449,0.45,0.449,0.45,221345,0
ECC,D,20240415,000000,0.45,0.452,0.45,0.45,8856,0
ECC,D,20240416,000000,0.45,0.45,0.425,0.45,53848,0
ECC,D,20240417,000000,0.441,0.45,0.422,0.45,22547,0
ECC,D,20240418,000000,0.448,0.45,0.448,0.45,43531,0
ECC,D,20240419,000000,0.449,0.45,0.449,0.45,10000,0
ECC,D,20240422,000000,0.45,0.45,0.434,0.434,80,0
ECC,D,20240423,000000,0.435,0.449,0.435,0.449,285,0
ECC,D,20240424,000000,0.449,0.449,0.43,0.43,4312,0
ECC,D,20240425,000000,0.426,0.44,0.408,0.44,15857,0
ECC,D,20240426,000000,0.444,0.445,0.444,0.444,2516,0
ECC,D,20240429,000000,0.418,0.442,0.41,0.428,17619,0
ECC,D,20240430,000000,0.428,0.428,0.427,0.427,1488,0
ECC,D,20240502,000000,0.427,0.445,0.42,0.445,4429,0
ECC,D,20240506,000000,0.444,0.444,0.422,0.443,46452,0
ECC,D,20240507,000000,0.443,0.443,0.403,0.411,36341,0
ECC,D,20240508,000000,0.411,0.411,0.4,0.4,70708,0
ECC,D,20240509,000000,0.4,0.4,0.392,0.4,48066,0
ECC,D,20240510,000000,0.391,0.4,0.391,0.4,15318,0
ECC,D,20240513,000000,0.4,0.4,0.389,0.4,21307,0
ECC,D,20240514,000000,0.4,0.435,0.399,0.435,16318,0
ECC,D,20240515,000000,0.44,0.445,0.435,0.445,14741,0
ECC,D,20240516,000000,0.445,0.445,0.43,0.43,32822,0
ECC,D,20240517,000000,0.43,0.441,0.43,0.441,1450,0
ECC,D,20240520,000000,0.441,0.441,0.431,0.431,19907,0
ECC,D,20240521,000000,0.431,0.441,0.422,0.441,2774,0
ECC,D,20240522,000000,0.441,0.441,0.41,0.41,18210,0
ECC,D,20240523,000000,0.435,0.441,0.435,0.441,8408,0
ECC,D,20240524,000000,0.43,0.43,0.414,0.429,2537,0
ECC,D,20240527,000000,0.418,0.418,0.41,0.41,2331,0
ECC,D,20240528,000000,0.424,0.426,0.424,0.426,1400,0
ECC,D,20240529,000000,0.426,0.426,0.407,0.407,824,0
ECC,D,20240603,000000,0.425,0.426,0.406,0.426,40309,0
ECC,D,20240604,000000,0.426,0.426,0.405,0.425,4825,0
ECC,D,20240605,000000,0.411,0.42,0.405,0.409,53985,0
ECC,D,20240606,000000,0.409,0.409,0.401,0.401,17623,0
ECC,D,20240607,000000,0.404,0.406,0.4,0.406,13296,0
ECC,D,20240610,000000,0.406,0.406,0.391,0.402,18750,0
ECC,D,20240611,000000,0.395,0.4,0.395,0.4,5984,0
ECC,D,20240612,000000,0.4,0.4,0.393,0.393,11320,0
ECC,D,20240613,000000,0.4,0.444,0.39,0.434,68273,0
ECC,D,20240614,000000,0.434,0.434,0.42,0.42,300,0
ECC,D,20240617,000000,0.44,0.444,0.422,0.423,3569,0
ECC,D,20240618,000000,0.422,0.46,0.395,0.43,44718,0
ECC,D,20240619,000000,0.452,0.506,0.452,0.506,100929,0
ECC,D,20240620,000000,0.504,0.508,0.475,0.475,8644,0
ECC,D,20240621,000000,0.495,0.57,0.495,0.518,34097,0
ECC,D,20240624,000000,0.518,0.564,0.518,0.55,25859,0
ECC,D,20240625,000000,0.55,0.59,0.55,0.58,49858,0
ECC,D,20240626,000000,0.57,0.592,0.57,0.57,8852,0
ECC,D,20240627,000000,0.578,0.578,0.56,0.57,16308,0
ECC,D,20240628,000000,0.548,0.572,0.548,0.572,964,0
ECC,D,20240701,000000,0.55,0.55,0.548,0.55,9721,0
ECC,D,20240702,000000,0.55,0.55,0.546,0.546,1079,0
ECC,D,20240703,000000,0.546,0.576,0.51,0.576,4605,0
ECC,D,20240704,000000,0.576,0.576,0.56,0.56,1035,0
ECC,D,20240705,000000,0.568,0.568,0.52,0.552,1647,0
ECC,D,20240708,000000,0.542,0.564,0.542,0.564,6756,0
ECC,D,20240709,000000,0.564,0.564,0.54,0.54,12136,0
ECC,D,20240710,000000,0.54,0.56,0.54,0.56,1650,0
ECC,D,20240711,000000,0.542,0.542,0.54,0.54,3200,0
ECC,D,20240712,000000,0.54,0.552,0.54,0.552,409,0
ECC,D,20240715,000000,0.552,0.602,0.51,0.51,26981,0
ECC,D,20240716,000000,0.51,0.556,0.51,0.532,5505,0
ECC,D,20240717,000000,0.548,0.57,0.514,0.57,6726,0
ECC,D,20240718,000000,0.55,0.55,0.55,0.55,100,0
ECC,D,20240719,000000,0.57,0.57,0.55,0.57,271,0
ECC,D,20240722,000000,0.542,0.64,0.542,0.64,13038,0
ECC,D,20240723,000000,0.638,0.65,0.6,0.64,20494,0
ECC,D,20240724,000000,0.592,0.646,0.59,0.642,5949,0
ECC,D,20240725,000000,0.634,0.634,0.634,0.634,100,0
ECC,D,20240726,000000,0.6,0.6,0.6,0.6,81,0
ECC,D,20240729,000000,0.6,0.602,0.6,0.602,394,0
ECC,D,20240730,000000,0.62,0.62,0.6,0.6,340,0
ECC,D,20240731,000000,0.61,0.61,0.6,0.61,277,0
ECC,D,20240801,000000,0.61,0.614,0.61,0.614,1930,0
ECC,D,20240802,000000,0.61,0.63,0.61,0.62,3720,0
ECC,D,20240805,000000,0.63,0.63,0.6,0.6,8966,0
ECC,D,20240806,000000,0.61,0.61,0.592,0.61,3800,0
ECC,D,20240807,000000,0.59,0.59,0.59,0.59,736,0
ECC,D,20240808,000000,0.598,0.61,0.598,0.61,323,0
ECC,D,20240809,000000,0.596,0.61,0.59,0.61,511,0
ECC,D,20240812,000000,0.592,0.592,0.58,0.58,4000,0
ECC,D,20240813,000000,0.55,0.598,0.55,0.598,19414,0
ECC,D,20240814,000000,0.55,0.61,0.55,0.61,1500,0
ECC,D,20240816,000000,0.61,0.61,0.61,0.61,40,0
ECC,D,20240819,000000,0.61,0.61,0.55,0.55,3979,0
ECC,D,20240820,000000,0.612,0.62,0.612,0.62,750,0
ECC,D,20240821,000000,0.602,0.602,0.534,0.582,7769,0
ECC,D,20240822,000000,0.55,0.57,0.54,0.54,13320,0
ECC,D,20240823,000000,0.54,0.54,0.54,0.54,1811,0
ECC,D,20240826,000000,0.516,0.55,0.514,0.516,1561,0
ECC,D,20240827,000000,0.548,0.568,0.548,0.568,4516,0
ECC,D,20240828,000000,0.568,0.596,0.568,0.596,23232,0
ECC,D,20240829,000000,0.596,0.596,0.57,0.57,38,0
ECC,D,20240830,000000,0.56,0.592,0.56,0.592,10906,0
ECC,D,20240902,000000,0.572,0.584,0.552,0.564,4969,0
ECC,D,20240903,000000,0.582,0.582,0.58,0.58,115,0
ECC,D,20240904,000000,0.58,0.58,0.57,0.57,7196,0
ECC,D,20240905,000000,0.566,0.566,0.564,0.564,2000,0
ECC,D,20240906,000000,0.568,0.568,0.568,0.568,14686,0
ECC,D,20240909,000000,0.512,0.548,0.512,0.548,6595,0
ECC,D,20240911,000000,0.54,0.55,0.512,0.55,7527,0
ECC,D,20240913,000000,0.532,0.532,0.53,0.53,3859,0
ECC,D,20240916,000000,0.53,0.53,0.53,0.53,20,0
ECC,D,20240917,000000,0.55,0.582,0.55,0.576,2124,0
ECC,D,20240918,000000,0.59,0.594,0.532,0.532,10426,0
ECC,D,20240919,000000,0.532,0.59,0.532,0.538,6265,0
ECC,D,20240920,000000,0.54,0.586,0.54,0.54,7562,0
ECC,D,20240923,000000,0.54,0.594,0.512,0.512,21089,0
ECC,D,20240924,000000,0.514,0.54,0.514,0.54,3794,0
ECC,D,20240925,000000,0.522,0.54,0.51,0.532,10097,0
ECC,D,20240926,000000,0.532,0.546,0.52,0.536,9350,0
ECC,D,20240927,000000,0.546,0.59,0.546,0.58,1708,0
ECC,D,20240930,000000,0.58,0.58,0.562,0.562,120,0
ECC,D,20241001,000000,0.59,0.59,0.542,0.542,651,0
ECC,D,20241003,000000,0.588,0.588,0.54,0.55,4830,0
ECC,D,20241004,000000,0.584,0.584,0.584,0.584,50,0
ECC,D,20241008,000000,0.56,0.56,0.54,0.54,3202,0
ECC,D,20241009,000000,0.54,0.54,0.54,0.54,560,0
ECC,D,20241014,000000,0.57,0.57,0.57,0.57,515,0
ECC,D,20241015,000000,0.572,0.572,0.572,0.572,120,0
ECC,D,20241016,000000,0.574,0.574,0.52,0.52,20258,0
ECC,D,20241017,000000,0.52,0.53,0.51,0.53,17475,0
ECC,D,20241018,000000,0.53,0.55,0.53,0.55,4177,0
ECC,D,20241021,000000,0.55,0.55,0.53,0.53,2360,0
ECC,D,20241023,000000,0.532,0.59,0.532,0.588,3579,0
ECC,D,20241025,000000,0.552,0.59,0.552,0.59,1209,0
ECC,D,20241028,000000,0.568,0.588,0.568,0.588,170,0
ECC,D,20241029,000000,0.588,0.588,0.471,0.534,31689,0
ECC,D,20241031,000000,0.532,0.532,0.532,0.532,14,0
ECC,D,20241104,000000,0.53,0.538,0.432,0.48,29601,0
ECC,D,20241105,000000,0.476,0.479,0.46,0.479,16789,0
ECC,D,20241106,000000,0.478,0.478,0.478,0.478,27,0
ECC,D,20241107,000000,0.478,0.481,0.383,0.385,82359,0
ECC,D,20241108,000000,0.39,0.422,0.39,0.422,23757,0
ECC,D,20241112,000000,0.41,0.427,0.394,0.427,18447,0
ECC,D,20241113,000000,0.427,0.429,0.39,0.429,22748,0
ECC,D,20241114,000000,0.392,0.42,0.39,0.417,4357,0
ECC,D,20241118,000000,0.415,0.415,0.4,0.4,3450,0
ECC,D,20241119,000000,0.392,0.4,0.34,0.388,28403,0
ECC,D,20241120,000000,0.388,0.395,0.34,0.34,73696,0
ECC,D,20241121,000000,0.35,0.414,0.35,0.414,67842,0
ECC,D,20241122,000000,0.414,0.425,0.371,0.425,19525,0
ECC,D,20241125,000000,0.425,0.425,0.425,0.425,100,0
ECC,D,20241126,000000,0.424,0.424,0.38,0.38,374,0
ECC,D,20241127,000000,0.419,0.42,0.388,0.388,1360,0
ECC,D,20241128,000000,0.4,0.4,0.4,0.4,1238,0
ECC,D,20241129,000000,0.401,0.418,0.401,0.418,114,0
ECC,D,20241202,000000,0.417,0.417,0.417,0.417,25,0
ECC,D,20241203,000000,0.417,0.418,0.393,0.393,630,0
ECC,D,20241204,000000,0.393,0.4,0.393,0.4,6426,0
ECC,D,20241205,000000,0.398,0.4,0.392,0.4,52983,0
ECC,D,20241206,000000,0.41,0.424,0.396,0.423,12264,0
ECC,D,20241209,000000,0.423,0.45,0.4,0.45,7766,0
ECC,D,20241210,000000,0.449,0.455,0.412,0.45,11445,0
ECC,D,20241211,000000,0.456,0.47,0.422,0.47,3308,0
ECC,D,20241212,000000,0.425,0.47,0.425,0.469,1655,0
ECC,D,20241213,000000,0.45,0.468,0.425,0.425,11930,0
ECC,D,20241216,000000,0.44,0.44,0.39,0.39,14361,0
ECC,D,20241217,000000,0.38,0.4,0.362,0.389,54182,0
ECC,D,20241218,000000,0.389,0.389,0.368,0.38,17992,0
ECC,D,20241219,000000,0.366,0.376,0.366,0.376,31229,0
ECC,D,20241220,000000,0.38,0.38,0.35,0.38,42362,0
ECC,D,20241223,000000,0.38,0.382,0.365,0.38,8630,0
ECC,D,20241227,000000,0.36,0.382,0.359,0.382,6909,0
ECC,D,20241230,000000,0.382,0.386,0.361,0.386,6090,0
ECC,D,20250102,000000,0.385,0.43,0.362,0.43,75153,0
ECC,D,20250103,000000,0.428,0.51,0.428,0.5,20560,0
ECC,D,20250107,000000,0.5,0.534,0.48,0.528,21388,0
ECC,D,20250108,000000,0.528,0.528,0.45,0.49,10283,0
ECC,D,20250109,000000,0.49,0.496,0.49,0.496,281,0
ECC,D,20250110,000000,0.496,0.506,0.496,0.506,1130,0
ECC,D,20250113,000000,0.46,0.506,0.397,0.439,35416,0
ECC,D,20250114,000000,0.439,0.439,0.439,0.439,8245,0
ECC,D,20250115,000000,0.44,0.456,0.44,0.456,7491,0
ECC,D,20250116,000000,0.456,0.48,0.406,0.459,7545,0
ECC,D,20250117,000000,0.459,0.47,0.42,0.47,5968,0
ECC,D,20250120,000000,0.47,0.47,0.46,0.46,3234,0
ECC,D,20250121,000000,0.46,0.469,0.421,0.469,10330,0
ECC,D,20250122,000000,0.469,0.469,0.46,0.469,850,0
ECC,D,20250123,000000,0.47,0.47,0.42,0.465,8368,0
ECC,D,20250124,000000,0.444,0.455,0.42,0.455,14001,0
ECC,D,20250127,000000,0.454,0.454,0.444,0.444,158,0
ECC,D,20250128,000000,0.449,0.452,0.449,0.452,1093,0
ECC,D,20250129,000000,0.448,0.452,0.42,0.421,9956,0
ECC,D,20250130,000000,0.42,0.44,0.402,0.402,18782,0
ECC,D,20250131,000000,0.432,0.432,0.402,0.432,1137,0
ECC,D,20250203,000000,0.403,0.433,0.403,0.432,3360,0
ECC,D,20250204,000000,0.428,0.43,0.428,0.43,5073,0
ECC,D,20250205,000000,0.43,0.43,0.407,0.407,1074,0
ECC,D,20250206,000000,0.407,0.407,0.406,0.406,2041,0
ECC,D,20250207,000000,0.406,0.424,0.403,0.404,9124,0
ECC,D,20250210,000000,0.413,0.46,0.41,0.415,42840,0
ECC,D,20250211,000000,0.456,0.47,0.417,0.468,18751,0
ECC,D,20250212,000000,0.469,0.469,0.441,0.441,5295,0
ECC,D,20250213,000000,0.467,0.528,0.45,0.528,50884,0
ECC,D,20250214,000000,0.471,0.518,0.456,0.518,20069,0
ECC,D,20250217,000000,0.524,0.524,0.49,0.5,1550,0
ECC,D,20250218,000000,0.508,0.51,0.47,0.5,10205,0
ECC,D,20250219,000000,0.51,0.53,0.5,0.5,2557,0
ECC,D,20250220,000000,0.53,0.534,0.426,0.46,52698,0
ECC,D,20250221,000000,0.434,0.449,0.434,0.441,14600,0
ECC,D,20250224,000000,0.449,0.463,0.42,0.463,43312,0
ECC,D,20250225,000000,0.44,0.44,0.44,0.44,3500,0
ECC,D,20250226,000000,0.44,0.44,0.438,0.438,650,0
ECC,D,20250227,000000,0.439,0.44,0.432,0.433,19446,0
ECC,D,20250228,000000,0.44,0.445,0.44,0.445,800,0
ECC,D,20250303,000000,0.433,0.433,0.416,0.416,5000,0
ECC,D,20250304,000000,0.438,0.438,0.43,0.43,431,0
ECC,D,20250305,000000,0.436,0.436,0.403,0.43,7832,0
ECC,D,20250306,000000,0.43,0.435,0.43,0.435,10172,0
ECC,D,20250310,000000,0.435,0.436,0.43,0.43,2623,0
ECC,D,20250311,000000,0.436,0.483,0.436,0.483,7830,0
ECC,D,20250312,000000,0.497,0.497,0.43,0.49,1338,0
ECC,D,20250313,000000,0.492,0.492,0.492,0.492,500,0
ECC,D,20250314,000000,0.48,0.48,0.437,0.474,4772,0
ECC,D,20250317,000000,0.47,0.47,0.469,0.469,1030,0
ECC,D,20250318,000000,0.4,0.435,0.398,0.435,94164,0
ECC,D,20250319,000000,0.435,0.435,0.4,0.427,28175,0
ECC,D,20250320,000000,0.427,0.436,0.425,0.425,5202,0
ECC,D,20250321,000000,0.425,0.46,0.425,0.46,5413,0
ECC,D,20250324,000000,0.469,0.489,0.469,0.489,4614,0
ECC,D,20250325,000000,0.453,0.477,0.44,0.477,3009,0
ECC,D,20250326,000000,0.477,0.485,0.436,0.48,5065,0
ECC,D,20250327,000000,0.479,0.479,0.447,0.46,123,0
ECC,D,20250328,000000,0.478,0.485,0.478,0.482,3132,0
ECC,D,20250331,000000,0.482,0.483,0.451,0.483,7717,0
ECC,D,20250401,000000,0.453,0.453,0.453,0.453,130,0
ECC,D,20250402,000000,0.474,0.474,0.474,0.474,100,0
ECC,D,20250403,000000,0.464,0.465,0.464,0.465,50,0
ECC,D,20250404,000000,0.457,0.457,0.445,0.445,825,0
ECC,D,20250407,000000,0.446,0.463,0.441,0.442,3069,0
ECC,D,20250408,000000,0.452,0.48,0.45,0.46,17596,0
ECC,D,20250409,000000,0.46,0.479,0.46,0.46,5070,0
ECC,D,20250410,000000,0.45,0.457,0.421,0.457,18748,0
ECC,D,20250411,000000,0.428,0.428,0.422,0.422,1574,0
ECC,D,20250414,000000,0.424,0.424,0.422,0.422,1345,0
ECC,D,20250415,000000,0.424,0.424,0.423,0.424,170,0
ECC,D,20250416,000000,0.435,0.437,0.425,0.425,1169,0
ECC,D,20250417,000000,0.436,0.46,0.436,0.441,6476,0
ECC,D,20250422,000000,0.459,0.485,0.459,0.485,4248,0
ECC,D,20250423,000000,0.485,0.485,0.485,0.485,100,0
ECC,D,20250424,000000,0.46,0.477,0.423,0.477,6663,0
ECC,D,20250425,000000,0.477,0.478,0.477,0.478,573,0
ECC,D,20250428,000000,0.478,0.499,0.478,0.499,2722,0
ECC,D,20250429,000000,0.504,0.504,0.5,0.5,400,0
ECC,D,20250430,000000,0.489,0.49,0.489,0.489,1095,0
ECC,D,20250502,000000,0.502,0.502,0.502,0.502,102,0
ECC,D,20250505,000000,0.478,0.498,0.472,0.472,780,0
ECC,D,20250506,000000,0.48,0.48,0.47,0.471,10035,0
ECC,D,20250507,000000,0.49,0.498,0.432,0.479,23775,0
ECC,D,20250508,000000,0.47,0.528,0.454,0.5,59392,0
ECC,D,20250509,000000,0.514,0.516,0.471,0.516,1261,0
ECC,D,20250512,000000,0.508,0.51,0.48,0.48,3247,0
ECC,D,20250513,000000,0.5,0.508,0.48,0.481,7400,0
ECC,D,20250514,000000,0.487,0.496,0.455,0.46,10423,0
ECC,D,20250515,000000,0.457,0.46,0.454,0.454,4174,0
ECC,D,20250516,000000,0.49,0.49,0.49,0.49,300,0
ECC,D,20250519,000000,0.49,0.508,0.49,0.508,19999,0
ECC,D,20250520,000000,0.49,0.49,0.456,0.489,10552,0
ECC,D,20250523,000000,0.461,0.496,0.46,0.496,5620,0
ECC,D,20250526,000000,0.46,0.487,0.441,0.487,3547,0
ECC,D,20250527,000000,0.487,0.487,0.487,0.487,30,0
ECC,D,20250528,000000,0.487,0.487,0.437,0.437,6362,0
ECC,D,20250529,000000,0.478,0.479,0.478,0.479,198,0
ECC,D,20250530,000000,0.442,0.468,0.438,0.468,552,0
ECC,D,20250602,000000,0.468,0.469,0.451,0.469,2301,0
ECC,D,20250603,000000,0.467,0.467,0.45,0.467,272,0
ECC,D,20250604,000000,0.467,0.506,0.467,0.506,20029,0
ECC,D,20250605,000000,0.5,0.5,0.5,0.5,200,0
ECC,D,20250609,000000,0.476,0.506,0.465,0.5,3343,0
ECC,D,20250610,000000,0.47,0.498,0.465,0.498,501,0
ECC,D,20250611,000000,0.498,0.498,0.498,0.498,1000,0
ECC,D,20250612,000000,0.466,0.483,0.45,0.483,11001,0
ECC,D,20250613,000000,0.479,0.479,0.479,0.479,30,0
ECC,D,20250616,000000,0.475,0.475,0.475,0.475,308,0
ECC,D,20250618,000000,0.452,0.452,0.432,0.447,9346,0
ECC,D,20250620,000000,0.447,0.447,0.422,0.422,4510,0
ECC,D,20250623,000000,0.423,0.436,0.422,0.435,16216,0
ECC,D,20250624,000000,0.412,0.425,0.412,0.425,1700,0
ECC,D,20250625,000000,0.431,0.431,0.386,0.415,38542,0
ECC,D,20250626,000000,0.4,0.424,0.391,0.403,24923,0
ECC,D,20250627,000000,0.4,0.415,0.4,0.415,330,0
ECC,D,20250630,000000,0.414,0.414,0.38,0.38,15871,0
ECC,D,20250701,000000,0.406,0.406,0.38,0.392,16827,0
ECC,D,20250702,000000,0.404,0.404,0.362,0.392,33101,0
ECC,D,20250703,000000,0.37,0.391,0.37,0.388,2002,0
ECC,D,20250704,000000,0.368,0.386,0.367,0.383,5115,0
ECC,D,20250707,000000,0.381,0.381,0.381,0.381,27,0
ECC,D,20250708,000000,0.379,0.379,0.379,0.379,250,0
ECC,D,20250709,000000,0.379,0.379,0.379,0.379,30,0
ECC,D,20250710,000000,0.375,0.409,0.375,0.409,13276,0
ECC,D,20250711,000000,0.381,0.408,0.381,0.408,1030,0
ECC,D,20250714,000000,0.406,0.406,0.406,0.406,30,0
ECC,D,20250715,000000,0.4,0.4,0.38,0.397,10050,0
ECC,D,20250716,000000,0.381,0.381,0.381,0.381,50,0
ECC,D,20250717,000000,0.392,0.392,0.392,0.392,3,0
ECC,D,20250718,000000,0.392,0.397,0.392,0.397,3430,0
ECC,D,20250721,000000,0.397,0.397,0.397,0.397,76,0
ECC,D,20250722,000000,0.39,0.39,0.38,0.38,2000,0
ECC,D,20250723,000000,0.38,0.38,0.379,0.38,324,0
ECC,D,20250724,000000,0.373,0.385,0.357,0.37,6337,0
ECC,D,20250725,000000,0.37,0.387,0.37,0.387,2452,0
ECC,D,20250728,000000,0.387,0.408,0.387,0.408,1603,0
ECC,D,20250729,000000,0.408,0.469,0.408,0.42,108916,0
ECC,D,20250730,000000,0.42,0.45,0.41,0.411,7646,0
ECC,D,20250731,000000,0.411,0.445,0.411,0.411,9692,0
ECC,D,20250801,000000,0.411,0.44,0.411,0.44,1206,0
ECC,D,20250804,000000,0.44,0.44,0.43,0.43,114,0
ECC,D,20250805,000000,0.439,0.44,0.439,0.439,5113,0
ECC,D,20250806,000000,0.438,0.438,0.438,0.438,30,0
ECC,D,20250807,000000,0.43,0.43,0.42,0.43,701,0
ECC,D,20250808,000000,0.43,0.438,0.42,0.438,1298,0
ECC,D,20250811,000000,0.438,0.438,0.422,0.437,2410,0
ECC,D,20250812,000000,0.422,0.422,0.422,0.422,6,0
ECC,D,20250813,000000,0.436,0.436,0.436,0.436,400,0
ECC,D,20250814,000000,0.436,0.439,0.423,0.423,6203,0
ECC,D,20250818,000000,0.438,0.498,0.438,0.488,30656,0
ECC,D,20250819,000000,0.49,0.49,0.488,0.488,5908,0
ECC,D,20250820,000000,0.497,0.497,0.488,0.49,3423,0
ECC,D,20250821,000000,0.502,0.504,0.482,0.49,13622,0
ECC,D,20250822,000000,0.5,0.504,0.492,0.5,30519,0
ECC,D,20250825,000000,0.502,0.54,0.472,0.506,25146,0
ECC,D,20250826,000000,0.508,0.508,0.506,0.506,520,0
ECC,D,20250827,000000,0.478,0.51,0.478,0.508,3530,0
ECC,D,20250828,000000,0.51,0.536,0.51,0.53,11700,0
ECC,D,20250829,000000,0.497,0.526,0.494,0.526,11530,0
ECC,D,20250901,000000,0.522,0.522,0.498,0.522,1946,0
ECC,D,20250902,000000,0.522,0.522,0.496,0.497,4258,0
ECC,D,20250903,000000,0.496,0.496,0.494,0.494,1400,0
ECC,D,20250904,000000,0.494,0.494,0.494,0.494,80,0
ECC,D,20250905,000000,0.5,0.5,0.477,0.478,4520,0
ECC,D,20250908,000000,0.48,0.48,0.47,0.47,1129,0
ECC,D,20250909,000000,0.487,0.487,0.487,0.487,500,0
ECC,D,20250911,000000,0.47,0.47,0.376,0.442,84864,0
ECC,D,20250912,000000,0.443,0.445,0.39,0.421,45402,0
ECC,D,20250915,000000,0.421,0.425,0.385,0.42,6445,0
ECC,D,20250916,000000,0.386,0.42,0.385,0.385,4879,0
ECC,D,20250917,000000,0.41,0.41,0.4,0.4,11503,0
ECC,D,20250918,000000,0.395,0.4,0.395,0.4,13875,0
ECC,D,20250919,000000,0.4,0.41,0.396,0.396,10852,0
ECC,D,20250922,000000,0.409,0.41,0.39,0.41,5603,0
ECC,D,20250923,000000,0.41,0.41,0.362,0.39,56810,0
ECC,D,20250924,000000,0.374,0.397,0.364,0.397,23719,0
ECC,D,20250925,000000,0.397,0.397,0.375,0.396,2018,0
ECC,D,20250926,000000,0.376,0.385,0.355,0.377,32076,0
ECC,D,20250929,000000,0.363,0.392,0.361,0.361,20745,0
ECC,D,20250930,000000,0.361,0.389,0.36,0.389,6752,0
ECC,D,20251001,000000,0.387,0.388,0.387,0.388,1373,0
ECC,D,20251002,000000,0.388,0.407,0.386,0.407,23973,0
ECC,D,20251003,000000,0.407,0.407,0.407,0.407,51,0
ECC,D,20251006,000000,0.38,0.405,0.356,0.387,38994,0
ECC,D,20251007,000000,0.383,0.383,0.361,0.382,4900,0
ECC,D,20251008,000000,0.386,0.386,0.36,0.38,276863,0
ECC,D,20251009,000000,0.38,0.456,0.332,0.45,166934,0
ECC,D,20251010,000000,0.44,0.5,0.356,0.356,366364,0
ECC,D,20251013,000000,0.356,0.379,0.34,0.369,96423,0
ECC,D,20251014,000000,0.369,0.369,0.32,0.352,245859,0
ECC,D,20251015,000000,0.327,0.355,0.327,0.355,2611,0
ECC,D,20251016,000000,0.355,0.355,0.228,0.238,4644073,0
ECC,D,20251017,000000,0.24,0.265,0.233,0.265,478418,0
ECC,D,20251020,000000,0.265,0.269,0.242,0.259,222707,0
ECC,D,20251021,000000,0.25,0.25,0.238,0.242,149730,0
ECC,D,20251022,000000,0.243,0.25,0.239,0.24,94229,0
ECC,D,20251023,000000,0.244,0.267,0.24,0.262,487127,0
ECC,D,20251024,000000,0.267,0.267,0.24,0.249,281188,0
ECC,D,20251027,000000,0.249,0.249,0.238,0.238,54529,0
ECC,D,20251028,000000,0.238,0.238,0.2,0.224,1471262,0
ECC,D,20251029,000000,0.224,0.236,0.223,0.234,88191,0
ECC,D,20251030,000000,0.22,0.233,0.22,0.22,46182,0
ECC,D,20251031,000000,0.22,0.232,0.218,0.232,29247,0
ECC,D,20251103,000000,0.23,0.23,0.2,0.204,373441,0
ECC,D,20251104,000000,0.201,0.217,0.2,0.201,656678,0
ECC,D,20251105,000000,0.2,0.219,0.1915,0.219,520164,0
ECC,D,20251106,000000,0.219,0.236,0.217,0.217,196891,0
ECC,D,20251107,000000,0.216,0.218,0.204,0.213,136439,0
ECC,D,20251110,000000,0.213,0.234,0.213,0.233,260085,0
ECC,D,20251112,000000,0.227,0.229,0.221,0.229,36700,0
ECC,D,20251113,000000,0.222,0.228,0.214,0.214,60676,0
ECC,D,20251114,000000,0.22,0.235,0.214,0.215,100430,0
ECC,D,20251117,000000,0.225,0.225,0.214,0.223,48214,0
ECC,D,20251118,000000,0.223,0.233,0.214,0.224,142193,0
ECC,D,20251119,000000,0.229,0.229,0.21,0.217,69680,0
ECC,D,20251120,000000,0.216,0.223,0.211,0.223,46815,0
ECC,D,20251121,000000,0.214,0.221,0.214,0.221,16000,0
ECC,D,20251124,000000,0.21,0.223,0.21,0.223,62965,0
ECC,D,20251125,000000,0.22,0.22,0.212,0.22,49944,0
ECC,D,20251126,000000,0.213,0.22,0.201,0.204,397430,0
ECC,D,20251127,000000,0.203,0.226,0.203,0.215,78855,0
ECC,D,20251128,000000,0.207,0.215,0.204,0.211,68040,0
ECC,D,20251201,000000,0.205,0.211,0.203,0.203,31550,0
ECC,D,20251202,000000,0.205,0.209,0.2,0.206,65443,0
ECC,D,20251203,000000,0.206,0.217,0.206,0.206,50380,0
ECC,D,20251204,000000,0.206,0.206,0.2,0.2,37282,0
ECC,D,20251205,000000,0.2,0.205,0.198,0.198,87326,0
ECC,D,20251208,000000,0.1995,0.206,0.198,0.2,45528,0
ECC,D,20251209,000000,0.199,0.202,0.198,0.198,30962,0
ECC,D,20251210,000000,0.1965,0.2,0.1925,0.198,42745,0
ECC,D,20251211,000000,0.1925,0.199,0.1905,0.1905,50628,0
ECC,D,20251212,000000,0.1915,0.197,0.1905,0.197,176749,0
ECC,D,20251215,000000,0.1915,0.1945,0.19,0.191,127445,0
ECC,D,20251216,000000,0.19,0.1945,0.19,0.1945,122343,0
ECC,D,20251217,000000,0.1915,0.1975,0.1905,0.1975,39990,0
ECC,D,20251218,000000,0.1975,0.199,0.194,0.196,41584,0
ECC,D,20251219,000000,0.196,0.2,0.1955,0.2,14323,0
ECC,D,20251222,000000,0.1985,0.226,0.1985,0.226,87906,0
ECC,D,20251223,000000,0.212,0.227,0.211,0.211,183674,0
ECC,D,20251229,000000,0.222,0.228,0.216,0.225,39660,0
ECC,D,20251230,000000,0.225,0.235,0.217,0.23,129038,0
