<TICKER>,<PER>,<DATE>,<TIME>,<OPEN>,<HIGH>,<LOW>,<CLOSE>,<VOL>,<OPENINT>
END,D,20220121,000000,81,85,52,54.99,21256,0
END,D,20220124,000000,59,59.8,45.1,45.1,4835,0
END,D,20220125,000000,46,54,44.2,47.3,2679,0
END,D,20220126,000000,47.3,49.5,45.3,48.3,469,0
END,D,20220127,000000,48,52.75,44.8,52.75,1255,0
END,D,20220128,000000,54.19,61,49.01,51,3597,0
END,D,20220131,000000,51,51.98,49.5,50.1,587,0
END,D,20220201,000000,49.9,51.5,48.5,51.5,315,0
END,D,20220202,000000,51.5,51.95,48,49,748,0
END,D,20220203,000000,49.98,50,46,47.5,723,0
END,D,20220204,000000,45.32,48,45.2,48,145,0
END,D,20220207,000000,48.4,48.4,45.6,47,95,0
END,D,20220208,000000,46.995,46.995,44.5,46.99,279,0
END,D,20220209,000000,45.2,47.87,45.2,47.8,29,0
END,D,20220210,000000,47.8,47.8,45.2,47.78,18,0
END,D,20220211,000000,47,47.7,45.4,47.7,61,0
END,D,20220214,000000,45.4,46.75,45,46.75,116,0
END,D,20220215,000000,46.8,49.9,46.8,47.9,130,0
END,D,20220216,000000,48.85,48.89,46.5,48.75,50,0
END,D,20220217,000000,47.99,47.99,45.1,45.1,262,0
END,D,20220218,000000,45.1,46,45.1,46,92,0
END,D,20220221,000000,45,45,44.5,44.95,69,0
END,D,20220222,000000,45.87,45.87,45.87,45.87,10,0
END,D,20220223,000000,42,45.48,42,45.48,310,0
END,D,20220224,000000,36.4,43,35,42.6,302,0
END,D,20220225,000000,40,43.6,40,43.6,51,0
END,D,20220228,000000,42,43.605,42,43.605,47,0
END,D,20220301,000000,43,43,43,43,126,0
END,D,20220302,000000,42.6,42.6,34.2,39,671,0
END,D,20220303,000000,39,39,36.2,38.7,155,0
END,D,20220304,000000,38.6,38.6,38.6,38.6,10,0
END,D,20220307,000000,36.1,38.7,30,38.7,172,0
END,D,20220309,000000,38.7,40.5,34,40.5,484,0
END,D,20220310,000000,40.9,40.9,40.9,40.9,1,0
END,D,20220311,000000,40.7,40.8,40.5,40.8,66,0
END,D,20220314,000000,40.8,40.8,40.8,40.8,1,0
END,D,20220315,000000,39,41,38,41,78,0
END,D,20220316,000000,40.8,48.9,40.8,47,252,0
END,D,20220317,000000,46.98,46.98,43.3,46.3,616,0
END,D,20220321,000000,45,47,45,47,190,0
END,D,20220322,000000,46.9,49.7,46.85,48.93,229,0
END,D,20220323,000000,49,49,49,49,1,0
END,D,20220324,000000,48.88,48.99,48.88,48.99,25,0
END,D,20220325,000000,48.6,48.6,48,48.6,282,0
END,D,20220328,000000,48.6,48.99,48,48.99,91,0
END,D,20220329,000000,48.98,48.98,48.5,48.7,131,0
END,D,20220330,000000,48,48,47,47.85,21,0
END,D,20220331,000000,46,47,46,46.98,104,0
END,D,20220401,000000,46.975,46.975,45,45,174,0
END,D,20220404,000000,45,46.7,45,46.7,74,0
END,D,20220405,000000,46.6,46.6,44.5,45,388,0
END,D,20220406,000000,44.9,44.9,44.9,44.9,1,0
END,D,20220407,000000,44.3,44.3,41,43.8,63,0
END,D,20220408,000000,43.8,44.9,43,44.9,213,0
END,D,20220411,000000,44.9,44.9,44.9,44.9,1,0
END,D,20220412,000000,45.1,45.1,45.1,45.1,1,0
END,D,20220413,000000,54,64,43.2,46,724,0
END,D,20220414,000000,46,46,46,46,1,0
END,D,20220419,000000,46,46,45.8,46,41,0
END,D,20220420,000000,46,46,40.8,46,82,0
END,D,20220421,000000,46,46,46,46,1,0
END,D,20220425,000000,42.8,45.8,42.8,45.8,33,0
END,D,20220426,000000,45.8,45.8,42,45.4,72,0
END,D,20220427,000000,45.4,45.4,45.4,45.4,1,0
END,D,20220428,000000,45.2,45.4,42,45.4,97,0
END,D,20220429,000000,45.4,45.4,45.4,45.4,1,0
END,D,20220505,000000,45.2,45.2,42,45.2,71,0
END,D,20220506,000000,41.8,45.2,41,45.2,20,0
END,D,20220509,000000,42.2,42.2,42.2,42.2,15,0
END,D,20220510,000000,42,42,42,42,23,0
END,D,20220511,000000,42,42,40,42,43,0
END,D,20220512,000000,41,41,41,41,1,0
END,D,20220513,000000,40,40,40,40,11,0
END,D,20220516,000000,39.2,39.2,33.6,34,1675,0
END,D,20220517,000000,35.6,35.6,35.6,35.6,1,0
END,D,20220518,000000,35.4,35.4,35.4,35.4,1,0
END,D,20220519,000000,35,35,33.6,35,72,0
END,D,20220520,000000,35,35,35,35,1,0
END,D,20220523,000000,35,35,28,34.8,41,0
END,D,20220524,000000,35,35,35,35,2,0
END,D,20220525,000000,35,35.6,35,35.6,33,0
END,D,20220526,000000,35.8,36,35.8,36,13,0
END,D,20220527,000000,36.8,36.8,36.4,36.4,51,0
END,D,20220530,000000,36.6,36.6,36.6,36.6,6,0
END,D,20220531,000000,36.6,36.6,36.6,36.6,1,0
END,D,20220603,000000,36.6,36.6,36.6,36.6,1,0
END,D,20220606,000000,36.2,36.2,34.6,35.8,31,0
END,D,20220607,000000,35.8,35.8,30,35.8,47,0
END,D,20220608,000000,35.8,35.8,35.8,35.8,1,0
END,D,20220609,000000,35.8,35.8,35.8,35.8,1,0
END,D,20220610,000000,35.8,35.8,35.8,35.8,1,0
END,D,20220613,000000,35.4,35.4,35.4,35.4,1,0
END,D,20220614,000000,35.4,35.4,35.4,35.4,1,0
END,D,20220615,000000,35.4,35.4,35.4,35.4,1,0
END,D,20220617,000000,35.6,35.6,35.6,35.6,1,0
END,D,20220620,000000,35.2,35.2,35.2,35.2,1,0
END,D,20220621,000000,35.4,35.4,35.4,35.4,1,0
END,D,20220622,000000,35.4,35.4,35.4,35.4,1,0
END,D,20220623,000000,35.4,35.4,35.4,35.4,1,0
END,D,20220624,000000,35.4,35.4,35.4,35.4,1,0
END,D,20220627,000000,35.4,35.4,35.4,35.4,1,0
END,D,20220628,000000,35,35,35,35,1,0
END,D,20220629,000000,35,35,35,35,1,0
END,D,20220630,000000,35,35,35,35,1,0
END,D,20220701,000000,35,35,35,35,1,0
END,D,20220704,000000,35,35,35,35,1,0
END,D,20220705,000000,35,35,35,35,1,0
END,D,20220706,000000,30.8,34,30.8,34,74,0
END,D,20220707,000000,35,35,35,35,25,0
END,D,20220708,000000,35.4,35.4,35.4,35.4,1,0
END,D,20220711,000000,35.4,35.4,30,35,34,0
END,D,20220712,000000,35.8,35.8,35.8,35.8,10,0
END,D,20220713,000000,35.8,35.8,35.8,35.8,1,0
END,D,20220714,000000,35.8,35.8,35.8,35.8,5,0
END,D,20220715,000000,35.8,35.8,35.8,35.8,1,0
END,D,20220718,000000,35.8,35.8,35.8,35.8,1,0
END,D,20220719,000000,35.8,35.8,35.8,35.8,1,0
END,D,20220720,000000,34.4,34.4,28,34.4,398,0
END,D,20220721,000000,34.4,35,30.8,35,121,0
END,D,20220722,000000,35.2,35.2,30,35.2,25,0
END,D,20220725,000000,35.2,35.2,35.2,35.2,2,0
END,D,20220726,000000,32.4,35.6,32,35.6,31,0
END,D,20220727,000000,35.6,35.6,35.6,35.6,1,0
END,D,20220728,000000,35.6,35.6,35.6,35.6,1,0
END,D,20220729,000000,35.6,35.6,35.6,35.6,1,0
END,D,20220802,000000,35.4,35.6,33.6,35.6,117,0
END,D,20220803,000000,35.6,35.6,35.6,35.6,2,0
END,D,20220804,000000,35.6,35.6,35.6,35.6,2,0
END,D,20220805,000000,35.6,35.6,35.6,35.6,1,0
END,D,20220808,000000,35.6,35.6,33.6,35.4,103,0
END,D,20220809,000000,33.4,35.6,33.4,35.6,310,0
END,D,20220810,000000,35.6,35.6,35.6,35.6,2,0
END,D,20220811,000000,35.6,35.6,34.6,35.6,46,0
END,D,20220812,000000,35.6,35.6,35.6,35.6,43,0
END,D,20220817,000000,36,36,36,36,12,0
END,D,20220822,000000,34,36,34,36,82,0
END,D,20220823,000000,33.2,36,33,36,66,0
END,D,20220825,000000,35,35,35,35,2,0
END,D,20220826,000000,36.4,36.4,36.4,36.4,11,0
END,D,20220829,000000,34,36.4,34,36.4,82,0
END,D,20220831,000000,36.4,36.4,36.4,36.4,1,0
END,D,20220901,000000,36.4,36.4,34.4,36.4,43,0
END,D,20220902,000000,35.8,38,35.8,38,334,0
END,D,20220905,000000,35.8,36,35.8,36,329,0
END,D,20220906,000000,36,36,36,36,4,0
END,D,20220907,000000,36,36,36,36,1,0
END,D,20220908,000000,30.4,36,30.4,36,91,0
END,D,20220909,000000,36,36,34,36,48,0
END,D,20220912,000000,36,36,36,36,1,0
END,D,20220913,000000,36,36,33.2,33.2,6,0
END,D,20220914,000000,32.4,33,31,33,51,0
END,D,20220915,000000,34,34,34,34,6,0
END,D,20220916,000000,34.6,34.6,34.6,34.6,10,0
END,D,20220919,000000,40,40,40,40,40,0
END,D,20220920,000000,34.8,40.8,34.8,40.8,113,0
END,D,20220921,000000,39.6,39.6,39.6,39.6,19,0
END,D,20220922,000000,39.6,39.6,39.6,39.6,1,0
END,D,20220923,000000,39.6,39.6,39,39.6,16,0
END,D,20220926,000000,39,39,39,39,1,0
END,D,20220927,000000,39,39,39,39,1,0
END,D,20220928,000000,39,39,39,39,1,0
END,D,20220929,000000,39,39,39,39,1,0
END,D,20220930,000000,37.4,38,37.4,38,15,0
END,D,20221003,000000,43,43,43,43,22,0
END,D,20221004,000000,38,43,38,43,135,0
END,D,20221005,000000,43,43,43,43,1,0
END,D,20221006,000000,43,43,43,43,1,0
END,D,20221007,000000,40.6,41.8,39.6,41.8,52,0
END,D,20221010,000000,41.8,41.8,41.8,41.8,6,0
END,D,20221011,000000,41.8,41.8,41.8,41.8,1,0
END,D,20221012,000000,41.8,41.8,41.8,41.8,1,0
END,D,20221013,000000,41.8,41.8,39.4,41.6,7,0
END,D,20221017,000000,39.8,39.8,39.8,39.8,17,0
END,D,20221018,000000,39.8,39.8,39,39.8,17,0
END,D,20221019,000000,39.8,39.8,39.8,39.8,1,0
END,D,20221020,000000,38,39.8,36,39.8,72,0
END,D,20221021,000000,39.8,39.8,39.8,39.8,1,0
END,D,20221024,000000,39.8,39.8,39.8,39.8,21,0
END,D,20221025,000000,39.4,39.4,39.4,39.4,1,0
END,D,20221026,000000,39.4,39.4,39.2,39.4,84,0
END,D,20221027,000000,39.4,39.4,39.4,39.4,13,0
END,D,20221028,000000,39.4,39.4,39.4,39.4,11,0
END,D,20221031,000000,39.4,39.4,39.4,39.4,1,0
END,D,20221102,000000,39.6,39.6,39.6,39.6,1,0
END,D,20221103,000000,39.4,39.4,39.4,39.4,27,0
END,D,20221104,000000,39.4,39.4,39.4,39.4,1,0
END,D,20221107,000000,38.8,38.8,38.8,38.8,7,0
END,D,20221108,000000,38.8,38.8,38.4,38.4,13,0
END,D,20221109,000000,38.4,38.4,38,38,13,0
END,D,20221110,000000,38,39.4,38,39.4,58,0
END,D,20221114,000000,39.4,39.4,26,33,744,0
END,D,20221115,000000,27.8,27.8,26.6,27.8,859,0
END,D,20221116,000000,26,26,24,26,249,0
END,D,20221117,000000,24,24,20,21.2,794,0
END,D,20221118,000000,21.2,24.6,21,24.6,455,0
END,D,20221121,000000,24.2,24.2,22.8,22.8,73,0
END,D,20221122,000000,22,22.4,22,22.4,352,0
END,D,20221123,000000,22.4,22.4,22.4,22.4,1,0
END,D,20221124,000000,22.4,22.4,21.2,22.4,45,0
END,D,20221125,000000,21.2,24,21,24,338,0
END,D,20221128,000000,23,23,23,23,1,0
END,D,20221129,000000,21.8,22.2,21,21.8,385,0
END,D,20221130,000000,21,21.6,20.4,21.6,303,0
END,D,20221201,000000,21.6,21.6,21.4,21.4,11,0
END,D,20221202,000000,21.4,23,21.4,23,140,0
END,D,20221205,000000,20.4,22.8,20.4,22.8,420,0
END,D,20221206,000000,22.8,22.8,22.8,22.8,1,0
END,D,20221207,000000,21.6,22.8,21.4,22.8,131,0
END,D,20221208,000000,22.2,22.2,21,21,349,0
END,D,20221209,000000,20.6,21.4,20,21.4,191,0
END,D,20221212,000000,21.4,21.4,21.4,21.4,1,0
END,D,20221213,000000,19.4,20,19,19.8,883,0
END,D,20221214,000000,19.8,19.8,19.7,19.8,203,0
END,D,20221215,000000,19.7,19.7,19.7,19.7,6,0
END,D,20221216,000000,19.6,19.6,19.6,19.6,23,0
END,D,20221219,000000,19.6,19.6,18.5,19.5,37,0
END,D,20221220,000000,19.5,19.5,19.5,19.5,1,0
END,D,20221221,000000,19.5,19.5,19.5,19.5,1,0
END,D,20221222,000000,19.5,19.5,17.8,18.2,45,0
END,D,20221223,000000,18,18,16.3,17.9,1612,0
END,D,20221227,000000,17.9,17.9,15,15.5,3400,0
END,D,20221228,000000,14.5,15.4,12.3,12.7,4656,0
END,D,20221229,000000,13,15,13,13.9,831,0
END,D,20221230,000000,14,15.4,14,15.4,822,0
END,D,20230102,000000,15.4,17,14.4,15.7,1384,0
END,D,20230103,000000,16.8,18,14.7,15.5,443,0
END,D,20230104,000000,15.5,15.5,15,15.4,27,0
END,D,20230105,000000,15.4,15.4,14.8,15.4,284,0
END,D,20230109,000000,15.5,18.5,15.5,18.5,465,0
END,D,20230110,000000,18.7,18.7,15,15.5,1688,0
END,D,20230111,000000,15.5,15.5,15.5,15.5,34,0
END,D,20230112,000000,15.5,15.6,14.6,15.2,85,0
END,D,20230113,000000,15.2,15.8,15.2,15.8,224,0
END,D,20230116,000000,15.8,16.2,15.8,16.2,431,0
END,D,20230117,000000,16.2,16.2,16.1,16.2,150,0
END,D,20230118,000000,16.3,16.3,15.9,15.9,23,0
END,D,20230119,000000,15.2,15.7,15.1,15.7,41,0
END,D,20230120,000000,15.4,15.4,15.3,15.3,50,0
END,D,20230123,000000,15.1,15.3,15.1,15.3,215,0
END,D,20230124,000000,15.3,15.5,15.3,15.4,1210,0
END,D,20230125,000000,15.3,15.3,15.2,15.2,150,0
END,D,20230126,000000,15.6,15.6,14.7,15.5,65,0
END,D,20230127,000000,15.6,15.6,15.6,15.6,1,0
END,D,20230130,000000,15.6,15.6,15,15,11,0
END,D,20230131,000000,14.7,15.3,14.7,15.3,556,0
END,D,20230201,000000,14.5,15.5,14.5,15.5,105,0
END,D,20230202,000000,15.5,15.5,15.5,15.5,1,0
END,D,20230203,000000,15.5,15.5,15.5,15.5,1,0
END,D,20230206,000000,15.5,15.5,15.5,15.5,1,0
END,D,20230207,000000,15.5,15.5,15.5,15.5,1,0
END,D,20230208,000000,15.5,15.5,14.9,15.2,12,0
END,D,20230209,000000,15.4,15.4,15.4,15.4,1,0
END,D,20230210,000000,15.4,15.9,14.9,15.8,1232,0
END,D,20230213,000000,15.8,15.8,15.8,15.8,1,0
END,D,20230214,000000,15.9,15.9,15.9,15.9,1,0
END,D,20230215,000000,15.9,16.4,15.8,16.4,248,0
END,D,20230216,000000,16.4,17.2,16.3,16.3,307,0
END,D,20230217,000000,16.1,16.7,15.5,16.7,235,0
END,D,20230221,000000,15.8,16.4,15.8,16.4,187,0
END,D,20230222,000000,16,16,16,16,292,0
END,D,20230223,000000,16.3,16.9,16.3,16.9,20,0
END,D,20230227,000000,16.9,16.9,16.9,16.9,74,0
END,D,20230228,000000,16.9,16.9,16.2,16.9,10,0
END,D,20230301,000000,16.9,16.9,16.9,16.9,1,0
END,D,20230302,000000,17,17.2,17,17.2,11,0
END,D,20230306,000000,17.2,17.2,16.3,16.8,12,0
END,D,20230307,000000,16.8,16.8,16.8,16.8,74,0
END,D,20230309,000000,17.2,17.2,17.2,17.2,1,0
END,D,20230313,000000,16.1,16.3,16.1,16.3,13,0
END,D,20230314,000000,16.1,16.1,15.9,15.9,15,0
END,D,20230315,000000,16,16,16,16,10,0
END,D,20230316,000000,16.7,18,16.7,18,92,0
END,D,20230317,000000,17.7,17.7,17.7,17.7,1,0
END,D,20230320,000000,17.8,17.8,17.8,17.8,2,0
END,D,20230321,000000,17.7,17.7,16,16.8,91,0
END,D,20230324,000000,17,17.6,17,17.6,120,0
END,D,20230327,000000,17.5,17.5,17.5,17.5,1,0
END,D,20230329,000000,17.5,17.5,17.5,17.5,1,0
END,D,20230330,000000,17.5,17.5,17.5,17.5,1,0
END,D,20230331,000000,17.3,17.3,17.3,17.3,55,0
END,D,20230403,000000,17.3,17.3,17.3,17.3,1,0
END,D,20230404,000000,17.4,17.4,17.4,17.4,1,0
END,D,20230405,000000,17.3,17.3,17.3,17.3,1,0
END,D,20230406,000000,17.3,17.3,17.3,17.3,1,0
END,D,20230411,000000,17.4,17.4,17.4,17.4,1,0
END,D,20230412,000000,17.9,17.9,17.9,17.9,100,0
END,D,20230413,000000,17.9,17.9,17.9,17.9,93,0
END,D,20230417,000000,21.8,21.8,21.8,21.8,1268,0
END,D,20230418,000000,21.6,21.6,21.6,21.6,349,0
END,D,20230419,000000,21.2,21.2,21,21,38,0
END,D,20230420,000000,21,21,19.1,19.1,29,0
END,D,20230504,000000,20.6,20.6,20.6,20.6,1,0
END,D,20230508,000000,20.6,20.6,20.6,20.6,1,0
END,D,20230510,000000,21,21,21,21,1,0
END,D,20230511,000000,16,18.5,16,18.5,1029,0
END,D,20230518,000000,18.6,18.6,18.6,18.6,1,0
END,D,20230519,000000,18.9,18.9,18.9,18.9,1,0
END,D,20230522,000000,18.8,18.8,18.8,18.8,5,0
END,D,20230523,000000,18.8,18.8,18.8,18.8,2,0
END,D,20230524,000000,18,18,18,18,18,0
END,D,20230601,000000,20.8,20.8,17.5,17.5,74,0
END,D,20230606,000000,17.5,17.5,17.5,17.5,10,0
END,D,20230607,000000,17.5,17.5,17.5,17.5,1,0
END,D,20230612,000000,17.5,17.5,17.5,17.5,88,0
END,D,20230613,000000,17.5,18.9,17.5,18.9,24,0
END,D,20230614,000000,18.9,18.9,18.9,18.9,1,0
END,D,20230615,000000,18.8,18.8,18.8,18.8,55,0
END,D,20230616,000000,18.8,18.8,18.8,18.8,1,0
END,D,20230619,000000,18.8,18.8,18.8,18.8,1,0
END,D,20230620,000000,18.8,18.8,18.8,18.8,1,0
END,D,20230621,000000,18.8,18.8,18.8,18.8,1,0
END,D,20230623,000000,18.8,18.8,18.8,18.8,1,0
END,D,20230630,000000,18.8,18.8,18.8,18.8,1,0
END,D,20230703,000000,18.8,19.7,18.7,19.7,622,0
END,D,20230704,000000,19.8,20,19.8,20,300,0
END,D,20230705,000000,19.9,19.9,19.9,19.9,1,0
END,D,20230706,000000,20,20,20,20,1,0
END,D,20230707,000000,19.9,19.9,19.9,19.9,1,0
END,D,20230710,000000,19.9,19.9,19.9,19.9,1,0
END,D,20230711,000000,19.9,19.9,19.9,19.9,1,0
END,D,20230712,000000,19.9,19.9,19.9,19.9,1,0
END,D,20230713,000000,19.9,20,19,19,73,0
END,D,20230714,000000,19,19,19,19,1,0
END,D,20230718,000000,18.9,20.2,18.9,19.7,1291,0
END,D,20230719,000000,20.6,20.6,19.8,19.8,189,0
END,D,20230720,000000,20,20,20,20,10,0
END,D,20230721,000000,19.7,19.7,19.3,19.7,43,0
END,D,20230724,000000,19.7,19.8,19.3,19.8,268,0
END,D,20230726,000000,19.8,19.8,19.8,19.8,1,0
END,D,20230727,000000,19.8,19.8,19.8,19.8,55,0
END,D,20230728,000000,19.8,19.8,19.8,19.8,1,0
END,D,20230731,000000,19.8,19.8,19.8,19.8,1,0
END,D,20230801,000000,19.8,19.8,19.8,19.8,1,0
END,D,20230802,000000,19.7,19.7,19.7,19.7,1,0
END,D,20230803,000000,19.8,19.9,19.8,19.9,6,0
END,D,20230804,000000,20.2,20.2,20.2,20.2,14,0
END,D,20230807,000000,21,21,20,20.8,262,0
END,D,20230808,000000,20,20,18.9,19.9,110,0
END,D,20230809,000000,21,21,19.9,19.9,76,0
END,D,20230817,000000,19.9,21,19.9,21,99,0
END,D,20230818,000000,20.4,20.4,20.4,20.4,10,0
END,D,20230821,000000,20.8,21,20.8,21,15,0
END,D,20230822,000000,21,21,21,21,1,0
END,D,20230823,000000,21,21,19.6,20.4,186,0
END,D,20230824,000000,19.2,20.2,19,20,540,0
END,D,20230906,000000,19.9,20.2,19.9,20.2,20,0
END,D,20230907,000000,20.4,21,20.4,21,89,0
END,D,20230908,000000,21,25,20,21.6,1989,0
END,D,20230911,000000,22,26.4,22,26,2272,0
END,D,20230912,000000,26.6,27,26,27,694,0
END,D,20230913,000000,27.4,28.6,27.4,28.6,20,0
END,D,20230914,000000,28.4,34,28.4,33.8,1253,0
END,D,20230915,000000,33.8,34,31.4,33.6,116,0
END,D,20230918,000000,34,34,34,34,1,0
END,D,20230919,000000,33.8,38,33.8,37.6,512,0
END,D,20230920,000000,38.8,39.6,36.2,38.4,40,0
END,D,20230921,000000,36,38,36,37.8,359,0
END,D,20230922,000000,35,35,35,35,10,0
END,D,20230925,000000,35,37.8,35,37.8,3,0
END,D,20230926,000000,35.6,35.6,31,34.8,215,0
END,D,20230927,000000,33,33,33,33,20,0
END,D,20230928,000000,34.4,35.2,31,34,287,0
END,D,20230929,000000,32.4,35,30.8,35,1509,0
END,D,20231002,000000,35,35,35,35,1,0
END,D,20231003,000000,35,35,35,35,1,0
END,D,20231004,000000,35,35,35,35,1,0
END,D,20231005,000000,35.6,35.6,35,35,64,0
END,D,20231006,000000,33,33,33,33,33,0
END,D,20231010,000000,35,35,35,35,338,0
END,D,20231011,000000,35,35,35,35,901,0
END,D,20231012,000000,39,42,39,42,714,0
END,D,20231013,000000,42,42,42,42,125,0
END,D,20231016,000000,42,42,42,42,1,0
END,D,20231017,000000,42,42,40,40,251,0
END,D,20231018,000000,40,40,40,40,202,0
END,D,20231019,000000,40,40,40,40,48,0
END,D,20231020,000000,41,41,41,41,68,0
END,D,20231023,000000,42,42,42,42,606,0
END,D,20231024,000000,42,42,42,42,186,0
END,D,20231025,000000,42,42,42,42,25,0
END,D,20231026,000000,42,42,42,42,1,0
END,D,20231027,000000,41.8,42.4,41.8,42.4,216,0
END,D,20231030,000000,42.8,46,42.8,46,26,0
END,D,20231031,000000,48,48,48,48,14,0
END,D,20231102,000000,48,48,48,48,1,0
END,D,20231103,000000,48,48,48,48,1,0
END,D,20231106,000000,47.6,47.6,47.6,47.6,1,0
END,D,20231107,000000,46,46,46,46,1027,0
END,D,20231109,000000,46.6,47.8,46.6,47.8,1448,0
END,D,20231110,000000,47.8,49,47.8,49,419,0
END,D,20231113,000000,50.5,50.5,50.5,50.5,598,0
END,D,20231114,000000,54,58,54,58,342,0
END,D,20231115,000000,60,60,60,60,43,0
END,D,20231116,000000,60,62,60,62,96,0
END,D,20231117,000000,66,66,66,66,2,0
END,D,20231120,000000,65,65,65,65,1,0
END,D,20231121,000000,64.5,64.5,64.5,64.5,1,0
END,D,20231122,000000,56,56,45.2,45.2,90,0
END,D,20231123,000000,48.4,48.4,48.4,48.4,88,0
END,D,20231124,000000,50,50,50,50,2,0
END,D,20231127,000000,50,50,48,48,204,0
END,D,20231129,000000,46,46,46,46,19,0
END,D,20231130,000000,45,53,45,53,37,0
END,D,20231201,000000,56,56,56,56,1,0
END,D,20231204,000000,56,56,56,56,1,0
END,D,20231205,000000,50,50,50,50,83,0
END,D,20231211,000000,50,50,50,50,1,0
END,D,20231212,000000,50,50,50,50,1,0
END,D,20231213,000000,50,50,50,50,1,0
END,D,20231214,000000,50,50,50,50,48,0
END,D,20231215,000000,50,50,50,50,1,0
END,D,20231218,000000,50,50,50,50,1,0
END,D,20231219,000000,50,50,50,50,5,0
END,D,20231220,000000,59,59,59,59,50,0
END,D,20231221,000000,50,50,50,50,71,0
END,D,20231228,000000,50,55.5,50,55.5,61,0
END,D,20231229,000000,59,60,59,60,555,0
END,D,20240102,000000,64,64,57,57,20,0
END,D,20240103,000000,59,60,59,60,17,0
END,D,20240104,000000,60,60,56,56,26,0
END,D,20240109,000000,55,60,55,60,476,0
END,D,20240110,000000,59,70,58,58,903,0
END,D,20240111,000000,60,63,59,63,129,0
END,D,20240112,000000,63,63,60,60,15,0
END,D,20240115,000000,59.5,59.5,57.5,57.5,133,0
END,D,20240116,000000,57.5,57.5,55,57.5,88,0
END,D,20240117,000000,55,56,55,56,1624,0
END,D,20240118,000000,57.5,57.5,55,55,154,0
END,D,20240119,000000,58.5,69,57.5,57.5,134,0
END,D,20240122,000000,62,65,60,64,216,0
END,D,20240123,000000,64.5,64.5,64.5,64.5,11,0
END,D,20240124,000000,61,65,59,65,1690,0
END,D,20240125,000000,62,62,62,62,5,0
END,D,20240130,000000,61,61,55,55,570,0
END,D,20240131,000000,55,55,55,55,2,0
END,D,20240201,000000,56.5,56.5,52,52,140,0
END,D,20240202,000000,52,52,42,52,199,0
END,D,20240205,000000,52,52.5,49,50,190,0
END,D,20240206,000000,50,50,48,48,177,0
END,D,20240207,000000,48,48.2,48,48.2,11,0
END,D,20240208,000000,48.2,48.2,48,48,37,0
END,D,20240209,000000,47.6,47.6,47.6,47.6,1,0
END,D,20240212,000000,47.6,47.6,47.6,47.6,2,0
END,D,20240213,000000,46.8,47.4,45,47.4,170,0
END,D,20240216,000000,48,48,45,48,49,0
END,D,20240222,000000,48.2,48.2,48.2,48.2,1,0
END,D,20240223,000000,48.8,49,48.8,49,157,0
END,D,20240226,000000,49.6,56.5,49.6,52,51,0
END,D,20240227,000000,53,53,53,53,19,0
END,D,20240301,000000,52,52,50,50,29,0
END,D,20240307,000000,51,51,51,51,1,0
END,D,20240308,000000,51,51,51,51,1,0
END,D,20240311,000000,51,51,51,51,1,0
END,D,20240312,000000,49,49,44.8,49,70,0
END,D,20240315,000000,48.4,48.4,48.4,48.4,1,0
END,D,20240318,000000,48.4,48.4,48.4,48.4,1,0
END,D,20240319,000000,48.4,48.4,45.4,45.4,11,0
END,D,20240320,000000,43.4,44,42.4,44,67,0
END,D,20240321,000000,40,42.6,40,42.6,60,0
END,D,20240327,000000,42,42,42,42,1,0
END,D,20240328,000000,42,42,42,42,1,0
END,D,20240402,000000,41,41,33,36,171,0
END,D,20240403,000000,36,36,35,35,11,0
END,D,20240404,000000,34,34,34,34,10,0
END,D,20240405,000000,34.6,37,29.6,37,222,0
END,D,20240408,000000,35,36.2,34.2,36.2,69,0
END,D,20240409,000000,35.8,39.8,35.8,39.8,167,0
END,D,20240410,000000,38.2,38.2,38.2,38.2,1,0
END,D,20240411,000000,39.8,44.8,39.8,43.6,351,0
END,D,20240412,000000,43.2,44.6,42.2,44,195,0
END,D,20240415,000000,43,43,41,41,29,0
END,D,20240416,000000,41,41,39,39,7,0
END,D,20240417,000000,39,44.6,36,39,230,0
END,D,20240423,000000,40,41,40,41,319,0
END,D,20240424,000000,40,42.8,39,42.8,416,0
END,D,20240425,000000,42.8,44.6,42.8,44.6,195,0
END,D,20240426,000000,45.8,49,45.8,49,11,0
END,D,20240430,000000,49.2,49.2,49.2,49.2,6,0
END,D,20240502,000000,49.2,49.2,49.2,49.2,1,0
END,D,20240507,000000,49,49,48.8,48.8,2,0
END,D,20240508,000000,48,48,47,47,2,0
END,D,20240509,000000,47.8,47.8,47.8,47.8,1,0
END,D,20240510,000000,47.6,47.6,47.6,47.6,1,0
END,D,20240513,000000,47.6,47.6,47.6,47.6,6,0
END,D,20240514,000000,47.6,47.6,47.6,47.6,1,0
END,D,20240515,000000,47.6,47.6,46,46,6,0
END,D,20240516,000000,46,46,46,46,1,0
END,D,20240517,000000,46,46,46,46,1,0
END,D,20240520,000000,46,46,46,46,1,0
END,D,20240521,000000,46,46,46,46,1,0
END,D,20240522,000000,46,46,46,46,1,0
END,D,20240523,000000,46,46,46,46,1,0
END,D,20240524,000000,46,46,46,46,1,0
END,D,20240527,000000,46,46,42,42,38,0
END,D,20240529,000000,41.2,41.2,40.2,40.2,9,0
END,D,20240606,000000,39,39,39,39,3,0
END,D,20240607,000000,39,41.2,39,41.2,31,0
END,D,20240610,000000,41.2,41.2,41.2,41.2,25,0
END,D,20240611,000000,41,41,41,41,25,0
END,D,20240612,000000,41,41,38.6,38.6,154,0
END,D,20240613,000000,38.6,40,31,32.6,360,0
END,D,20240614,000000,33.2,33.2,33.2,33.2,28,0
END,D,20240617,000000,33.4,38.2,33.4,38.2,80,0
END,D,20240618,000000,47.6,47.6,44,44,108,0
END,D,20240619,000000,43.8,44,41.8,41.8,54,0
END,D,20240620,000000,43.6,43.8,43.6,43.8,5,0
END,D,20240702,000000,43.4,43.4,43.4,43.4,1,0
END,D,20240703,000000,43.4,43.4,43.4,43.4,1,0
END,D,20240704,000000,43.4,43.4,43.4,43.4,1,0
END,D,20240705,000000,43.4,43.4,43.4,43.4,1,0
END,D,20240709,000000,41.6,43.4,40.8,43.4,67,0
END,D,20240710,000000,43.4,43.4,40.8,42.2,37,0
END,D,20240715,000000,42.2,42.2,42.2,42.2,20,0
END,D,20240717,000000,41.2,41.2,40.2,40.2,39,0
END,D,20240718,000000,40.2,40.2,40.2,40.2,1,0
END,D,20240719,000000,40.2,40.2,40.2,40.2,2,0
END,D,20240722,000000,40.2,40.2,39,39,7,0
END,D,20240723,000000,37.8,39,37.4,39,59,0
END,D,20240807,000000,38.2,38.2,37.2,37.2,34,0
END,D,20240808,000000,37.2,37.2,37.2,37.2,1,0
END,D,20240809,000000,37.2,37.2,37.2,37.2,1,0
END,D,20240812,000000,37,37.2,37,37.2,68,0
END,D,20240813,000000,36.4,36.4,35.4,35.4,36,0
END,D,20240822,000000,34.4,34.4,33,33,41,0
END,D,20240830,000000,34.6,34.6,34.6,34.6,2,0
END,D,20240903,000000,32.8,34.6,32.8,34.6,6,0
END,D,20241002,000000,33.2,39,33,36,168,0
END,D,20241003,000000,35.4,35.4,30,30,515,0
END,D,20241016,000000,30,30,29.6,29.6,56,0
END,D,20241017,000000,30,31,30,31,100,0
END,D,20241021,000000,30.8,31,30.8,31,60,0
END,D,20241022,000000,30.8,30.8,29.6,29.6,70,0
END,D,20241024,000000,29.6,29.6,27.4,27.4,9,0
END,D,20241025,000000,29.4,29.4,28,28,91,0
END,D,20241028,000000,27.4,27.4,27.4,27.4,38,0
END,D,20241029,000000,27.4,27.4,27.4,27.4,1,0
END,D,20241030,000000,26.8,26.8,25.4,25.4,181,0
END,D,20241105,000000,25.8,25.8,25.8,25.8,1,0
END,D,20241120,000000,24.4,24.6,24.2,24.2,65,0
END,D,20241121,000000,24.8,24.8,24.8,24.8,6,0
END,D,20241122,000000,24.8,25.2,24.8,25.2,10,0
END,D,20241125,000000,24,24,23.6,23.6,50,0
END,D,20241126,000000,23.2,23.2,23.2,23.2,10,0
END,D,20241129,000000,22.6,22.6,16.6,18,740,0
END,D,20241202,000000,18,18.2,16.6,16.6,420,0
END,D,20241203,000000,16.2,16.2,16.2,16.2,16,0
END,D,20241204,000000,15.9,15.9,15.2,15.8,187,0
END,D,20241205,000000,14.8,14.9,14.7,14.7,254,0
END,D,20241206,000000,14.7,14.7,14.7,14.7,7,0
END,D,20241209,000000,14.7,14.7,14,14,101,0
END,D,20241210,000000,13.8,14,13.7,14,216,0
END,D,20241211,000000,13.5,13.6,11.6,13.6,180,0
END,D,20241212,000000,12,12,11,11,80,0
END,D,20241213,000000,11,11.6,10,11.1,512,0
END,D,20241216,000000,11,11,9.1,10.2,355,0
END,D,20241217,000000,10,10,10,10,251,0
END,D,20241218,000000,9.9,10,9.3,9.4,79,0
END,D,20241219,000000,9.4,10.9,9.35,10.1,216,0
END,D,20241223,000000,9.9,9.9,9,9,446,0
END,D,20241227,000000,10,11.8,10,11.8,113,0
END,D,20241230,000000,11.5,11.5,9.3,10,1019,0
END,D,20250107,000000,9.7,9.7,8.8,8.8,65,0
END,D,20250108,000000,9.2,9.2,8.1,8.1,140,0
END,D,20250109,000000,8.1,9.6,8.1,9.6,201,0
END,D,20250110,000000,9.1,9.1,9.05,9.05,15,0
END,D,20250113,000000,9.7,9.7,8,8.9,155,0
END,D,20250116,000000,8.7,8.9,8.7,8.9,305,0
END,D,20250117,000000,9,9,8.4,8.4,17,0
END,D,20250120,000000,8.2,8.35,7.3,8.35,327,0
END,D,20250121,000000,7.85,9.4,7.5,8.7,85,0
END,D,20250123,000000,9,9,9,9,2,0
END,D,20250124,000000,8.7,8.7,8.35,8.35,49,0
END,D,20250127,000000,8.1,8.25,7,7.9,1063,0
END,D,20250128,000000,7.7,7.7,7.7,7.7,10,0
END,D,20250129,000000,7.4,8.35,7.2,7.25,446,0
END,D,20250130,000000,7.25,7.7,7.25,7.7,999,0
END,D,20250131,000000,7.7,7.7,7.5,7.7,142,0
END,D,20250204,000000,7.7,7.7,7.65,7.7,82,0
END,D,20250205,000000,7.7,7.9,7.7,7.9,162,0
END,D,20250206,000000,7.9,7.9,7.9,7.9,2,0
END,D,20250207,000000,7.95,8.05,7.95,8.05,33,0
END,D,20250211,000000,8.2,8.85,8.2,8.85,155,0
END,D,20250212,000000,8.85,8.85,8.75,8.85,253,0
END,D,20250214,000000,8.9,9.1,8.9,9.1,121,0
END,D,20250217,000000,9.1,9.8,9.1,9.8,71,0
END,D,20250218,000000,10,11.6,10,11.6,60,0
END,D,20250219,000000,11.5,11.5,10.8,10.8,154,0
END,D,20250220,000000,11.2,11.2,11.2,11.2,35,0
END,D,20250221,000000,11.2,11.2,11.2,11.2,35,0
END,D,20250224,000000,11.2,11.2,11.2,11.2,37,0
END,D,20250225,000000,11.2,12.6,11.2,12.4,101,0
END,D,20250226,000000,12.4,12.6,12.4,12.6,47,0
END,D,20250227,000000,12.7,12.7,12,12,53,0
END,D,20250228,000000,11.7,12.9,11.7,12.9,35,0
END,D,20250303,000000,13,13,13,13,29,0
END,D,20250304,000000,13,13,13,13,26,0
END,D,20250305,000000,13.5,13.5,13.5,13.5,23,0
END,D,20250306,000000,13,13,13,13,26,0
END,D,20250307,000000,12.4,12.6,11.6,12.6,50,0
END,D,20250310,000000,12,12,12,12,40,0
END,D,20250311,000000,11.5,11.5,10.5,10.5,95,0
END,D,20250312,000000,10.2,10.2,10.2,10.2,115,0
END,D,20250313,000000,10,10,10,10,210,0
END,D,20250314,000000,9.6,9.6,9,9,300,0
END,D,20250318,000000,9.4,9.4,8.7,8.7,105,0
END,D,20250319,000000,9,9,9,9,3,0
END,D,20250320,000000,9.4,9.5,9.4,9.5,8,0
END,D,20250321,000000,9.5,10.1,9.5,10.1,35,0
END,D,20250325,000000,10.2,10.2,10.2,10.2,2,0
END,D,20250403,000000,10,10,9.7,9.7,125,0
END,D,20250407,000000,8.35,10,8.35,10,128,0
END,D,20250411,000000,9.6,9.6,9.6,9.6,9,0
END,D,20250414,000000,9.4,9.4,9.15,9.15,135,0
END,D,20250422,000000,9,9,8.75,8.75,120,0
END,D,20250423,000000,8.6,8.6,8.45,8.45,120,0
END,D,20250425,000000,8.7,8.7,8.7,8.7,4,0
END,D,20250428,000000,9,9,9,9,14,0
END,D,20250506,000000,8.95,8.95,8.95,8.95,6,0
END,D,20250508,000000,8.6,8.6,8.6,8.6,1,0
END,D,20250509,000000,8.95,8.95,8.95,8.95,2,0
END,D,20250529,000000,8.95,9,8.95,9,7,0
END,D,20250602,000000,9.2,9.25,9.2,9.25,112,0
END,D,20250603,000000,8.85,8.85,8.7,8.7,672,0
END,D,20250605,000000,8.7,8.7,8.7,8.7,2,0
END,D,20250606,000000,9.05,9.05,9,9.05,139,0
END,D,20250610,000000,9.3,9.55,9.3,9.55,306,0
END,D,20250611,000000,9.6,12.9,9.6,12.7,685,0
END,D,20250612,000000,12.3,13.2,11.5,12.5,268,0
END,D,20250613,000000,11.7,11.7,9.5,9.6,728,0
END,D,20250616,000000,11.1,11.1,10.8,10.8,10,0
END,D,20250618,000000,10.4,10.4,10.3,10.3,100,0
END,D,20250620,000000,10.5,10.5,10.5,10.5,1,0
END,D,20250623,000000,10.2,10.2,10.2,10.2,1,0
END,D,20250625,000000,10.2,10.2,10.2,10.2,3,0
END,D,20250626,000000,10.2,10.2,10.2,10.2,6,0
END,D,20250627,000000,10.2,13.4,10.2,13.4,1121,0
END,D,20250630,000000,13.4,13.4,13.4,13.4,1,0
END,D,20250701,000000,13.3,13.4,13.3,13.4,40,0
END,D,20250703,000000,13.4,13.5,13.4,13.5,36,0
END,D,20250704,000000,13.5,13.5,13.5,13.5,1,0
END,D,20250707,000000,13.5,13.5,10.8,10.8,199,0
END,D,20250708,000000,10.6,11.9,10,11.9,686,0
END,D,20250709,000000,11.9,11.9,11.9,11.9,1,0
END,D,20250711,000000,11.8,11.8,10.2,10.9,258,0
END,D,20250714,000000,10.6,10.6,10.4,10.4,300,0
END,D,20250715,000000,10.4,10.4,10.2,10.2,300,0
END,D,20250717,000000,10.1,10.1,10.1,10.1,1,0
END,D,20250718,000000,10.5,10.8,10.5,10.8,101,0
END,D,20250721,000000,10.8,10.8,10.4,10.4,101,0
END,D,20250722,000000,10.8,10.8,10.8,10.8,1,0
END,D,20250723,000000,10.8,10.8,10,10,425,0
END,D,20250724,000000,10.1,10.7,10,10,3001,0
END,D,20250725,000000,10.1,10.5,9.9,9.9,136,0
END,D,20250730,000000,10,10,9.85,9.85,3,0
END,D,20250731,000000,10,10,10,10,1,0
END,D,20250801,000000,10,10,9.8,9.8,15,0
END,D,20250807,000000,9.8,9.8,9.8,9.8,5,0
END,D,20250808,000000,9.4,9.4,9.4,9.4,10,0
END,D,20250811,000000,9.5,9.5,9.5,9.5,1,0
END,D,20250813,000000,9.45,9.55,9.45,9.55,120,0
END,D,20250822,000000,9.2,9.2,9,9,32,0
END,D,20250825,000000,9,9,9,9,44,0
END,D,20250826,000000,9.05,9.05,9.05,9.05,2,0
END,D,20250827,000000,9.05,9.05,9.05,9.05,2,0
END,D,20250828,000000,9.1,9.1,9.1,9.1,2,0
END,D,20250829,000000,9.4,10.8,9.4,10.8,701,0
END,D,20250901,000000,10.8,12.9,10.2,12.6,566,0
END,D,20250902,000000,11.9,11.9,9.75,9.75,643,0
END,D,20250903,000000,10,10.8,9.8,9.8,60,0
END,D,20250904,000000,9.8,9.8,9.8,9.8,3,0
END,D,20250905,000000,9.8,9.8,9.75,9.75,25,0
END,D,20250908,000000,10.1,10.1,10.1,10.1,1,0
END,D,20250910,000000,10.1,10.1,10.1,10.1,20,0
END,D,20250911,000000,10.1,10.1,10,10,11,0
END,D,20250912,000000,10.1,10.1,9.5,9.5,144,0
END,D,20250915,000000,9.5,9.5,9.5,9.5,2,0
END,D,20250917,000000,9.9,9.95,9.9,9.95,11,0
END,D,20250918,000000,9.95,9.95,9.55,9.55,12,0
END,D,20250919,000000,9.4,9.8,9.4,9.7,12,0
END,D,20250922,000000,9.75,9.75,9.3,9.3,18,0
END,D,20250923,000000,9.3,9.3,9.3,9.3,1,0
END,D,20250925,000000,9.3,9.3,9.3,9.3,3,0
END,D,20250926,000000,9.2,9.2,9.05,9.05,61,0
END,D,20250929,000000,9.05,9.1,9.05,9.05,32,0
END,D,20250930,000000,9.05,9.4,9.05,9.4,7,0
END,D,20251001,000000,8.9,8.9,8.9,8.9,1,0
END,D,20251002,000000,9.5,9.85,9.5,9.85,228,0
END,D,20251003,000000,9,10,9,9,301,0
END,D,20251006,000000,8.9,8.9,8.9,8.9,148,0
END,D,20251007,000000,9.4,9.4,8.85,8.85,3,0
END,D,20251009,000000,8.85,8.85,8.8,8.8,63,0
END,D,20251010,000000,8.8,8.8,8.75,8.75,3,0
END,D,20251014,000000,8.8,8.8,8.6,8.6,20,0
END,D,20251015,000000,8.75,8.75,7.8,8.1,123,0
END,D,20251016,000000,8.15,8.35,8.15,8.15,13,0
END,D,20251017,000000,8.15,8.15,7.9,7.9,299,0
END,D,20251023,000000,7.9,7.9,7.6,7.6,3,0
END,D,20251024,000000,7.6,8,7.6,8,14,0
END,D,20251027,000000,7.6,8,7.6,7.6,8,0
END,D,20251029,000000,8,8,6.55,7.4,812,0
END,D,20251030,000000,7.4,7.7,7.4,7.4,100,0
END,D,20251031,000000,7.4,7.6,7.3,7.3,36,0
END,D,20251103,000000,7.3,7.3,7,7,8,0
END,D,20251104,000000,7,7,7,7,2,0
END,D,20251105,000000,7,7,6.8,6.8,210,0
END,D,20251107,000000,6.8,7.75,6.35,6.9,435,0
END,D,20251110,000000,6.95,7,6.8,7,478,0
END,D,20251112,000000,7,7,7,7,2,0
END,D,20251113,000000,7,7,7,7,3,0
END,D,20251114,000000,7,8,7,7,222,0
END,D,20251117,000000,7,7,7,7,2,0
END,D,20251118,000000,7,7,7,7,2,0
END,D,20251119,000000,7,7,7,7,2,0
END,D,20251120,000000,7,7.05,7,7,152,0
END,D,20251121,000000,7,7,6.35,6.35,372,0
END,D,20251124,000000,6.35,6.35,6.35,6.35,2,0
END,D,20251126,000000,6.35,6.35,6.35,6.35,2,0
END,D,20251127,000000,6.35,9,6.35,9,1761,0
END,D,20251128,000000,8.75,10.5,7.15,9.1,2975,0
END,D,20251201,000000,9,9.2,7.2,8.65,553,0
END,D,20251202,000000,8.55,8.55,7.05,7.7,363,0
END,D,20251203,000000,7.15,8.5,7.1,8.5,338,0
END,D,20251204,000000,8.35,9,7.4,8.5,366,0
END,D,20251205,000000,8.2,8.5,7.8,8.5,31,0
END,D,20251208,000000,8.05,8.4,7.25,8.35,254,0
END,D,20251209,000000,8.35,8.35,7.9,8.3,7,0
END,D,20251210,000000,7.3,7.7,7.2,7.5,830,0
END,D,20251211,000000,7.3,8.1,7.3,7.55,1296,0
END,D,20251212,000000,7.85,8.55,7.55,7.55,453,0
END,D,20251215,000000,7.65,7.65,7.35,7.35,89,0
END,D,20251216,000000,7.75,7.75,7.15,7.15,156,0
END,D,20251217,000000,7.15,7.15,7,7,38,0
END,D,20251218,000000,6.9,7.1,6.9,6.9,118,0
END,D,20251219,000000,6.9,7.2,6.5,6.7,719,0
END,D,20251223,000000,6.7,6.95,6.6,6.8,252,0
END,D,20251229,000000,7,7,7,7,10,0
END,D,20251230,000000,6.8,7.05,6.7,6.85,78,0
