<TICKER>,<PER>,<DATE>,<TIME>,<OPEN>,<HIGH>,<LOW>,<CLOSE>,<VOL>,<OPENINT>
MASTERPLAST.HU,5,20250610,090000,2430,2430,2250,2250,2624,0
MASTERPLAST.HU,5,20250610,092500,2420,2420,2420,2420,45,0
MASTERPLAST.HU,5,20250610,094000,2350,2350,2350,2350,100,0
MASTERPLAST.HU,5,20250610,102000,2400,2400,2400,2400,20,0
MASTERPLAST.HU,5,20250610,110500,2400,2400,2400,2400,500,0
MASTERPLAST.HU,5,20250610,112000,2430,2430,2430,2430,15,0
MASTERPLAST.HU,5,20250610,120000,2380,2380,2370,2370,150,0
MASTERPLAST.HU,5,20250610,121500,2400,2400,2400,2400,100,0
MASTERPLAST.HU,5,20250610,122000,2400,2400,2400,2400,38,0
MASTERPLAST.HU,5,20250610,124000,2310,2310,2310,2310,2758,0
MASTERPLAST.HU,5,20250610,134000,2370,2370,2370,2370,1400,0
MASTERPLAST.HU,5,20250610,140000,2370,2370,2370,2370,100,0
MASTERPLAST.HU,5,20250610,141500,2390,2390,2390,2390,200,0
MASTERPLAST.HU,5,20250610,150000,2340,2340,2340,2340,23,0
MASTERPLAST.HU,5,20250610,152000,2340,2340,2340,2340,50,0
MASTERPLAST.HU,5,20250610,163000,2390,2390,2390,2390,30,0
MASTERPLAST.HU,5,20250610,165500,2340,2340,2340,2340,402,0
MASTERPLAST.HU,5,20250611,112500,2360,2360,2360,2360,200,0
MASTERPLAST.HU,5,20250611,131500,2390,2390,2390,2390,20,0
MASTERPLAST.HU,5,20250611,134500,2390,2390,2390,2390,250,0
MASTERPLAST.HU,5,20250611,144000,2400,2400,2400,2400,600,0
MASTERPLAST.HU,5,20250611,165500,2370,2370,2370,2370,6,0
MASTERPLAST.HU,5,20250612,090000,2380,2380,2380,2380,91,0
MASTERPLAST.HU,5,20250612,091500,2340,2340,2340,2340,431,0
MASTERPLAST.HU,5,20250612,095500,2380,2380,2380,2380,40,0
MASTERPLAST.HU,5,20250612,102500,2340,2340,2340,2340,560,0
MASTERPLAST.HU,5,20250612,103500,2330,2330,2330,2330,780,0
MASTERPLAST.HU,5,20250612,145000,2330,2330,2330,2330,411,0
MASTERPLAST.HU,5,20250612,145500,2330,2330,2330,2330,143,0
MASTERPLAST.HU,5,20250612,165500,2380,2380,2330,2330,59,0
MASTERPLAST.HU,5,20250613,090000,2330,2330,2330,2330,1,0
MASTERPLAST.HU,5,20250613,092500,2350,2350,2330,2330,10,0
MASTERPLAST.HU,5,20250613,094500,2330,2330,2320,2320,135,0
MASTERPLAST.HU,5,20250613,095000,2400,2400,2400,2400,3591,0
MASTERPLAST.HU,5,20250613,095500,2340,2340,2340,2340,1145,0
MASTERPLAST.HU,5,20250613,101500,2410,2410,2410,2410,25,0
MASTERPLAST.HU,5,20250613,124500,2400,2400,2400,2400,30,0
MASTERPLAST.HU,5,20250613,150500,2410,2410,2410,2410,1050,0
MASTERPLAST.HU,5,20250613,165000,2420,2420,2420,2420,16,0
MASTERPLAST.HU,5,20250616,090000,2400,2440,2400,2440,325,0
MASTERPLAST.HU,5,20250616,095500,2440,2440,2440,2440,281,0
MASTERPLAST.HU,5,20250616,102000,2440,2440,2440,2440,219,0
MASTERPLAST.HU,5,20250616,113500,2440,2440,2440,2440,80,0
MASTERPLAST.HU,5,20250616,130000,2440,2440,2440,2440,150,0
MASTERPLAST.HU,5,20250617,090000,2410,2410,2410,2410,77,0
MASTERPLAST.HU,5,20250617,090500,2400,2400,2400,2400,450,0
MASTERPLAST.HU,5,20250617,092000,2410,2410,2400,2400,270,0
MASTERPLAST.HU,5,20250617,100500,2410,2410,2410,2410,49,0
MASTERPLAST.HU,5,20250617,101000,2410,2410,2410,2410,120,0
MASTERPLAST.HU,5,20250617,102500,2410,2410,2410,2410,395,0
MASTERPLAST.HU,5,20250617,120000,2390,2390,2390,2390,900,0
MASTERPLAST.HU,5,20250617,123000,2410,2410,2410,2410,543,0
MASTERPLAST.HU,5,20250617,124500,2410,2410,2410,2410,1000,0
MASTERPLAST.HU,5,20250617,134500,2410,2410,2410,2410,860,0
MASTERPLAST.HU,5,20250617,144000,2410,2410,2410,2410,1000,0
MASTERPLAST.HU,5,20250617,153500,2410,2410,2410,2410,75,0
MASTERPLAST.HU,5,20250618,090000,2410,2410,2410,2410,200,0
MASTERPLAST.HU,5,20250618,102500,2400,2400,2400,2400,145,0
MASTERPLAST.HU,5,20250618,113000,2400,2400,2400,2400,75,0
MASTERPLAST.HU,5,20250618,114500,2400,2400,2400,2400,388,0
MASTERPLAST.HU,5,20250618,123500,2410,2410,2410,2410,6,0
MASTERPLAST.HU,5,20250618,131500,2410,2410,2410,2410,130,0
MASTERPLAST.HU,5,20250618,133000,2410,2410,2410,2410,15,0
MASTERPLAST.HU,5,20250618,154000,2410,2410,2410,2410,95,0
MASTERPLAST.HU,5,20250618,165000,2410,2410,2410,2410,96,0
MASTERPLAST.HU,5,20250618,165500,2390,2390,2390,2390,286,0
MASTERPLAST.HU,5,20250619,094000,2420,2420,2420,2420,19,0
MASTERPLAST.HU,5,20250619,104000,2410,2410,2410,2410,100,0
MASTERPLAST.HU,5,20250619,110000,2410,2410,2410,2410,22,0
MASTERPLAST.HU,5,20250619,124000,2400,2400,2400,2400,82,0
MASTERPLAST.HU,5,20250619,140000,2370,2370,2370,2370,382,0
MASTERPLAST.HU,5,20250619,142500,2360,2360,2360,2360,340,0
MASTERPLAST.HU,5,20250619,144500,2350,2350,2350,2350,291,0
MASTERPLAST.HU,5,20250619,153500,2420,2420,2420,2420,25,0
MASTERPLAST.HU,5,20250620,131000,2400,2400,2400,2400,200,0
MASTERPLAST.HU,5,20250620,145000,2400,2400,2400,2400,200,0
MASTERPLAST.HU,5,20250623,090000,2420,2420,2420,2420,312,0
MASTERPLAST.HU,5,20250623,091000,2410,2410,2410,2410,1,0
MASTERPLAST.HU,5,20250623,093000,2400,2400,2400,2400,100,0
MASTERPLAST.HU,5,20250623,102000,2390,2390,2390,2390,100,0
MASTERPLAST.HU,5,20250623,103500,2400,2400,2400,2400,300,0
MASTERPLAST.HU,5,20250623,124000,2390,2390,2390,2390,99,0
MASTERPLAST.HU,5,20250623,125000,2370,2370,2370,2370,2000,0
MASTERPLAST.HU,5,20250623,130500,2370,2370,2370,2370,980,0
MASTERPLAST.HU,5,20250623,141000,2400,2400,2400,2400,250,0
MASTERPLAST.HU,5,20250623,145000,2380,2380,2380,2380,100,0
MASTERPLAST.HU,5,20250624,115000,2360,2360,2360,2360,500,0
MASTERPLAST.HU,5,20250624,133500,2360,2360,2360,2360,319,0
MASTERPLAST.HU,5,20250624,145000,2380,2380,2380,2380,25,0
MASTERPLAST.HU,5,20250625,092000,2400,2400,2400,2400,35,0
MASTERPLAST.HU,5,20250625,101000,2420,2420,2420,2420,300,0
MASTERPLAST.HU,5,20250625,140500,2420,2420,2420,2420,2543,0
MASTERPLAST.HU,5,20250625,145500,2420,2420,2420,2420,40,0
MASTERPLAST.HU,5,20250625,161000,2420,2430,2420,2430,2529,0
MASTERPLAST.HU,5,20250625,164500,2420,2420,2420,2420,7,0
MASTERPLAST.HU,5,20250625,165500,2420,2450,2420,2450,864,0
MASTERPLAST.HU,5,20250626,092000,2420,2420,2420,2420,16,0
MASTERPLAST.HU,5,20250626,122000,2440,2440,2420,2420,845,0
MASTERPLAST.HU,5,20250626,123500,2450,2450,2450,2450,5,0
MASTERPLAST.HU,5,20250626,143000,2450,2460,2450,2460,800,0
MASTERPLAST.HU,5,20250626,152500,2420,2420,2420,2420,3000,0
MASTERPLAST.HU,5,20250626,154500,2420,2420,2420,2420,3000,0
MASTERPLAST.HU,5,20250626,165500,2440,2440,2440,2440,25,0
MASTERPLAST.HU,5,20250627,104000,2420,2420,2420,2420,1716,0
MASTERPLAST.HU,5,20250627,132000,2390,2400,2390,2400,440,0
MASTERPLAST.HU,5,20250627,132500,2400,2400,2400,2400,54,0
MASTERPLAST.HU,5,20250627,134000,2400,2400,2400,2400,100,0
MASTERPLAST.HU,5,20250627,143500,2400,2400,2390,2390,57,0
MASTERPLAST.HU,5,20250627,144000,2400,2400,2400,2400,25,0
MASTERPLAST.HU,5,20250627,165500,2400,2400,2400,2400,294,0
MASTERPLAST.HU,5,20250630,093000,2400,2400,2400,2400,10,0
MASTERPLAST.HU,5,20250630,095000,2390,2390,2390,2390,100,0
MASTERPLAST.HU,5,20250630,124500,2390,2390,2390,2390,100,0
MASTERPLAST.HU,5,20250630,132000,2400,2400,2400,2400,75,0
MASTERPLAST.HU,5,20250630,135000,2390,2390,2390,2390,15,0
MASTERPLAST.HU,5,20250630,145000,2380,2380,2380,2380,1569,0
MASTERPLAST.HU,5,20250630,153000,2430,2430,2430,2430,1591,0
MASTERPLAST.HU,5,20250630,155000,2390,2430,2390,2430,320,0
MASTERPLAST.HU,5,20250630,155500,2450,2450,2450,2450,1259,0
MASTERPLAST.HU,5,20250630,162000,2450,2450,2450,2450,200,0
MASTERPLAST.HU,5,20250630,163000,2480,2480,2480,2480,2467,0
MASTERPLAST.HU,5,20250630,163500,2480,2480,2480,2480,133,0
MASTERPLAST.HU,5,20250630,165500,2420,2420,2420,2420,152,0
MASTERPLAST.HU,5,20250701,094500,2470,2490,2470,2490,1991,0
MASTERPLAST.HU,5,20250701,095500,2500,2500,2430,2500,620,0
MASTERPLAST.HU,5,20250701,101000,2500,2500,2500,2500,200,0
MASTERPLAST.HU,5,20250701,102000,2510,2530,2510,2530,2062,0
MASTERPLAST.HU,5,20250701,103500,2530,2540,2530,2540,700,0
MASTERPLAST.HU,5,20250701,111500,2530,2530,2520,2520,346,0
MASTERPLAST.HU,5,20250701,112500,2530,2530,2530,2530,81,0
MASTERPLAST.HU,5,20250701,113000,2530,2530,2530,2530,1908,0
MASTERPLAST.HU,5,20250701,113500,2540,2540,2540,2540,10,0
MASTERPLAST.HU,5,20250701,114500,2550,2600,2550,2600,1348,0
MASTERPLAST.HU,5,20250701,115500,2600,2610,2600,2610,541,0
MASTERPLAST.HU,5,20250701,120000,2630,2630,2630,2630,6014,0
MASTERPLAST.HU,5,20250701,123000,2630,2630,2630,2630,40,0
MASTERPLAST.HU,5,20250701,123500,2610,2630,2610,2630,190,0
MASTERPLAST.HU,5,20250701,124000,2600,2600,2600,2600,300,0
MASTERPLAST.HU,5,20250701,124500,2600,2600,2600,2600,900,0
MASTERPLAST.HU,5,20250701,125000,2600,2600,2600,2600,50,0
MASTERPLAST.HU,5,20250701,125500,2600,2600,2600,2600,400,0
MASTERPLAST.HU,5,20250701,131000,2600,2600,2600,2600,1150,0
MASTERPLAST.HU,5,20250701,131500,2600,2600,2600,2600,459,0
MASTERPLAST.HU,5,20250701,134500,2540,2540,2540,2540,2104,0
MASTERPLAST.HU,5,20250701,140000,2540,2540,2540,2540,197,0
MASTERPLAST.HU,5,20250701,142000,2540,2540,2540,2540,209,0
MASTERPLAST.HU,5,20250701,143500,2580,2580,2580,2580,2000,0
MASTERPLAST.HU,5,20250701,144000,2580,2580,2580,2580,40,0
MASTERPLAST.HU,5,20250701,150500,2580,2580,2580,2580,48,0
MASTERPLAST.HU,5,20250701,165500,2580,2580,2580,2580,25,0
MASTERPLAST.HU,5,20250702,090000,2580,2580,2580,2580,150,0
MASTERPLAST.HU,5,20250702,093500,2520,2570,2520,2570,1000,0
MASTERPLAST.HU,5,20250702,095500,2580,2580,2580,2580,1000,0
MASTERPLAST.HU,5,20250702,100000,2590,2590,2590,2590,2070,0
MASTERPLAST.HU,5,20250702,103500,2590,2590,2590,2590,100,0
MASTERPLAST.HU,5,20250702,104000,2590,2610,2590,2600,2371,0
MASTERPLAST.HU,5,20250702,105000,2610,2610,2610,2610,98,0
MASTERPLAST.HU,5,20250702,105500,2630,2640,2630,2640,4454,0
MASTERPLAST.HU,5,20250702,111000,2640,2640,2640,2640,1580,0
MASTERPLAST.HU,5,20250702,111500,2640,2670,2640,2670,2767,0
MASTERPLAST.HU,5,20250702,113500,2680,2680,2680,2680,250,0
MASTERPLAST.HU,5,20250702,114000,2690,2690,2690,2690,1500,0
MASTERPLAST.HU,5,20250702,114500,2700,2730,2700,2730,1417,0
MASTERPLAST.HU,5,20250702,115000,2730,2740,2730,2740,319,0
MASTERPLAST.HU,5,20250702,115500,2660,2660,2660,2660,100,0
MASTERPLAST.HU,5,20250702,131000,2690,2690,2690,2690,212,0
MASTERPLAST.HU,5,20250702,133500,2700,2720,2700,2720,2762,0
MASTERPLAST.HU,5,20250702,134500,2730,2730,2730,2730,188,0
MASTERPLAST.HU,5,20250702,140000,2730,2730,2730,2730,744,0
MASTERPLAST.HU,5,20250702,140500,2730,2730,2730,2730,102,0
MASTERPLAST.HU,5,20250702,141000,2720,2720,2720,2720,100,0
MASTERPLAST.HU,5,20250702,143000,2710,2710,2710,2710,40,0
MASTERPLAST.HU,5,20250702,145500,2700,2700,2700,2700,100,0
MASTERPLAST.HU,5,20250702,151000,2700,2700,2700,2700,810,0
MASTERPLAST.HU,5,20250702,152000,2690,2700,2690,2700,2306,0
MASTERPLAST.HU,5,20250702,153000,2700,2700,2700,2700,50,0
MASTERPLAST.HU,5,20250702,155000,2690,2690,2690,2690,150,0
MASTERPLAST.HU,5,20250702,160000,2700,2700,2700,2700,550,0
MASTERPLAST.HU,5,20250702,161000,2690,2690,2690,2690,250,0
MASTERPLAST.HU,5,20250702,164500,2700,2700,2700,2700,50,0
MASTERPLAST.HU,5,20250702,165000,2690,2690,2690,2690,514,0
MASTERPLAST.HU,5,20250702,165500,2700,2700,2690,2690,1540,0
MASTERPLAST.HU,5,20250703,090000,2690,2690,2690,2690,2964,0
MASTERPLAST.HU,5,20250703,091000,2700,2700,2700,2700,150,0
MASTERPLAST.HU,5,20250703,092500,2720,2730,2720,2730,3586,0
MASTERPLAST.HU,5,20250703,093500,2730,2740,2730,2740,42,0
MASTERPLAST.HU,5,20250703,094500,2740,2750,2740,2750,1684,0
MASTERPLAST.HU,5,20250703,095000,2740,2740,2740,2740,816,0
MASTERPLAST.HU,5,20250703,095500,2750,2750,2750,2750,468,0
MASTERPLAST.HU,5,20250703,100500,2750,2760,2750,2760,515,0
MASTERPLAST.HU,5,20250703,101000,2750,2750,2750,2750,150,0
MASTERPLAST.HU,5,20250703,101500,2750,2750,2750,2750,100,0
MASTERPLAST.HU,5,20250703,103000,2750,2750,2750,2750,100,0
MASTERPLAST.HU,5,20250703,104000,2750,2750,2750,2750,8548,0
MASTERPLAST.HU,5,20250703,104500,2740,2740,2740,2740,110,0
MASTERPLAST.HU,5,20250703,105000,2730,2730,2730,2730,8,0
MASTERPLAST.HU,5,20250703,105500,2740,2740,2740,2740,30,0
MASTERPLAST.HU,5,20250703,110500,2740,2740,2740,2740,212,0
MASTERPLAST.HU,5,20250703,111000,2740,2740,2740,2740,100,0
MASTERPLAST.HU,5,20250703,113000,2750,2750,2750,2750,1600,0
MASTERPLAST.HU,5,20250703,114500,2730,2730,2730,2730,150,0
MASTERPLAST.HU,5,20250703,115000,2720,2740,2720,2740,775,0
MASTERPLAST.HU,5,20250703,115500,2740,2740,2740,2740,1525,0
MASTERPLAST.HU,5,20250703,120500,2700,2750,2700,2750,678,0
MASTERPLAST.HU,5,20250703,124000,2740,2740,2740,2740,42,0
MASTERPLAST.HU,5,20250703,133500,2740,2740,2740,2740,18,0
MASTERPLAST.HU,5,20250703,140000,2720,2730,2720,2730,200,0
MASTERPLAST.HU,5,20250703,151000,2730,2730,2730,2730,250,0
MASTERPLAST.HU,5,20250703,151500,2710,2710,2710,2710,90,0
MASTERPLAST.HU,5,20250703,163000,2710,2710,2710,2710,15,0
MASTERPLAST.HU,5,20250703,165000,2700,2700,2700,2700,100,0
MASTERPLAST.HU,5,20250704,090000,2700,2700,2700,2700,80,0
MASTERPLAST.HU,5,20250704,091000,2740,2740,2740,2740,100,0
MASTERPLAST.HU,5,20250704,095500,2710,2710,2710,2710,100,0
MASTERPLAST.HU,5,20250704,102500,2700,2700,2700,2700,208,0
MASTERPLAST.HU,5,20250704,104000,2700,2700,2700,2700,163,0
MASTERPLAST.HU,5,20250704,120000,2690,2690,2690,2690,20,0
MASTERPLAST.HU,5,20250704,123500,2670,2670,2670,2670,100,0
MASTERPLAST.HU,5,20250704,145000,2700,2700,2700,2700,974,0
MASTERPLAST.HU,5,20250704,153000,2700,2700,2700,2700,300,0
MASTERPLAST.HU,5,20250704,154000,2670,2670,2670,2670,7,0
MASTERPLAST.HU,5,20250704,154500,2670,2670,2670,2670,16,0
MASTERPLAST.HU,5,20250704,165000,2700,2700,2700,2700,355,0
MASTERPLAST.HU,5,20250704,165500,2700,2700,2700,2700,183,0
MASTERPLAST.HU,5,20250707,090000,2720,2720,2720,2720,600,0
MASTERPLAST.HU,5,20250707,090500,2740,2740,2740,2740,800,0
MASTERPLAST.HU,5,20250707,091500,2700,2730,2700,2730,202,0
MASTERPLAST.HU,5,20250707,092500,2720,2720,2720,2720,100,0
MASTERPLAST.HU,5,20250707,094000,2700,2700,2700,2700,40,0
MASTERPLAST.HU,5,20250707,104500,2700,2700,2700,2700,3,0
MASTERPLAST.HU,5,20250707,111500,2690,2690,2690,2690,31,0
MASTERPLAST.HU,5,20250707,122000,2690,2690,2690,2690,100,0
MASTERPLAST.HU,5,20250707,130500,2700,2700,2700,2700,39,0
MASTERPLAST.HU,5,20250707,131500,2690,2690,2690,2690,269,0
MASTERPLAST.HU,5,20250707,142500,2680,2680,2680,2680,440,0
MASTERPLAST.HU,5,20250707,144500,2690,2690,2690,2690,190,0
MASTERPLAST.HU,5,20250707,151000,2680,2680,2680,2680,314,0
MASTERPLAST.HU,5,20250707,152500,2680,2680,2680,2680,296,0
MASTERPLAST.HU,5,20250707,163500,2670,2670,2670,2670,30,0
MASTERPLAST.HU,5,20250707,164000,2740,2740,2690,2690,1800,0
MASTERPLAST.HU,5,20250707,164500,2690,2690,2690,2690,240,0
MASTERPLAST.HU,5,20250707,165500,2680,2680,2670,2670,235,0
MASTERPLAST.HU,5,20250708,120500,2670,2670,2670,2670,160,0
MASTERPLAST.HU,5,20250708,131500,2690,2690,2690,2690,8,0
MASTERPLAST.HU,5,20250708,135500,2660,2700,2660,2700,1985,0
MASTERPLAST.HU,5,20250708,145000,2650,2650,2650,2650,1950,0
MASTERPLAST.HU,5,20250708,164000,2650,2650,2650,2650,50,0
MASTERPLAST.HU,5,20250709,090000,2700,2700,2700,2700,32,0
MASTERPLAST.HU,5,20250709,094000,2660,2660,2660,2660,500,0
MASTERPLAST.HU,5,20250709,094500,2640,2640,2640,2640,1400,0
MASTERPLAST.HU,5,20250709,100500,2600,2600,2600,2600,230,0
MASTERPLAST.HU,5,20250709,101000,2600,2600,2600,2600,2354,0
MASTERPLAST.HU,5,20250709,104000,2620,2640,2620,2620,275,0
MASTERPLAST.HU,5,20250709,111000,2660,2660,2660,2660,500,0
MASTERPLAST.HU,5,20250709,115000,2660,2660,2660,2660,27,0
MASTERPLAST.HU,5,20250709,121500,2660,2660,2660,2660,1,0
MASTERPLAST.HU,5,20250709,152000,2650,2650,2650,2650,500,0
MASTERPLAST.HU,5,20250709,155000,2650,2650,2650,2650,130,0
MASTERPLAST.HU,5,20250710,092500,2620,2620,2600,2600,2220,0
MASTERPLAST.HU,5,20250710,093000,2590,2590,2590,2590,212,0
MASTERPLAST.HU,5,20250710,095000,2640,2640,2640,2640,1000,0
MASTERPLAST.HU,5,20250710,155000,2600,2600,2600,2600,1146,0
MASTERPLAST.HU,5,20250710,163500,2670,2670,2670,2670,500,0
MASTERPLAST.HU,5,20250710,165500,2670,2700,2670,2700,343,0
MASTERPLAST.HU,5,20250711,091000,2690,2690,2690,2690,5,0
MASTERPLAST.HU,5,20250711,091500,2690,2690,2690,2690,310,0
MASTERPLAST.HU,5,20250711,092000,2690,2700,2690,2700,1650,0
MASTERPLAST.HU,5,20250711,092500,2700,2700,2700,2700,100,0
MASTERPLAST.HU,5,20250711,094500,2680,2700,2680,2700,1085,0
MASTERPLAST.HU,5,20250711,095500,2700,2700,2700,2700,178,0
MASTERPLAST.HU,5,20250711,100000,2700,2700,2700,2700,50,0
MASTERPLAST.HU,5,20250711,100500,2700,2700,2700,2700,370,0
MASTERPLAST.HU,5,20250711,101000,2700,2700,2680,2680,158,0
MASTERPLAST.HU,5,20250711,101500,2700,2700,2700,2700,251,0
MASTERPLAST.HU,5,20250711,102000,2700,2700,2700,2700,284,0
MASTERPLAST.HU,5,20250711,102500,2700,2710,2700,2710,360,0
MASTERPLAST.HU,5,20250711,103000,2700,2700,2680,2680,798,0
MASTERPLAST.HU,5,20250711,103500,2680,2710,2680,2710,302,0
MASTERPLAST.HU,5,20250711,105000,2700,2700,2700,2700,20,0
MASTERPLAST.HU,5,20250711,105500,2700,2700,2700,2700,436,0
MASTERPLAST.HU,5,20250711,110500,2700,2700,2700,2700,114,0
MASTERPLAST.HU,5,20250711,112500,2720,2720,2720,2720,25,0
MASTERPLAST.HU,5,20250711,113000,2720,2720,2720,2720,900,0
MASTERPLAST.HU,5,20250711,113500,2730,2740,2730,2740,1539,0
MASTERPLAST.HU,5,20250711,114000,2740,2740,2740,2740,180,0
MASTERPLAST.HU,5,20250711,115000,2740,2740,2740,2740,50,0
MASTERPLAST.HU,5,20250711,115500,2720,2740,2720,2740,132,0
MASTERPLAST.HU,5,20250711,121000,2740,2740,2740,2740,2000,0
MASTERPLAST.HU,5,20250711,121500,2740,2750,2740,2750,3325,0
MASTERPLAST.HU,5,20250711,122000,2750,2750,2750,2750,500,0
MASTERPLAST.HU,5,20250711,122500,2750,2750,2750,2750,215,0
MASTERPLAST.HU,5,20250711,123000,2760,2760,2760,2760,1190,0
MASTERPLAST.HU,5,20250711,123500,2760,2770,2750,2770,1195,0
MASTERPLAST.HU,5,20250711,124000,2770,2780,2770,2780,1900,0
MASTERPLAST.HU,5,20250711,124500,2790,2790,2790,2790,6000,0
MASTERPLAST.HU,5,20250711,125000,2790,2800,2790,2800,1974,0
MASTERPLAST.HU,5,20250711,125500,2790,2790,2790,2790,810,0
MASTERPLAST.HU,5,20250711,130000,2790,2790,2790,2790,1050,0
MASTERPLAST.HU,5,20250711,130500,2780,2780,2780,2780,1791,0
MASTERPLAST.HU,5,20250711,131000,2780,2790,2780,2790,1330,0
MASTERPLAST.HU,5,20250711,131500,2790,2790,2790,2790,1798,0
MASTERPLAST.HU,5,20250711,132000,2790,2790,2780,2790,1550,0
MASTERPLAST.HU,5,20250711,132500,2790,2790,2790,2790,790,0
MASTERPLAST.HU,5,20250711,133000,2790,2790,2790,2790,125,0
MASTERPLAST.HU,5,20250711,133500,2790,2790,2790,2790,310,0
MASTERPLAST.HU,5,20250711,134000,2790,2810,2790,2790,4995,0
MASTERPLAST.HU,5,20250711,134500,2800,2800,2790,2790,1000,0
MASTERPLAST.HU,5,20250711,135000,2790,2790,2790,2790,1602,0
MASTERPLAST.HU,5,20250711,135500,2790,2800,2790,2790,4050,0
MASTERPLAST.HU,5,20250711,140000,2800,2800,2800,2800,148,0
MASTERPLAST.HU,5,20250711,141000,2800,2800,2790,2800,464,0
MASTERPLAST.HU,5,20250711,141500,2800,2800,2790,2800,1853,0
MASTERPLAST.HU,5,20250711,142000,2800,2800,2800,2800,102,0
MASTERPLAST.HU,5,20250711,143000,2800,2800,2790,2790,63,0
MASTERPLAST.HU,5,20250711,143500,2790,2790,2790,2790,100,0
MASTERPLAST.HU,5,20250711,144000,2790,2800,2790,2800,395,0
MASTERPLAST.HU,5,20250711,144500,2800,2800,2790,2800,876,0
MASTERPLAST.HU,5,20250711,145000,2790,2800,2790,2800,1673,0
MASTERPLAST.HU,5,20250711,145500,2800,2800,2800,2800,1220,0
MASTERPLAST.HU,5,20250711,150500,2780,2780,2780,2780,1000,0
MASTERPLAST.HU,5,20250711,151000,2790,2790,2790,2790,753,0
MASTERPLAST.HU,5,20250711,151500,2790,2800,2790,2800,995,0
MASTERPLAST.HU,5,20250711,152500,2800,2800,2800,2800,1150,0
MASTERPLAST.HU,5,20250711,153000,2790,2790,2790,2790,358,0
MASTERPLAST.HU,5,20250711,153500,2800,2800,2800,2800,25,0
MASTERPLAST.HU,5,20250711,154000,2800,2800,2800,2800,615,0
MASTERPLAST.HU,5,20250711,154500,2800,2800,2800,2800,1700,0
MASTERPLAST.HU,5,20250711,155500,2800,2800,2800,2800,1000,0
MASTERPLAST.HU,5,20250711,160500,2810,2810,2800,2800,899,0
MASTERPLAST.HU,5,20250711,161000,2800,2800,2800,2800,889,0
MASTERPLAST.HU,5,20250711,161500,2800,2800,2800,2800,371,0
MASTERPLAST.HU,5,20250711,162500,2810,2810,2810,2810,20,0
MASTERPLAST.HU,5,20250711,163500,2800,2800,2800,2800,500,0
MASTERPLAST.HU,5,20250711,164000,2810,2810,2790,2790,950,0
MASTERPLAST.HU,5,20250711,164500,2800,2800,2800,2800,172,0
MASTERPLAST.HU,5,20250711,165000,2810,2810,2810,2810,57,0
MASTERPLAST.HU,5,20250711,165500,2800,2800,2790,2790,338,0
MASTERPLAST.HU,5,20250714,090000,2800,2800,2770,2770,1585,0
MASTERPLAST.HU,5,20250714,091000,2780,2780,2780,2780,200,0
MASTERPLAST.HU,5,20250714,091500,2800,2800,2800,2800,650,0
MASTERPLAST.HU,5,20250714,092000,2790,2800,2790,2800,1178,0
MASTERPLAST.HU,5,20250714,092500,2820,2840,2820,2840,5321,0
MASTERPLAST.HU,5,20250714,093000,2850,2850,2840,2850,1159,0
MASTERPLAST.HU,5,20250714,093500,2840,2840,2840,2840,550,0
MASTERPLAST.HU,5,20250714,094000,2850,2850,2840,2840,1169,0
MASTERPLAST.HU,5,20250714,094500,2870,2870,2820,2820,4320,0
MASTERPLAST.HU,5,20250714,095000,2840,2850,2820,2850,787,0
MASTERPLAST.HU,5,20250714,095500,2850,2850,2830,2830,1225,0
MASTERPLAST.HU,5,20250714,100000,2850,2850,2840,2840,540,0
MASTERPLAST.HU,5,20250714,100500,2850,2860,2840,2860,2277,0
MASTERPLAST.HU,5,20250714,101000,2840,2860,2840,2850,2090,0
MASTERPLAST.HU,5,20250714,101500,2860,2860,2860,2860,483,0
MASTERPLAST.HU,5,20250714,102000,2860,2860,2860,2860,695,0
MASTERPLAST.HU,5,20250714,102500,2860,2870,2860,2870,315,0
MASTERPLAST.HU,5,20250714,103000,2870,2870,2870,2870,105,0
MASTERPLAST.HU,5,20250714,103500,2850,2860,2850,2860,187,0
MASTERPLAST.HU,5,20250714,104000,2850,2870,2850,2850,1010,0
MASTERPLAST.HU,5,20250714,104500,2870,2870,2870,2870,69,0
MASTERPLAST.HU,5,20250714,105000,2850,2850,2850,2850,200,0
MASTERPLAST.HU,5,20250714,105500,2870,2870,2870,2870,300,0
MASTERPLAST.HU,5,20250714,110000,2860,2860,2860,2860,52,0
MASTERPLAST.HU,5,20250714,110500,2860,2860,2860,2860,31,0
MASTERPLAST.HU,5,20250714,111000,2850,2850,2850,2850,300,0
MASTERPLAST.HU,5,20250714,111500,2860,2860,2860,2860,394,0
MASTERPLAST.HU,5,20250714,112000,2870,2870,2870,2870,340,0
MASTERPLAST.HU,5,20250714,112500,2870,2870,2850,2850,1822,0
MASTERPLAST.HU,5,20250714,114500,2870,2870,2870,2870,1,0
MASTERPLAST.HU,5,20250714,115000,2870,2870,2850,2850,395,0
MASTERPLAST.HU,5,20250714,115500,2860,2860,2860,2860,294,0
MASTERPLAST.HU,5,20250714,120000,2860,2870,2860,2870,1069,0
MASTERPLAST.HU,5,20250714,120500,2850,2850,2850,2850,2338,0
MASTERPLAST.HU,5,20250714,121000,2860,2860,2860,2860,10,0
MASTERPLAST.HU,5,20250714,121500,2870,2870,2870,2870,300,0
MASTERPLAST.HU,5,20250714,122000,2870,2870,2870,2870,1600,0
MASTERPLAST.HU,5,20250714,123500,2870,2870,2870,2870,222,0
MASTERPLAST.HU,5,20250714,124000,2870,2870,2870,2870,780,0
MASTERPLAST.HU,5,20250714,124500,2880,2880,2880,2880,10,0
MASTERPLAST.HU,5,20250714,130000,2870,2870,2870,2870,250,0
MASTERPLAST.HU,5,20250714,130500,2880,2880,2880,2880,216,0
MASTERPLAST.HU,5,20250714,131000,2880,2880,2880,2880,340,0
MASTERPLAST.HU,5,20250714,132000,2880,2880,2880,2880,949,0
MASTERPLAST.HU,5,20250714,133500,2880,2890,2880,2880,1775,0
MASTERPLAST.HU,5,20250714,134000,2900,2900,2900,2900,5100,0
MASTERPLAST.HU,5,20250714,134500,2910,2910,2910,2910,1982,0
MASTERPLAST.HU,5,20250714,135000,2920,2920,2880,2920,2395,0
MASTERPLAST.HU,5,20250714,135500,2910,2910,2910,2910,519,0
MASTERPLAST.HU,5,20250714,140000,2910,2930,2910,2910,2281,0
MASTERPLAST.HU,5,20250714,140500,2910,2910,2910,2910,27,0
MASTERPLAST.HU,5,20250714,141000,2910,2910,2910,2910,92,0
MASTERPLAST.HU,5,20250714,141500,2900,2900,2900,2900,796,0
MASTERPLAST.HU,5,20250714,142000,2880,2930,2880,2930,3139,0
MASTERPLAST.HU,5,20250714,142500,2930,2930,2930,2930,250,0
MASTERPLAST.HU,5,20250714,143500,2930,2930,2930,2930,150,0
MASTERPLAST.HU,5,20250714,144000,2930,2930,2930,2930,168,0
MASTERPLAST.HU,5,20250714,144500,2930,2930,2910,2910,64,0
MASTERPLAST.HU,5,20250714,145000,2930,2930,2930,2930,150,0
MASTERPLAST.HU,5,20250714,145500,2920,2930,2920,2930,163,0
MASTERPLAST.HU,5,20250714,150500,2920,2930,2920,2930,262,0
MASTERPLAST.HU,5,20250714,151000,2930,2930,2930,2930,548,0
MASTERPLAST.HU,5,20250714,151500,2930,2930,2930,2930,1028,0
MASTERPLAST.HU,5,20250714,152000,2920,2930,2920,2930,269,0
MASTERPLAST.HU,5,20250714,153000,2930,2930,2920,2920,130,0
MASTERPLAST.HU,5,20250714,153500,2930,2930,2930,2930,60,0
MASTERPLAST.HU,5,20250714,154500,2930,2930,2930,2930,290,0
MASTERPLAST.HU,5,20250714,160500,2920,2920,2910,2910,2740,0
MASTERPLAST.HU,5,20250714,161000,2930,2930,2920,2930,717,0
MASTERPLAST.HU,5,20250714,161500,2930,2930,2930,2930,1661,0
MASTERPLAST.HU,5,20250714,162000,2930,2930,2930,2930,1000,0
MASTERPLAST.HU,5,20250714,162500,2950,2950,2950,2950,1720,0
MASTERPLAST.HU,5,20250714,163500,2950,2950,2950,2950,2016,0
MASTERPLAST.HU,5,20250714,164000,2930,2930,2920,2920,235,0
MASTERPLAST.HU,5,20250714,165500,2950,2980,2950,2950,9353,0
MASTERPLAST.HU,5,20250715,090000,2950,2980,2930,2930,3644,0
MASTERPLAST.HU,5,20250715,092000,2950,2950,2950,2950,705,0
MASTERPLAST.HU,5,20250715,092500,2960,2980,2960,2980,1140,0
MASTERPLAST.HU,5,20250715,093500,2970,2970,2970,2970,60,0
MASTERPLAST.HU,5,20250715,094000,2970,2970,2970,2970,35,0
MASTERPLAST.HU,5,20250715,094500,2960,2970,2960,2970,209,0
MASTERPLAST.HU,5,20250715,095000,2970,2970,2970,2970,250,0
MASTERPLAST.HU,5,20250715,095500,2970,2970,2970,2970,115,0
MASTERPLAST.HU,5,20250715,100000,2980,2980,2950,2950,4246,0
MASTERPLAST.HU,5,20250715,100500,2970,2970,2930,2970,2526,0
MASTERPLAST.HU,5,20250715,101000,2970,2970,2950,2970,3175,0
MASTERPLAST.HU,5,20250715,101500,2970,2970,2950,2960,484,0
MASTERPLAST.HU,5,20250715,102000,2970,2970,2970,2970,995,0
MASTERPLAST.HU,5,20250715,102500,2970,2970,2950,2960,218,0
MASTERPLAST.HU,5,20250715,103000,2960,2960,2960,2960,35,0
MASTERPLAST.HU,5,20250715,103500,2970,2970,2970,2970,125,0
MASTERPLAST.HU,5,20250715,104000,2960,2970,2960,2960,811,0
MASTERPLAST.HU,5,20250715,104500,2940,2940,2940,2940,400,0
MASTERPLAST.HU,5,20250715,105500,2950,2960,2950,2960,1075,0
MASTERPLAST.HU,5,20250715,111500,2940,2940,2940,2940,100,0
MASTERPLAST.HU,5,20250715,112000,2910,2910,2910,2910,1450,0
MASTERPLAST.HU,5,20250715,113000,2930,2930,2900,2910,2962,0
MASTERPLAST.HU,5,20250715,113500,2910,2910,2910,2910,50,0
MASTERPLAST.HU,5,20250715,114000,2840,2890,2840,2890,1148,0
MASTERPLAST.HU,5,20250715,114500,2850,2850,2850,2850,30,0
MASTERPLAST.HU,5,20250715,115000,2850,2850,2850,2850,115,0
MASTERPLAST.HU,5,20250715,115500,2850,2850,2850,2850,5,0
MASTERPLAST.HU,5,20250715,120500,2840,2910,2840,2910,540,0
MASTERPLAST.HU,5,20250715,123000,2910,2910,2910,2910,114,0
MASTERPLAST.HU,5,20250715,123500,2910,2910,2910,2910,154,0
MASTERPLAST.HU,5,20250715,124000,2910,2910,2910,2910,60,0
MASTERPLAST.HU,5,20250715,125000,2860,2860,2860,2860,452,0
MASTERPLAST.HU,5,20250715,130500,2900,2900,2900,2900,691,0
MASTERPLAST.HU,5,20250715,140000,2890,2890,2890,2890,800,0
MASTERPLAST.HU,5,20250715,142000,2880,2880,2880,2880,3,0
MASTERPLAST.HU,5,20250715,142500,2860,2860,2860,2860,320,0
MASTERPLAST.HU,5,20250715,143000,2860,2860,2860,2860,200,0
MASTERPLAST.HU,5,20250715,143500,2880,2880,2880,2880,31,0
MASTERPLAST.HU,5,20250715,152000,2880,2880,2880,2880,75,0
MASTERPLAST.HU,5,20250715,155500,2900,2900,2900,2900,400,0
MASTERPLAST.HU,5,20250715,161500,2900,2900,2890,2890,318,0
MASTERPLAST.HU,5,20250715,164500,2900,2900,2900,2900,85,0
MASTERPLAST.HU,5,20250715,165500,2900,2900,2900,2900,405,0
MASTERPLAST.HU,5,20250716,090000,2900,2900,2880,2880,242,0
MASTERPLAST.HU,5,20250716,090500,2900,2900,2900,2900,45,0
MASTERPLAST.HU,5,20250716,091500,2880,2880,2880,2880,66,0
MASTERPLAST.HU,5,20250716,100500,2880,2880,2880,2880,61,0
MASTERPLAST.HU,5,20250716,102000,2850,2850,2850,2850,629,0
MASTERPLAST.HU,5,20250716,102500,2890,2890,2890,2890,63,0
MASTERPLAST.HU,5,20250716,103500,2850,2850,2850,2850,951,0
MASTERPLAST.HU,5,20250716,110000,2850,2850,2850,2850,2,0
MASTERPLAST.HU,5,20250716,111500,2850,2850,2850,2850,1447,0
MASTERPLAST.HU,5,20250716,113000,2890,2890,2890,2890,4,0
MASTERPLAST.HU,5,20250716,114500,2890,2890,2890,2890,500,0
MASTERPLAST.HU,5,20250716,120500,2890,2890,2890,2890,247,0
MASTERPLAST.HU,5,20250716,124500,2900,2900,2900,2900,513,0
MASTERPLAST.HU,5,20250716,125000,2900,2900,2900,2900,350,0
MASTERPLAST.HU,5,20250716,130000,2890,2890,2890,2890,203,0
MASTERPLAST.HU,5,20250716,132000,2850,2850,2850,2850,142,0
MASTERPLAST.HU,5,20250716,141500,2890,2890,2890,2890,207,0
MASTERPLAST.HU,5,20250716,144500,2860,2860,2860,2860,87,0
MASTERPLAST.HU,5,20250716,154000,2880,2880,2880,2880,100,0
MASTERPLAST.HU,5,20250716,155500,2890,2890,2890,2890,10,0
MASTERPLAST.HU,5,20250716,160000,2890,2890,2890,2890,25,0
MASTERPLAST.HU,5,20250716,164500,2880,2880,2880,2880,150,0
MASTERPLAST.HU,5,20250716,165000,2860,2890,2860,2890,52,0
MASTERPLAST.HU,5,20250716,165500,2860,2860,2860,2860,999,0
MASTERPLAST.HU,5,20250717,090000,2860,2860,2850,2850,385,0
MASTERPLAST.HU,5,20250717,091500,2860,2860,2860,2860,45,0
MASTERPLAST.HU,5,20250717,092000,2860,2860,2860,2860,1225,0
MASTERPLAST.HU,5,20250717,093000,2860,2900,2860,2900,819,0
MASTERPLAST.HU,5,20250717,094500,2890,2890,2890,2890,50,0
MASTERPLAST.HU,5,20250717,095000,2890,2890,2890,2890,25,0
MASTERPLAST.HU,5,20250717,095500,2900,2900,2900,2900,540,0
MASTERPLAST.HU,5,20250717,102000,2920,2920,2920,2920,340,0
MASTERPLAST.HU,5,20250717,102500,2920,2920,2920,2920,130,0
MASTERPLAST.HU,5,20250717,104000,2930,2930,2930,2930,20,0
MASTERPLAST.HU,5,20250717,105000,2920,2920,2920,2920,110,0
MASTERPLAST.HU,5,20250717,105500,2920,2920,2920,2920,43,0
MASTERPLAST.HU,5,20250717,110000,2920,2920,2900,2900,450,0
MASTERPLAST.HU,5,20250717,110500,2930,2930,2930,2930,200,0
MASTERPLAST.HU,5,20250717,111000,2930,2930,2930,2930,1000,0
MASTERPLAST.HU,5,20250717,112500,2900,2900,2900,2900,120,0
MASTERPLAST.HU,5,20250717,114500,2930,2930,2930,2930,852,0
MASTERPLAST.HU,5,20250717,115000,2930,2930,2930,2930,20,0
MASTERPLAST.HU,5,20250717,121000,2940,2940,2940,2940,243,0
MASTERPLAST.HU,5,20250717,123500,2910,2910,2910,2910,222,0
MASTERPLAST.HU,5,20250717,124000,2940,2940,2940,2940,350,0
MASTERPLAST.HU,5,20250717,124500,2940,2940,2940,2940,455,0
MASTERPLAST.HU,5,20250717,125000,2940,2940,2940,2940,55,0
MASTERPLAST.HU,5,20250717,125500,2950,2950,2950,2950,500,0
MASTERPLAST.HU,5,20250717,131000,2950,2950,2950,2950,47,0
MASTERPLAST.HU,5,20250717,133000,2940,2940,2940,2940,45,0
MASTERPLAST.HU,5,20250717,133500,2940,2940,2940,2940,34,0
MASTERPLAST.HU,5,20250717,134000,2930,2930,2930,2930,200,0
MASTERPLAST.HU,5,20250717,135000,2940,2940,2940,2940,650,0
MASTERPLAST.HU,5,20250717,135500,2930,2930,2930,2930,35,0
MASTERPLAST.HU,5,20250717,141500,2920,2920,2920,2920,500,0
MASTERPLAST.HU,5,20250717,142000,2920,2920,2920,2920,673,0
MASTERPLAST.HU,5,20250717,143000,2930,2930,2930,2930,50,0
MASTERPLAST.HU,5,20250717,150500,2940,2940,2940,2940,30,0
MASTERPLAST.HU,5,20250717,152000,2940,2950,2940,2950,200,0
MASTERPLAST.HU,5,20250717,153500,2950,2950,2910,2950,500,0
MASTERPLAST.HU,5,20250717,160000,2920,2920,2920,2920,1,0
MASTERPLAST.HU,5,20250717,161000,2900,2900,2900,2900,2000,0
MASTERPLAST.HU,5,20250717,164500,2930,2930,2930,2930,20,0
MASTERPLAST.HU,5,20250717,165000,2930,2930,2930,2930,50,0
MASTERPLAST.HU,5,20250717,165500,2900,2900,2900,2900,6,0
MASTERPLAST.HU,5,20250718,090000,2900,2930,2900,2930,20,0
MASTERPLAST.HU,5,20250718,090500,2900,2930,2900,2930,121,0
MASTERPLAST.HU,5,20250718,091000,2930,2930,2930,2930,94,0
MASTERPLAST.HU,5,20250718,091500,2930,2930,2930,2930,730,0
MASTERPLAST.HU,5,20250718,094000,2950,2950,2950,2950,300,0
MASTERPLAST.HU,5,20250718,101500,2950,2950,2950,2950,250,0
MASTERPLAST.HU,5,20250718,102000,2940,2940,2940,2940,34,0
MASTERPLAST.HU,5,20250718,104000,2930,2930,2930,2930,449,0
MASTERPLAST.HU,5,20250718,104500,2930,2930,2930,2930,10,0
MASTERPLAST.HU,5,20250718,112000,2900,2900,2900,2900,600,0
MASTERPLAST.HU,5,20250718,124000,2900,2900,2900,2900,50,0
MASTERPLAST.HU,5,20250718,133000,2920,2920,2920,2920,100,0
MASTERPLAST.HU,5,20250718,140000,2940,2940,2940,2940,900,0
MASTERPLAST.HU,5,20250718,141000,2940,2940,2940,2940,299,0
MASTERPLAST.HU,5,20250718,142000,2940,2940,2940,2940,35,0
MASTERPLAST.HU,5,20250718,144500,2940,2940,2940,2940,1,0
MASTERPLAST.HU,5,20250718,145000,2940,2940,2940,2940,40,0
MASTERPLAST.HU,5,20250718,151500,2940,2940,2940,2940,80,0
MASTERPLAST.HU,5,20250718,154000,2940,2940,2940,2940,40,0
MASTERPLAST.HU,5,20250718,161500,2940,2940,2940,2940,103,0
MASTERPLAST.HU,5,20250718,162500,2940,2940,2940,2940,100,0
MASTERPLAST.HU,5,20250718,165000,2920,2920,2920,2920,40,0
MASTERPLAST.HU,5,20250721,090000,2920,2920,2920,2920,260,0
MASTERPLAST.HU,5,20250721,092000,2900,2900,2900,2900,1450,0
MASTERPLAST.HU,5,20250721,093000,2920,2920,2920,2920,200,0
MASTERPLAST.HU,5,20250721,101500,2900,2900,2900,2900,90,0
MASTERPLAST.HU,5,20250721,104500,2920,2920,2920,2920,7,0
MASTERPLAST.HU,5,20250721,105500,2900,2900,2900,2900,375,0
MASTERPLAST.HU,5,20250721,110500,2920,2920,2920,2920,88,0
MASTERPLAST.HU,5,20250721,113000,2920,2920,2920,2920,282,0
MASTERPLAST.HU,5,20250721,152000,2920,2920,2920,2920,8,0
MASTERPLAST.HU,5,20250721,155000,2900,2900,2900,2900,121,0
MASTERPLAST.HU,5,20250721,163500,2900,2900,2900,2900,853,0
MASTERPLAST.HU,5,20250721,164000,2890,2890,2880,2880,450,0
MASTERPLAST.HU,5,20250721,165500,2920,2920,2920,2920,279,0
MASTERPLAST.HU,5,20250722,092000,2940,2940,2940,2940,10,0
MASTERPLAST.HU,5,20250722,093500,2900,2900,2900,2900,50,0
MASTERPLAST.HU,5,20250722,102500,2900,2900,2900,2900,278,0
MASTERPLAST.HU,5,20250722,103000,2890,2890,2890,2890,100,0
MASTERPLAST.HU,5,20250722,121000,2800,2800,2800,2800,5555,0
MASTERPLAST.HU,5,20250722,130000,2890,2890,2890,2890,100,0
MASTERPLAST.HU,5,20250722,131500,2890,2890,2890,2890,9,0
MASTERPLAST.HU,5,20250722,132500,2900,2900,2900,2900,742,0
MASTERPLAST.HU,5,20250722,133000,2840,2840,2840,2840,161,0
MASTERPLAST.HU,5,20250722,133500,2840,2840,2840,2840,50,0
MASTERPLAST.HU,5,20250722,134000,2840,2890,2840,2890,19,0
MASTERPLAST.HU,5,20250722,163500,2850,2850,2850,2850,53,0
MASTERPLAST.HU,5,20250722,165500,2880,2880,2880,2880,59,0
MASTERPLAST.HU,5,20250723,090000,2890,2890,2890,2890,40,0
MASTERPLAST.HU,5,20250723,094500,2890,2890,2890,2890,93,0
MASTERPLAST.HU,5,20250723,102000,2890,2890,2890,2890,347,0
MASTERPLAST.HU,5,20250723,103000,2840,2840,2840,2840,270,0
MASTERPLAST.HU,5,20250723,105000,2840,2840,2840,2840,241,0
MASTERPLAST.HU,5,20250723,125000,2900,2900,2900,2900,47,0
MASTERPLAST.HU,5,20250723,135000,2860,2860,2860,2860,200,0
MASTERPLAST.HU,5,20250723,144000,2850,2850,2850,2850,270,0
MASTERPLAST.HU,5,20250723,144500,2890,2890,2890,2890,31,0
MASTERPLAST.HU,5,20250723,153000,2850,2850,2850,2850,270,0
MASTERPLAST.HU,5,20250723,163000,2860,2860,2860,2860,120,0
MASTERPLAST.HU,5,20250723,163500,2890,2890,2890,2890,301,0
MASTERPLAST.HU,5,20250723,165500,2860,2860,2860,2860,9,0
MASTERPLAST.HU,5,20250724,090000,2860,2860,2860,2860,328,0
MASTERPLAST.HU,5,20250724,090500,2900,2900,2900,2900,130,0
MASTERPLAST.HU,5,20250724,092000,2910,2910,2910,2910,1200,0
MASTERPLAST.HU,5,20250724,102500,2860,2860,2860,2860,30,0
MASTERPLAST.HU,5,20250724,104000,2900,2900,2900,2900,988,0
MASTERPLAST.HU,5,20250724,120000,2890,2890,2890,2890,90,0
MASTERPLAST.HU,5,20250724,130000,2850,2850,2850,2850,2465,0
MASTERPLAST.HU,5,20250724,132500,2840,2840,2830,2830,3628,0
MASTERPLAST.HU,5,20250724,135000,2840,2840,2840,2840,72,0
MASTERPLAST.HU,5,20250724,135500,2830,2830,2830,2830,195,0
MASTERPLAST.HU,5,20250724,140500,2830,2830,2830,2830,46,0
MASTERPLAST.HU,5,20250724,141500,2840,2840,2840,2840,11,0
MASTERPLAST.HU,5,20250724,143000,2840,2840,2840,2840,374,0
MASTERPLAST.HU,5,20250724,145500,2830,2830,2820,2820,230,0
MASTERPLAST.HU,5,20250724,151500,2820,2820,2820,2820,260,0
MASTERPLAST.HU,5,20250724,162000,2850,2850,2850,2850,11,0
MASTERPLAST.HU,5,20250724,163500,2850,2850,2850,2850,10,0
MASTERPLAST.HU,5,20250724,164000,2800,2800,2800,2800,3000,0
MASTERPLAST.HU,5,20250724,165500,2840,2840,2840,2840,10,0
MASTERPLAST.HU,5,20250725,090000,2890,2890,2880,2880,200,0
MASTERPLAST.HU,5,20250725,090500,2850,2850,2850,2850,46,0
MASTERPLAST.HU,5,20250725,095000,2880,2880,2880,2880,40,0
MASTERPLAST.HU,5,20250725,102000,2880,2880,2880,2880,18,0
MASTERPLAST.HU,5,20250725,102500,2880,2880,2880,2880,450,0
MASTERPLAST.HU,5,20250725,105000,2850,2850,2850,2850,1050,0
MASTERPLAST.HU,5,20250725,112000,2840,2840,2840,2840,125,0
MASTERPLAST.HU,5,20250725,115000,2840,2840,2840,2840,10,0
MASTERPLAST.HU,5,20250725,132000,2840,2840,2840,2840,1090,0
MASTERPLAST.HU,5,20250725,142500,2830,2830,2830,2830,40,0
MASTERPLAST.HU,5,20250725,145000,2830,2830,2830,2830,100,0
MASTERPLAST.HU,5,20250725,145500,2830,2830,2830,2830,1,0
MASTERPLAST.HU,5,20250725,150500,2830,2830,2830,2830,60,0
MASTERPLAST.HU,5,20250725,152500,2820,2820,2820,2820,230,0
MASTERPLAST.HU,5,20250725,153500,2830,2830,2830,2830,14,0
MASTERPLAST.HU,5,20250725,154500,2810,2810,2810,2810,300,0
MASTERPLAST.HU,5,20250725,155000,2810,2810,2810,2810,941,0
MASTERPLAST.HU,5,20250725,160500,2850,2850,2850,2850,30,0
MASTERPLAST.HU,5,20250725,161000,2840,2840,2840,2840,200,0
MASTERPLAST.HU,5,20250725,163500,2840,2840,2840,2840,122,0
MASTERPLAST.HU,5,20250725,165500,2830,2830,2830,2830,11,0
MASTERPLAST.HU,5,20250728,091500,2820,2910,2820,2910,4231,0
MASTERPLAST.HU,5,20250728,092000,2910,2910,2910,2910,169,0
MASTERPLAST.HU,5,20250728,092500,2840,2840,2840,2840,700,0
MASTERPLAST.HU,5,20250728,093500,2900,2900,2900,2900,35,0
MASTERPLAST.HU,5,20250728,095000,2900,2900,2900,2900,365,0
MASTERPLAST.HU,5,20250728,101500,2900,2900,2900,2900,50,0
MASTERPLAST.HU,5,20250728,102500,2860,2860,2860,2860,100,0
MASTERPLAST.HU,5,20250728,111500,2900,2900,2900,2900,50,0
MASTERPLAST.HU,5,20250728,120000,2900,2900,2900,2900,88,0
MASTERPLAST.HU,5,20250728,124500,2900,2900,2900,2900,9,0
MASTERPLAST.HU,5,20250728,140500,2890,2890,2890,2890,162,0
MASTERPLAST.HU,5,20250728,141500,2890,2890,2890,2890,130,0
MASTERPLAST.HU,5,20250728,143500,2890,2890,2890,2890,25,0
MASTERPLAST.HU,5,20250728,144500,2890,2890,2890,2890,35,0
MASTERPLAST.HU,5,20250728,145000,2890,2890,2890,2890,35,0
MASTERPLAST.HU,5,20250728,162000,2890,2890,2890,2890,60,0
MASTERPLAST.HU,5,20250728,164500,2890,2890,2890,2890,155,0
MASTERPLAST.HU,5,20250729,090000,2890,2890,2890,2890,100,0
MASTERPLAST.HU,5,20250729,093000,2850,2850,2850,2850,393,0
MASTERPLAST.HU,5,20250729,102000,2880,2880,2880,2880,200,0
MASTERPLAST.HU,5,20250729,103000,2880,2880,2880,2880,100,0
MASTERPLAST.HU,5,20250729,103500,2890,2890,2890,2890,50,0
MASTERPLAST.HU,5,20250729,105500,2890,2890,2890,2890,100,0
MASTERPLAST.HU,5,20250729,112000,2840,2840,2840,2840,1600,0
MASTERPLAST.HU,5,20250729,115500,2880,2880,2880,2880,12,0
MASTERPLAST.HU,5,20250729,121500,2880,2880,2880,2880,138,0
MASTERPLAST.HU,5,20250729,145500,2880,2880,2880,2880,54,0
MASTERPLAST.HU,5,20250729,151500,2880,2880,2880,2880,64,0
MASTERPLAST.HU,5,20250729,153500,2880,2880,2880,2880,350,0
MASTERPLAST.HU,5,20250729,154000,2800,2800,2800,2800,3000,0
MASTERPLAST.HU,5,20250729,155000,2790,2790,2790,2790,1526,0
MASTERPLAST.HU,5,20250729,160000,2800,2800,2800,2800,180,0
MASTERPLAST.HU,5,20250729,160500,2800,2800,2800,2800,95,0
MASTERPLAST.HU,5,20250729,161000,2860,2860,2860,2860,50,0
MASTERPLAST.HU,5,20250729,162000,2860,2860,2860,2860,179,0
MASTERPLAST.HU,5,20250730,090000,2860,2860,2860,2860,172,0
MASTERPLAST.HU,5,20250730,092500,2860,2860,2860,2860,159,0
MASTERPLAST.HU,5,20250730,094000,2860,2860,2860,2860,70,0
MASTERPLAST.HU,5,20250730,101500,2860,2860,2860,2860,23,0
MASTERPLAST.HU,5,20250730,111500,2850,2850,2850,2850,5,0
MASTERPLAST.HU,5,20250730,122500,2860,2860,2860,2860,27,0
MASTERPLAST.HU,5,20250730,134000,2870,2870,2870,2870,50,0
MASTERPLAST.HU,5,20250730,143500,2850,2870,2850,2870,760,0
MASTERPLAST.HU,5,20250731,091000,2850,2850,2850,2850,12,0
MASTERPLAST.HU,5,20250731,091500,2850,2850,2850,2850,100,0
MASTERPLAST.HU,5,20250731,101500,2850,2850,2850,2850,163,0
MASTERPLAST.HU,5,20250731,102500,2850,2850,2850,2850,50,0
MASTERPLAST.HU,5,20250731,111500,2850,2850,2850,2850,185,0
MASTERPLAST.HU,5,20250731,114500,2850,2850,2850,2850,600,0
MASTERPLAST.HU,5,20250731,115500,2900,2900,2900,2900,3670,0
MASTERPLAST.HU,5,20250731,130500,2890,2890,2890,2890,5,0
MASTERPLAST.HU,5,20250731,145000,2840,2840,2840,2840,330,0
MASTERPLAST.HU,5,20250731,160500,2890,2890,2890,2890,1005,0
MASTERPLAST.HU,5,20250731,161500,2890,2890,2890,2890,150,0
MASTERPLAST.HU,5,20250731,162000,2890,2890,2890,2890,295,0
MASTERPLAST.HU,5,20250801,090000,2850,2850,2850,2850,60,0
MASTERPLAST.HU,5,20250801,090500,2850,2850,2850,2850,70,0
MASTERPLAST.HU,5,20250801,101500,2850,2850,2850,2850,222,0
MASTERPLAST.HU,5,20250801,102000,2840,2840,2840,2840,350,0
MASTERPLAST.HU,5,20250801,112500,2830,2830,2830,2830,140,0
MASTERPLAST.HU,5,20250801,113500,2840,2840,2840,2840,371,0
MASTERPLAST.HU,5,20250801,114500,2840,2840,2840,2840,19,0
MASTERPLAST.HU,5,20250801,115000,2840,2840,2840,2840,30,0
MASTERPLAST.HU,5,20250801,122000,2840,2840,2840,2840,80,0
MASTERPLAST.HU,5,20250801,131000,2830,2830,2830,2830,48,0
MASTERPLAST.HU,5,20250801,135000,2870,2870,2870,2870,10,0
MASTERPLAST.HU,5,20250801,140000,2860,2860,2860,2860,40,0
MASTERPLAST.HU,5,20250801,141000,2880,2880,2880,2880,200,0
MASTERPLAST.HU,5,20250801,141500,2880,2880,2880,2880,300,0
MASTERPLAST.HU,5,20250801,144500,2880,2880,2880,2880,9,0
MASTERPLAST.HU,5,20250801,161000,2830,2830,2830,2830,80,0
MASTERPLAST.HU,5,20250801,163500,2820,2820,2820,2820,716,0
MASTERPLAST.HU,5,20250801,165500,2830,2830,2830,2830,7,0
MASTERPLAST.HU,5,20250804,090000,2830,2830,2830,2830,10,0
MASTERPLAST.HU,5,20250804,091000,2830,2830,2810,2830,505,0
MASTERPLAST.HU,5,20250804,091500,2820,2820,2820,2820,12,0
MASTERPLAST.HU,5,20250804,101000,2840,2840,2820,2820,100,0
MASTERPLAST.HU,5,20250804,121500,2850,2850,2850,2850,3,0
MASTERPLAST.HU,5,20250804,122500,2840,2840,2840,2840,1,0
MASTERPLAST.HU,5,20250804,140500,2850,2850,2850,2850,35,0
MASTERPLAST.HU,5,20250804,155500,2850,2850,2850,2850,1354,0
MASTERPLAST.HU,5,20250804,163000,2840,2840,2820,2820,180,0
MASTERPLAST.HU,5,20250804,164000,2850,2850,2850,2850,200,0
MASTERPLAST.HU,5,20250804,164500,2820,2820,2820,2820,25,0
MASTERPLAST.HU,5,20250804,165500,2850,2850,2850,2850,5,0
MASTERPLAST.HU,5,20250805,090000,2810,2810,2810,2810,300,0
MASTERPLAST.HU,5,20250805,091000,2840,2840,2840,2840,26,0
MASTERPLAST.HU,5,20250805,095000,2820,2820,2820,2820,100,0
MASTERPLAST.HU,5,20250805,100000,2820,2820,2820,2820,22,0
MASTERPLAST.HU,5,20250805,102500,2820,2820,2820,2820,50,0
MASTERPLAST.HU,5,20250805,104000,2810,2810,2810,2810,100,0
MASTERPLAST.HU,5,20250805,110000,2840,2840,2840,2840,8,0
MASTERPLAST.HU,5,20250805,113000,2840,2840,2840,2840,50,0
MASTERPLAST.HU,5,20250805,124000,2810,2810,2810,2810,100,0
MASTERPLAST.HU,5,20250805,131000,2840,2840,2840,2840,20,0
MASTERPLAST.HU,5,20250805,134500,2840,2840,2840,2840,100,0
MASTERPLAST.HU,5,20250805,135500,2850,2850,2850,2850,352,0
MASTERPLAST.HU,5,20250805,151000,2850,2850,2850,2850,57,0
MASTERPLAST.HU,5,20250805,162000,2820,2820,2820,2820,150,0
MASTERPLAST.HU,5,20250805,164000,2820,2820,2820,2820,107,0
MASTERPLAST.HU,5,20250805,165500,2840,2840,2840,2840,1945,0
MASTERPLAST.HU,5,20250806,121500,2820,2820,2820,2820,150,0
MASTERPLAST.HU,5,20250806,132500,2820,2820,2820,2820,200,0
MASTERPLAST.HU,5,20250806,140500,2810,2810,2810,2810,2500,0
MASTERPLAST.HU,5,20250806,142500,2840,2840,2840,2840,25,0
MASTERPLAST.HU,5,20250806,152500,2840,2840,2840,2840,175,0
MASTERPLAST.HU,5,20250806,155000,2820,2820,2820,2820,65,0
MASTERPLAST.HU,5,20250806,164500,2800,2800,2800,2800,300,0
MASTERPLAST.HU,5,20250806,165500,2830,2830,2830,2830,20,0
MASTERPLAST.HU,5,20250807,090000,2820,2820,2820,2820,55,0
MASTERPLAST.HU,5,20250807,092000,2820,2820,2820,2820,39,0
MASTERPLAST.HU,5,20250807,093000,2800,2800,2800,2800,90,0
MASTERPLAST.HU,5,20250807,100500,2810,2810,2790,2790,1450,0
MASTERPLAST.HU,5,20250807,101000,2810,2810,2810,2810,100,0
MASTERPLAST.HU,5,20250807,104500,2810,2810,2810,2810,370,0
MASTERPLAST.HU,5,20250807,110000,2820,2820,2820,2820,28,0
MASTERPLAST.HU,5,20250807,111000,2800,2800,2800,2800,80,0
MASTERPLAST.HU,5,20250807,111500,2800,2800,2800,2800,42,0
MASTERPLAST.HU,5,20250807,112000,2780,2800,2780,2800,408,0
MASTERPLAST.HU,5,20250807,122000,2800,2800,2800,2800,1731,0
MASTERPLAST.HU,5,20250807,122500,2790,2790,2790,2790,221,0
MASTERPLAST.HU,5,20250807,123500,2800,2800,2800,2800,100,0
MASTERPLAST.HU,5,20250807,131000,2800,2800,2800,2800,500,0
MASTERPLAST.HU,5,20250807,131500,2800,2800,2800,2800,1376,0
MASTERPLAST.HU,5,20250807,143000,2820,2820,2820,2820,100,0
MASTERPLAST.HU,5,20250807,152500,2820,2820,2820,2820,440,0
MASTERPLAST.HU,5,20250807,162000,2820,2820,2820,2820,552,0
MASTERPLAST.HU,5,20250807,163000,2800,2800,2800,2800,440,0
MASTERPLAST.HU,5,20250808,094500,2820,2820,2780,2780,369,0
MASTERPLAST.HU,5,20250808,103500,2790,2790,2770,2770,1039,0
MASTERPLAST.HU,5,20250808,110500,2810,2810,2810,2810,2,0
MASTERPLAST.HU,5,20250808,142500,2810,2810,2810,2810,5,0
MASTERPLAST.HU,5,20250808,143000,2810,2810,2810,2810,500,0
MASTERPLAST.HU,5,20250808,155500,2800,2800,2800,2800,23,0
MASTERPLAST.HU,5,20250808,164000,2800,2800,2800,2800,27,0
MASTERPLAST.HU,5,20250808,165000,2830,2830,2830,2830,1000,0
MASTERPLAST.HU,5,20250811,090000,2800,2800,2800,2800,1664,0
MASTERPLAST.HU,5,20250811,093500,2800,2800,2800,2800,35,0
MASTERPLAST.HU,5,20250811,104000,2810,2810,2810,2810,175,0
MASTERPLAST.HU,5,20250811,110500,2800,2800,2800,2800,4000,0
MASTERPLAST.HU,5,20250811,112000,2800,2800,2800,2800,1594,0
MASTERPLAST.HU,5,20250811,120000,2770,2770,2770,2770,900,0
MASTERPLAST.HU,5,20250811,122000,2810,2810,2810,2810,10,0
MASTERPLAST.HU,5,20250811,134000,2760,2760,2760,2760,346,0
MASTERPLAST.HU,5,20250811,150000,2810,2810,2810,2810,25,0
MASTERPLAST.HU,5,20250811,151500,2770,2770,2770,2770,311,0
MASTERPLAST.HU,5,20250811,152500,2770,2770,2770,2770,245,0
MASTERPLAST.HU,5,20250811,154000,2770,2770,2770,2770,17,0
MASTERPLAST.HU,5,20250811,162500,2800,2800,2800,2800,7,0
MASTERPLAST.HU,5,20250812,091000,2800,2800,2800,2800,100,0
MASTERPLAST.HU,5,20250812,095500,2760,2760,2760,2760,70,0
MASTERPLAST.HU,5,20250812,100500,2760,2760,2760,2760,188,0
MASTERPLAST.HU,5,20250812,101000,2780,2780,2780,2780,225,0
MASTERPLAST.HU,5,20250812,101500,2750,2750,2750,2750,350,0
MASTERPLAST.HU,5,20250812,104000,2750,2750,2750,2750,95,0
MASTERPLAST.HU,5,20250812,105000,2750,2750,2750,2750,150,0
MASTERPLAST.HU,5,20250812,110000,2750,2750,2750,2750,218,0
MASTERPLAST.HU,5,20250812,131500,2760,2760,2760,2760,152,0
MASTERPLAST.HU,5,20250812,142000,2750,2750,2750,2750,400,0
MASTERPLAST.HU,5,20250812,143000,2740,2740,2740,2740,2160,0
MASTERPLAST.HU,5,20250812,152000,2760,2760,2760,2760,15,0
MASTERPLAST.HU,5,20250812,152500,2780,2780,2780,2780,25,0
MASTERPLAST.HU,5,20250812,154000,2740,2740,2740,2740,576,0
MASTERPLAST.HU,5,20250812,155000,2780,2780,2780,2780,40,0
MASTERPLAST.HU,5,20250812,155500,2770,2770,2770,2770,35,0
MASTERPLAST.HU,5,20250812,160500,2780,2780,2780,2780,500,0
MASTERPLAST.HU,5,20250813,094000,2780,2780,2780,2780,8,0
MASTERPLAST.HU,5,20250813,101000,2790,2790,2790,2790,30,0
MASTERPLAST.HU,5,20250813,113000,2790,2790,2790,2790,70,0
MASTERPLAST.HU,5,20250813,133500,2800,2800,2800,2800,15,0
MASTERPLAST.HU,5,20250813,150000,2800,2800,2800,2800,280,0
MASTERPLAST.HU,5,20250813,150500,2800,2800,2800,2800,85,0
MASTERPLAST.HU,5,20250813,162500,2800,2800,2800,2800,200,0
MASTERPLAST.HU,5,20250813,165500,2790,2790,2790,2790,35,0
MASTERPLAST.HU,5,20250814,090000,2800,2800,2800,2800,135,0
MASTERPLAST.HU,5,20250814,095000,2820,2820,2820,2820,661,0
MASTERPLAST.HU,5,20250814,104500,2830,2830,2830,2830,100,0
MASTERPLAST.HU,5,20250814,105500,2820,2820,2820,2820,130,0
MASTERPLAST.HU,5,20250814,111000,2840,2840,2840,2840,480,0
MASTERPLAST.HU,5,20250814,122500,2830,2830,2830,2830,70,0
MASTERPLAST.HU,5,20250814,144000,2790,2790,2790,2790,995,0
MASTERPLAST.HU,5,20250814,161500,2830,2830,2830,2830,100,0
MASTERPLAST.HU,5,20250814,163000,2830,2830,2830,2830,30,0
MASTERPLAST.HU,5,20250814,165500,2840,2840,2840,2840,318,0
MASTERPLAST.HU,5,20250815,090000,2810,2810,2810,2810,150,0
MASTERPLAST.HU,5,20250815,100500,2810,2810,2810,2810,143,0
MASTERPLAST.HU,5,20250815,102000,2810,2810,2810,2810,247,0
MASTERPLAST.HU,5,20250815,102500,2800,2800,2800,2800,2000,0
MASTERPLAST.HU,5,20250815,122500,2820,2820,2800,2800,250,0
MASTERPLAST.HU,5,20250815,130000,2830,2830,2830,2830,38,0
MASTERPLAST.HU,5,20250815,133000,2830,2830,2830,2830,125,0
MASTERPLAST.HU,5,20250815,134000,2800,2800,2800,2800,413,0
MASTERPLAST.HU,5,20250815,141000,2800,2800,2800,2800,575,0
MASTERPLAST.HU,5,20250815,141500,2800,2800,2800,2800,425,0
MASTERPLAST.HU,5,20250815,150500,2820,2820,2820,2820,22,0
MASTERPLAST.HU,5,20250815,153000,2820,2820,2820,2820,118,0
MASTERPLAST.HU,5,20250815,153500,2830,2840,2830,2840,202,0
MASTERPLAST.HU,5,20250815,154000,2830,2830,2830,2830,36,0
MASTERPLAST.HU,5,20250818,090000,2830,2830,2830,2830,165,0
MASTERPLAST.HU,5,20250818,090500,2840,2840,2840,2840,100,0
MASTERPLAST.HU,5,20250818,091000,2840,2840,2840,2840,145,0
MASTERPLAST.HU,5,20250818,093500,2840,2840,2840,2840,200,0
MASTERPLAST.HU,5,20250818,094000,2840,2840,2840,2840,655,0
MASTERPLAST.HU,5,20250818,123500,2840,2840,2840,2840,64,0
MASTERPLAST.HU,5,20250818,124000,2840,2840,2840,2840,93,0
MASTERPLAST.HU,5,20250818,131500,2840,2840,2830,2830,450,0
MASTERPLAST.HU,5,20250818,132000,2800,2800,2800,2800,488,0
MASTERPLAST.HU,5,20250818,132500,2810,2810,2810,2810,100,0
MASTERPLAST.HU,5,20250818,135000,2810,2810,2810,2810,100,0
MASTERPLAST.HU,5,20250818,135500,2810,2810,2810,2810,50,0
MASTERPLAST.HU,5,20250818,143000,2820,2820,2820,2820,130,0
MASTERPLAST.HU,5,20250818,145500,2810,2810,2800,2800,85,0
MASTERPLAST.HU,5,20250818,150500,2800,2800,2800,2800,173,0
MASTERPLAST.HU,5,20250818,151000,2810,2810,2810,2810,10,0
MASTERPLAST.HU,5,20250818,153500,2820,2820,2820,2820,57,0
MASTERPLAST.HU,5,20250818,163000,2810,2810,2810,2810,250,0
MASTERPLAST.HU,5,20250818,165500,2810,2810,2810,2810,5,0
MASTERPLAST.HU,5,20250819,090000,2830,2830,2830,2830,175,0
MASTERPLAST.HU,5,20250819,102500,2800,2800,2800,2800,512,0
MASTERPLAST.HU,5,20250819,103500,2800,2800,2800,2800,400,0
MASTERPLAST.HU,5,20250819,104500,2790,2820,2790,2820,2525,0
MASTERPLAST.HU,5,20250819,105000,2800,2800,2800,2800,160,0
MASTERPLAST.HU,5,20250819,113000,2800,2800,2800,2800,300,0
MASTERPLAST.HU,5,20250819,114500,2800,2800,2800,2800,25,0
MASTERPLAST.HU,5,20250819,115000,2800,2800,2800,2800,200,0
MASTERPLAST.HU,5,20250819,120500,2800,2800,2800,2800,40,0
MASTERPLAST.HU,5,20250819,123500,2810,2810,2810,2810,60,0
MASTERPLAST.HU,5,20250819,124000,2810,2810,2810,2810,30,0
MASTERPLAST.HU,5,20250819,125000,2800,2800,2800,2800,5,0
MASTERPLAST.HU,5,20250819,131000,2790,2790,2790,2790,1100,0
MASTERPLAST.HU,5,20250819,135500,2800,2800,2800,2800,100,0
MASTERPLAST.HU,5,20250819,141000,2800,2810,2800,2810,82,0
MASTERPLAST.HU,5,20250819,142000,2810,2810,2810,2810,35,0
MASTERPLAST.HU,5,20250819,145000,2800,2800,2800,2800,40,0
MASTERPLAST.HU,5,20250819,150000,2820,2820,2800,2800,710,0
MASTERPLAST.HU,5,20250819,152500,2790,2790,2790,2790,100,0
MASTERPLAST.HU,5,20250819,155500,2810,2810,2810,2810,20,0
MASTERPLAST.HU,5,20250819,164500,2810,2810,2810,2810,50,0
MASTERPLAST.HU,5,20250821,090000,2820,2830,2820,2830,210,0
MASTERPLAST.HU,5,20250821,111500,2820,2820,2820,2820,372,0
MASTERPLAST.HU,5,20250821,113500,2830,2830,2830,2830,40,0
MASTERPLAST.HU,5,20250821,114000,2820,2820,2810,2810,308,0
MASTERPLAST.HU,5,20250821,114500,2820,2820,2820,2820,29,0
MASTERPLAST.HU,5,20250821,120000,2820,2820,2820,2820,91,0
MASTERPLAST.HU,5,20250821,120500,2820,2820,2820,2820,18,0
MASTERPLAST.HU,5,20250821,124000,2820,2820,2820,2820,100,0
MASTERPLAST.HU,5,20250821,134000,2830,2830,2830,2830,97,0
MASTERPLAST.HU,5,20250821,140500,2830,2830,2830,2830,210,0
MASTERPLAST.HU,5,20250821,153500,2800,2800,2800,2800,178,0
MASTERPLAST.HU,5,20250821,162000,2820,2820,2820,2820,2,0
MASTERPLAST.HU,5,20250822,092500,2800,2800,2800,2800,627,0
MASTERPLAST.HU,5,20250822,110000,2780,2780,2780,2780,373,0
MASTERPLAST.HU,5,20250822,110500,2780,2780,2780,2780,2000,0
MASTERPLAST.HU,5,20250822,115000,2790,2790,2790,2790,251,0
MASTERPLAST.HU,5,20250822,122000,2790,2790,2790,2790,49,0
MASTERPLAST.HU,5,20250822,144000,2800,2800,2800,2800,3,0
MASTERPLAST.HU,5,20250822,151000,2800,2800,2800,2800,697,0
MASTERPLAST.HU,5,20250822,163500,2820,2820,2820,2820,350,0
MASTERPLAST.HU,5,20250825,091000,2820,2820,2820,2820,1070,0
MASTERPLAST.HU,5,20250825,095000,2800,2800,2800,2800,50,0
MASTERPLAST.HU,5,20250825,100500,2790,2790,2790,2790,300,0
MASTERPLAST.HU,5,20250825,105000,2800,2800,2800,2800,12,0
MASTERPLAST.HU,5,20250825,110000,2790,2790,2790,2790,30,0
MASTERPLAST.HU,5,20250825,133000,2800,2800,2800,2800,13,0
MASTERPLAST.HU,5,20250825,153500,2790,2790,2790,2790,35,0
MASTERPLAST.HU,5,20250825,154000,2790,2790,2790,2790,70,0
MASTERPLAST.HU,5,20250825,155000,2790,2790,2790,2790,56,0
MASTERPLAST.HU,5,20250825,161000,2790,2790,2790,2790,45,0
MASTERPLAST.HU,5,20250825,161500,2790,2790,2790,2790,115,0
MASTERPLAST.HU,5,20250825,162000,2790,2790,2790,2790,1,0
MASTERPLAST.HU,5,20250825,165500,2800,2800,2800,2800,394,0
MASTERPLAST.HU,5,20250826,090000,2780,2780,2780,2780,10,0
MASTERPLAST.HU,5,20250826,090500,2820,2820,2820,2820,117,0
MASTERPLAST.HU,5,20250826,092000,2820,2820,2820,2820,3,0
MASTERPLAST.HU,5,20250826,095000,2820,2820,2820,2820,112,0
MASTERPLAST.HU,5,20250826,095500,2820,2820,2820,2820,464,0
MASTERPLAST.HU,5,20250826,101000,2800,2800,2800,2800,850,0
MASTERPLAST.HU,5,20250826,101500,2800,2800,2800,2800,577,0
MASTERPLAST.HU,5,20250826,104500,2800,2800,2800,2800,41,0
MASTERPLAST.HU,5,20250826,113000,2790,2790,2790,2790,150,0
MASTERPLAST.HU,5,20250826,123500,2800,2800,2800,2800,1400,0
MASTERPLAST.HU,5,20250826,125500,2820,2820,2820,2820,110,0
MASTERPLAST.HU,5,20250826,130000,2820,2820,2820,2820,40,0
MASTERPLAST.HU,5,20250826,132000,2820,2820,2820,2820,500,0
MASTERPLAST.HU,5,20250826,141500,2820,2820,2820,2820,60,0
MASTERPLAST.HU,5,20250826,143000,2800,2800,2800,2800,92,0
MASTERPLAST.HU,5,20250826,144000,2820,2820,2820,2820,26,0
MASTERPLAST.HU,5,20250826,144500,2820,2820,2820,2820,600,0
MASTERPLAST.HU,5,20250826,150000,2780,2780,2780,2780,310,0
MASTERPLAST.HU,5,20250826,163000,2800,2800,2800,2800,35,0
MASTERPLAST.HU,5,20250826,164500,2800,2800,2800,2800,357,0
MASTERPLAST.HU,5,20250827,090000,2820,2820,2770,2770,1545,0
MASTERPLAST.HU,5,20250827,092000,2820,2820,2820,2820,10,0
MASTERPLAST.HU,5,20250827,092500,2760,2800,2760,2800,978,0
MASTERPLAST.HU,5,20250827,094000,2830,2830,2830,2830,640,0
MASTERPLAST.HU,5,20250827,094500,2820,2820,2820,2820,400,0
MASTERPLAST.HU,5,20250827,095500,2820,2820,2820,2820,30,0
MASTERPLAST.HU,5,20250827,103000,2750,2760,2750,2760,2936,0
MASTERPLAST.HU,5,20250827,105500,2790,2790,2770,2770,211,0
MASTERPLAST.HU,5,20250827,112500,2780,2780,2780,2780,400,0
MASTERPLAST.HU,5,20250827,130000,2780,2780,2780,2780,537,0
MASTERPLAST.HU,5,20250827,131500,2790,2790,2790,2790,19,0
MASTERPLAST.HU,5,20250827,134000,2790,2790,2790,2790,80,0
MASTERPLAST.HU,5,20250827,135500,2790,2790,2790,2790,100,0
MASTERPLAST.HU,5,20250827,141000,2800,2800,2800,2800,40,0
MASTERPLAST.HU,5,20250827,163500,2810,2810,2810,2810,1050,0
MASTERPLAST.HU,5,20250828,090000,2810,2810,2810,2810,50,0
MASTERPLAST.HU,5,20250828,100000,2810,2810,2810,2810,116,0
MASTERPLAST.HU,5,20250828,114000,2800,2810,2800,2810,508,0
MASTERPLAST.HU,5,20250828,124500,2800,2800,2800,2800,103,0
MASTERPLAST.HU,5,20250828,131000,2810,2810,2810,2810,100,0
MASTERPLAST.HU,5,20250828,143000,2810,2810,2810,2810,9,0
MASTERPLAST.HU,5,20250828,150000,2800,2800,2800,2800,482,0
MASTERPLAST.HU,5,20250828,164000,2800,2800,2800,2800,72,0
MASTERPLAST.HU,5,20250829,094500,2800,2800,2800,2800,100,0
MASTERPLAST.HU,5,20250829,095500,2810,2810,2810,2810,200,0
MASTERPLAST.HU,5,20250829,101500,2800,2800,2800,2800,180,0
MASTERPLAST.HU,5,20250829,112000,2800,2800,2800,2800,105,0
MASTERPLAST.HU,5,20250829,113500,2800,2800,2800,2800,200,0
MASTERPLAST.HU,5,20250829,120500,2800,2800,2800,2800,800,0
MASTERPLAST.HU,5,20250829,121500,2800,2800,2800,2800,169,0
MASTERPLAST.HU,5,20250829,123000,2820,2820,2820,2820,350,0
MASTERPLAST.HU,5,20250829,124500,2800,2800,2800,2800,149,0
MASTERPLAST.HU,5,20250829,130500,2790,2790,2790,2790,50,0
MASTERPLAST.HU,5,20250829,134000,2800,2800,2800,2800,351,0
MASTERPLAST.HU,5,20250829,140000,2790,2790,2790,2790,214,0
MASTERPLAST.HU,5,20250829,143000,2790,2790,2790,2790,32,0
MASTERPLAST.HU,5,20250829,145500,2790,2790,2790,2790,25,0
MASTERPLAST.HU,5,20250829,155000,2790,2790,2790,2790,347,0
MASTERPLAST.HU,5,20250829,165500,2790,2790,2780,2780,1031,0
MASTERPLAST.HU,5,20250901,090000,2790,2790,2790,2790,202,0
MASTERPLAST.HU,5,20250901,091500,2790,2790,2790,2790,200,0
MASTERPLAST.HU,5,20250901,101500,2800,2800,2800,2800,430,0
MASTERPLAST.HU,5,20250901,105000,2790,2790,2790,2790,150,0
MASTERPLAST.HU,5,20250901,110500,2800,2800,2800,2800,146,0
MASTERPLAST.HU,5,20250901,111500,2790,2790,2790,2790,24,0
MASTERPLAST.HU,5,20250901,113000,2780,2780,2780,2780,261,0
MASTERPLAST.HU,5,20250901,131000,2800,2800,2800,2800,22,0
MASTERPLAST.HU,5,20250901,140000,2770,2770,2770,2770,910,0
MASTERPLAST.HU,5,20250901,142500,2800,2800,2800,2800,524,0
MASTERPLAST.HU,5,20250901,155000,2770,2770,2770,2770,80,0
MASTERPLAST.HU,5,20250901,165500,2810,2810,2810,2810,374,0
MASTERPLAST.HU,5,20250902,102500,2770,2770,2770,2770,169,0
MASTERPLAST.HU,5,20250902,103000,2760,2760,2750,2750,533,0
MASTERPLAST.HU,5,20250902,110000,2760,2760,2760,2760,296,0
MASTERPLAST.HU,5,20250902,111500,2750,2750,2740,2740,5500,0
MASTERPLAST.HU,5,20250902,130500,2780,2780,2780,2780,50,0
MASTERPLAST.HU,5,20250902,150500,2780,2780,2780,2780,47,0
MASTERPLAST.HU,5,20250902,160000,2780,2780,2780,2780,250,0
MASTERPLAST.HU,5,20250902,165500,2740,2740,2740,2740,1630,0
MASTERPLAST.HU,5,20250903,090000,2780,2780,2780,2780,10,0
MASTERPLAST.HU,5,20250903,093000,2760,2760,2760,2760,18,0
MASTERPLAST.HU,5,20250903,094000,2760,2760,2760,2760,16,0
MASTERPLAST.HU,5,20250903,100500,2760,2760,2760,2760,66,0
MASTERPLAST.HU,5,20250903,103000,2760,2760,2760,2760,8,0
MASTERPLAST.HU,5,20250903,104000,2760,2760,2760,2760,88,0
MASTERPLAST.HU,5,20250903,110000,2780,2780,2780,2780,225,0
MASTERPLAST.HU,5,20250903,110500,2780,2780,2780,2780,30,0
MASTERPLAST.HU,5,20250903,111000,2760,2760,2760,2760,1427,0
MASTERPLAST.HU,5,20250903,112000,2790,2790,2790,2790,80,0
MASTERPLAST.HU,5,20250903,113500,2790,2790,2790,2790,20,0
MASTERPLAST.HU,5,20250903,120500,2790,2790,2790,2790,40,0
MASTERPLAST.HU,5,20250903,131500,2760,2760,2760,2760,230,0
MASTERPLAST.HU,5,20250903,133000,2760,2760,2760,2760,250,0
MASTERPLAST.HU,5,20250903,150000,2800,2800,2800,2800,714,0
MASTERPLAST.HU,5,20250904,090000,2780,2780,2780,2780,100,0
MASTERPLAST.HU,5,20250904,091000,2750,2750,2750,2750,2,0
MASTERPLAST.HU,5,20250904,105500,2800,2800,2780,2780,7035,0
MASTERPLAST.HU,5,20250904,110000,2780,2780,2780,2780,40,0
MASTERPLAST.HU,5,20250904,111500,2780,2780,2780,2780,1960,0
MASTERPLAST.HU,5,20250904,112000,2800,2820,2800,2820,2829,0
MASTERPLAST.HU,5,20250904,112500,2800,2800,2800,2800,671,0
MASTERPLAST.HU,5,20250904,113500,2820,2820,2820,2820,441,0
MASTERPLAST.HU,5,20250904,114000,2820,2820,2820,2820,9,0
MASTERPLAST.HU,5,20250904,115500,2800,2800,2800,2800,70,0
MASTERPLAST.HU,5,20250904,120500,2800,2800,2800,2800,430,0
MASTERPLAST.HU,5,20250904,125500,2800,2800,2800,2800,70,0
MASTERPLAST.HU,5,20250904,130000,2800,2800,2800,2800,500,0
MASTERPLAST.HU,5,20250904,132500,2820,2820,2820,2820,2131,0
MASTERPLAST.HU,5,20250904,133500,2820,2820,2820,2820,100,0
MASTERPLAST.HU,5,20250904,134000,2820,2820,2820,2820,1000,0
MASTERPLAST.HU,5,20250904,134500,2820,2820,2820,2820,1715,0
MASTERPLAST.HU,5,20250904,141000,2820,2820,2820,2820,54,0
MASTERPLAST.HU,5,20250904,162500,2800,2800,2800,2800,9,0
MASTERPLAST.HU,5,20250904,165000,2800,2800,2800,2800,100,0
MASTERPLAST.HU,5,20250904,165500,2800,2800,2800,2800,200,0
MASTERPLAST.HU,5,20250905,093500,2780,2780,2780,2780,200,0
MASTERPLAST.HU,5,20250905,094500,2800,2800,2800,2800,100,0
MASTERPLAST.HU,5,20250905,101000,2800,2800,2800,2800,30,0
MASTERPLAST.HU,5,20250905,101500,2800,2800,2800,2800,239,0
MASTERPLAST.HU,5,20250905,102000,2770,2770,2770,2770,33,0
MASTERPLAST.HU,5,20250905,104000,2800,2800,2800,2800,322,0
MASTERPLAST.HU,5,20250905,110500,2810,2810,2810,2810,850,0
MASTERPLAST.HU,5,20250905,112000,2800,2800,2800,2800,78,0
MASTERPLAST.HU,5,20250905,114500,2800,2800,2780,2780,1850,0
MASTERPLAST.HU,5,20250905,120000,2780,2780,2780,2780,1000,0
MASTERPLAST.HU,5,20250905,120500,2780,2780,2780,2780,300,0
MASTERPLAST.HU,5,20250905,134500,2780,2780,2780,2780,426,0
MASTERPLAST.HU,5,20250905,144500,2770,2770,2770,2770,200,0
MASTERPLAST.HU,5,20250905,154500,2760,2760,2760,2760,1300,0
MASTERPLAST.HU,5,20250905,155000,2770,2770,2770,2770,105,0
MASTERPLAST.HU,5,20250905,155500,2770,2770,2770,2770,100,0
MASTERPLAST.HU,5,20250905,163500,2770,2770,2770,2770,74,0
MASTERPLAST.HU,5,20250905,164500,2770,2770,2770,2770,53,0
MASTERPLAST.HU,5,20250908,090000,2790,2790,2790,2790,500,0
MASTERPLAST.HU,5,20250908,093000,2820,2820,2820,2820,2273,0
MASTERPLAST.HU,5,20250908,093500,2830,2830,2830,2830,454,0
MASTERPLAST.HU,5,20250908,094000,2820,2820,2820,2820,500,0
MASTERPLAST.HU,5,20250908,094500,2790,2790,2790,2790,1870,0
MASTERPLAST.HU,5,20250908,113500,2750,2750,2750,2750,1124,0
MASTERPLAST.HU,5,20250908,114500,2730,2730,2730,2730,360,0
MASTERPLAST.HU,5,20250908,122000,2790,2790,2790,2790,50,0
MASTERPLAST.HU,5,20250908,165500,2790,2790,2790,2790,7,0
MASTERPLAST.HU,5,20250909,090000,2790,2790,2790,2790,15,0
MASTERPLAST.HU,5,20250909,092500,2780,2780,2780,2780,107,0
MASTERPLAST.HU,5,20250909,101500,2760,2760,2760,2760,123,0
MASTERPLAST.HU,5,20250909,103500,2750,2750,2750,2750,100,0
MASTERPLAST.HU,5,20250909,114500,2750,2750,2750,2750,400,0
MASTERPLAST.HU,5,20250909,130000,2760,2760,2760,2760,6,0
MASTERPLAST.HU,5,20250909,133000,2750,2750,2750,2750,469,0
MASTERPLAST.HU,5,20250909,133500,2740,2740,2740,2740,31,0
MASTERPLAST.HU,5,20250909,134000,2740,2740,2740,2740,500,0
MASTERPLAST.HU,5,20250909,140000,2740,2740,2730,2730,500,0
MASTERPLAST.HU,5,20250909,151000,2730,2730,2730,2730,300,0
MASTERPLAST.HU,5,20250909,165500,2730,2750,2730,2750,392,0
MASTERPLAST.HU,5,20250910,103000,2730,2730,2730,2730,250,0
MASTERPLAST.HU,5,20250910,123500,2720,2720,2720,2720,500,0
MASTERPLAST.HU,5,20250910,125000,2730,2730,2730,2730,350,0
MASTERPLAST.HU,5,20250910,132000,2730,2730,2730,2730,550,0
MASTERPLAST.HU,5,20250910,135500,2730,2730,2730,2730,500,0
MASTERPLAST.HU,5,20250910,140500,2740,2740,2740,2740,225,0
MASTERPLAST.HU,5,20250910,142500,2730,2730,2730,2730,400,0
MASTERPLAST.HU,5,20250910,143000,2730,2730,2730,2730,358,0
MASTERPLAST.HU,5,20250910,151000,2730,2730,2730,2730,1381,0
MASTERPLAST.HU,5,20250910,151500,2730,2730,2730,2730,12,0
MASTERPLAST.HU,5,20250910,152500,2710,2710,2710,2710,2500,0
MASTERPLAST.HU,5,20250910,154500,2710,2710,2710,2710,60,0
MASTERPLAST.HU,5,20250910,160000,2710,2710,2710,2710,548,0
MASTERPLAST.HU,5,20250910,160500,2710,2710,2710,2710,200,0
MASTERPLAST.HU,5,20250910,163000,2710,2710,2710,2710,30,0
MASTERPLAST.HU,5,20250910,165500,2710,2710,2710,2710,5,0
MASTERPLAST.HU,5,20250911,090000,2710,2710,2710,2710,293,0
MASTERPLAST.HU,5,20250911,092000,2720,2720,2720,2720,100,0
MASTERPLAST.HU,5,20250911,092500,2710,2710,2710,2710,450,0
MASTERPLAST.HU,5,20250911,100000,2710,2720,2710,2720,225,0
MASTERPLAST.HU,5,20250911,100500,2720,2720,2720,2720,600,0
MASTERPLAST.HU,5,20250911,101000,2720,2720,2720,2720,760,0
MASTERPLAST.HU,5,20250911,101500,2750,2750,2750,2750,15,0
MASTERPLAST.HU,5,20250911,131500,2750,2750,2750,2750,185,0
MASTERPLAST.HU,5,20250911,140500,2760,2760,2760,2760,25,0
MASTERPLAST.HU,5,20250911,143500,2760,2760,2760,2760,40,0
MASTERPLAST.HU,5,20250911,144000,2760,2760,2760,2760,10,0
MASTERPLAST.HU,5,20250911,145500,2760,2760,2760,2760,55,0
MASTERPLAST.HU,5,20250912,090000,2710,2710,2700,2710,1765,0
MASTERPLAST.HU,5,20250912,093500,2740,2740,2740,2740,10,0
MASTERPLAST.HU,5,20250912,111500,2720,2720,2720,2720,175,0
MASTERPLAST.HU,5,20250912,114500,2750,2750,2750,2750,30,0
MASTERPLAST.HU,5,20250912,115500,2750,2750,2750,2750,3,0
MASTERPLAST.HU,5,20250912,160500,2750,2750,2750,2750,25,0
MASTERPLAST.HU,5,20250915,090000,2750,2750,2750,2750,20,0
MASTERPLAST.HU,5,20250915,092500,2710,2710,2710,2710,800,0
MASTERPLAST.HU,5,20250915,093000,2710,2710,2710,2710,300,0
MASTERPLAST.HU,5,20250915,101000,2730,2730,2730,2730,326,0
MASTERPLAST.HU,5,20250915,105500,2740,2740,2730,2730,450,0
MASTERPLAST.HU,5,20250915,110500,2730,2730,2730,2730,160,0
MASTERPLAST.HU,5,20250915,113000,2720,2720,2720,2720,5000,0
MASTERPLAST.HU,5,20250915,133500,2720,2720,2720,2720,50,0
MASTERPLAST.HU,5,20250915,134500,2720,2720,2720,2720,114,0
MASTERPLAST.HU,5,20250915,142000,2720,2720,2720,2720,167,0
MASTERPLAST.HU,5,20250915,144000,2720,2720,2720,2720,94,0
MASTERPLAST.HU,5,20250915,150000,2720,2720,2720,2720,173,0
MASTERPLAST.HU,5,20250915,153000,2710,2710,2710,2710,1000,0
MASTERPLAST.HU,5,20250915,153500,2710,2710,2710,2710,646,0
MASTERPLAST.HU,5,20250915,162000,2710,2710,2710,2710,500,0
MASTERPLAST.HU,5,20250916,090000,2710,2710,2700,2700,150,0
MASTERPLAST.HU,5,20250916,110500,2700,2700,2700,2700,200,0
MASTERPLAST.HU,5,20250916,111000,2700,2700,2700,2700,100,0
MASTERPLAST.HU,5,20250916,112000,2700,2700,2700,2700,100,0
MASTERPLAST.HU,5,20250916,115000,2700,2700,2700,2700,1000,0
MASTERPLAST.HU,5,20250916,120000,2710,2710,2710,2710,1350,0
MASTERPLAST.HU,5,20250916,121000,2710,2710,2710,2710,25,0
MASTERPLAST.HU,5,20250916,122500,2710,2710,2710,2710,250,0
MASTERPLAST.HU,5,20250916,123500,2710,2710,2710,2710,497,0
MASTERPLAST.HU,5,20250916,132000,2710,2710,2710,2710,500,0
MASTERPLAST.HU,5,20250916,141000,2710,2710,2710,2710,1,0
MASTERPLAST.HU,5,20250916,142000,2710,2710,2710,2710,1,0
MASTERPLAST.HU,5,20250916,142500,2710,2710,2710,2710,500,0
MASTERPLAST.HU,5,20250916,145500,2700,2700,2700,2700,1500,0
MASTERPLAST.HU,5,20250916,165000,2700,2700,2700,2700,36,0
MASTERPLAST.HU,5,20250917,100500,2710,2710,2710,2710,1100,0
MASTERPLAST.HU,5,20250917,103500,2710,2710,2710,2710,1725,0
MASTERPLAST.HU,5,20250917,122000,2730,2730,2730,2730,51,0
MASTERPLAST.HU,5,20250917,124000,2740,2740,2740,2740,25,0
MASTERPLAST.HU,5,20250917,125000,2740,2750,2740,2750,90,0
MASTERPLAST.HU,5,20250917,131000,2730,2730,2730,2730,200,0
MASTERPLAST.HU,5,20250917,141000,2750,2750,2750,2750,200,0
MASTERPLAST.HU,5,20250917,145000,2730,2730,2730,2730,56,0
MASTERPLAST.HU,5,20250917,151000,2730,2730,2730,2730,40,0
MASTERPLAST.HU,5,20250917,153000,2700,2700,2700,2700,2313,0
MASTERPLAST.HU,5,20250917,153500,2750,2750,2750,2750,200,0
MASTERPLAST.HU,5,20250917,161500,2700,2700,2700,2700,350,0
MASTERPLAST.HU,5,20250917,163500,2700,2700,2700,2700,657,0
MASTERPLAST.HU,5,20250918,090000,2700,2700,2700,2700,200,0
MASTERPLAST.HU,5,20250918,091500,2740,2740,2740,2740,100,0
MASTERPLAST.HU,5,20250918,093500,2740,2740,2740,2740,210,0
MASTERPLAST.HU,5,20250918,095000,2700,2700,2700,2700,1,0
MASTERPLAST.HU,5,20250918,104500,2700,2700,2700,2700,220,0
MASTERPLAST.HU,5,20250918,110500,2690,2690,2690,2690,132,0
MASTERPLAST.HU,5,20250918,113000,2680,2680,2680,2680,300,0
MASTERPLAST.HU,5,20250918,113500,2670,2670,2670,2670,805,0
MASTERPLAST.HU,5,20250918,132500,2690,2690,2690,2690,100,0
MASTERPLAST.HU,5,20250918,141500,2670,2670,2670,2670,455,0
MASTERPLAST.HU,5,20250918,165000,2690,2690,2690,2690,90,0
MASTERPLAST.HU,5,20250918,165500,2700,2700,2700,2700,97,0
MASTERPLAST.HU,5,20250919,090500,2700,2700,2700,2700,1015,0
MASTERPLAST.HU,5,20250919,094000,2700,2700,2700,2700,32,0
MASTERPLAST.HU,5,20250919,094500,2700,2700,2700,2700,77,0
MASTERPLAST.HU,5,20250919,103500,2710,2710,2710,2710,52,0
MASTERPLAST.HU,5,20250919,111000,2710,2710,2710,2710,100,0
MASTERPLAST.HU,5,20250919,115000,2710,2710,2710,2710,20,0
MASTERPLAST.HU,5,20250919,120000,2730,2730,2730,2730,47,0
MASTERPLAST.HU,5,20250919,121000,2730,2730,2730,2730,2,0
MASTERPLAST.HU,5,20250919,122000,2730,2730,2730,2730,81,0
MASTERPLAST.HU,5,20250919,124500,2730,2730,2730,2730,35,0
MASTERPLAST.HU,5,20250919,134500,2730,2730,2730,2730,222,0
MASTERPLAST.HU,5,20250919,140500,2730,2730,2730,2730,70,0
MASTERPLAST.HU,5,20250919,150000,2730,2730,2730,2730,125,0
MASTERPLAST.HU,5,20250919,153500,2730,2730,2730,2730,267,0
MASTERPLAST.HU,5,20250919,154500,2730,2730,2730,2730,1,0
MASTERPLAST.HU,5,20250919,160500,2740,2740,2740,2740,100,0
MASTERPLAST.HU,5,20250919,165500,2740,2740,2710,2710,589,0
MASTERPLAST.HU,5,20250922,090000,2820,2860,2820,2860,10553,0
MASTERPLAST.HU,5,20250922,090500,2860,2910,2860,2900,7523,0
MASTERPLAST.HU,5,20250922,091000,2920,2950,2920,2930,2111,0
MASTERPLAST.HU,5,20250922,091500,2940,2940,2910,2920,1317,0
MASTERPLAST.HU,5,20250922,092000,2920,2920,2900,2900,640,0
MASTERPLAST.HU,5,20250922,092500,2900,2900,2900,2900,1301,0
MASTERPLAST.HU,5,20250922,093000,2870,2920,2870,2920,1700,0
MASTERPLAST.HU,5,20250922,093500,2910,2920,2900,2900,1360,0
MASTERPLAST.HU,5,20250922,094000,2880,2880,2880,2880,250,0
MASTERPLAST.HU,5,20250922,094500,2900,2900,2880,2880,1881,0
MASTERPLAST.HU,5,20250922,095000,2880,2880,2880,2880,170,0
MASTERPLAST.HU,5,20250922,095500,2870,2870,2870,2870,700,0
MASTERPLAST.HU,5,20250922,100000,2890,2890,2850,2850,3888,0
MASTERPLAST.HU,5,20250922,100500,2860,2890,2860,2890,1712,0
MASTERPLAST.HU,5,20250922,101000,2890,2890,2880,2880,133,0
MASTERPLAST.HU,5,20250922,101500,2870,2870,2840,2840,3766,0
MASTERPLAST.HU,5,20250922,102000,2840,2870,2840,2840,461,0
MASTERPLAST.HU,5,20250922,102500,2870,2870,2870,2870,500,0
MASTERPLAST.HU,5,20250922,104500,2870,2870,2850,2850,89,0
MASTERPLAST.HU,5,20250922,105000,2850,2850,2850,2850,90,0
MASTERPLAST.HU,5,20250922,111000,2840,2840,2840,2840,45,0
MASTERPLAST.HU,5,20250922,111500,2820,2820,2820,2820,901,0
MASTERPLAST.HU,5,20250922,112000,2820,2820,2800,2810,1130,0
MASTERPLAST.HU,5,20250922,112500,2810,2810,2810,2810,66,0
MASTERPLAST.HU,5,20250922,113500,2800,2810,2800,2810,19,0
MASTERPLAST.HU,5,20250922,114500,2800,2810,2800,2810,272,0
MASTERPLAST.HU,5,20250922,115500,2820,2820,2820,2820,200,0
MASTERPLAST.HU,5,20250922,120000,2830,2830,2830,2830,880,0
MASTERPLAST.HU,5,20250922,125000,2850,2850,2850,2850,830,0
MASTERPLAST.HU,5,20250922,131000,2860,2860,2860,2860,400,0
MASTERPLAST.HU,5,20250922,132000,2870,2870,2870,2870,179,0
MASTERPLAST.HU,5,20250922,133000,2870,2870,2870,2870,18,0
MASTERPLAST.HU,5,20250922,135000,2850,2850,2850,2850,100,0
MASTERPLAST.HU,5,20250922,135500,2870,2870,2870,2870,62,0
MASTERPLAST.HU,5,20250922,140000,2850,2850,2830,2830,731,0
MASTERPLAST.HU,5,20250922,141500,2850,2850,2850,2850,200,0
MASTERPLAST.HU,5,20250922,143500,2800,2800,2800,2800,1330,0
MASTERPLAST.HU,5,20250922,152000,2840,2840,2840,2840,20,0
MASTERPLAST.HU,5,20250922,153500,2800,2800,2800,2800,320,0
MASTERPLAST.HU,5,20250922,155500,2840,2840,2840,2840,500,0
MASTERPLAST.HU,5,20250922,163000,2840,2840,2840,2840,1032,0
MASTERPLAST.HU,5,20250922,165500,2840,2840,2840,2840,100,0
MASTERPLAST.HU,5,20250923,090000,2800,2800,2780,2780,398,0
MASTERPLAST.HU,5,20250923,090500,2780,2780,2780,2780,170,0
MASTERPLAST.HU,5,20250923,092500,2740,2740,2740,2740,1145,0
MASTERPLAST.HU,5,20250923,093500,2720,2720,2720,2720,100,0
MASTERPLAST.HU,5,20250923,100000,2790,2790,2790,2790,50,0
MASTERPLAST.HU,5,20250923,100500,2720,2720,2720,2720,100,0
MASTERPLAST.HU,5,20250923,101000,2790,2790,2790,2790,65,0
MASTERPLAST.HU,5,20250923,131500,2750,2750,2750,2750,37,0
MASTERPLAST.HU,5,20250923,142000,2770,2770,2770,2770,75,0
MASTERPLAST.HU,5,20250923,155500,2750,2750,2750,2750,700,0
MASTERPLAST.HU,5,20250923,163000,2750,2750,2750,2750,23,0
MASTERPLAST.HU,5,20250923,165500,2770,2770,2770,2770,554,0
MASTERPLAST.HU,5,20250924,090000,2790,2790,2790,2790,30,0
MASTERPLAST.HU,5,20250924,091000,2740,2800,2740,2800,1311,0
MASTERPLAST.HU,5,20250924,095000,2740,2740,2740,2740,15,0
MASTERPLAST.HU,5,20250924,100000,2720,2720,2720,2720,485,0
MASTERPLAST.HU,5,20250924,110500,2740,2740,2740,2740,500,0
MASTERPLAST.HU,5,20250924,120000,2740,2740,2740,2740,125,0
MASTERPLAST.HU,5,20250924,132500,2740,2740,2740,2740,746,0
MASTERPLAST.HU,5,20250924,133500,2740,2740,2740,2740,200,0
MASTERPLAST.HU,5,20250924,134000,2740,2740,2740,2740,125,0
MASTERPLAST.HU,5,20250924,144000,2740,2740,2740,2740,200,0
MASTERPLAST.HU,5,20250924,161000,2740,2740,2740,2740,40,0
MASTERPLAST.HU,5,20250925,090000,2740,2740,2740,2740,400,0
MASTERPLAST.HU,5,20250925,092000,2740,2740,2740,2740,100,0
MASTERPLAST.HU,5,20250925,094000,2770,2770,2770,2770,182,0
MASTERPLAST.HU,5,20250925,095500,2770,2770,2770,2770,100,0
MASTERPLAST.HU,5,20250925,102000,2740,2740,2740,2740,200,0
MASTERPLAST.HU,5,20250925,105000,2740,2740,2740,2740,1,0
MASTERPLAST.HU,5,20250925,111500,2740,2740,2740,2740,93,0
MASTERPLAST.HU,5,20250925,112500,2740,2740,2740,2740,97,0
MASTERPLAST.HU,5,20250925,120000,2760,2760,2760,2760,1,0
MASTERPLAST.HU,5,20250925,135500,2740,2740,2740,2740,58,0
MASTERPLAST.HU,5,20250925,141000,2730,2730,2730,2730,60,0
MASTERPLAST.HU,5,20250925,150000,2770,2770,2770,2770,68,0
MASTERPLAST.HU,5,20250925,153000,2760,2760,2760,2760,100,0
MASTERPLAST.HU,5,20250925,154500,2760,2760,2760,2760,40,0
MASTERPLAST.HU,5,20250925,155000,2770,2770,2770,2770,300,0
MASTERPLAST.HU,5,20250925,165500,2770,2770,2770,2770,5,0
MASTERPLAST.HU,5,20250926,092500,2720,2720,2720,2720,455,0
MASTERPLAST.HU,5,20250926,101500,2720,2720,2720,2720,200,0
MASTERPLAST.HU,5,20250926,114000,2760,2760,2760,2760,100,0
MASTERPLAST.HU,5,20250926,125000,2730,2730,2730,2730,80,0
MASTERPLAST.HU,5,20250926,130000,2730,2730,2730,2730,26,0
MASTERPLAST.HU,5,20250926,160000,2720,2720,2720,2720,1,0
MASTERPLAST.HU,5,20250926,160500,2720,2730,2720,2730,339,0
MASTERPLAST.HU,5,20250926,161000,2730,2730,2730,2730,406,0
MASTERPLAST.HU,5,20250929,090000,2730,2730,2730,2730,100,0
MASTERPLAST.HU,5,20250929,092000,2710,2710,2710,2710,675,0
MASTERPLAST.HU,5,20250929,104000,2710,2710,2710,2710,93,0
MASTERPLAST.HU,5,20250929,105000,2700,2700,2700,2700,117,0
MASTERPLAST.HU,5,20250929,110000,2730,2730,2730,2730,10,0
MASTERPLAST.HU,5,20250929,140000,2710,2710,2710,2710,50,0
MASTERPLAST.HU,5,20250929,140500,2700,2700,2700,2700,106,0
MASTERPLAST.HU,5,20250929,143000,2700,2700,2700,2700,239,0
MASTERPLAST.HU,5,20250930,090000,2740,2740,2680,2680,230,0
MASTERPLAST.HU,5,20250930,092500,2680,2680,2670,2670,500,0
MASTERPLAST.HU,5,20250930,110500,2680,2680,2680,2680,6,0
MASTERPLAST.HU,5,20250930,111000,2700,2700,2700,2700,100,0
MASTERPLAST.HU,5,20250930,113500,2680,2680,2680,2680,500,0
MASTERPLAST.HU,5,20250930,144000,2730,2730,2730,2730,81,0
MASTERPLAST.HU,5,20250930,151500,2670,2670,2670,2670,795,0
MASTERPLAST.HU,5,20250930,155000,2720,2720,2720,2720,200,0
MASTERPLAST.HU,5,20250930,162000,2720,2720,2720,2720,200,0
MASTERPLAST.HU,5,20250930,165500,2720,2720,2700,2700,1882,0
MASTERPLAST.HU,5,20251001,090000,2700,2700,2700,2700,5,0
MASTERPLAST.HU,5,20251001,103500,2700,2700,2700,2700,570,0
MASTERPLAST.HU,5,20251001,104000,2730,2730,2730,2730,690,0
MASTERPLAST.HU,5,20251001,104500,2730,2730,2730,2730,50,0
MASTERPLAST.HU,5,20251001,124000,2700,2700,2700,2700,200,0
MASTERPLAST.HU,5,20251001,125500,2730,2740,2730,2740,90,0
MASTERPLAST.HU,5,20251001,142500,2680,2680,2680,2680,150,0
MASTERPLAST.HU,5,20251001,155000,2670,2670,2670,2670,50,0
MASTERPLAST.HU,5,20251002,114000,2700,2700,2700,2700,100,0
MASTERPLAST.HU,5,20251002,121500,2660,2660,2660,2660,25,0
MASTERPLAST.HU,5,20251002,122500,2670,2670,2670,2670,463,0
MASTERPLAST.HU,5,20251002,123000,2670,2670,2670,2670,200,0
MASTERPLAST.HU,5,20251002,123500,2670,2670,2670,2670,4,0
MASTERPLAST.HU,5,20251002,131500,2670,2670,2670,2670,11,0
MASTERPLAST.HU,5,20251002,142000,2690,2690,2690,2690,47,0
MASTERPLAST.HU,5,20251002,164500,2680,2680,2680,2680,95,0
MASTERPLAST.HU,5,20251002,165500,2670,2670,2670,2670,299,0
MASTERPLAST.HU,5,20251003,121500,2670,2670,2670,2670,150,0
MASTERPLAST.HU,5,20251003,140500,2680,2680,2680,2680,100,0
MASTERPLAST.HU,5,20251003,144000,2680,2680,2680,2680,600,0
MASTERPLAST.HU,5,20251003,145500,2680,2680,2680,2680,200,0
MASTERPLAST.HU,5,20251003,153000,2680,2680,2680,2680,50,0
MASTERPLAST.HU,5,20251003,154500,2680,2690,2680,2690,91,0
MASTERPLAST.HU,5,20251003,162000,2690,2690,2690,2690,134,0
MASTERPLAST.HU,5,20251003,165000,2680,2680,2680,2680,50,0
MASTERPLAST.HU,5,20251006,104000,2680,2680,2680,2680,172,0
MASTERPLAST.HU,5,20251006,110000,2680,2680,2680,2680,299,0
MASTERPLAST.HU,5,20251006,110500,2680,2680,2680,2680,100,0
MASTERPLAST.HU,5,20251006,122500,2680,2680,2680,2680,824,0
MASTERPLAST.HU,5,20251006,130500,2680,2680,2680,2680,267,0
MASTERPLAST.HU,5,20251006,151000,2680,2680,2680,2680,40,0
MASTERPLAST.HU,5,20251006,154500,2680,2680,2680,2680,690,0
MASTERPLAST.HU,5,20251006,162500,2680,2680,2680,2680,200,0
MASTERPLAST.HU,5,20251006,164000,2680,2680,2680,2680,100,0
MASTERPLAST.HU,5,20251007,090000,2710,2710,2710,2710,9,0
MASTERPLAST.HU,5,20251007,091500,2670,2670,2670,2670,25,0
MASTERPLAST.HU,5,20251007,111000,2680,2680,2680,2680,225,0
MASTERPLAST.HU,5,20251007,132000,2690,2690,2690,2690,50,0
MASTERPLAST.HU,5,20251007,133500,2690,2690,2690,2690,85,0
MASTERPLAST.HU,5,20251007,134000,2680,2680,2680,2680,425,0
MASTERPLAST.HU,5,20251007,144000,2680,2680,2680,2680,90,0
MASTERPLAST.HU,5,20251007,145000,2680,2680,2680,2680,310,0
MASTERPLAST.HU,5,20251007,162500,2680,2680,2680,2680,12,0
MASTERPLAST.HU,5,20251007,164500,2680,2680,2680,2680,200,0
MASTERPLAST.HU,5,20251007,165000,2680,2680,2680,2680,156,0
MASTERPLAST.HU,5,20251008,090000,2700,2700,2700,2700,4,0
MASTERPLAST.HU,5,20251008,100000,2710,2710,2710,2710,400,0
MASTERPLAST.HU,5,20251008,100500,2660,2660,2660,2660,1000,0
MASTERPLAST.HU,5,20251008,101000,2710,2710,2710,2710,24,0
MASTERPLAST.HU,5,20251008,103000,2670,2670,2670,2670,542,0
MASTERPLAST.HU,5,20251008,104500,2660,2660,2660,2660,1000,0
MASTERPLAST.HU,5,20251008,110500,2660,2660,2660,2660,500,0
MASTERPLAST.HU,5,20251008,114500,2660,2660,2660,2660,834,0
MASTERPLAST.HU,5,20251008,121000,2660,2660,2660,2660,400,0
MASTERPLAST.HU,5,20251008,122500,2700,2700,2700,2700,1,0
MASTERPLAST.HU,5,20251008,123500,2680,2680,2680,2680,56,0
MASTERPLAST.HU,5,20251008,132500,2700,2700,2700,2700,200,0
MASTERPLAST.HU,5,20251008,165000,2700,2700,2700,2700,50,0
MASTERPLAST.HU,5,20251009,095000,2670,2670,2670,2670,55,0
MASTERPLAST.HU,5,20251009,100000,2690,2690,2690,2690,31,0
MASTERPLAST.HU,5,20251009,111500,2690,2690,2690,2690,24,0
MASTERPLAST.HU,5,20251009,124000,2690,2690,2690,2690,40,0
MASTERPLAST.HU,5,20251009,124500,2690,2690,2690,2690,50,0
MASTERPLAST.HU,5,20251009,131000,2700,2700,2700,2700,3500,0
MASTERPLAST.HU,5,20251009,143500,2670,2670,2670,2670,1,0
MASTERPLAST.HU,5,20251009,161500,2660,2660,2660,2660,57,0
MASTERPLAST.HU,5,20251010,102000,2660,2660,2660,2660,125,0
MASTERPLAST.HU,5,20251010,103500,2690,2690,2690,2690,3,0
MASTERPLAST.HU,5,20251010,112000,2660,2660,2660,2660,3,0
MASTERPLAST.HU,5,20251010,133000,2690,2690,2690,2690,213,0
MASTERPLAST.HU,5,20251010,133500,2700,2700,2700,2700,26,0
MASTERPLAST.HU,5,20251010,140000,2700,2700,2700,2700,50,0
MASTERPLAST.HU,5,20251010,140500,2690,2690,2690,2690,40,0
MASTERPLAST.HU,5,20251010,142000,2690,2690,2690,2690,48,0
MASTERPLAST.HU,5,20251010,145500,2690,2690,2690,2690,201,0
MASTERPLAST.HU,5,20251010,154000,2690,2690,2690,2690,48,0
MASTERPLAST.HU,5,20251010,155000,2660,2660,2660,2660,100,0
MASTERPLAST.HU,5,20251010,161500,2660,2660,2660,2660,350,0
MASTERPLAST.HU,5,20251010,164000,2660,2660,2660,2660,150,0
MASTERPLAST.HU,5,20251010,165000,2660,2660,2660,2660,350,0
MASTERPLAST.HU,5,20251010,165500,2660,2660,2660,2660,5,0
MASTERPLAST.HU,5,20251013,090000,2660,2660,2660,2660,15,0
MASTERPLAST.HU,5,20251013,103000,2660,2660,2660,2660,227,0
MASTERPLAST.HU,5,20251013,115000,2680,2680,2680,2680,10,0
MASTERPLAST.HU,5,20251013,123500,2680,2680,2680,2680,230,0
MASTERPLAST.HU,5,20251013,130000,2650,2650,2650,2650,605,0
MASTERPLAST.HU,5,20251013,150500,2660,2660,2660,2660,300,0
MASTERPLAST.HU,5,20251013,163500,2660,2660,2660,2660,370,0
MASTERPLAST.HU,5,20251014,090000,2660,2660,2660,2660,5,0
MASTERPLAST.HU,5,20251014,090500,2680,2680,2680,2680,1,0
MASTERPLAST.HU,5,20251014,092000,2660,2660,2660,2660,92,0
MASTERPLAST.HU,5,20251014,095500,2660,2660,2660,2660,20,0
MASTERPLAST.HU,5,20251014,130500,2660,2660,2660,2660,225,0
MASTERPLAST.HU,5,20251014,151500,2640,2640,2640,2640,1000,0
MASTERPLAST.HU,5,20251014,153000,2610,2610,2610,2610,1582,0
MASTERPLAST.HU,5,20251014,153500,2600,2600,2600,2600,80,0
MASTERPLAST.HU,5,20251014,160500,2610,2610,2610,2610,268,0
MASTERPLAST.HU,5,20251014,162000,2680,2680,2680,2680,200,0
MASTERPLAST.HU,5,20251015,090000,2680,2700,2680,2700,1000,0
MASTERPLAST.HU,5,20251015,091500,2670,2670,2670,2670,48,0
MASTERPLAST.HU,5,20251015,095500,2630,2630,2630,2630,348,0
MASTERPLAST.HU,5,20251015,100000,2630,2630,2630,2630,185,0
MASTERPLAST.HU,5,20251015,121000,2630,2630,2630,2630,1000,0
MASTERPLAST.HU,5,20251015,124000,2630,2630,2630,2630,80,0
MASTERPLAST.HU,5,20251015,141000,2640,2640,2640,2640,109,0
MASTERPLAST.HU,5,20251015,152000,2640,2640,2640,2640,398,0
MASTERPLAST.HU,5,20251015,163500,2630,2640,2630,2640,255,0
MASTERPLAST.HU,5,20251015,164000,2630,2630,2630,2630,1032,0
MASTERPLAST.HU,5,20251016,090000,2630,2630,2620,2620,1418,0
MASTERPLAST.HU,5,20251016,093500,2620,2620,2620,2620,514,0
MASTERPLAST.HU,5,20251016,101000,2620,2620,2620,2620,150,0
MASTERPLAST.HU,5,20251016,101500,2620,2620,2620,2620,100,0
MASTERPLAST.HU,5,20251016,102500,2620,2620,2620,2620,333,0
MASTERPLAST.HU,5,20251016,110000,2600,2600,2600,2600,353,0
MASTERPLAST.HU,5,20251016,111500,2620,2620,2620,2620,300,0
MASTERPLAST.HU,5,20251016,113000,2610,2610,2610,2610,665,0
MASTERPLAST.HU,5,20251016,113500,2620,2620,2620,2620,150,0
MASTERPLAST.HU,5,20251016,124500,2620,2630,2620,2630,1906,0
MASTERPLAST.HU,5,20251016,125500,2650,2650,2650,2650,4000,0
MASTERPLAST.HU,5,20251016,134500,2660,2660,2660,2660,20,0
MASTERPLAST.HU,5,20251016,145000,2630,2630,2630,2630,498,0
MASTERPLAST.HU,5,20251016,161500,2620,2620,2620,2620,100,0
MASTERPLAST.HU,5,20251017,092500,2620,2620,2610,2610,115,0
MASTERPLAST.HU,5,20251017,093000,2610,2610,2610,2610,50,0
MASTERPLAST.HU,5,20251017,102000,2610,2610,2610,2610,300,0
MASTERPLAST.HU,5,20251017,102500,2610,2610,2610,2610,1074,0
MASTERPLAST.HU,5,20251017,112000,2610,2610,2610,2610,1000,0
MASTERPLAST.HU,5,20251017,112500,2610,2610,2610,2610,500,0
MASTERPLAST.HU,5,20251017,133000,2610,2610,2610,2610,1000,0
MASTERPLAST.HU,5,20251017,140000,2610,2640,2610,2640,420,0
MASTERPLAST.HU,5,20251017,145500,2610,2610,2610,2610,100,0
MASTERPLAST.HU,5,20251017,150500,2610,2610,2610,2610,1000,0
MASTERPLAST.HU,5,20251017,151000,2630,2630,2630,2630,500,0
MASTERPLAST.HU,5,20251017,151500,2640,2640,2640,2640,560,0
MASTERPLAST.HU,5,20251017,153500,2630,2630,2630,2630,50,0
MASTERPLAST.HU,5,20251017,160500,2610,2610,2610,2610,8,0
MASTERPLAST.HU,5,20251017,165000,2640,2640,2640,2640,490,0
MASTERPLAST.HU,5,20251020,090000,2650,2650,2610,2610,598,0
MASTERPLAST.HU,5,20251020,102000,2610,2610,2610,2610,1000,0
MASTERPLAST.HU,5,20251020,102500,2610,2610,2610,2610,150,0
MASTERPLAST.HU,5,20251020,105500,2610,2610,2610,2610,340,0
MASTERPLAST.HU,5,20251020,113000,2660,2660,2660,2660,200,0
MASTERPLAST.HU,5,20251020,121000,2650,2650,2650,2650,38,0
MASTERPLAST.HU,5,20251020,123500,2610,2610,2610,2610,800,0
MASTERPLAST.HU,5,20251020,134000,2610,2610,2610,2610,20,0
MASTERPLAST.HU,5,20251020,140500,2620,2620,2620,2620,5,0
MASTERPLAST.HU,5,20251020,153000,2620,2620,2620,2620,1200,0
MASTERPLAST.HU,5,20251020,154500,2650,2650,2650,2650,10,0
MASTERPLAST.HU,5,20251020,161000,2620,2620,2620,2620,110,0
MASTERPLAST.HU,5,20251020,164500,2630,2630,2630,2630,302,0
MASTERPLAST.HU,5,20251020,165500,2630,2650,2630,2650,685,0
MASTERPLAST.HU,5,20251021,090000,2690,2690,2690,2690,750,0
MASTERPLAST.HU,5,20251021,092000,2660,2660,2650,2660,732,0
MASTERPLAST.HU,5,20251021,093000,2650,2650,2650,2650,755,0
MASTERPLAST.HU,5,20251021,095000,2650,2650,2650,2650,750,0
MASTERPLAST.HU,5,20251021,101000,2650,2650,2650,2650,100,0
MASTERPLAST.HU,5,20251021,102000,2650,2650,2650,2650,10,0
MASTERPLAST.HU,5,20251021,102500,2680,2680,2680,2680,103,0
MASTERPLAST.HU,5,20251021,105000,2650,2650,2650,2650,1000,0
MASTERPLAST.HU,5,20251021,124000,2660,2660,2660,2660,50,0
MASTERPLAST.HU,5,20251021,125000,2660,2660,2660,2660,910,0
MASTERPLAST.HU,5,20251021,125500,2660,2660,2660,2660,273,0
MASTERPLAST.HU,5,20251021,133000,2650,2650,2650,2650,1683,0
MASTERPLAST.HU,5,20251021,135500,2630,2630,2630,2630,650,0
MASTERPLAST.HU,5,20251021,143000,2630,2630,2630,2630,100,0
MASTERPLAST.HU,5,20251021,144000,2650,2650,2650,2650,27,0
MASTERPLAST.HU,5,20251021,152000,2650,2650,2650,2650,5,0
MASTERPLAST.HU,5,20251021,154000,2630,2650,2630,2650,458,0
MASTERPLAST.HU,5,20251021,154500,2670,2670,2670,2670,200,0
MASTERPLAST.HU,5,20251021,160500,2680,2700,2680,2700,5061,0
MASTERPLAST.HU,5,20251021,162500,2700,2700,2700,2700,1129,0
MASTERPLAST.HU,5,20251022,090000,2630,2630,2630,2630,5,0
MASTERPLAST.HU,5,20251022,090500,2640,2640,2640,2640,20,0
MASTERPLAST.HU,5,20251022,092500,2680,2680,2650,2650,135,0
MASTERPLAST.HU,5,20251022,094500,2690,2690,2690,2690,40,0
MASTERPLAST.HU,5,20251022,095000,2650,2650,2650,2650,1,0
MASTERPLAST.HU,5,20251022,100000,2650,2650,2650,2650,125,0
MASTERPLAST.HU,5,20251022,102000,2610,2610,2610,2610,5100,0
MASTERPLAST.HU,5,20251022,103000,2650,2650,2650,2650,250,0
MASTERPLAST.HU,5,20251022,121000,2620,2620,2620,2620,13,0
MASTERPLAST.HU,5,20251022,122000,2660,2660,2660,2660,750,0
MASTERPLAST.HU,5,20251022,124000,2630,2630,2630,2630,400,0
MASTERPLAST.HU,5,20251022,150500,2660,2660,2660,2660,100,0
MASTERPLAST.HU,5,20251022,165500,2660,2660,2660,2660,870,0
MASTERPLAST.HU,5,20251027,094500,2670,2680,2670,2680,261,0
MASTERPLAST.HU,5,20251027,101000,2640,2640,2640,2640,47,0
MASTERPLAST.HU,5,20251027,104000,2630,2630,2630,2630,340,0
MASTERPLAST.HU,5,20251027,113000,2640,2640,2640,2640,10,0
MASTERPLAST.HU,5,20251027,123000,2640,2640,2640,2640,20,0
MASTERPLAST.HU,5,20251027,123500,2640,2640,2640,2640,25,0
MASTERPLAST.HU,5,20251027,131500,2660,2660,2660,2660,178,0
MASTERPLAST.HU,5,20251027,140500,2660,2660,2660,2660,200,0
MASTERPLAST.HU,5,20251027,142500,2650,2650,2650,2650,50,0
MASTERPLAST.HU,5,20251027,151000,2640,2640,2640,2640,130,0
MASTERPLAST.HU,5,20251027,155500,2640,2640,2640,2640,600,0
MASTERPLAST.HU,5,20251027,162000,2650,2650,2650,2650,150,0
MASTERPLAST.HU,5,20251027,163000,2630,2630,2630,2630,890,0
MASTERPLAST.HU,5,20251027,165500,2650,2650,2650,2650,306,0
MASTERPLAST.HU,5,20251028,090000,2650,2650,2650,2650,250,0
MASTERPLAST.HU,5,20251028,091500,2650,2650,2650,2650,50,0
MASTERPLAST.HU,5,20251028,102500,2630,2630,2630,2630,100,0
MASTERPLAST.HU,5,20251028,115000,2650,2650,2650,2650,30,0
MASTERPLAST.HU,5,20251028,121500,2650,2650,2650,2650,200,0
MASTERPLAST.HU,5,20251028,133000,2630,2630,2630,2630,7,0
MASTERPLAST.HU,5,20251028,152000,2650,2650,2650,2650,2,0
MASTERPLAST.HU,5,20251028,152500,2640,2640,2640,2640,100,0
MASTERPLAST.HU,5,20251028,154500,2650,2650,2650,2650,1,0
MASTERPLAST.HU,5,20251028,163000,2650,2650,2650,2650,3,0
MASTERPLAST.HU,5,20251029,090500,2650,2650,2650,2650,40,0
MASTERPLAST.HU,5,20251029,113500,2650,2650,2640,2640,505,0
MASTERPLAST.HU,5,20251029,120500,2640,2640,2640,2640,80,0
MASTERPLAST.HU,5,20251029,134500,2640,2640,2640,2640,500,0
MASTERPLAST.HU,5,20251029,135500,2650,2670,2650,2670,296,0
MASTERPLAST.HU,5,20251029,141500,2690,2690,2690,2690,600,0
MASTERPLAST.HU,5,20251029,143500,2680,2680,2680,2680,220,0
MASTERPLAST.HU,5,20251029,144000,2710,2710,2710,2710,2616,0
MASTERPLAST.HU,5,20251029,145000,2740,2740,2740,2740,250,0
MASTERPLAST.HU,5,20251029,145500,2710,2710,2710,2710,261,0
MASTERPLAST.HU,5,20251029,150000,2710,2710,2690,2690,1123,0
MASTERPLAST.HU,5,20251029,150500,2690,2690,2690,2690,2,0
MASTERPLAST.HU,5,20251029,151000,2690,2690,2690,2690,85,0
MASTERPLAST.HU,5,20251029,151500,2690,2690,2690,2690,1,0
MASTERPLAST.HU,5,20251029,155000,2690,2690,2690,2690,270,0
MASTERPLAST.HU,5,20251029,163000,2660,2660,2660,2660,973,0
MASTERPLAST.HU,5,20251029,164500,2690,2690,2690,2690,189,0
MASTERPLAST.HU,5,20251029,165500,2700,2700,2700,2700,156,0
MASTERPLAST.HU,5,20251030,090000,2750,2800,2750,2800,4899,0
MASTERPLAST.HU,5,20251030,090500,2800,2800,2780,2780,6777,0
MASTERPLAST.HU,5,20251030,091000,2760,2780,2760,2780,160,0
MASTERPLAST.HU,5,20251030,091500,2760,2770,2750,2770,1481,0
MASTERPLAST.HU,5,20251030,092000,2770,2770,2770,2770,6,0
MASTERPLAST.HU,5,20251030,093000,2750,2750,2750,2750,800,0
MASTERPLAST.HU,5,20251030,093500,2710,2710,2710,2710,960,0
MASTERPLAST.HU,5,20251030,095000,2750,2750,2740,2740,390,0
MASTERPLAST.HU,5,20251030,100000,2760,2760,2760,2760,35,0
MASTERPLAST.HU,5,20251030,100500,2760,2760,2740,2740,68,0
MASTERPLAST.HU,5,20251030,101000,2750,2750,2750,2750,465,0
MASTERPLAST.HU,5,20251030,102000,2750,2750,2750,2750,200,0
MASTERPLAST.HU,5,20251030,102500,2770,2770,2770,2770,3000,0
MASTERPLAST.HU,5,20251030,114000,2760,2760,2760,2760,400,0
MASTERPLAST.HU,5,20251030,115500,2760,2760,2760,2760,338,0
MASTERPLAST.HU,5,20251030,121000,2760,2760,2760,2760,62,0
MASTERPLAST.HU,5,20251030,124000,2770,2770,2770,2770,36,0
MASTERPLAST.HU,5,20251030,124500,2770,2770,2770,2770,210,0
MASTERPLAST.HU,5,20251030,130500,2770,2770,2770,2770,711,0
MASTERPLAST.HU,5,20251030,132500,2770,2770,2770,2770,39,0
MASTERPLAST.HU,5,20251030,134000,2780,2780,2780,2780,1000,0
MASTERPLAST.HU,5,20251030,135500,2770,2770,2770,2770,200,0
MASTERPLAST.HU,5,20251030,144000,2750,2750,2750,2750,335,0
MASTERPLAST.HU,5,20251030,153500,2750,2750,2750,2750,65,0
MASTERPLAST.HU,5,20251030,154000,2750,2750,2750,2750,300,0
MASTERPLAST.HU,5,20251030,160500,2730,2730,2730,2730,200,0
MASTERPLAST.HU,5,20251030,163500,2730,2730,2730,2730,500,0
MASTERPLAST.HU,5,20251030,164000,2730,2730,2730,2730,132,0
MASTERPLAST.HU,5,20251030,165500,2730,2730,2730,2730,2500,0
MASTERPLAST.HU,5,20251031,090000,2740,2740,2740,2740,200,0
MASTERPLAST.HU,5,20251031,091500,2790,2790,2790,2790,100,0
MASTERPLAST.HU,5,20251031,092000,2800,2800,2800,2800,55,0
MASTERPLAST.HU,5,20251031,092500,2800,2800,2800,2800,41,0
MASTERPLAST.HU,5,20251031,093000,2800,2800,2800,2800,20,0
MASTERPLAST.HU,5,20251031,094000,2800,2800,2800,2800,55,0
MASTERPLAST.HU,5,20251031,095500,2800,2800,2800,2800,100,0
MASTERPLAST.HU,5,20251031,101000,2790,2790,2790,2790,6,0
MASTERPLAST.HU,5,20251031,103500,2780,2780,2780,2780,25,0
MASTERPLAST.HU,5,20251031,105000,2760,2760,2760,2760,100,0
MASTERPLAST.HU,5,20251031,110000,2790,2790,2790,2790,700,0
MASTERPLAST.HU,5,20251031,110500,2760,2760,2760,2760,23,0
MASTERPLAST.HU,5,20251031,115000,2770,2770,2760,2760,64,0
MASTERPLAST.HU,5,20251031,120500,2760,2760,2760,2760,400,0
MASTERPLAST.HU,5,20251031,124000,2790,2790,2790,2790,55,0
MASTERPLAST.HU,5,20251031,124500,2790,2800,2790,2800,1996,0
MASTERPLAST.HU,5,20251031,125000,2800,2800,2800,2800,4,0
MASTERPLAST.HU,5,20251031,130000,2760,2760,2760,2760,52,0
MASTERPLAST.HU,5,20251031,130500,2760,2760,2760,2760,40,0
MASTERPLAST.HU,5,20251031,131000,2760,2760,2760,2760,25,0
MASTERPLAST.HU,5,20251031,131500,2760,2760,2760,2760,338,0
MASTERPLAST.HU,5,20251031,140000,2760,2760,2760,2760,100,0
MASTERPLAST.HU,5,20251031,142000,2790,2790,2790,2790,90,0
MASTERPLAST.HU,5,20251031,144000,2790,2790,2790,2790,170,0
MASTERPLAST.HU,5,20251031,145000,2750,2750,2750,2750,300,0
MASTERPLAST.HU,5,20251031,160000,2800,2800,2800,2800,1000,0
MASTERPLAST.HU,5,20251031,163500,2780,2780,2780,2780,55,0
MASTERPLAST.HU,5,20251031,165000,2780,2780,2780,2780,15,0
MASTERPLAST.HU,5,20251031,165500,2800,2800,2800,2800,3,0
MASTERPLAST.HU,5,20251103,090000,2800,2800,2800,2800,350,0
MASTERPLAST.HU,5,20251103,100000,2760,2760,2760,2760,50,0
MASTERPLAST.HU,5,20251103,105500,2750,2750,2740,2750,71,0
MASTERPLAST.HU,5,20251103,110000,2790,2790,2790,2790,1000,0
MASTERPLAST.HU,5,20251103,112500,2740,2740,2740,2740,750,0
MASTERPLAST.HU,5,20251103,122500,2740,2740,2740,2740,1000,0
MASTERPLAST.HU,5,20251103,123000,2730,2730,2730,2730,1500,0
MASTERPLAST.HU,5,20251103,130500,2730,2730,2730,2730,552,0
MASTERPLAST.HU,5,20251103,131500,2730,2730,2730,2730,110,0
MASTERPLAST.HU,5,20251103,132500,2790,2790,2790,2790,32,0
MASTERPLAST.HU,5,20251103,143500,2730,2730,2730,2730,428,0
MASTERPLAST.HU,5,20251103,151000,2730,2730,2730,2730,170,0
MASTERPLAST.HU,5,20251103,152500,2730,2730,2730,2730,1000,0
MASTERPLAST.HU,5,20251103,164000,2730,2730,2730,2730,50,0
MASTERPLAST.HU,5,20251103,165500,2730,2730,2730,2730,5,0
MASTERPLAST.HU,5,20251104,090000,2730,2730,2730,2730,145,0
MASTERPLAST.HU,5,20251104,093000,2720,2720,2720,2720,69,0
MASTERPLAST.HU,5,20251104,094500,2720,2720,2710,2710,229,0
MASTERPLAST.HU,5,20251104,110500,2720,2720,2720,2720,250,0
MASTERPLAST.HU,5,20251104,111500,2700,2700,2690,2690,994,0
MASTERPLAST.HU,5,20251104,124000,2720,2720,2720,2720,20,0
MASTERPLAST.HU,5,20251104,145500,2700,2700,2700,2700,250,0
MASTERPLAST.HU,5,20251104,153000,2700,2700,2700,2700,200,0
MASTERPLAST.HU,5,20251104,161500,2700,2700,2700,2700,50,0
MASTERPLAST.HU,5,20251104,163500,2700,2700,2700,2700,110,0
MASTERPLAST.HU,5,20251104,165500,2700,2720,2700,2720,433,0
