<TICKER>,<PER>,<DATE>,<TIME>,<OPEN>,<HIGH>,<LOW>,<CLOSE>,<VOL>,<OPENINT>
FUSDH26,5,20250707,101500,3.6302,3.6302,3.6302,3.6302,1,1034
FUSDH26,5,20250707,104500,3.6353,3.6407,3.6353,3.6397,200,1132
FUSDH26,5,20250707,105000,3.6434,3.6434,3.6434,3.6434,100,1232
FUSDH26,5,20250707,124000,3.6409,3.6409,3.6409,3.6409,15,1332
FUSDH26,5,20250707,145500,3.6445,3.6445,3.6445,3.6445,2,1347
FUSDH26,5,20250708,094500,3.6253,3.6253,3.625,3.625,2,1349
FUSDH26,5,20250708,141500,3.6402,3.6402,3.6402,3.6402,5,1349
FUSDH26,5,20250708,152500,3.6399,3.6399,3.6399,3.6399,5,1349
FUSDH26,5,20250708,153000,3.643,3.643,3.643,3.643,3,1344
FUSDH26,5,20250708,153500,3.6464,3.6464,3.6464,3.6464,2,1341
FUSDH26,5,20250708,164000,3.6478,3.6478,3.6478,3.6478,1,1343
FUSDH26,5,20250709,092500,3.636,3.636,3.636,3.636,1,1344
FUSDH26,5,20250709,094000,3.64,3.64,3.64,3.64,2,1345
FUSDH26,5,20250709,122000,3.6392,3.6392,3.6392,3.6392,100,1347
FUSDH26,5,20250709,124000,3.6428,3.6428,3.6428,3.6428,2,1447
FUSDH26,5,20250709,125500,3.642,3.642,3.642,3.642,4,1449
FUSDH26,5,20250710,132500,3.6432,3.6432,3.6432,3.6432,2,1453
FUSDH26,5,20250710,140000,3.6453,3.6563,3.6453,3.6563,3,1455
FUSDH26,5,20250710,142000,3.6451,3.6451,3.6451,3.6451,1,1456
FUSDH26,5,20250710,144500,3.6468,3.6468,3.6468,3.6468,2,1456
FUSDH26,5,20250710,153000,3.6445,3.6445,3.6445,3.6445,2,1458
FUSDH26,5,20250710,154500,3.646,3.6483,3.646,3.6483,2,1455
FUSDH26,5,20250710,155000,3.6484,3.6502,3.6484,3.6502,2,1454
FUSDH26,5,20250710,160500,3.6569,3.6577,3.6569,3.6577,4,1453
FUSDH26,5,20250710,161500,3.6511,3.6553,3.6511,3.6519,3,1454
FUSDH26,5,20250710,162000,3.6563,3.6563,3.6563,3.6563,1,1453
FUSDH26,5,20250710,162500,3.661,3.6638,3.6603,3.6638,5,1455
FUSDH26,5,20250710,163000,3.6649,3.6649,3.6649,3.6649,2,1457
FUSDH26,5,20250710,164000,3.6563,3.6563,3.6563,3.6563,1,1459
FUSDH26,5,20250710,164500,3.6603,3.6603,3.6603,3.6603,1,1458
FUSDH26,5,20250711,112000,3.6613,3.6613,3.6613,3.6613,8,1458
FUSDH26,5,20250711,112500,3.6567,3.6567,3.6567,3.6567,4,1460
FUSDH26,5,20250711,113000,3.6614,3.6614,3.6614,3.6614,8,1459
FUSDH26,5,20250711,120000,3.652,3.652,3.652,3.652,4,1461
FUSDH26,5,20250711,122000,3.6562,3.6562,3.6562,3.6562,8,1459
FUSDH26,5,20250711,122500,3.6513,3.6557,3.6513,3.6557,12,1460
FUSDH26,5,20250711,123000,3.6518,3.6556,3.6518,3.6556,404,1461
FUSDH26,5,20250711,123500,3.6548,3.6548,3.6548,3.6548,4,1561
FUSDH26,5,20250711,124000,3.6534,3.6534,3.6525,3.6525,8,1559
FUSDH26,5,20250711,140000,3.6607,3.6607,3.6607,3.6607,8,1558
FUSDH26,5,20250711,160500,3.66,3.66,3.66,3.66,4,1558
FUSDH26,5,20250711,161000,3.67,3.67,3.67,3.67,6,1558
FUSDH26,5,20250711,164000,3.67,3.67,3.67,3.67,4,1558
FUSDH26,5,20250714,085000,3.6735,3.6735,3.6735,3.6735,2,1565
FUSDH26,5,20250714,091000,3.67,3.67,3.67,3.67,1,1567
FUSDH26,5,20250714,093000,3.665,3.665,3.665,3.665,1,1568
FUSDH26,5,20250714,124000,3.6611,3.6611,3.6611,3.6611,200,1668
FUSDH26,5,20250715,135000,3.665,3.665,3.665,3.665,2,1768
FUSDH26,5,20250715,153500,3.6641,3.6641,3.6641,3.6641,4,1770
FUSDH26,5,20250715,163500,3.6858,3.6858,3.6858,3.6858,2,1766
FUSDH26,5,20250715,164500,3.6866,3.687,3.6866,3.687,4,1770
FUSDH26,5,20250716,094000,3.6881,3.6881,3.6881,3.6881,2,1772
FUSDH26,5,20250716,135500,3.6891,3.6895,3.6891,3.6895,4,1776
FUSDH26,5,20250716,145500,3.6902,3.6902,3.6902,3.6902,2,1778
FUSDH26,5,20250716,152500,3.6957,3.6957,3.6957,3.6957,2,1780
FUSDH26,5,20250716,153500,3.697,3.6978,3.697,3.6978,6,1784
FUSDH26,5,20250716,154000,3.6985,3.6985,3.6985,3.6985,2,1788
FUSDH26,5,20250716,155000,3.7,3.7023,3.7,3.7023,7,1790
FUSDH26,5,20250716,161500,3.7,3.7,3.7,3.7,10,1792
FUSDH26,5,20250716,163500,3.6983,3.6983,3.6983,3.6983,20,1792
FUSDH26,5,20250717,084500,3.7024,3.7024,3.7024,3.7024,2,1792
FUSDH26,5,20250717,090000,3.6946,3.6946,3.6946,3.6946,2,1794
FUSDH26,5,20250718,152000,3.66,3.66,3.66,3.66,1,1794
FUSDH26,5,20250718,153500,3.6639,3.6639,3.6639,3.6639,1,1795
FUSDH26,5,20250718,162000,3.6629,3.6629,3.6629,3.6629,10,1796
FUSDH26,5,20250718,164500,3.6639,3.6639,3.6639,3.6639,1,1806
FUSDH26,5,20250721,093000,3.666,3.666,3.666,3.666,2,1807
FUSDH26,5,20250721,093500,3.6647,3.6647,3.6647,3.6647,2,1809
FUSDH26,5,20250721,104500,3.6601,3.6601,3.6601,3.6601,1,1811
FUSDH26,5,20250721,130500,3.6568,3.6568,3.6522,3.6522,51,1812
FUSDH26,5,20250721,133500,3.6519,3.6519,3.6519,3.6519,1,1763
FUSDH26,5,20250721,153500,3.6554,3.6554,3.6554,3.6554,1,1763
FUSDH26,5,20250721,163000,3.645,3.645,3.645,3.645,1,1764
FUSDH26,5,20250721,164500,3.6464,3.6464,3.6464,3.6464,1,1764
FUSDH26,5,20250722,084500,3.6492,3.6492,3.6492,3.6492,1,1765
FUSDH26,5,20250722,093500,3.6522,3.6522,3.6522,3.6522,1,1766
FUSDH26,5,20250722,095000,3.6539,3.6539,3.6539,3.6539,1,1767
FUSDH26,5,20250722,132500,3.6547,3.6547,3.6547,3.6547,1,1768
FUSDH26,5,20250722,142000,3.6565,3.6565,3.6565,3.6565,1,1769
FUSDH26,5,20250722,151000,3.6578,3.6578,3.6578,3.6578,1,1770
FUSDH26,5,20250722,163500,3.6477,3.6477,3.6477,3.6477,1,1771
FUSDH26,5,20250723,093000,3.6463,3.6463,3.6463,3.6463,1,1772
FUSDH26,5,20250723,102000,3.639,3.639,3.639,3.639,1,1773
FUSDH26,5,20250723,103500,3.6412,3.6412,3.6412,3.6412,1,1774
FUSDH26,5,20250723,104000,3.6418,3.6418,3.6418,3.6418,1,1775
FUSDH26,5,20250723,130500,3.6431,3.6431,3.6431,3.6431,1,1776
FUSDH26,5,20250723,140500,3.6424,3.6424,3.6424,3.6424,1,1777
FUSDH26,5,20250723,151500,3.6407,3.6407,3.6365,3.6365,26,1779
FUSDH26,5,20250723,164500,3.6397,3.6397,3.6397,3.6397,2,1755
FUSDH26,5,20250724,084500,3.627,3.6298,3.627,3.6298,2,1756
FUSDH26,5,20250724,091500,3.629,3.629,3.629,3.629,1,1757
FUSDH26,5,20250724,120000,3.6334,3.6334,3.6334,3.6334,1,1758
FUSDH26,5,20250724,121500,3.6356,3.6356,3.6356,3.6356,1,1759
FUSDH26,5,20250724,133000,3.6373,3.6373,3.6373,3.6373,1,1760
FUSDH26,5,20250724,160000,3.6263,3.6263,3.6263,3.6263,2,1761
FUSDH26,5,20250724,161000,3.625,3.625,3.625,3.625,1,1763
FUSDH26,5,20250724,164500,3.6273,3.6306,3.6273,3.6306,2,1765
FUSDH26,5,20250725,084500,3.6339,3.6339,3.6339,3.6339,1,1766
FUSDH26,5,20250725,085000,3.6358,3.6358,3.6358,3.6358,1,1767
FUSDH26,5,20250725,112500,3.6394,3.6394,3.6394,3.6394,1,1768
FUSDH26,5,20250725,121500,3.6405,3.6405,3.6405,3.6405,1,1769
FUSDH26,5,20250725,125000,3.6435,3.6435,3.6435,3.6435,1,1770
FUSDH26,5,20250725,144000,3.6457,3.6457,3.6457,3.6457,1,1771
FUSDH26,5,20250728,085500,3.64,3.64,3.64,3.64,1,1772
FUSDH26,5,20250728,090500,3.6419,3.6419,3.6419,3.6419,1,1773
FUSDH26,5,20250728,093500,3.6538,3.6538,3.6538,3.6538,1,1774
FUSDH26,5,20250728,094000,3.6553,3.6569,3.6553,3.6569,2,1776
FUSDH26,5,20250728,095000,3.659,3.6613,3.659,3.6613,2,1778
FUSDH26,5,20250728,100500,3.6631,3.6635,3.6631,3.6635,200,1879
FUSDH26,5,20250728,140000,3.6621,3.6621,3.6621,3.6621,2,1979
FUSDH26,5,20250728,143500,3.6632,3.6632,3.6632,3.6632,1,1977
FUSDH26,5,20250728,151500,3.669,3.669,3.669,3.669,4,1977
FUSDH26,5,20250728,155500,3.6742,3.6742,3.6742,3.6742,1,1977
FUSDH26,5,20250728,165500,3.675,3.675,3.675,3.675,2,1977
FUSDH26,5,20250729,084500,3.7,3.7,3.7,3.7,1,1978
FUSDH26,5,20250729,085000,3.7,3.7,3.7,3.7,2,1978
FUSDH26,5,20250729,085500,3.705,3.705,3.705,3.705,1,1978
FUSDH26,5,20250729,090000,3.7094,3.7094,3.7094,3.7094,1,1977
FUSDH26,5,20250729,090500,3.71,3.71,3.71,3.71,1,1978
FUSDH26,5,20250729,091000,3.711,3.711,3.7083,3.7083,6,1973
FUSDH26,5,20250729,094500,3.7083,3.7083,3.7083,3.7083,2,1973
FUSDH26,5,20250729,095000,3.7083,3.7083,3.7053,3.7053,2,1973
FUSDH26,5,20250729,100500,3.7046,3.7046,3.7031,3.7031,2,1971
FUSDH26,5,20250729,101000,3.7053,3.7053,3.7053,3.7053,2,1970
FUSDH26,5,20250729,112500,3.7035,3.7035,3.7035,3.7035,3,1972
FUSDH26,5,20250729,131000,3.7111,3.7111,3.7111,3.7111,1,1975
FUSDH26,5,20250729,133500,3.715,3.715,3.715,3.715,1,1976
FUSDH26,5,20250729,140000,3.72,3.72,3.72,3.72,1,1976
FUSDH26,5,20250729,143500,3.725,3.725,3.725,3.725,1,1976
FUSDH26,5,20250729,152500,3.7221,3.7221,3.7221,3.7221,1,1976
FUSDH26,5,20250729,153500,3.7247,3.7247,3.7247,3.7247,1,1976
FUSDH26,5,20250729,164500,3.7274,3.7274,3.7274,3.7274,1,1976
FUSDH26,5,20250730,090500,3.71,3.71,3.71,3.71,1,1977
FUSDH26,5,20250730,115000,3.71,3.71,3.71,3.71,30,1992
FUSDH26,5,20250730,142500,3.7239,3.7242,3.7239,3.7242,200,2107
FUSDH26,5,20250730,145500,3.7399,3.7399,3.7399,3.7399,1,2207
FUSDH26,5,20250730,151000,3.74,3.74,3.74,3.74,10,2207
FUSDH26,5,20250730,155000,3.74,3.7449,3.74,3.7449,2,2197
FUSDH26,5,20250730,160000,3.739,3.739,3.739,3.739,1,2197
FUSDH26,5,20250731,090500,3.7344,3.7344,3.7344,3.7344,100,2197
FUSDH26,5,20250731,091000,3.7335,3.7335,3.7335,3.7335,100,2197
FUSDH26,5,20250731,131000,3.7447,3.7447,3.7447,3.7447,1,2197
FUSDH26,5,20250731,144500,3.7499,3.7499,3.7499,3.7499,3,2198
FUSDH26,5,20250731,152000,3.7596,3.7596,3.7596,3.7596,1,2196
FUSDH26,5,20250731,155000,3.7575,3.7575,3.7575,3.7575,2,2197
FUSDH26,5,20250731,155500,3.7576,3.7576,3.7576,3.7576,1,2195
FUSDH26,5,20250801,085000,3.7525,3.7525,3.7525,3.7525,1,2194
FUSDH26,5,20250801,095500,3.7603,3.7603,3.7603,3.7603,1,2195
FUSDH26,5,20250801,100500,3.7603,3.7603,3.7603,3.7603,11,2196
FUSDH26,5,20250801,102500,3.76,3.7619,3.76,3.7619,2,2196
FUSDH26,5,20250801,104000,3.7628,3.7632,3.7628,3.7632,3,2197
FUSDH26,5,20250801,105500,3.7638,3.7638,3.7638,3.7638,1,2198
FUSDH26,5,20250801,134500,3.7599,3.7602,3.7599,3.7602,3,2199
FUSDH26,5,20250801,142000,3.7638,3.7638,3.7638,3.7638,2,2201
FUSDH26,5,20250801,143000,3.754,3.754,3.741,3.741,11,2212
FUSDH26,5,20250801,144500,3.7103,3.7103,3.7103,3.7103,200,2213
FUSDH26,5,20250801,145500,3.7097,3.7165,3.7097,3.7165,200,2113
FUSDH26,5,20250801,155000,3.7104,3.7104,3.7104,3.7104,1,2213
FUSDH26,5,20250801,162000,3.7048,3.7048,3.7048,3.7048,1,2213
FUSDH26,5,20250801,164500,3.7095,3.7095,3.7095,3.7095,1,2213
FUSDH26,5,20250804,090000,3.7059,3.7059,3.7059,3.7059,4,2213
FUSDH26,5,20250804,091500,3.7035,3.7035,3.7035,3.7035,25,2213
FUSDH26,5,20250804,095500,3.7106,3.7106,3.7106,3.7106,100,2213
FUSDH26,5,20250804,125000,3.7106,3.7106,3.7106,3.7106,2,2313
FUSDH26,5,20250804,130500,3.7106,3.7106,3.7106,3.7106,100,2315
FUSDH26,5,20250804,131500,3.7056,3.7056,3.7052,3.7052,101,2515
FUSDH26,5,20250805,112000,3.7192,3.7192,3.7192,3.7192,12,2516
FUSDH26,5,20250805,123000,3.7178,3.7178,3.7178,3.7178,1,2519
FUSDH26,5,20250805,135500,3.7219,3.7219,3.7219,3.7219,1,2518
FUSDH26,5,20250807,133000,3.67,3.67,3.67,3.67,4,2519
FUSDH26,5,20250807,164000,3.6799,3.6799,3.6799,3.6799,1,2515
FUSDH26,5,20250808,122500,3.6639,3.6639,3.6639,3.6639,1,2515
FUSDH26,5,20250811,122000,3.663,3.663,3.663,3.663,1,2514
FUSDH26,5,20250811,131000,3.6669,3.6669,3.6669,3.6669,10,2514
FUSDH26,5,20250811,144000,3.6749,3.6749,3.6749,3.6749,2,2504
FUSDH26,5,20250811,144500,3.6749,3.6749,3.6749,3.6749,5,2504
FUSDH26,5,20250811,150500,3.6739,3.6739,3.6739,3.6739,29,2504
FUSDH26,5,20250811,164500,3.686,3.686,3.686,3.686,1,2475
FUSDH26,5,20250812,090500,3.6816,3.6816,3.6816,3.6816,1,2475
FUSDH26,5,20250813,090500,3.6511,3.6511,3.6511,3.6511,3,2476
FUSDH26,5,20250813,091000,3.65,3.65,3.6493,3.6493,11,2485
FUSDH26,5,20250813,092000,3.6474,3.6474,3.6474,3.6474,5,2490
FUSDH26,5,20250813,105500,3.6494,3.6494,3.6494,3.6494,1,2495
FUSDH26,5,20250814,102500,3.66,3.66,3.66,3.66,1,2496
FUSDH26,5,20250814,123000,3.6527,3.6527,3.6527,3.6527,1,2497
FUSDH26,5,20250814,135000,3.6569,3.6569,3.6569,3.6569,2,2496
FUSDH26,5,20250814,140000,3.6569,3.6569,3.6569,3.6569,10,2496
FUSDH26,5,20250814,150500,3.6699,3.6699,3.6699,3.6699,1,2496
FUSDH26,5,20250814,160000,3.671,3.671,3.671,3.671,2,2496
FUSDH26,5,20250814,162000,3.6655,3.6655,3.6655,3.6655,2,2496
FUSDH26,5,20250814,164500,3.6684,3.6684,3.6684,3.6684,1,2498
FUSDH26,5,20250818,090000,3.6556,3.6556,3.6556,3.6556,2,2499
FUSDH26,5,20250818,094000,3.6539,3.6539,3.6533,3.6533,200,2599
FUSDH26,5,20250819,114000,3.6453,3.6453,3.6453,3.6453,1,2599
FUSDH26,5,20250819,163000,3.652,3.652,3.652,3.652,1,2599
FUSDH26,5,20250820,085000,3.6594,3.6594,3.6594,3.6594,1,2599
FUSDH26,5,20250821,133500,3.661,3.661,3.661,3.661,1,2598
FUSDH26,5,20250821,154500,3.667,3.667,3.667,3.667,30,2598
FUSDH26,5,20250821,164500,3.6767,3.6767,3.6767,3.6767,1,2568
FUSDH26,5,20250822,105000,3.6868,3.6868,3.6868,3.6868,200,2568
FUSDH26,5,20250822,133500,3.6867,3.6867,3.6867,3.6867,14,2568
FUSDH26,5,20250822,152500,3.68,3.68,3.68,3.68,23,2568
FUSDH26,5,20250822,162000,3.6514,3.652,3.6514,3.652,200,2545
FUSDH26,5,20250825,105500,3.6563,3.6576,3.6563,3.6576,4,2547
FUSDH26,5,20250825,131000,3.6541,3.6541,3.6541,3.6541,1,2549
FUSDH26,5,20250825,131500,3.6541,3.6541,3.6541,3.6541,1,2548
FUSDH26,5,20250825,132000,3.653,3.653,3.653,3.653,1,2547
FUSDH26,5,20250825,144500,3.6516,3.6516,3.6516,3.6516,10,2546
FUSDH26,5,20250825,145000,3.6513,3.6513,3.651,3.651,30,2526
FUSDH26,5,20250825,145500,3.6509,3.6509,3.6509,3.6509,20,2506
FUSDH26,5,20250825,150000,3.6513,3.6513,3.6513,3.6513,30,2486
FUSDH26,5,20250825,150500,3.6516,3.6516,3.6516,3.6516,47,2456
FUSDH26,5,20250825,151500,3.6505,3.6509,3.6505,3.6509,15,2399
FUSDH26,5,20250825,164500,3.6584,3.6584,3.6584,3.6584,1,2394
FUSDH26,5,20250826,091000,3.6835,3.6835,3.6835,3.6835,14,2394
FUSDH26,5,20250827,123000,3.695,3.695,3.695,3.695,1,2380
FUSDH26,5,20250827,164500,3.695,3.695,3.695,3.695,1,2379
FUSDH26,5,20250828,164000,3.664,3.664,3.664,3.664,6,2379
FUSDH26,5,20250829,114500,3.6708,3.6708,3.6708,3.6708,1,2374
FUSDH26,5,20250901,084500,3.6484,3.6484,3.6484,3.6484,4,2375
FUSDH26,5,20250901,104500,3.645,3.645,3.645,3.645,1,2379
FUSDH26,5,20250901,132500,3.6403,3.6403,3.638,3.638,4,2380
FUSDH26,5,20250902,085000,3.647,3.647,3.647,3.647,1,2378
FUSDH26,5,20250902,091000,3.653,3.653,3.653,3.653,1,2377
FUSDH26,5,20250902,102000,3.6723,3.6723,3.6723,3.6723,1,2376
FUSDH26,5,20250902,112500,3.6817,3.6817,3.6817,3.6817,1,2375
FUSDH26,5,20250902,130000,3.677,3.677,3.677,3.677,2,2375
FUSDH26,5,20250902,142000,3.677,3.677,3.677,3.677,1,2375
FUSDH26,5,20250902,143500,3.6814,3.6817,3.6814,3.6817,4,2374
FUSDH26,5,20250902,161000,3.6651,3.6651,3.6651,3.6651,8,2373
FUSDH26,5,20250903,092000,3.6799,3.6799,3.6799,3.6799,8,2381
FUSDH26,5,20250903,093000,3.6756,3.6759,3.6756,3.6759,3,2371
FUSDH26,5,20250903,101500,3.6635,3.6635,3.6635,3.6635,3,2370
FUSDH26,5,20250903,122500,3.659,3.659,3.659,3.659,1,2370
FUSDH26,5,20250903,143000,3.6611,3.6611,3.6611,3.6611,1735,2369
FUSDH26,5,20250903,162000,3.6582,3.6582,3.6582,3.6582,2,2369
FUSDH26,5,20250903,162500,3.6533,3.6533,3.6533,3.6533,1,2369
FUSDH26,5,20250903,163000,3.6611,3.6611,3.6611,3.6611,2,2369
FUSDH26,5,20250903,163500,3.6604,3.6604,3.6604,3.6604,1,2369
FUSDH26,5,20250903,165500,3.6548,3.6548,3.6548,3.6548,1,2369
FUSDH26,5,20250904,135000,3.661,3.661,3.661,3.661,1,0
FUSDH26,5,20250904,135500,3.662,3.662,3.662,3.662,1,4103
FUSDH26,5,20250904,140000,3.6606,3.6606,3.6606,3.6606,1,4102
FUSDH26,5,20250904,162500,3.6684,3.6684,3.6684,3.6684,20,59915
FUSDH26,5,20250904,163500,3.6632,3.6632,3.6632,3.6632,1,59915
FUSDH26,5,20250904,164000,3.6627,3.6633,3.6627,3.6633,7,59915
FUSDH26,5,20250905,091500,3.6562,3.6562,3.6562,3.6562,10,59915
FUSDH26,5,20250905,100500,3.6502,3.6502,3.6502,3.6502,1,59915
FUSDH26,5,20250905,105500,3.652,3.652,3.652,3.652,10,59916
FUSDH26,5,20250905,122500,3.647,3.647,3.6439,3.6439,12,59927
FUSDH26,5,20250905,131000,3.6465,3.6465,3.6465,3.6465,10,59928
FUSDH26,5,20250905,140500,3.644,3.644,3.6433,3.6433,2,59939
FUSDH26,5,20250905,142500,3.6449,3.6449,3.6449,3.6449,14,59940
FUSDH26,5,20250905,143000,3.642,3.642,3.6361,3.6369,52,59934
FUSDH26,5,20250905,155000,3.6336,3.6336,3.6336,3.6336,1,59910
FUSDH26,5,20250905,160000,3.6324,3.6324,3.63,3.63,17,59910
FUSDH26,5,20250908,133000,3.6375,3.6375,3.6375,3.6375,1,59910
FUSDH26,5,20250908,151000,3.63,3.63,3.63,3.63,1,59910
FUSDH26,5,20250908,155000,3.627,3.627,3.627,3.627,9,59910
FUSDH26,5,20250909,085000,3.6285,3.6285,3.6285,3.6285,1,59910
FUSDH26,5,20250909,095500,3.6351,3.6351,3.6351,3.6351,1,59910
FUSDH26,5,20250909,103500,3.6325,3.6325,3.6325,3.6325,1,59910
FUSDH26,5,20250909,164500,3.6343,3.6343,3.6343,3.6343,2,59910
FUSDH26,5,20250910,090500,3.6529,3.6529,3.6529,3.6529,1,59912
FUSDH26,5,20250910,093000,3.6541,3.6541,3.6541,3.6541,1,59912
FUSDH26,5,20250910,100000,3.656,3.656,3.656,3.656,1,59913
FUSDH26,5,20250911,085000,3.6573,3.6573,3.6573,3.6573,394,59913
FUSDH26,5,20250911,142000,3.667,3.667,3.667,3.667,1,60307
FUSDH26,5,20250911,143000,3.6601,3.6601,3.6601,3.6601,1,60307
FUSDH26,5,20250911,150000,3.65,3.65,3.65,3.65,394,60307
FUSDH26,5,20250911,160000,3.6447,3.6447,3.6447,3.6447,1,59913
FUSDH26,5,20250912,090000,3.638,3.638,3.6355,3.6355,2,59913
FUSDH26,5,20250915,110500,3.631,3.631,3.631,3.631,1,59913
FUSDH26,5,20250915,113000,3.6313,3.6313,3.6313,3.6313,1,59913
FUSDH26,5,20250915,122000,3.63,3.63,3.63,3.63,1,59913
FUSDH26,5,20250915,122500,3.6261,3.6261,3.6261,3.6261,1,59913
FUSDH26,5,20250915,141500,3.627,3.6275,3.627,3.6275,245,130757
FUSDH26,5,20250915,143500,3.625,3.625,3.625,3.625,1,130522
FUSDH26,5,20250915,153500,3.6272,3.6272,3.6272,3.6272,6012,130523
FUSDH26,5,20250915,154000,3.6241,3.6241,3.6241,3.6241,9,130523
FUSDH26,5,20250916,084500,3.6253,3.6253,3.625,3.625,5,136779
FUSDH26,5,20250916,090000,3.62,3.62,3.62,3.62,1,136779
FUSDH26,5,20250916,100000,3.6235,3.6235,3.6235,3.6235,5,136780
FUSDH26,5,20250916,105000,3.6213,3.6213,3.6213,3.6213,1,136780
FUSDH26,5,20250916,112000,3.6153,3.6153,3.6151,3.6151,6,136780
FUSDH26,5,20250916,115000,3.613,3.613,3.613,3.613,1,136780
FUSDH26,5,20250916,131500,3.6187,3.6272,3.6187,3.6272,1132,203052
FUSDH26,5,20250916,135000,3.6126,3.6126,3.6126,3.6126,2,203052
FUSDH26,5,20250916,153000,3.6111,3.6111,3.6111,3.6111,50,203052
FUSDH26,5,20250916,160000,3.61,3.61,3.6096,3.6096,5,203002
FUSDH26,5,20250916,161000,3.6088,3.6088,3.6088,3.6088,1,203002
FUSDH26,5,20250916,161500,3.6,3.6,3.5987,3.5987,120,203002
FUSDH26,5,20250916,164500,3.6053,3.6053,3.6053,3.6053,5,203102
FUSDH26,5,20250917,093500,3.6005,3.6005,3.6005,3.6005,1,204236
FUSDH26,5,20250917,094000,3.6004,3.6004,3.6004,3.6004,1,204236
FUSDH26,5,20250917,094500,3.6003,3.6003,3.6003,3.6003,1,204236
FUSDH26,5,20250917,095000,3.6007,3.6007,3.6007,3.6007,1,204236
FUSDH26,5,20250917,095500,3.6003,3.6012,3.6003,3.6012,3,204236
FUSDH26,5,20250917,100000,3.6011,3.6011,3.6008,3.6008,10,204236
FUSDH26,5,20250917,100500,3.6012,3.6012,3.6003,3.6003,10,204236
FUSDH26,5,20250917,101000,3.6009,3.6017,3.6009,3.6017,10,204236
FUSDH26,5,20250917,101500,3.601,3.601,3.601,3.601,5,204236
FUSDH26,5,20250917,102000,3.6017,3.6017,3.6017,3.6017,5,204236
FUSDH26,5,20250917,102500,3.6017,3.6017,3.6003,3.6003,15,204236
FUSDH26,5,20250917,103000,3.6016,3.6016,3.6016,3.6016,5,204236
FUSDH26,5,20250917,103500,3.6025,3.6025,3.6025,3.6025,20,204236
FUSDH26,5,20250917,104000,3.6021,3.6023,3.6021,3.6023,10,204236
FUSDH26,5,20250917,104500,3.6003,3.6006,3.6003,3.6006,10,204236
FUSDH26,5,20250917,105000,3.601,3.601,3.6006,3.6006,15,204236
FUSDH26,5,20250917,105500,3.6017,3.602,3.6017,3.602,10,204236
FUSDH26,5,20250917,110000,3.6019,3.6019,3.6011,3.6011,10,204236
FUSDH26,5,20250917,110500,3.6015,3.6015,3.6005,3.6005,10,204236
FUSDH26,5,20250917,111000,3.6013,3.6013,3.6013,3.6013,5,204236
FUSDH26,5,20250917,123500,3.6088,3.6088,3.6088,3.6088,15,204236
FUSDH26,5,20250917,124500,3.6013,3.6013,3.6013,3.6013,421,204236
FUSDH26,5,20250917,125500,3.6075,3.6075,3.6042,3.6042,817,204657
FUSDH26,5,20250917,140500,3.6075,3.6075,3.6075,3.6075,10,205431
FUSDH26,5,20250917,144500,3.6075,3.6075,3.6075,3.6075,9,205431
FUSDH26,5,20250917,150000,3.6075,3.6075,3.6075,3.6075,16,205431
FUSDH26,5,20250917,160500,3.6074,3.6074,3.6074,3.6074,7,205431
FUSDH26,5,20250918,084500,3.6208,3.6208,3.62,3.62,2,205424
FUSDH26,5,20250918,093000,3.6068,3.6068,3.6068,3.6068,1,205424
FUSDH26,5,20250918,112500,3.6037,3.6037,3.6037,3.6037,10,205425
FUSDH26,5,20250918,123000,3.6037,3.6037,3.6037,3.6037,681,205435
FUSDH26,5,20250918,141000,3.6107,3.6107,3.6107,3.6107,250,206116
FUSDH26,5,20250918,150000,3.62,3.62,3.62,3.62,250,206366
FUSDH26,5,20250918,151000,3.6211,3.6211,3.6211,3.6211,1000,206614
FUSDH26,5,20250918,152000,3.625,3.625,3.625,3.625,1,207614
FUSDH26,5,20250918,153500,3.63,3.63,3.63,3.63,1,207614
FUSDH26,5,20250918,154000,3.6318,3.637,3.6318,3.637,3,207614
FUSDH26,5,20250918,154500,3.6322,3.6322,3.6322,3.6322,999,207615
FUSDH26,5,20250918,160000,3.631,3.631,3.631,3.631,3,208614
FUSDH26,5,20250919,095000,3.6328,3.6353,3.6328,3.6353,2,208617
FUSDH26,5,20250919,101500,3.6369,3.6383,3.6369,3.6383,3,208616
FUSDH26,5,20250919,102500,3.6379,3.6379,3.6379,3.6379,1000,208617
FUSDH26,5,20250919,114500,3.6365,3.6403,3.6365,3.6403,176,209617
FUSDH26,5,20250919,115500,3.6365,3.6365,3.6365,3.6365,1,0
FUSDH26,5,20250919,121000,3.6345,3.6345,3.6345,3.6345,1,209736
FUSDH26,5,20250919,130500,3.637,3.64,3.637,3.64,5,209736
FUSDH26,5,20250919,133500,3.64,3.64,3.64,3.64,43,209772
FUSDH26,5,20250919,142000,3.6438,3.6438,3.6438,3.6438,2,209779
FUSDH26,5,20250919,142500,3.645,3.645,3.645,3.645,1,209777
FUSDH26,5,20250919,150500,3.6454,3.6454,3.6454,3.6454,25,209777
FUSDH26,5,20250919,152000,3.6458,3.6458,3.6458,3.6458,10,209802
FUSDH26,5,20250919,154500,3.64,3.64,3.64,3.64,1,209802
FUSDH26,5,20250919,155000,3.64,3.64,3.64,3.64,51,209803
FUSDH26,5,20250919,160000,3.6356,3.6356,3.6356,3.6356,1,209854
FUSDH26,5,20250919,163500,3.6398,3.6398,3.6398,3.6398,9,209854
FUSDH26,5,20250922,093500,3.6398,3.6398,3.6398,3.6398,1,209801
FUSDH26,5,20250922,095500,3.6398,3.6398,3.639,3.639,20,209802
FUSDH26,5,20250922,101500,3.637,3.637,3.637,3.637,1,209822
FUSDH26,5,20250922,104000,3.6344,3.6344,3.6344,3.6344,1,209822
FUSDH26,5,20250922,112000,3.639,3.639,3.639,3.639,1,209822
FUSDH26,5,20250922,120000,3.6343,3.6343,3.6341,3.6341,2,209822
FUSDH26,5,20250922,120500,3.632,3.632,3.632,3.632,1,209822
FUSDH26,5,20250922,121500,3.6312,3.6312,3.6312,3.6312,1,209823
FUSDH26,5,20250922,122000,3.6307,3.6307,3.63,3.63,2,209823
FUSDH26,5,20250922,130500,3.6335,3.6335,3.6335,3.6335,101,209823
FUSDH26,5,20250922,133000,3.63,3.63,3.6267,3.6267,11,209732
FUSDH26,5,20250922,141500,3.6287,3.6287,3.6287,3.6287,20,209732
FUSDH26,5,20250922,144500,3.6256,3.6256,3.6256,3.6256,1,209732
FUSDH26,5,20250922,145000,3.6232,3.6232,3.6232,3.6232,1,209732
FUSDH26,5,20250923,084500,3.6212,3.6212,3.6212,3.6212,1,209732
FUSDH26,5,20250923,085000,3.62,3.62,3.62,3.62,1,209732
FUSDH26,5,20250923,093500,3.622,3.622,3.622,3.622,5,209733
FUSDH26,5,20250923,104000,3.621,3.621,3.62,3.62,15,209743
FUSDH26,5,20250923,112500,3.6176,3.6176,3.6176,3.6176,5,209743
FUSDH26,5,20250923,123500,3.6181,3.6181,3.6181,3.6181,1489,209738
FUSDH26,5,20250923,142500,3.6253,3.6253,3.6253,3.6253,10,211227
FUSDH26,5,20250923,143000,3.6238,3.6238,3.6238,3.6238,2,211227
FUSDH26,5,20250924,090000,3.625,3.625,3.625,3.625,3,211174
FUSDH26,5,20250924,090500,3.626,3.626,3.626,3.626,5,211174
FUSDH26,5,20250924,112000,3.6356,3.6356,3.6356,3.6356,60,211174
FUSDH26,5,20250924,125000,3.6448,3.6448,3.6431,3.6431,103,211234
FUSDH26,5,20250924,143500,3.645,3.645,3.645,3.645,1,211235
FUSDH26,5,20250924,161500,3.65,3.65,3.65,3.65,1,211235
FUSDH26,5,20250924,164500,3.6482,3.6482,3.6482,3.6482,1,211235
FUSDH26,5,20250925,093000,3.6465,3.6465,3.6465,3.6465,15,211235
FUSDH26,5,20250925,103000,3.6448,3.6448,3.6448,3.6448,10,211235
FUSDH26,5,20250925,103500,3.644,3.6458,3.644,3.6458,211,211235
FUSDH26,5,20250925,110500,3.64,3.64,3.64,3.64,30,211235
FUSDH26,5,20250925,111500,3.6409,3.6409,3.6409,3.6409,5,211206
FUSDH26,5,20250925,140500,3.6456,3.6456,3.6456,3.6456,9,211206
FUSDH26,5,20250925,143000,3.6479,3.6479,3.6479,3.6479,1,211206
FUSDH26,5,20250925,144500,3.66,3.66,3.66,3.66,19,211206
FUSDH26,5,20250925,145000,3.66,3.662,3.66,3.6604,9,211183
FUSDH26,5,20250925,152500,3.655,3.655,3.655,3.655,1,211183
FUSDH26,5,20250925,155000,3.66,3.66,3.66,3.66,1,211183
FUSDH26,5,20250926,085500,3.665,3.665,3.665,3.665,1,211085
FUSDH26,5,20250926,124000,3.67,3.67,3.67,3.67,1,0
FUSDH26,5,20250926,135500,3.6723,3.6723,3.6696,3.6696,22,211085
FUSDH26,5,20250926,144000,3.6654,3.6654,3.6654,3.6654,35,211096
FUSDH26,5,20250929,094500,3.6549,3.6549,3.6549,3.6549,100,211096
FUSDH26,5,20250929,095000,3.6546,3.6546,3.6546,3.6546,100,211096
FUSDH26,5,20250929,095500,3.6546,3.6546,3.6546,3.6546,5,211096
FUSDH26,5,20250929,100000,3.6555,3.6555,3.6555,3.6555,10,211096
FUSDH26,5,20250929,140000,3.6555,3.6555,3.6555,3.6555,10,211096
FUSDH26,5,20250929,152000,3.6483,3.6483,3.6459,3.6459,2007,211106
FUSDH26,5,20250929,154500,3.645,3.645,3.645,3.645,5,213091
FUSDH26,5,20250929,155500,3.649,3.649,3.649,3.649,1,213091
FUSDH26,5,20250930,093000,3.6481,3.6481,3.6481,3.6481,10,213060
FUSDH26,5,20250930,095000,3.6495,3.6495,3.6495,3.6495,5,213060
FUSDH26,5,20250930,110000,3.6408,3.6408,3.6408,3.6408,1,213060
FUSDH26,5,20250930,123500,3.6459,3.6459,3.6459,3.6459,1509,213060
FUSDH26,5,20250930,135000,3.6458,3.6458,3.6458,3.6458,2072,214569
FUSDH26,5,20250930,140000,3.6443,3.6443,3.6443,3.6443,1,216641
FUSDH26,5,20250930,143500,3.6464,3.6464,3.6464,3.6464,60,216641
FUSDH26,5,20250930,145500,3.65,3.65,3.65,3.65,1,216701
FUSDH26,5,20250930,160000,3.6508,3.6508,3.6508,3.6508,1,216701
FUSDH26,5,20250930,160500,3.6507,3.6507,3.6507,3.6507,100,216701
FUSDH26,5,20250930,161000,3.645,3.645,3.645,3.645,10,216701
FUSDH26,5,20250930,163500,3.645,3.645,3.6412,3.6412,101,216711
FUSDH26,5,20251001,085000,3.6382,3.6382,3.6355,3.6355,6,216659
FUSDH26,5,20251001,091000,3.6355,3.6355,3.6355,3.6355,6,216659
FUSDH26,5,20251001,103500,3.635,3.635,3.635,3.635,10,216659
FUSDH26,5,20251001,111500,3.6345,3.6373,3.6345,3.6373,425,216659
FUSDH26,5,20251001,141500,3.635,3.635,3.63,3.63,602,216659
FUSDH26,5,20251001,164500,3.6409,3.6409,3.6409,3.6409,1,0
FUSDH26,5,20251002,123000,3.6365,3.6365,3.6365,3.6365,10,216237
FUSDH26,5,20251002,144500,3.6338,3.6338,3.6338,3.6338,16,216227
FUSDH26,5,20251002,145000,3.6342,3.6342,3.6342,3.6342,1763,216243
FUSDH26,5,20251002,155000,3.641,3.641,3.641,3.641,1,218006
FUSDH26,5,20251002,164500,3.6513,3.6513,3.6513,3.6513,1,218006
FUSDH26,5,20251003,093500,3.6409,3.6409,3.6409,3.6409,2,217616
FUSDH26,5,20251003,104000,3.639,3.639,3.639,3.639,4,217614
FUSDH26,5,20251003,112500,3.6355,3.6355,3.6355,3.6355,14,217614
FUSDH26,5,20251003,120500,3.6336,3.6336,3.6336,3.6336,330,217628
FUSDH26,5,20251003,125000,3.638,3.638,3.638,3.638,1,217958
FUSDH26,5,20251003,160000,3.635,3.635,3.635,3.635,1,217958
FUSDH26,5,20251003,164500,3.6385,3.6385,3.6385,3.6385,1,217958
FUSDH26,5,20251006,092500,3.645,3.645,3.645,3.645,1,217958
FUSDH26,5,20251006,094000,3.6455,3.6455,3.6455,3.6455,1,217958
FUSDH26,5,20251006,101000,3.6589,3.6589,3.6589,3.6589,1,217958
FUSDH26,5,20251006,102500,3.6589,3.6589,3.6589,3.6589,9,217958
FUSDH26,5,20251006,103000,3.653,3.653,3.6527,3.6527,103,217955
FUSDH26,5,20251006,103500,3.6525,3.6525,3.6512,3.6512,500,217755
FUSDH26,5,20251006,112000,3.657,3.657,3.657,3.657,30,217755
FUSDH26,5,20251006,122500,3.6583,3.6583,3.6556,3.6556,504,217785
FUSDH26,5,20251006,133000,3.6522,3.6522,3.6522,3.6522,37,218222
FUSDH26,5,20251006,164500,3.6475,3.6475,3.6475,3.6475,1,218259
FUSDH26,5,20251007,102500,3.6562,3.6562,3.6562,3.6562,1,218260
FUSDH26,5,20251007,135000,3.66,3.66,3.66,3.66,14,218249
FUSDH26,5,20251007,135500,3.66,3.66,3.66,3.66,2,218249
FUSDH26,5,20251007,140000,3.66,3.66,3.66,3.66,1,218249
FUSDH26,5,20251007,142000,3.6574,3.6574,3.6574,3.6574,100,218249
FUSDH26,5,20251007,142500,3.657,3.657,3.6562,3.6562,300,218249
FUSDH26,5,20251007,143000,3.6563,3.657,3.6563,3.657,300,218249
FUSDH26,5,20251007,143500,3.6575,3.6575,3.6575,3.6575,1,218249
FUSDH26,5,20251007,144000,3.6557,3.6557,3.6556,3.6556,82,218249
FUSDH26,5,20251008,084500,3.6716,3.6716,3.6716,3.6716,5,218249
FUSDH26,5,20251008,091000,3.6739,3.6739,3.6739,3.6739,1,218249
FUSDH26,5,20251008,091500,3.674,3.674,3.674,3.674,3,218249
FUSDH26,5,20251008,094500,3.6683,3.6683,3.6683,3.6683,1,218252
FUSDH26,5,20251008,100500,3.6682,3.6682,3.6682,3.6682,3,218252
FUSDH26,5,20251008,124000,3.6682,3.6682,3.6682,3.6682,7,0
FUSDH26,5,20251008,145000,3.6665,3.6665,3.6665,3.6665,1,218252
FUSDH26,5,20251008,155000,3.6682,3.6682,3.6682,3.6682,100,218252
FUSDH26,5,20251009,085000,3.6682,3.6719,3.6682,3.6719,15,218304
FUSDH26,5,20251009,085500,3.6731,3.6731,3.6731,3.6731,2,218306
FUSDH26,5,20251009,094000,3.6748,3.675,3.6748,3.675,11,218308
FUSDH26,5,20251009,123500,3.673,3.6733,3.673,3.6733,292,218318
FUSDH26,5,20251009,154000,3.674,3.674,3.674,3.674,2,218318
FUSDH26,5,20251009,160000,3.6773,3.6773,3.6773,3.6773,2,218319
FUSDH26,5,20251009,162000,3.68,3.68,3.68,3.68,1,218321
FUSDH26,5,20251009,162500,3.6878,3.6878,3.6878,3.6878,20,218321
FUSDH26,5,20251009,163500,3.6824,3.6824,3.6824,3.6824,5,218321
FUSDH26,5,20251009,164500,3.6805,3.6805,3.6805,3.6805,1,218321
FUSDH26,5,20251010,084500,3.6806,3.6806,3.6806,3.6806,2,218030
FUSDH26,5,20251010,092500,3.6855,3.6855,3.6855,3.6855,1,218030
FUSDH26,5,20251010,093500,3.6851,3.6851,3.6851,3.6851,5,218031
FUSDH26,5,20251010,095000,3.6825,3.6827,3.682,3.682,400,218036
FUSDH26,5,20251010,095500,3.6819,3.6819,3.6819,3.6819,200,218036
FUSDH26,5,20251010,111000,3.6853,3.6853,3.6853,3.6853,2,218036
FUSDH26,5,20251010,112000,3.69,3.69,3.69,3.69,1,218037
FUSDH26,5,20251010,123000,3.6851,3.6851,3.6851,3.6851,1315,219330
FUSDH26,5,20251010,125000,3.6882,3.6882,3.6863,3.6863,187,219353
FUSDH26,5,20251010,133000,3.6887,3.6887,3.6887,3.6887,10,219458
FUSDH26,5,20251010,134500,3.6869,3.6869,3.6869,3.6869,1,219458
FUSDH26,5,20251010,150500,3.691,3.691,3.691,3.691,1,219459
FUSDH26,5,20251010,153000,3.691,3.691,3.691,3.691,3,219459
FUSDH26,5,20251010,153500,3.691,3.691,3.691,3.691,1,219458
FUSDH26,5,20251010,162500,3.693,3.693,3.693,3.693,1,219458
FUSDH26,5,20251010,164500,3.6906,3.6906,3.6906,3.6906,1,219458
FUSDH26,5,20251013,111000,3.6834,3.6834,3.681,3.681,112,219459
FUSDH26,5,20251013,115500,3.6846,3.6846,3.6846,3.6846,1,219489
FUSDH26,5,20251013,140000,3.6899,3.6899,3.6897,3.6897,300,219489
FUSDH26,5,20251013,153500,3.693,3.693,3.693,3.693,3,219489
FUSDH26,5,20251013,154000,3.693,3.693,3.693,3.693,47,219489
FUSDH26,5,20251013,161000,3.691,3.691,3.691,3.691,5,219489
FUSDH26,5,20251014,092500,3.694,3.694,3.694,3.694,1,219489
FUSDH26,5,20251014,094000,3.6989,3.6989,3.6989,3.6989,1,219490
FUSDH26,5,20251014,094500,3.7048,3.7048,3.7048,3.7048,2,219491
FUSDH26,5,20251014,102500,3.6959,3.6959,3.6959,3.6959,100,219491
FUSDH26,5,20251014,162000,3.694,3.694,3.694,3.694,1,219491
FUSDH26,5,20251014,164000,3.6859,3.6859,3.6859,3.6859,1,219491
FUSDH26,5,20251015,085500,3.676,3.676,3.676,3.676,1,219492
FUSDH26,5,20251015,091000,3.6748,3.6748,3.6717,3.6717,8,219500
FUSDH26,5,20251015,093500,3.6717,3.6717,3.6717,3.6717,2,219501
FUSDH26,5,20251015,094000,3.6717,3.6717,3.6717,3.6717,2,219501
FUSDH26,5,20251015,100500,3.6643,3.6643,3.66,3.66,33,219503
FUSDH26,5,20251015,102500,3.6684,3.6684,3.6684,3.6684,1,219525
FUSDH26,5,20251015,144500,3.6731,3.6731,3.6731,3.6731,3,219525
FUSDH26,5,20251015,151000,3.6739,3.6739,3.6739,3.6739,2,219525
FUSDH26,5,20251016,084500,3.6599,3.6599,3.6599,3.6599,6,219522
FUSDH26,5,20251016,104500,3.6574,3.6574,3.6574,3.6574,1,219521
FUSDH26,5,20251016,105500,3.6574,3.6574,3.657,3.657,1184,219521
FUSDH26,5,20251016,114000,3.6565,3.6565,3.6565,3.6565,3,219519
FUSDH26,5,20251016,115500,3.6577,3.6577,3.6577,3.6577,5,219516
FUSDH26,5,20251016,120500,3.6571,3.6571,3.6571,3.6571,10,219511
FUSDH26,5,20251016,121500,3.6572,3.6572,3.6564,3.6564,105,219401
FUSDH26,5,20251016,122000,3.6564,3.6564,3.6564,3.6564,100,219401
FUSDH26,5,20251016,122500,3.6557,3.6557,3.6557,3.6557,1,219401
FUSDH26,5,20251016,154500,3.6547,3.6547,3.6544,3.6544,11,219391
FUSDH26,5,20251016,161500,3.6532,3.6532,3.652,3.652,5,219391
FUSDH26,5,20251016,162000,3.6517,3.6517,3.6517,3.6517,1,219391
FUSDH26,5,20251016,162500,3.6501,3.6514,3.65,3.6514,21,219378
FUSDH26,5,20251016,163000,3.65,3.65,3.6481,3.6481,57,219342
FUSDH26,5,20251016,164500,3.6483,3.6483,3.6483,3.6483,20,219342
FUSDH26,5,20251017,084500,3.6424,3.6424,3.64,3.6401,14,218163
FUSDH26,5,20251017,085000,3.64,3.64,3.64,3.64,2,218168
FUSDH26,5,20251017,091000,3.6476,3.6476,3.6476,3.6476,100,218170
FUSDH26,5,20251017,101500,3.6499,3.6499,3.6499,3.6499,1,218170
FUSDH26,5,20251017,121000,3.6485,3.6485,3.6485,3.6485,5,218170
FUSDH26,5,20251017,122000,3.6464,3.6464,3.6464,3.6464,3,218170
FUSDH26,5,20251017,143000,3.6562,3.6562,3.6499,3.6545,9,218174
FUSDH26,5,20251017,162000,3.6473,3.6473,3.6473,3.6473,5,218171
FUSDH26,5,20251017,162500,3.6473,3.6473,3.6473,3.6473,5,218175
FUSDH26,5,20251020,091000,3.6473,3.6514,3.6473,3.651,20,218171
FUSDH26,5,20251020,130000,3.65,3.65,3.65,3.65,1,218171
FUSDH26,5,20251020,131500,3.6472,3.6472,3.6472,3.6472,2,218171
FUSDH26,5,20251020,134000,3.6524,3.6527,3.6524,3.6527,5,218171
FUSDH26,5,20251020,154500,3.649,3.649,3.6447,3.6453,400,218171
FUSDH26,5,20251020,163500,3.6451,3.6451,3.6451,3.6451,20,218171
FUSDH26,5,20251021,100000,3.656,3.656,3.656,3.656,5,218171
FUSDH26,5,20251021,100500,3.6573,3.6573,3.6573,3.6573,1,218171
FUSDH26,5,20251021,103500,3.6573,3.6573,3.6573,3.6573,1,218171
FUSDH26,5,20251021,105500,3.6573,3.6573,3.6573,3.6573,24,218172
FUSDH26,5,20251021,113000,3.6542,3.6542,3.6542,3.6542,60,218172
FUSDH26,5,20251021,154500,3.6616,3.6616,3.6616,3.6616,1,218172
FUSDH26,5,20251021,164500,3.6642,3.6642,3.6642,3.6642,1,218172
FUSDH26,5,20251022,101500,3.667,3.667,3.667,3.667,4,218112
FUSDH26,5,20251022,120500,3.6597,3.6597,3.6597,3.6597,1,0
FUSDH26,5,20251022,124500,3.6597,3.6597,3.6571,3.6571,650,218111
FUSDH26,5,20251022,153000,3.6585,3.6585,3.6585,3.6585,1,0
FUSDH26,5,20251022,154000,3.6563,3.6642,3.6563,3.6642,3,218670
FUSDH26,5,20251022,162000,3.6486,3.6486,3.6486,3.6486,370,218672
FUSDH26,5,20251022,163000,3.6513,3.6513,3.6513,3.6513,2,219042
FUSDH26,5,20251022,165500,3.6474,3.6474,3.6474,3.6474,5,219040
FUSDH26,5,20251023,111000,3.6623,3.6623,3.6623,3.6623,1,219040
FUSDH26,5,20251023,120000,3.6581,3.6581,3.6581,3.6581,500,219040
FUSDH26,5,20251023,161500,3.6497,3.6497,3.6497,3.6497,1,0
FUSDH26,5,20251023,163000,3.648,3.648,3.648,3.648,1,219317
FUSDH26,5,20251023,164000,3.649,3.649,3.649,3.649,4,219317
FUSDH26,5,20251024,084500,3.6516,3.6516,3.6516,3.6516,2,219511
FUSDH26,5,20251024,093000,3.6462,3.6462,3.6462,3.6462,1,219511
FUSDH26,5,20251024,104000,3.6517,3.6517,3.6517,3.6517,2,219511
FUSDH26,5,20251024,111000,3.6567,3.6586,3.6567,3.6586,436,219511
FUSDH26,5,20251024,130000,3.66,3.66,3.66,3.66,10,219511
FUSDH26,5,20251024,143000,3.654,3.654,3.6482,3.6482,4,219511
FUSDH26,5,20251024,150500,3.65,3.65,3.65,3.65,10,219510
FUSDH26,5,20251027,104000,3.6474,3.6474,3.6474,3.6474,30,219505
FUSDH26,5,20251027,130000,3.6465,3.6465,3.6465,3.6465,129,219505
FUSDH26,5,20251027,150000,3.65,3.65,3.65,3.65,1,219505
FUSDH26,5,20251028,084500,3.6399,3.6399,3.6399,3.6399,3,219376
FUSDH26,5,20251028,110500,3.64,3.64,3.64,3.64,1,219376
FUSDH26,5,20251028,113500,3.639,3.639,3.6383,3.6383,477,219376
FUSDH26,5,20251028,153500,3.6391,3.6391,3.6391,3.6391,1,219853
FUSDH26,5,20251028,154000,3.6379,3.6379,3.6378,3.6378,4,219853
FUSDH26,5,20251028,160000,3.635,3.635,3.635,3.635,6,219853
FUSDH26,5,20251028,161500,3.6343,3.6343,3.6343,3.6343,8,219853
FUSDH26,5,20251029,104000,3.6488,3.6488,3.6488,3.6488,336,219861
FUSDH26,5,20251029,122500,3.6504,3.6504,3.6504,3.6504,352,219861
FUSDH26,5,20251029,145500,3.65,3.65,3.65,3.65,10,219877
FUSDH26,5,20251029,150000,3.6504,3.6504,3.6504,3.6504,218,219887
FUSDH26,5,20251029,152500,3.65,3.65,3.65,3.65,50,220105
FUSDH26,5,20251030,091000,3.6618,3.6618,3.6618,3.6618,3,220147
FUSDH26,5,20251030,112500,3.657,3.657,3.6552,3.6552,248,220147
FUSDH26,5,20251030,124500,3.6618,3.6618,3.6618,3.6618,7,220388
FUSDH26,5,20251030,140000,3.68,3.68,3.68,3.68,1,0
FUSDH26,5,20251030,142500,3.67,3.67,3.67,3.67,25,220388
FUSDH26,5,20251030,154000,3.675,3.675,3.675,3.675,1,220413
FUSDH26,5,20251030,154500,3.675,3.675,3.675,3.675,9,220420
FUSDH26,5,20251031,090500,3.6759,3.6762,3.6759,3.6762,33,220430
FUSDH26,5,20251031,102000,3.6794,3.6794,3.6794,3.6794,5,220430
FUSDH26,5,20251031,103500,3.68,3.68,3.68,3.68,1,220430
FUSDH26,5,20251031,110500,3.681,3.681,3.681,3.681,5,220430
FUSDH26,5,20251031,124000,3.6845,3.685,3.6845,3.685,51,220479
FUSDH26,5,20251031,130500,3.685,3.685,3.685,3.685,1,220479
FUSDH26,5,20251031,131500,3.686,3.686,3.686,3.686,5,220479
FUSDH26,5,20251031,142000,3.69,3.69,3.69,3.69,1,220479
FUSDH26,5,20251031,143500,3.69,3.69,3.69,3.69,35,220480
FUSDH26,5,20251031,144000,3.695,3.695,3.695,3.695,1,220514
FUSDH26,5,20251031,151500,3.6952,3.6952,3.6952,3.6952,10,220514
FUSDH26,5,20251031,160000,3.6955,3.696,3.6955,3.696,53,220524
FUSDH26,5,20251031,163000,3.6998,3.6998,3.6998,3.6998,10,220524
FUSDH26,5,20251103,085500,3.691,3.691,3.691,3.691,5,220524
FUSDH26,5,20251103,091500,3.6926,3.6926,3.6926,3.6926,15,220524
FUSDH26,5,20251103,093500,3.696,3.696,3.696,3.696,5,220539
FUSDH26,5,20251103,100000,3.6992,3.6992,3.6992,3.6992,5,220539
FUSDH26,5,20251103,122500,3.6992,3.6992,3.6992,3.6992,126,220539
FUSDH26,5,20251103,142000,3.7,3.7,3.7,3.7,21,220539
FUSDH26,5,20251103,142500,3.7014,3.7014,3.7014,3.7014,1,220559
FUSDH26,5,20251103,145500,3.7016,3.7016,3.7015,3.7015,400,220859
FUSDH26,5,20251103,150000,3.7015,3.7015,3.7015,3.7015,100,220959
FUSDH26,5,20251103,150500,3.7023,3.7023,3.7023,3.7023,5,221059
FUSDH26,5,20251104,093000,3.6978,3.6978,3.6978,3.6978,1,220933
FUSDH26,5,20251104,095000,3.7014,3.7014,3.7014,3.7014,1,220933
FUSDH26,5,20251104,102500,3.702,3.702,3.702,3.702,1,220933
FUSDH26,5,20251104,103000,3.703,3.703,3.7013,3.7013,335,220934
FUSDH26,5,20251104,103500,3.7012,3.7012,3.7006,3.7006,500,221649
FUSDH26,5,20251104,104000,3.7006,3.7009,3.7006,3.7009,284,221949
FUSDH26,5,20251104,104500,3.7,3.7,3.7,3.7,16,222033
FUSDH26,5,20251104,115000,3.7018,3.7018,3.7018,3.7018,100,222049
FUSDH26,5,20251104,120000,3.705,3.705,3.705,3.705,1,222149
FUSDH26,5,20251104,120500,3.7028,3.7034,3.7028,3.7034,600,222749
FUSDH26,5,20251104,121000,3.703,3.703,3.703,3.703,100,222949
FUSDH26,5,20251104,125000,3.71,3.71,3.71,3.71,5,223049
FUSDH26,5,20251104,125500,3.71,3.71,3.71,3.71,16,223054
FUSDH26,5,20251104,133500,3.7119,3.7119,3.7119,3.7119,5,223069
FUSDH26,5,20251104,143000,3.7087,3.7087,3.7087,3.7087,1,223074
FUSDH26,5,20251104,153500,3.7144,3.7144,3.7144,3.7144,1,223074
FUSDH26,5,20251104,154000,3.7144,3.7144,3.7144,3.7144,5,223074
FUSDH26,5,20251105,102000,3.7094,3.7094,3.7094,3.7094,5,223094
FUSDH26,5,20251105,103000,3.71,3.71,3.71,3.71,10,223094
FUSDH26,5,20251105,104000,3.7105,3.7113,3.7105,3.7113,700,223704
FUSDH26,5,20251105,110000,3.715,3.715,3.715,3.715,26,223804
FUSDH26,5,20251105,120500,3.715,3.715,3.715,3.715,2,223805
FUSDH26,5,20251105,124500,3.71,3.71,3.7088,3.7088,187,223807
FUSDH26,5,20251105,131500,3.706,3.706,3.706,3.706,2,223982
FUSDH26,5,20251105,143000,3.714,3.714,3.714,3.714,1,223982
FUSDH26,5,20251105,143500,3.7123,3.7123,3.7123,3.7123,72,223982
FUSDH26,5,20251105,150500,3.716,3.716,3.716,3.716,200,224054
FUSDH26,5,20251105,162500,3.708,3.708,3.708,3.708,200,224254
FUSDH26,5,20251106,085000,3.7,3.7,3.7,3.7,1,224059
FUSDH26,5,20251106,091500,3.6959,3.6959,3.6959,3.6959,25,224060
FUSDH26,5,20251106,094000,3.698,3.698,3.698,3.698,1,224060
FUSDH26,5,20251106,101000,3.6972,3.6972,3.6972,3.6972,1,224061
FUSDH26,5,20251106,102500,3.6992,3.6993,3.6992,3.6993,3,224063
FUSDH26,5,20251106,103500,3.6997,3.6997,3.6997,3.6997,1,224064
FUSDH26,5,20251106,104000,3.6998,3.6998,3.6998,3.6998,2,224065
FUSDH26,5,20251106,110500,3.7002,3.7002,3.7002,3.7002,1,224065
FUSDH26,5,20251106,120500,3.7005,3.7005,3.7005,3.7005,1,224066
FUSDH26,5,20251106,122000,3.699,3.699,3.699,3.699,1052,224067
FUSDH26,5,20251106,134000,3.6947,3.6947,3.6947,3.6947,3,225118
FUSDH26,5,20251106,134500,3.6941,3.6941,3.694,3.694,13,225111
FUSDH26,5,20251106,140000,3.692,3.692,3.692,3.692,1,225118
FUSDH26,5,20251106,142000,3.6927,3.6927,3.6927,3.6927,1,225118
FUSDH26,5,20251106,143500,3.69,3.69,3.69,3.69,10,225118
FUSDH26,5,20251106,144500,3.6895,3.6895,3.6895,3.6895,1,225128
FUSDH26,5,20251106,145000,3.689,3.689,3.689,3.689,1,225128
FUSDH26,5,20251106,160500,3.6944,3.6944,3.6944,3.6944,10,225128
FUSDH26,5,20251107,084500,3.6887,3.6887,3.6887,3.6887,1,225138
FUSDH26,5,20251107,091000,3.6874,3.6874,3.6874,3.6874,1,225138
FUSDH26,5,20251107,092000,3.6885,3.6885,3.6885,3.6885,1,225138
FUSDH26,5,20251107,100500,3.6877,3.6877,3.6877,3.6877,1,225138
FUSDH26,5,20251107,102500,3.6871,3.6871,3.6871,3.6871,11,225138
FUSDH26,5,20251107,103500,3.6863,3.6863,3.6863,3.6863,1,225138
FUSDH26,5,20251107,110500,3.6852,3.6852,3.6852,3.6852,1,225138
FUSDH26,5,20251107,120500,3.683,3.683,3.683,3.683,10,225138
FUSDH26,5,20251107,130500,3.6776,3.6776,3.6776,3.6776,10,225128
FUSDH26,5,20251107,134500,3.6816,3.6816,3.6816,3.6816,10,225128
FUSDH26,5,20251107,140000,3.6813,3.6813,3.6813,3.6813,100,225128
FUSDH26,5,20251107,143000,3.6776,3.6776,3.6772,3.6772,158,225028
FUSDH26,5,20251107,144000,3.6765,3.6765,3.6765,3.6765,50,225159
FUSDH26,5,20251107,145500,3.676,3.676,3.6745,3.6745,870,225159
FUSDH26,5,20251107,160000,3.673,3.673,3.672,3.672,130,225922
FUSDH26,5,20251107,160500,3.6701,3.6701,3.67,3.67,111,225922
FUSDH26,5,20251107,161000,3.6696,3.6696,3.6696,3.6696,1,225873
FUSDH26,5,20251107,162500,3.6689,3.6689,3.6689,3.6689,1,225873
FUSDH26,5,20251110,090500,3.666,3.666,3.666,3.666,10,225873
FUSDH26,5,20251110,093000,3.6676,3.6676,3.6676,3.6676,2,225883
FUSDH26,5,20251110,093500,3.6623,3.6623,3.6623,3.6623,40,225883
FUSDH26,5,20251110,110500,3.6647,3.6647,3.6647,3.6647,1,225923
FUSDH26,5,20251110,130000,3.665,3.665,3.665,3.665,2,225923
FUSDH26,5,20251110,134500,3.6641,3.6641,3.6641,3.6641,4,225925
FUSDH26,5,20251110,164500,3.6704,3.6704,3.6704,3.6704,1,225929
FUSDH26,5,20251112,084500,3.6586,3.6586,3.6585,3.6585,11,225929
FUSDH26,5,20251112,094500,3.6596,3.6596,3.6596,3.6596,1,225928
FUSDH26,5,20251112,100000,3.6581,3.6581,3.6575,3.6575,606,225928
FUSDH26,5,20251112,102000,3.6607,3.6607,3.6607,3.6607,20,226534
FUSDH26,5,20251112,103000,3.6613,3.6613,3.6613,3.6613,2,226514
FUSDH26,5,20251112,114000,3.6602,3.6602,3.6602,3.6602,6,226512
FUSDH26,5,20251112,115000,3.66,3.66,3.66,3.66,700,226518
FUSDH26,5,20251112,115500,3.6599,3.6599,3.6592,3.6592,300,225618
FUSDH26,5,20251112,120000,3.66,3.66,3.66,3.66,200,225452
FUSDH26,5,20251112,120500,3.6597,3.6597,3.6597,3.6597,300,225218
FUSDH26,5,20251112,122000,3.6597,3.6597,3.6597,3.6597,1000,225018
FUSDH26,5,20251112,123000,3.6597,3.6597,3.6597,3.6597,400,224018
FUSDH26,5,20251112,132000,3.6568,3.6568,3.6568,3.6568,1,223618
FUSDH26,5,20251112,141000,3.6554,3.6554,3.6548,3.6548,391,223618
FUSDH26,5,20251112,145000,3.66,3.66,3.66,3.66,40,224009
FUSDH26,5,20251112,164500,3.6584,3.6584,3.6584,3.6584,10,224039
FUSDH26,5,20251113,085000,3.65,3.65,3.65,3.65,5,224039
FUSDH26,5,20251113,090000,3.6492,3.6492,3.6492,3.6492,1,224039
FUSDH26,5,20251113,090500,3.6458,3.6458,3.6458,3.6458,6,224039
FUSDH26,5,20251113,092500,3.645,3.645,3.645,3.645,11,224033
FUSDH26,5,20251113,095000,3.6455,3.6455,3.6455,3.6455,1,224034
FUSDH26,5,20251113,095500,3.645,3.645,3.644,3.644,15,224040
FUSDH26,5,20251113,100500,3.6413,3.6413,3.6413,3.6413,3,224040
FUSDH26,5,20251113,101000,3.6414,3.6414,3.6414,3.6414,5,224040
FUSDH26,5,20251113,103500,3.6448,3.6448,3.6448,3.6448,1,224040
FUSDH26,5,20251113,104000,3.6484,3.6484,3.6484,3.6484,10,224040
FUSDH26,5,20251113,114500,3.6468,3.6468,3.6468,3.6468,10,224033
FUSDH26,5,20251113,130000,3.6476,3.6476,3.6476,3.6476,20,224033
FUSDH26,5,20251113,132500,3.6445,3.6445,3.6445,3.6445,1,224033
FUSDH26,5,20251113,133500,3.6435,3.6435,3.6435,3.6435,10,224032
FUSDH26,5,20251113,144000,3.6468,3.6468,3.6468,3.6468,20,224032
FUSDH26,5,20251113,145500,3.6452,3.6452,3.6452,3.6452,20,224032
FUSDH26,5,20251113,152000,3.6441,3.6441,3.6441,3.6441,1,224032
FUSDH26,5,20251113,153000,3.6421,3.6421,3.6421,3.6421,1,224032
FUSDH26,5,20251113,153500,3.64,3.64,3.64,3.64,57,224032
FUSDH26,5,20251113,161000,3.6436,3.6436,3.6436,3.6436,1,224032
FUSDH26,5,20251113,163000,3.639,3.639,3.639,3.639,8,224032
FUSDH26,5,20251113,163500,3.6381,3.6381,3.6381,3.6381,1,224029
FUSDH26,5,20251113,164000,3.636,3.636,3.6345,3.6345,21,224029
FUSDH26,5,20251114,085000,3.6397,3.6397,3.6397,3.6397,2,224021
FUSDH26,5,20251114,090000,3.6448,3.6448,3.6444,3.6444,2,224021
FUSDH26,5,20251114,095000,3.6386,3.6386,3.6386,3.6386,20,224021
FUSDH26,5,20251114,111500,3.643,3.643,3.643,3.643,2,224021
FUSDH26,5,20251114,112500,3.6448,3.645,3.6447,3.6447,26,224021
FUSDH26,5,20251114,120500,3.6479,3.6479,3.6479,3.6479,3,224025
FUSDH26,5,20251114,131000,3.645,3.645,3.645,3.645,1,224025
FUSDH26,5,20251114,132500,3.645,3.645,3.645,3.645,1,224025
FUSDH26,5,20251114,134500,3.6401,3.6401,3.64,3.64,7,224025
FUSDH26,5,20251114,135500,3.6374,3.6374,3.6374,3.6374,1,224025
FUSDH26,5,20251114,141500,3.638,3.638,3.638,3.638,2,224025
FUSDH26,5,20251114,142000,3.6367,3.6367,3.6367,3.6367,3,224025
FUSDH26,5,20251114,152000,3.637,3.637,3.637,3.637,2,224025
FUSDH26,5,20251114,154500,3.6401,3.6401,3.6401,3.6401,1,224023
FUSDH26,5,20251114,160500,3.642,3.642,3.642,3.642,1,224023
FUSDH26,5,20251114,161500,3.6393,3.6393,3.6393,3.6393,40,224023
FUSDH26,5,20251117,094500,3.642,3.642,3.642,3.642,4,223983
FUSDH26,5,20251117,095000,3.642,3.642,3.642,3.642,15,223983
FUSDH26,5,20251117,100000,3.642,3.642,3.642,3.642,14,223998
FUSDH26,5,20251117,102000,3.6456,3.6456,3.6456,3.6456,2,224012
FUSDH26,5,20251117,102500,3.6457,3.6457,3.6457,3.6457,48,224012
FUSDH26,5,20251117,110000,3.6444,3.6444,3.6444,3.6444,25,224012
FUSDH26,5,20251117,110500,3.6422,3.6422,3.6422,3.6422,1,224012
FUSDH26,5,20251117,111500,3.6443,3.6443,3.6434,3.6434,95,224012
FUSDH26,5,20251117,112000,3.643,3.643,3.643,3.643,31,224012
FUSDH26,5,20251117,145000,3.646,3.646,3.646,3.646,2,224012
FUSDH26,5,20251117,152000,3.6443,3.6443,3.6443,3.6443,135,224012
FUSDH26,5,20251117,160000,3.6483,3.6483,3.6482,3.6482,5,224147
FUSDH26,5,20251117,161000,3.6499,3.65,3.6499,3.65,15,224147
FUSDH26,5,20251117,164500,3.651,3.651,3.651,3.651,2,224158
FUSDH26,5,20251118,084500,3.654,3.6546,3.654,3.6546,20,224158
FUSDH26,5,20251118,085500,3.6546,3.6546,3.6546,3.6546,8,224158
FUSDH26,5,20251118,103500,3.6536,3.6536,3.6536,3.6536,13,224158
FUSDH26,5,20251118,115000,3.6592,3.6592,3.6592,3.6592,1,224158
FUSDH26,5,20251118,120000,3.661,3.661,3.661,3.661,10,224158
FUSDH26,5,20251118,120500,3.662,3.662,3.662,3.662,1,224157
FUSDH26,5,20251118,124500,3.663,3.663,3.663,3.663,16,224157
FUSDH26,5,20251118,134500,3.665,3.665,3.665,3.665,10,224157
FUSDH26,5,20251118,150000,3.6597,3.6597,3.6597,3.6597,6,224167
FUSDH26,5,20251118,153500,3.66,3.66,3.66,3.66,25,224167
FUSDH26,5,20251118,164500,3.6654,3.6654,3.6654,3.6654,5,224167
FUSDH26,5,20251119,095000,3.666,3.666,3.666,3.666,5,224167
FUSDH26,5,20251119,104500,3.6683,3.6688,3.6683,3.6688,15,224167
FUSDH26,5,20251119,110000,3.6658,3.6689,3.6658,3.6689,9,224167
FUSDH26,5,20251119,125000,3.655,3.655,3.655,3.655,2,224167
FUSDH26,5,20251119,130000,3.6544,3.6544,3.6544,3.6544,10,224167
FUSDH26,5,20251119,130500,3.6531,3.6531,3.6531,3.6531,5,224157
FUSDH26,5,20251119,141500,3.6524,3.6524,3.6524,3.6524,2,224157
FUSDH26,5,20251119,150000,3.653,3.653,3.653,3.653,3,224159
FUSDH26,5,20251119,152000,3.6586,3.6586,3.6586,3.6586,2,224162
FUSDH26,5,20251119,160000,3.6574,3.6574,3.6574,3.6574,33,224160
FUSDH26,5,20251120,084500,3.673,3.673,3.673,3.673,11,0
FUSDH26,5,20251120,085000,3.6734,3.6734,3.6734,3.6734,100,224195
FUSDH26,5,20251120,090500,3.6745,3.6745,3.6745,3.6745,5,224195
FUSDH26,5,20251120,121000,3.6756,3.6756,3.6756,3.6756,548,224195
FUSDH26,5,20251120,122500,3.6761,3.6761,3.6761,3.6761,1,224195
FUSDH26,5,20251120,135500,3.6786,3.6786,3.6786,3.6786,1,224195
FUSDH26,5,20251120,143000,3.672,3.672,3.672,3.672,1,224195
FUSDH26,5,20251120,150000,3.6735,3.6735,3.6735,3.6735,250,224195
FUSDH26,5,20251120,151500,3.6727,3.6727,3.6727,3.6727,50,224195
FUSDH26,5,20251120,155000,3.671,3.671,3.671,3.671,1,224195
FUSDH26,5,20251120,155500,3.6708,3.6708,3.6708,3.6708,1,224195
FUSDH26,5,20251120,161500,3.6715,3.672,3.6715,3.672,26,224195
FUSDH26,5,20251121,103000,3.68,3.68,3.68,3.68,1,223347
FUSDH26,5,20251121,103500,3.681,3.681,3.681,3.681,5,223347
FUSDH26,5,20251121,104000,3.6811,3.6811,3.6811,3.6811,5,223347
FUSDH26,5,20251121,105000,3.6852,3.6852,3.6852,3.6852,25,223347
FUSDH26,5,20251121,105500,3.6852,3.6887,3.6852,3.6887,85,223422
FUSDH26,5,20251121,110000,3.6898,3.691,3.6898,3.691,140,223531
FUSDH26,5,20251121,110500,3.693,3.6934,3.693,3.6931,60,223571
FUSDH26,5,20251121,111000,3.6935,3.6943,3.6935,3.6943,40,223611
FUSDH26,5,20251121,112000,3.693,3.693,3.693,3.693,5,223631
FUSDH26,5,20251121,120000,3.6913,3.6913,3.6913,3.6913,3,223636
FUSDH26,5,20251121,132000,3.7,3.7,3.7,3.7,1,223636
FUSDH26,5,20251121,132500,3.7,3.7,3.7,3.7,1,223636
FUSDH26,5,20251121,133000,3.6915,3.6946,3.6915,3.6946,63,223637
FUSDH26,5,20251121,133500,3.6902,3.6902,3.6902,3.6902,20,223637
FUSDH26,5,20251121,134500,3.6858,3.6858,3.6858,3.6858,1,223657
FUSDH26,5,20251121,135500,3.689,3.689,3.6855,3.6855,19,223658
FUSDH26,5,20251121,140500,3.6867,3.6867,3.6867,3.6867,2,223658
FUSDH26,5,20251121,141500,3.6867,3.6885,3.6867,3.6885,609,223658
FUSDH26,5,20251121,142000,3.6858,3.6858,3.6835,3.6835,10,223661
FUSDH26,5,20251121,144500,3.6859,3.6859,3.6859,3.6859,5,223668
FUSDH26,5,20251121,145000,3.6855,3.6855,3.6855,3.6855,2,223668
FUSDH26,5,20251121,151000,3.6889,3.6889,3.6889,3.6889,4,223668
FUSDH26,5,20251121,152500,3.6927,3.6927,3.6927,3.6927,140,223668
FUSDH26,5,20251121,154000,3.6915,3.6915,3.6915,3.6915,4,223668
FUSDH26,5,20251121,164500,3.6915,3.6915,3.6877,3.69,18,223663
FUSDH26,5,20251124,090500,3.6788,3.6788,3.6788,3.6788,2,222927
FUSDH26,5,20251124,093000,3.6728,3.6728,3.6728,3.6728,20,222927
FUSDH26,5,20251124,094000,3.673,3.673,3.673,3.673,1,222947
FUSDH26,5,20251124,095500,3.6722,3.6722,3.6722,3.6722,4,222948
FUSDH26,5,20251124,104000,3.6769,3.6769,3.6769,3.6769,633,222948
FUSDH26,5,20251124,110000,3.6751,3.6751,3.6751,3.6751,5,222948
FUSDH26,5,20251124,122500,3.6713,3.6713,3.6698,3.6698,807,0
FUSDH26,5,20251124,133000,3.667,3.667,3.667,3.667,10,222943
FUSDH26,5,20251124,154000,3.6725,3.6725,3.6725,3.6725,103,222943
FUSDH26,5,20251124,160500,3.675,3.675,3.675,3.675,2,222943
FUSDH26,5,20251124,162500,3.6795,3.6795,3.6795,3.6795,227,222943
FUSDH26,5,20251124,165500,3.676,3.676,3.676,3.676,1,222943
FUSDH26,5,20251125,090000,3.673,3.673,3.673,3.673,2,222787
FUSDH26,5,20251125,093000,3.6706,3.6706,3.6706,3.6706,3,222785
FUSDH26,5,20251125,104000,3.6704,3.6704,3.6704,3.6704,71,222788
FUSDH26,5,20251125,110500,3.67,3.67,3.67,3.67,2,222788
FUSDH26,5,20251125,121000,3.67,3.67,3.67,3.67,10,222787
FUSDH26,5,20251125,123000,3.6716,3.6716,3.6716,3.6716,2,222787
FUSDH26,5,20251125,134000,3.668,3.668,3.66,3.66,23,222776
FUSDH26,5,20251125,135500,3.6603,3.6603,3.6603,3.6603,10,222776
FUSDH26,5,20251125,143500,3.661,3.661,3.661,3.661,10,222786
FUSDH26,5,20251125,144500,3.661,3.661,3.661,3.661,2,222796
FUSDH26,5,20251125,150000,3.6588,3.6588,3.6588,3.6588,1,222796
FUSDH26,5,20251125,162000,3.6584,3.6584,3.6584,3.6584,1,222796
FUSDH26,5,20251125,162500,3.6581,3.6585,3.6581,3.6585,1100,222795
FUSDH26,5,20251125,163500,3.655,3.655,3.6541,3.6541,6,222795
FUSDH26,5,20251125,164500,3.658,3.658,3.658,3.658,10,222795
FUSDH26,5,20251126,084500,3.656,3.656,3.656,3.656,2,221624
FUSDH26,5,20251126,085500,3.6551,3.6551,3.654,3.654,4,221624
FUSDH26,5,20251126,090500,3.6535,3.6535,3.6531,3.6531,280,221424
FUSDH26,5,20251126,110000,3.6599,3.6599,3.6599,3.6599,45,221344
FUSDH26,5,20251126,113500,3.6621,3.6621,3.6621,3.6621,5,221389
FUSDH26,5,20251126,143500,3.6625,3.6625,3.6625,3.6625,4,221394
FUSDH26,5,20251126,144000,3.661,3.661,3.661,3.661,1,221395
FUSDH26,5,20251126,153000,3.663,3.663,3.663,3.663,50,221395
FUSDH26,5,20251126,160000,3.6596,3.6596,3.6596,3.6596,1,221395
FUSDH26,5,20251126,160500,3.658,3.658,3.658,3.658,1,221395
FUSDH26,5,20251126,162500,3.6572,3.6572,3.6572,3.6572,190,221394
FUSDH26,5,20251127,084500,3.6561,3.6561,3.6561,3.6561,1,221204
FUSDH26,5,20251127,085500,3.6538,3.6538,3.6535,3.6535,2,221204
FUSDH26,5,20251127,094500,3.652,3.652,3.652,3.652,2,221204
FUSDH26,5,20251127,103000,3.6546,3.6561,3.6546,3.6561,1630,221204
FUSDH26,5,20251127,110500,3.6535,3.6535,3.6535,3.6535,15,221204
FUSDH26,5,20251127,111000,3.6538,3.6538,3.6538,3.6538,1,221204
FUSDH26,5,20251127,112000,3.6537,3.6537,3.6529,3.6529,2,221204
FUSDH26,5,20251127,113000,3.6518,3.6518,3.6518,3.6518,1,221204
FUSDH26,5,20251127,140500,3.6552,3.6552,3.6552,3.6552,121,221204
FUSDH26,5,20251128,084500,3.6527,3.6527,3.6527,3.6527,3,220823
FUSDH26,5,20251128,085000,3.6582,3.6582,3.6582,3.6582,30,220826
FUSDH26,5,20251128,090000,3.66,3.66,3.66,3.66,1,220826
FUSDH26,5,20251128,095000,3.6614,3.662,3.6614,3.662,2,220826
FUSDH26,5,20251128,095500,3.663,3.663,3.663,3.663,10,220826
FUSDH26,5,20251128,105500,3.6623,3.6633,3.6623,3.6633,2,220836
FUSDH26,5,20251128,143500,3.6674,3.6674,3.6674,3.6674,42,220836
FUSDH26,5,20251128,160500,3.6606,3.6606,3.6606,3.6606,10,220836
FUSDH26,5,20251128,164000,3.658,3.658,3.658,3.658,1,220836
FUSDH26,5,20251128,164500,3.6542,3.6542,3.6504,3.6504,18,220836
FUSDH26,5,20251201,084500,3.6524,3.6524,3.65,3.65,17,220788
FUSDH26,5,20251201,090500,3.65,3.65,3.65,3.65,1,220779
FUSDH26,5,20251201,091000,3.648,3.648,3.648,3.648,2,220779
FUSDH26,5,20251201,091500,3.646,3.646,3.644,3.644,18,220781
FUSDH26,5,20251201,092000,3.6434,3.6434,3.642,3.6426,18,220773
FUSDH26,5,20251201,095500,3.6431,3.6431,3.6431,3.6431,20,220773
FUSDH26,5,20251201,100500,3.6418,3.6418,3.6418,3.6418,50,220793
FUSDH26,5,20251201,104000,3.6422,3.6422,3.6422,3.6422,6,220793
FUSDH26,5,20251201,104500,3.6425,3.6425,3.6425,3.6425,1,220793
FUSDH26,5,20251201,105500,3.642,3.642,3.642,3.642,1,220793
FUSDH26,5,20251201,110500,3.641,3.641,3.641,3.641,1,220793
FUSDH26,5,20251201,111500,3.641,3.641,3.641,3.641,1,220794
FUSDH26,5,20251201,113000,3.64,3.64,3.64,3.64,13,220795
FUSDH26,5,20251201,114000,3.641,3.641,3.641,3.641,8,220795
FUSDH26,5,20251201,120000,3.6406,3.6406,3.6406,3.6406,20,220803
FUSDH26,5,20251201,131500,3.641,3.641,3.641,3.641,1,220823
FUSDH26,5,20251201,134000,3.6376,3.6376,3.6376,3.6376,10,220823
FUSDH26,5,20251201,135500,3.638,3.638,3.6337,3.6337,16,220823
FUSDH26,5,20251201,142000,3.634,3.634,3.634,3.634,152,220823
FUSDH26,5,20251201,145500,3.635,3.635,3.6347,3.6347,26,220975
FUSDH26,5,20251201,153500,3.6385,3.6385,3.6385,3.6385,1,220975
FUSDH26,5,20251201,164000,3.642,3.642,3.642,3.642,10,220975
FUSDH26,5,20251201,165500,3.6394,3.6394,3.6394,3.6394,2,220985
FUSDH26,5,20251202,084500,3.6452,3.6452,3.6452,3.6452,1,220985
FUSDH26,5,20251202,090500,3.648,3.648,3.648,3.648,1,220985
FUSDH26,5,20251202,091500,3.6479,3.6479,3.6479,3.6479,1,220985
FUSDH26,5,20251202,093000,3.6494,3.6496,3.6494,3.6496,100,220985
FUSDH26,5,20251202,095000,3.653,3.653,3.653,3.653,10,220985
FUSDH26,5,20251202,095500,3.653,3.653,3.653,3.653,90,220985
FUSDH26,5,20251202,102500,3.6537,3.6537,3.6537,3.6537,100,220985
FUSDH26,5,20251202,105500,3.6525,3.6525,3.6512,3.6512,782,220985
FUSDH26,5,20251202,111000,3.657,3.657,3.657,3.657,50,221367
FUSDH26,5,20251202,111500,3.6578,3.6579,3.6578,3.6579,6,221367
FUSDH26,5,20251202,113500,3.6559,3.6559,3.6559,3.6559,1,221367
FUSDH26,5,20251202,115000,3.6564,3.6564,3.6564,3.6564,5,221368
FUSDH26,5,20251202,122000,3.6558,3.6558,3.6558,3.6558,1,221373
FUSDH26,5,20251202,130500,3.654,3.654,3.654,3.654,3,221373
FUSDH26,5,20251202,132500,3.6528,3.6528,3.6528,3.6528,5,221370
FUSDH26,5,20251202,143000,3.6516,3.6516,3.6516,3.6516,20,221370
FUSDH26,5,20251202,161000,3.654,3.654,3.654,3.654,1,221390
FUSDH26,5,20251202,164500,3.6546,3.6546,3.6546,3.6546,100,221391
