<TICKER>,<PER>,<DATE>,<TIME>,<OPEN>,<HIGH>,<LOW>,<CLOSE>,<VOL>,<OPENINT>
1354.HK,5,20250709,033000,8.20,8.20,8.20,8.20,10800,0
1354.HK,5,20250709,034000,8.20,8.20,8.20,8.20,1500,0
1354.HK,5,20250709,034500,8.00,8.00,7.95,7.95,2700,0
1354.HK,5,20250709,035500,7.93,7.95,7.93,7.95,900,0
1354.HK,5,20250709,043500,7.89,7.89,7.89,7.89,300,0
1354.HK,5,20250709,050500,7.74,7.89,7.74,7.89,4200,0
1354.HK,5,20250709,051000,7.78,7.78,7.78,7.78,1200,0
1354.HK,5,20250709,051500,7.66,7.77,7.66,7.67,10800,0
1354.HK,5,20250709,052000,7.68,7.68,7.68,7.68,1200,0
1354.HK,5,20250709,052500,7.68,7.68,7.68,7.68,1200,0
1354.HK,5,20250709,053000,7.68,7.68,7.68,7.68,300,0
1354.HK,5,20250709,053500,7.70,7.70,7.70,7.70,600,0
1354.HK,5,20250709,070000,7.76,7.76,7.76,7.76,300,0
1354.HK,5,20250709,072000,7.81,7.81,7.80,7.80,6000,0
1354.HK,5,20250709,072500,7.90,7.95,7.90,7.95,10200,0
1354.HK,5,20250709,075000,7.95,7.95,7.95,7.95,3900,0
1354.HK,5,20250709,075500,7.95,7.95,7.95,7.95,300,0
1354.HK,5,20250709,082500,7.83,7.83,7.81,7.81,900,0
1354.HK,5,20250709,091000,7.94,7.95,7.94,7.95,4500,0
1354.HK,5,20250709,093500,7.95,7.95,7.95,7.95,900,0
1354.HK,5,20250709,095500,7.95,7.95,7.95,7.95,3000,0
1354.HK,5,20250710,033000,7.94,7.96,7.94,7.96,2100,0
1354.HK,5,20250710,034000,8.00,8.37,8.00,8.37,1200,0
1354.HK,5,20250710,040500,8.30,8.30,8.30,8.30,600,0
1354.HK,5,20250710,042000,7.99,7.99,7.99,7.99,2100,0
1354.HK,5,20250710,043500,7.98,7.98,7.98,7.98,2700,0
1354.HK,5,20250710,044000,7.98,7.98,7.98,7.98,600,0
1354.HK,5,20250710,044500,7.98,7.98,7.98,7.98,1500,0
1354.HK,5,20250710,054500,8.04,8.04,8.04,8.04,3000,0
1354.HK,5,20250710,073000,8.15,8.15,8.15,8.15,300,0
1354.HK,5,20250710,074500,8.16,8.16,8.16,8.16,9300,0
1354.HK,5,20250710,082000,8.10,8.10,8.10,8.10,8100,0
1354.HK,5,20250710,090500,8.05,8.05,8.05,8.05,600,0
1354.HK,5,20250710,091000,8.04,8.04,8.04,8.04,900,0
1354.HK,5,20250710,091500,8.03,8.03,8.03,8.03,300,0
1354.HK,5,20250710,092000,8.01,8.01,7.78,7.78,13200,0
1354.HK,5,20250710,093000,7.78,7.78,7.78,7.78,1200,0
1354.HK,5,20250710,095500,7.90,7.90,7.87,7.87,600,0
1354.HK,5,20250714,034500,7.80,7.80,7.80,7.80,600,0
1354.HK,5,20250714,035000,7.80,7.80,7.80,7.80,600,0
1354.HK,5,20250714,035500,7.69,7.69,7.69,7.69,600,0
1354.HK,5,20250714,040000,7.69,7.69,7.69,7.69,1200,0
1354.HK,5,20250714,040500,7.69,7.69,7.69,7.69,900,0
1354.HK,5,20250714,041000,7.70,7.70,7.70,7.70,5100,0
1354.HK,5,20250714,044000,7.80,7.80,7.80,7.80,1200,0
1354.HK,5,20250714,045500,7.80,7.80,7.80,7.80,2100,0
1354.HK,5,20250714,082000,7.81,7.81,7.80,7.80,1200,0
1354.HK,5,20250714,090500,7.80,7.80,7.80,7.80,600,0
1354.HK,5,20250714,092500,7.80,7.80,7.80,7.80,300,0
1354.HK,5,20250714,094000,7.80,7.80,7.80,7.80,2700,0
1354.HK,5,20250715,040000,7.72,7.72,7.55,7.55,5100,0
1354.HK,5,20250715,040500,7.51,7.51,7.51,7.51,300,0
1354.HK,5,20250715,041000,7.52,7.53,7.52,7.52,4800,0
1354.HK,5,20250715,042000,7.56,7.56,7.55,7.55,5400,0
1354.HK,5,20250715,042500,7.55,7.55,7.54,7.54,2100,0
1354.HK,5,20250715,043500,7.60,7.60,7.60,7.60,900,0
1354.HK,5,20250715,045500,7.60,7.60,7.60,7.60,600,0
1354.HK,5,20250715,054500,7.61,7.61,7.60,7.60,9900,0
1354.HK,5,20250715,070000,7.60,7.60,7.50,7.51,32400,0
1354.HK,5,20250715,071500,7.51,7.51,7.51,7.51,1200,0
1354.HK,5,20250715,072000,7.51,7.51,7.51,7.51,1500,0
1354.HK,5,20250715,072500,7.49,7.49,7.49,7.49,1200,0
1354.HK,5,20250715,073000,7.48,7.48,7.47,7.47,5100,0
1354.HK,5,20250715,073500,7.46,7.46,7.45,7.45,2400,0
1354.HK,5,20250715,080500,7.31,7.31,7.30,7.30,1800,0
1354.HK,5,20250715,081000,7.00,7.00,6.90,6.90,2100,0
1354.HK,5,20250715,084500,7.25,7.25,7.25,7.25,7800,0
1354.HK,5,20250715,090000,7.25,7.25,7.25,7.25,600,0
1354.HK,5,20250715,090500,7.08,7.08,7.07,7.07,1200,0
1354.HK,5,20250715,092000,7.20,7.20,7.20,7.20,1500,0
1354.HK,5,20250715,095000,7.29,7.29,7.29,7.29,12000,0
1354.HK,5,20250716,045000,7.29,7.29,7.29,7.29,3600,0
1354.HK,5,20250716,045500,7.28,7.28,7.28,7.28,300,0
1354.HK,5,20250716,071500,6.67,6.81,6.66,6.80,18000,0
1354.HK,5,20250716,072000,6.98,7.00,6.98,7.00,8100,0
1354.HK,5,20250716,072500,7.00,7.00,7.00,7.00,600,0
1354.HK,5,20250716,073000,7.00,7.05,7.00,7.05,600,0
1354.HK,5,20250716,074500,7.05,7.10,7.05,7.10,2400,0
1354.HK,5,20250716,075500,7.05,7.05,7.05,7.05,2400,0
1354.HK,5,20250716,090500,7.05,7.05,7.05,7.05,4200,0
1354.HK,5,20250716,091500,7.05,7.05,7.05,7.05,4800,0
1354.HK,5,20250716,092000,7.05,7.05,7.05,7.05,300,0
1354.HK,5,20250716,094000,7.00,7.00,7.00,7.00,3300,0
1354.HK,5,20250716,095500,6.99,6.99,6.99,6.99,11100,0
1354.HK,5,20250717,035500,6.99,6.99,6.99,6.99,600,0
1354.HK,5,20250717,071000,6.99,6.99,6.80,6.80,1500,0
1354.HK,5,20250717,072500,6.80,6.80,6.80,6.80,600,0
1354.HK,5,20250717,073000,6.72,6.72,6.72,6.72,300,0
1354.HK,5,20250717,074500,6.72,6.72,6.72,6.72,300,0
1354.HK,5,20250717,075000,6.80,6.80,6.80,6.80,600,0
1354.HK,5,20250717,083000,6.80,6.80,6.80,6.80,3900,0
1354.HK,5,20250717,084000,6.75,6.75,6.73,6.73,3600,0
1354.HK,5,20250717,085000,6.80,6.80,6.80,6.80,4800,0
1354.HK,5,20250717,092000,6.79,6.79,6.79,6.79,300,0
1354.HK,5,20250718,033500,6.61,6.61,6.61,6.61,600,0
1354.HK,5,20250718,034500,6.63,6.63,6.63,6.63,1200,0
1354.HK,5,20250718,040000,6.65,6.65,6.65,6.65,600,0
1354.HK,5,20250718,041000,6.67,6.67,6.63,6.63,7200,0
1354.HK,5,20250718,043000,6.64,6.64,6.64,6.64,3300,0
1354.HK,5,20250718,050500,6.65,6.66,6.65,6.65,3900,0
1354.HK,5,20250718,051000,6.65,6.65,6.64,6.65,1500,0
1354.HK,5,20250718,051500,6.65,6.65,6.65,6.65,3000,0
1354.HK,5,20250718,052000,6.65,6.65,6.62,6.62,21300,0
1354.HK,5,20250718,052500,6.63,6.63,6.60,6.60,16500,0
1354.HK,5,20250718,053500,6.52,6.52,6.40,6.40,38100,0
1354.HK,5,20250718,054000,6.40,6.40,6.38,6.40,5400,0
1354.HK,5,20250718,054500,6.40,6.45,6.40,6.45,9000,0
1354.HK,5,20250718,074000,6.46,6.46,6.46,6.46,1200,0
1354.HK,5,20250718,080500,6.50,6.50,6.50,6.50,3600,0
1354.HK,5,20250718,083000,6.50,6.50,6.50,6.50,8100,0
1354.HK,5,20250718,083500,6.50,6.50,6.50,6.50,9300,0
1354.HK,5,20250718,084500,6.50,6.50,6.50,6.50,300,0
1354.HK,5,20250718,085000,6.50,6.50,6.50,6.50,1200,0
1354.HK,5,20250718,090000,6.50,6.50,6.50,6.50,1500,0
1354.HK,5,20250718,091000,6.50,6.50,6.50,6.50,2700,0
1354.HK,5,20250718,091500,6.50,6.50,6.50,6.50,4200,0
1354.HK,5,20250718,093000,6.48,6.50,6.46,6.50,25200,0
1354.HK,5,20250718,093500,6.50,6.50,6.50,6.50,1200,0
1354.HK,5,20250718,094000,6.50,6.50,6.50,6.50,8100,0
1354.HK,5,20250718,094500,6.48,6.48,6.40,6.41,6600,0
1354.HK,5,20250718,095000,6.41,6.41,6.37,6.37,14400,0
1354.HK,5,20250718,095500,6.37,6.39,6.29,6.30,32700,0
1354.HK,5,20250721,033000,6.56,6.56,6.56,6.56,3000,0
1354.HK,5,20250721,033500,6.57,6.60,6.57,6.60,4200,0
1354.HK,5,20250721,040000,6.69,6.69,6.69,6.69,2100,0
1354.HK,5,20250721,041000,6.90,7.30,6.90,7.30,11100,0
1354.HK,5,20250721,041500,7.22,7.22,7.22,7.22,300,0
1354.HK,5,20250721,042000,7.00,7.15,6.98,7.14,5100,0
1354.HK,5,20250721,044500,7.00,7.00,7.00,7.00,4800,0
1354.HK,5,20250721,045000,7.00,7.00,7.00,7.00,5700,0
1354.HK,5,20250721,045500,7.00,7.00,7.00,7.00,3900,0
1354.HK,5,20250721,050000,7.00,7.00,6.91,6.91,3600,0
1354.HK,5,20250721,051500,7.00,7.00,7.00,7.00,600,0
1354.HK,5,20250721,053000,7.01,7.01,7.00,7.00,8400,0
1354.HK,5,20250721,071500,6.97,6.97,6.80,6.80,3300,0
1354.HK,5,20250721,075000,6.75,6.75,6.74,6.74,2100,0
1354.HK,5,20250721,075500,6.71,6.71,6.71,6.71,5400,0
1354.HK,5,20250721,081000,6.72,6.72,6.70,6.70,2100,0
1354.HK,5,20250721,083000,6.71,6.71,6.71,6.71,2400,0
1354.HK,5,20250721,093000,6.71,6.71,6.71,6.71,600,0
1354.HK,5,20250721,093500,6.71,6.71,6.71,6.71,300,0
1354.HK,5,20250722,081000,6.71,6.71,6.71,6.71,300,0
1354.HK,5,20250722,082000,6.64,6.69,6.64,6.69,15600,0
1354.HK,5,20250722,084000,6.61,6.61,6.61,6.61,600,0
1354.HK,5,20250722,084500,6.60,6.60,6.56,6.56,600,0
1354.HK,5,20250722,085000,6.56,6.56,6.53,6.53,8100,0
1354.HK,5,20250722,092500,6.67,6.67,6.65,6.65,300,0
1354.HK,5,20250723,043500,6.46,6.46,6.46,6.46,300,0
1354.HK,5,20250723,070500,6.46,6.46,6.45,6.45,2700,0
1354.HK,5,20250723,071500,6.40,6.40,6.40,6.40,300,0
1354.HK,5,20250723,072000,6.38,6.38,6.38,6.38,1200,0
1354.HK,5,20250723,072500,6.44,6.44,6.44,6.44,300,0
1354.HK,5,20250723,080000,6.41,6.41,6.41,6.41,1800,0
1354.HK,5,20250723,081000,6.42,6.42,6.41,6.41,5700,0
1354.HK,5,20250723,081500,6.41,6.41,6.41,6.41,300,0
1354.HK,5,20250723,082500,6.40,6.40,6.40,6.40,900,0
1354.HK,5,20250723,084500,6.40,6.40,6.40,6.40,1200,0
1354.HK,5,20250723,091500,6.39,6.40,6.39,6.40,12000,0
1354.HK,5,20250723,092000,6.39,6.39,6.39,6.39,2700,0
1354.HK,5,20250723,094000,6.36,6.36,6.35,6.35,11400,0
1354.HK,5,20250723,095000,6.35,6.35,6.34,6.35,6300,0
1354.HK,5,20250724,045500,6.33,6.33,6.33,6.33,900,0
1354.HK,5,20250724,051000,6.64,6.64,6.64,6.64,5100,0
1354.HK,5,20250724,051500,6.65,6.65,6.65,6.65,600,0
1354.HK,5,20250724,082000,6.38,6.38,6.38,6.38,600,0
1354.HK,5,20250724,083000,6.38,6.38,6.38,6.38,300,0
1354.HK,5,20250724,084000,6.48,6.48,6.48,6.48,1500,0
1354.HK,5,20250724,090500,6.47,6.47,6.47,6.47,16200,0
1354.HK,5,20250724,091000,6.47,6.52,6.47,6.52,600,0
1354.HK,5,20250724,093500,6.50,6.50,6.50,6.50,1200,0
1354.HK,5,20250724,094000,6.47,6.47,6.47,6.47,3000,0
1354.HK,5,20250724,095500,6.47,6.47,6.47,6.47,4500,0
1354.HK,5,20250725,052000,6.58,6.58,6.58,6.58,300,0
1354.HK,5,20250725,052500,6.88,6.89,6.88,6.89,7200,0
1354.HK,5,20250725,053000,6.90,6.90,6.90,6.90,1200,0
1354.HK,5,20250725,081500,6.56,6.56,6.56,6.56,600,0
1354.HK,5,20250725,084000,6.54,6.54,6.54,6.54,1500,0
1354.HK,5,20250725,084500,6.54,6.54,6.30,6.30,17400,0
1354.HK,5,20250725,085000,6.30,6.30,6.30,6.30,1500,0
1354.HK,5,20250725,085500,6.30,6.30,6.30,6.30,900,0
1354.HK,5,20250725,090000,6.30,6.30,6.30,6.30,300,0
1354.HK,5,20250725,095500,6.30,6.30,6.30,6.30,1500,0
1354.HK,5,20250728,033500,6.08,6.09,6.08,6.09,4200,0
1354.HK,5,20250728,034000,6.09,6.09,6.08,6.08,7800,0
1354.HK,5,20250728,034500,6.25,6.26,6.25,6.26,600,0
1354.HK,5,20250728,035000,6.26,6.27,6.26,6.27,9300,0
1354.HK,5,20250728,040000,6.27,6.27,6.26,6.26,2100,0
1354.HK,5,20250728,050000,6.26,6.26,6.26,6.26,3000,0
1354.HK,5,20250728,050500,6.30,6.30,6.30,6.30,1200,0
1354.HK,5,20250728,051000,6.30,6.30,6.30,6.30,5100,0
1354.HK,5,20250729,035500,6.29,6.29,6.29,6.29,300,0
1354.HK,5,20250729,044000,6.29,6.29,6.29,6.29,900,0
1354.HK,5,20250729,053500,6.20,6.20,6.20,6.20,600,0
1354.HK,5,20250729,071500,6.29,6.29,6.29,6.29,300,0
1354.HK,5,20250729,074000,6.29,6.29,6.29,6.29,300,0
1354.HK,5,20250729,084000,6.20,6.20,6.20,6.20,3000,0
1354.HK,5,20250729,092000,6.20,6.20,6.20,6.20,1800,0
1354.HK,5,20250729,094500,6.20,6.20,6.20,6.20,6000,0
1354.HK,5,20250730,040000,6.19,6.19,6.19,6.19,5100,0
1354.HK,5,20250730,040500,6.19,6.19,6.19,6.19,1200,0
1354.HK,5,20250730,041000,6.19,6.30,6.19,6.30,5700,0
1354.HK,5,20250730,043500,6.30,6.30,6.30,6.30,300,0
1354.HK,5,20250730,080000,6.30,6.31,6.30,6.31,5700,0
1354.HK,5,20250730,081000,6.30,6.30,6.30,6.30,300,0
1354.HK,5,20250730,081500,6.30,6.30,6.30,6.30,3300,0
1354.HK,5,20250730,082000,6.30,6.30,6.20,6.20,2100,0
1354.HK,5,20250730,083000,6.20,6.20,6.20,6.20,6600,0
1354.HK,5,20250730,084000,6.19,6.19,6.18,6.19,3300,0
1354.HK,5,20250731,045000,6.20,6.20,6.20,6.20,2100,0
1354.HK,5,20250731,075500,6.24,6.24,6.24,6.24,3000,0
1354.HK,5,20250731,085500,6.23,6.23,6.23,6.23,600,0
1354.HK,5,20250731,090000,6.23,6.23,6.23,6.23,600,0
1354.HK,5,20250731,092500,6.23,6.23,6.23,6.23,10800,0
1354.HK,5,20250801,045500,6.23,6.23,6.23,6.23,1200,0
1354.HK,5,20250801,050000,6.23,6.23,6.23,6.23,600,0
1354.HK,5,20250801,053000,6.22,6.22,6.22,6.22,6000,0
1354.HK,5,20250801,070000,6.22,6.22,6.22,6.22,3000,0
1354.HK,5,20250801,084500,6.11,6.11,6.10,6.10,15300,0
1354.HK,5,20250801,090000,6.09,6.09,6.09,6.09,3300,0
1354.HK,5,20250801,092500,6.09,6.09,6.09,6.09,600,0
1354.HK,5,20250801,095500,6.09,6.09,6.09,6.09,1500,0
1354.HK,5,20250804,035000,6.09,6.09,6.09,6.09,2100,0
1354.HK,5,20250804,040500,6.09,6.09,6.09,6.09,6900,0
1354.HK,5,20250804,043000,6.05,6.05,6.05,6.05,600,0
1354.HK,5,20250804,043500,6.05,6.05,6.00,6.00,47100,0
1354.HK,5,20250804,052000,6.00,6.00,6.00,6.00,4200,0
1354.HK,5,20250804,053500,6.00,6.00,6.00,6.00,300,0
1354.HK,5,20250804,070000,5.91,5.91,5.90,5.90,900,0
1354.HK,5,20250804,070500,5.83,5.83,5.83,5.83,600,0
1354.HK,5,20250804,072000,5.96,5.96,5.96,5.96,3300,0
1354.HK,5,20250804,073000,5.98,5.99,5.98,5.99,1500,0
1354.HK,5,20250804,074500,5.99,6.00,5.99,6.00,5700,0
1354.HK,5,20250804,075500,6.09,6.09,5.91,5.91,9000,0
1354.HK,5,20250804,080000,5.90,5.90,5.90,5.90,1500,0
1354.HK,5,20250804,084000,5.90,5.90,5.90,5.90,600,0
1354.HK,5,20250804,092500,6.00,6.00,6.00,6.00,900,0
1354.HK,5,20250804,094500,6.00,6.00,5.99,5.99,600,0
1354.HK,5,20250805,040000,5.99,5.99,5.99,5.99,3600,0
1354.HK,5,20250805,053500,5.97,5.97,5.97,5.97,600,0
1354.HK,5,20250805,070000,5.92,5.92,5.92,5.92,600,0
1354.HK,5,20250805,080000,5.97,5.97,5.97,5.97,5100,0
1354.HK,5,20250805,080500,5.95,5.95,5.95,5.95,600,0
1354.HK,5,20250805,081500,5.98,5.98,5.98,5.98,8100,0
1354.HK,5,20250805,091000,5.98,5.98,5.98,5.98,600,0
1354.HK,5,20250805,092500,5.99,5.99,5.99,5.99,3600,0
1354.HK,5,20250806,070000,5.85,5.85,5.85,5.85,300,0
1354.HK,5,20250806,072000,5.99,5.99,5.99,5.99,3000,0
1354.HK,5,20250806,081500,5.89,5.89,5.86,5.86,5100,0
1354.HK,5,20250806,084500,5.86,5.86,5.86,5.86,300,0
1354.HK,5,20250806,090500,5.87,5.87,5.87,5.87,10500,0
1354.HK,5,20250806,094000,5.87,5.87,5.87,5.87,1200,0
1354.HK,5,20250807,034500,5.84,5.84,5.84,5.84,2400,0
1354.HK,5,20250807,051500,5.86,5.86,5.86,5.86,300,0
1354.HK,5,20250807,054000,5.88,5.88,5.88,5.88,900,0
1354.HK,5,20250807,055000,5.88,5.88,5.88,5.88,1500,0
1354.HK,5,20250807,085500,5.89,5.89,5.89,5.89,600,0
1354.HK,5,20250807,091000,5.90,5.90,5.90,5.90,300,0
1354.HK,5,20250807,092000,5.89,5.89,5.85,5.85,5100,0
1354.HK,5,20250807,093000,5.84,5.84,5.84,5.84,600,0
1354.HK,5,20250808,042500,5.91,5.91,5.91,5.91,1500,0
1354.HK,5,20250808,045000,5.91,5.91,5.91,5.91,6600,0
1354.HK,5,20250808,050000,5.90,6.00,5.90,6.00,26100,0
1354.HK,5,20250808,051000,6.00,6.00,6.00,6.00,9600,0
1354.HK,5,20250808,052500,6.00,6.00,6.00,6.00,300,0
1354.HK,5,20250808,054000,6.01,6.01,6.01,6.01,600,0
1354.HK,5,20250808,074000,6.01,6.01,6.00,6.00,9900,0
1354.HK,5,20250808,075000,5.99,5.99,5.99,5.99,300,0
1354.HK,5,20250808,075500,5.99,5.99,5.99,5.99,600,0
1354.HK,5,20250808,085000,5.99,5.99,5.99,5.99,600,0
1354.HK,5,20250808,095500,5.98,5.98,5.98,5.98,600,0
1354.HK,5,20250815,034500,5.96,5.96,5.96,5.96,900,0
1354.HK,5,20250815,040000,5.96,5.96,5.96,5.96,300,0
1354.HK,5,20250815,080500,5.90,5.90,5.90,5.90,10200,0
1354.HK,5,20250815,082000,5.86,5.86,5.86,5.86,1800,0
1354.HK,5,20250815,091000,5.87,5.87,5.85,5.85,9300,0
1354.HK,5,20250818,042500,5.90,5.90,5.90,5.90,7200,0
1354.HK,5,20250818,051500,5.90,5.90,5.90,5.90,6000,0
1354.HK,5,20250818,054000,5.90,5.90,5.90,5.90,21900,0
1354.HK,5,20250818,055000,5.90,5.90,5.90,5.90,3600,0
1354.HK,5,20250818,070000,5.90,5.90,5.90,5.90,9000,0
1354.HK,5,20250818,070500,5.90,5.90,5.90,5.90,300,0
1354.HK,5,20250818,075000,5.90,5.90,5.90,5.90,9000,0
1354.HK,5,20250818,075500,5.90,5.90,5.90,5.90,23100,0
1354.HK,5,20250818,080500,5.90,5.90,5.90,5.90,2400,0
1354.HK,5,20250818,083500,5.87,5.87,5.87,5.87,1800,0
1354.HK,5,20250818,092500,5.86,5.86,5.86,5.86,900,0
1354.HK,5,20250819,041000,5.90,5.90,5.90,5.90,3000,0
1354.HK,5,20250819,042000,5.85,5.90,5.84,5.84,16800,0
1354.HK,5,20250819,044500,5.84,5.84,5.84,5.84,4800,0
1354.HK,5,20250819,045500,5.84,5.84,5.82,5.82,4200,0
1354.HK,5,20250819,053500,5.85,5.85,5.85,5.85,9000,0
1354.HK,5,20250819,072000,5.85,5.85,5.85,5.85,3900,0
1354.HK,5,20250819,072500,5.85,5.85,5.85,5.85,5100,0
1354.HK,5,20250819,075500,5.89,5.90,5.89,5.90,27300,0
1354.HK,5,20250819,092000,5.92,5.92,5.92,5.92,900,0
1354.HK,5,20250819,093500,5.92,5.92,5.92,5.92,300,0
1354.HK,5,20250819,094000,6.00,6.00,6.00,6.00,2700,0
1354.HK,5,20250819,095000,6.00,6.00,6.00,6.00,22500,0
1354.HK,5,20250820,070000,6.05,6.05,6.05,6.05,600,0
1354.HK,5,20250820,073000,6.10,6.10,6.10,6.10,300,0
1354.HK,5,20250820,074000,6.12,6.40,6.12,6.40,15300,0
1354.HK,5,20250820,074500,6.40,6.40,6.40,6.40,1800,0
1354.HK,5,20250820,075500,6.30,6.30,6.30,6.30,8100,0
1354.HK,5,20250820,092500,6.37,6.39,6.37,6.39,3600,0
1354.HK,5,20250820,093000,6.39,6.40,6.39,6.40,30300,0
1354.HK,5,20250820,093500,6.36,6.36,6.35,6.35,3300,0
1354.HK,5,20250820,094500,6.36,6.37,6.36,6.37,1500,0
1354.HK,5,20250820,095000,6.37,6.37,6.37,6.37,300,0
1354.HK,5,20250820,095500,6.36,6.36,6.36,6.36,2100,0
1354.HK,5,20250821,045000,6.30,6.30,6.30,6.30,900,0
1354.HK,5,20250821,070500,6.40,6.40,6.40,6.40,900,0
1354.HK,5,20250821,072000,6.40,6.40,6.40,6.40,1800,0
1354.HK,5,20250821,073000,6.40,6.40,6.40,6.40,3300,0
1354.HK,5,20250821,075500,6.40,6.40,6.40,6.40,1800,0
1354.HK,5,20250821,081500,6.40,6.40,6.40,6.40,1800,0
1354.HK,5,20250821,085000,6.38,6.38,6.38,6.38,1500,0
1354.HK,5,20250821,085500,6.38,6.38,6.38,6.38,2100,0
1354.HK,5,20250821,094500,6.39,6.40,6.39,6.40,1200,0
1354.HK,5,20250821,095500,6.40,6.40,6.40,6.40,1500,0
1354.HK,5,20250822,041500,6.40,6.40,6.40,6.40,1800,0
1354.HK,5,20250822,043500,6.40,6.40,6.40,6.40,1500,0
1354.HK,5,20250822,045000,6.30,6.30,6.30,6.30,2100,0
1354.HK,5,20250822,051000,6.30,6.30,6.30,6.30,2700,0
1354.HK,5,20250822,071000,6.30,6.30,6.30,6.30,1200,0
1354.HK,5,20250822,082000,6.24,6.24,6.24,6.24,300,0
1354.HK,5,20250822,085000,6.24,6.24,6.21,6.21,10200,0
1354.HK,5,20250822,085500,6.21,6.21,6.20,6.20,4800,0
1354.HK,5,20250822,090000,6.11,6.11,6.08,6.08,10800,0
1354.HK,5,20250822,090500,6.08,6.08,6.04,6.04,2700,0
1354.HK,5,20250822,092000,6.19,6.19,6.19,6.19,1200,0
1354.HK,5,20250822,092500,6.19,6.19,6.19,6.19,1200,0
1354.HK,5,20250825,035000,6.12,6.12,6.12,6.12,600,0
1354.HK,5,20250825,035500,6.15,6.19,6.15,6.19,6600,0
1354.HK,5,20250825,042000,6.17,6.17,6.17,6.17,13200,0
1354.HK,5,20250825,044500,6.22,6.22,6.22,6.22,300,0
1354.HK,5,20250825,045000,6.22,6.22,6.19,6.19,26100,0
1354.HK,5,20250825,051000,6.18,6.18,6.18,6.18,300,0
1354.HK,5,20250825,054000,6.18,6.18,6.17,6.17,2700,0
1354.HK,5,20250825,070000,6.17,6.17,6.14,6.14,9000,0
1354.HK,5,20250825,074500,6.16,6.17,6.16,6.17,1200,0
1354.HK,5,20250825,082000,6.12,6.12,6.12,6.12,2400,0
1354.HK,5,20250825,082500,6.10,6.10,6.10,6.10,2400,0
1354.HK,5,20250825,084500,6.06,6.06,6.06,6.06,600,0
1354.HK,5,20250825,093500,6.02,6.02,6.02,6.02,300,0
1354.HK,5,20250826,040500,5.91,5.92,5.91,5.92,1500,0
1354.HK,5,20250826,052000,5.96,5.96,5.96,5.96,300,0
1354.HK,5,20250826,053000,5.98,5.99,5.98,5.99,600,0
1354.HK,5,20250826,073000,5.93,5.93,5.91,5.91,3900,0
1354.HK,5,20250826,074500,5.95,5.95,5.95,5.95,300,0
1354.HK,5,20250826,080500,5.94,5.94,5.94,5.94,300,0
1354.HK,5,20250826,092500,5.93,5.93,5.92,5.92,1800,0
1354.HK,5,20250826,094500,5.92,5.92,5.92,5.92,900,0
1354.HK,5,20250826,095000,5.92,5.92,5.92,5.92,600,0
1354.HK,5,20250828,034500,5.89,5.89,5.81,5.81,3600,0
1354.HK,5,20250828,040500,5.86,5.86,5.86,5.86,300,0
1354.HK,5,20250828,041500,5.85,5.88,5.85,5.88,1200,0
1354.HK,5,20250828,042000,5.88,5.88,5.88,5.88,300,0
1354.HK,5,20250828,050500,5.83,5.83,5.83,5.83,300,0
1354.HK,5,20250828,052000,5.83,5.83,5.80,5.80,4500,0
1354.HK,5,20250828,052500,5.80,5.80,5.80,5.80,1800,0
1354.HK,5,20250828,054000,5.80,5.80,5.80,5.80,3000,0
1354.HK,5,20250828,070000,5.80,5.80,5.80,5.80,1800,0
1354.HK,5,20250828,070500,5.80,5.80,5.80,5.80,300,0
1354.HK,5,20250828,072500,5.79,5.79,5.79,5.79,300,0
1354.HK,5,20250828,074500,5.79,5.79,5.79,5.79,5700,0
1354.HK,5,20250828,092500,5.80,5.80,5.80,5.80,6000,0
1354.HK,5,20250829,053500,5.79,5.79,5.78,5.78,600,0
1354.HK,5,20250829,074000,5.79,5.80,5.79,5.80,600,0
1354.HK,5,20250829,074500,5.80,5.80,5.80,5.80,900,0
1354.HK,5,20250829,075000,5.80,5.82,5.80,5.82,6000,0
1354.HK,5,20250829,080500,5.81,5.81,5.81,5.81,900,0
1354.HK,5,20250829,084000,5.80,5.80,5.80,5.80,300,0
1354.HK,5,20250829,090500,5.81,5.81,5.81,5.81,300,0
1354.HK,5,20250829,091500,5.81,5.81,5.80,5.81,2100,0
1354.HK,5,20250829,092000,5.81,5.81,5.81,5.81,600,0
1354.HK,5,20250829,093000,5.80,5.80,5.80,5.80,3000,0
1354.HK,5,20250829,094500,5.80,5.80,5.80,5.80,17400,0
1354.HK,5,20250829,095000,5.78,5.78,5.78,5.78,1200,0
1354.HK,5,20250829,095500,5.72,5.72,5.71,5.72,900,0
1354.HK,5,20250901,033500,5.68,5.68,5.68,5.68,3000,0
1354.HK,5,20250901,035000,5.68,5.68,5.68,5.68,1200,0
1354.HK,5,20250901,035500,5.67,5.67,5.67,5.67,3900,0
1354.HK,5,20250901,040000,5.67,5.67,5.67,5.67,9300,0
1354.HK,5,20250901,041000,5.67,5.67,5.67,5.67,3900,0
1354.HK,5,20250901,042000,5.70,5.70,5.67,5.67,9000,0
1354.HK,5,20250901,042500,5.67,5.67,5.64,5.65,13800,0
1354.HK,5,20250901,043000,5.62,5.63,5.61,5.61,5400,0
1354.HK,5,20250901,043500,5.61,5.61,5.57,5.57,2100,0
1354.HK,5,20250901,044500,5.58,5.58,5.58,5.58,300,0
1354.HK,5,20250901,045000,5.66,5.70,5.66,5.70,4200,0
1354.HK,5,20250901,045500,5.69,5.71,5.69,5.71,5700,0
1354.HK,5,20250901,053500,5.70,5.70,5.70,5.70,600,0
1354.HK,5,20250901,055500,5.60,5.60,5.50,5.51,15300,0
1354.HK,5,20250901,070000,5.52,5.52,5.49,5.49,2700,0
1354.HK,5,20250901,072000,5.49,5.49,5.49,5.49,900,0
1354.HK,5,20250901,072500,5.48,5.49,5.48,5.49,900,0
1354.HK,5,20250901,073500,5.49,5.49,5.49,5.49,600,0
1354.HK,5,20250901,075000,5.49,5.49,5.49,5.49,600,0
1354.HK,5,20250901,075500,5.49,5.50,5.49,5.50,1500,0
1354.HK,5,20250901,080000,5.50,5.50,5.47,5.47,10200,0
1354.HK,5,20250901,080500,5.48,5.48,5.48,5.48,1200,0
1354.HK,5,20250901,081000,5.48,5.48,5.48,5.48,3000,0
1354.HK,5,20250901,081500,5.48,5.48,5.48,5.48,2100,0
1354.HK,5,20250901,090500,5.48,5.49,5.48,5.49,14700,0
1354.HK,5,20250901,095500,5.49,5.49,5.48,5.49,600,0
1354.HK,5,20250902,051000,5.47,5.50,5.47,5.50,5100,0
1354.HK,5,20250902,054000,5.53,5.53,5.51,5.51,12900,0
1354.HK,5,20250902,070500,5.54,5.54,5.54,5.54,600,0
1354.HK,5,20250902,071000,5.54,5.54,5.54,5.54,300,0
1354.HK,5,20250902,071500,5.52,5.52,5.52,5.52,3000,0
1354.HK,5,20250902,075000,5.51,5.52,5.51,5.52,3000,0
1354.HK,5,20250902,082000,5.50,5.51,5.50,5.51,1500,0
1354.HK,5,20250902,082500,5.51,5.51,5.51,5.51,600,0
1354.HK,5,20250902,085500,5.51,5.55,5.51,5.53,3000,0
1354.HK,5,20250902,090000,5.57,5.59,5.57,5.59,3300,0
1354.HK,5,20250902,091000,5.64,5.80,5.64,5.80,1800,0
1354.HK,5,20250902,092000,5.82,5.82,5.67,5.68,4500,0
1354.HK,5,20250902,093000,5.65,5.65,5.65,5.65,1200,0
1354.HK,5,20250902,095000,5.65,5.65,5.65,5.65,300,0
1354.HK,5,20250903,050000,5.74,5.79,5.74,5.79,2700,0
1354.HK,5,20250903,052000,5.78,5.78,5.78,5.78,600,0
1354.HK,5,20250903,072500,5.67,5.67,5.67,5.67,300,0
1354.HK,5,20250903,073000,5.66,5.66,5.65,5.65,13200,0
1354.HK,5,20250903,073500,5.61,5.61,5.61,5.61,300,0
1354.HK,5,20250903,081500,5.55,5.55,5.55,5.55,300,0
1354.HK,5,20250903,095000,5.52,5.52,5.52,5.52,300,0
1354.HK,5,20250904,050000,5.52,5.52,5.52,5.52,2400,0
1354.HK,5,20250904,055500,5.52,5.52,5.52,5.52,2400,0
1354.HK,5,20250904,081000,5.50,5.51,5.50,5.51,2700,0
1354.HK,5,20250905,044500,5.50,5.50,5.50,5.50,300,0
1354.HK,5,20250905,050000,5.44,5.44,5.44,5.44,2700,0
1354.HK,5,20250905,051000,5.42,5.42,5.42,5.42,3000,0
1354.HK,5,20250905,052500,5.42,5.42,5.42,5.42,1800,0
1354.HK,5,20250905,053000,5.41,5.41,5.32,5.32,3900,0
1354.HK,5,20250905,073500,5.49,5.49,5.49,5.49,1200,0
1354.HK,5,20250905,082000,5.49,5.49,5.49,5.49,21000,0
1354.HK,5,20250905,091000,5.41,5.41,5.40,5.40,4800,0
1354.HK,5,20250905,091500,5.40,5.40,5.39,5.39,6600,0
1354.HK,5,20250905,092000,5.38,5.39,5.38,5.39,4500,0
1354.HK,5,20250908,034500,5.40,5.40,5.40,5.40,6000,0
1354.HK,5,20250908,040000,5.40,5.40,5.40,5.40,1200,0
1354.HK,5,20250908,040500,5.40,5.40,5.40,5.40,600,0
1354.HK,5,20250908,051000,5.40,5.40,5.40,5.40,1200,0
1354.HK,5,20250910,053500,5.43,5.43,5.43,5.43,1500,0
1354.HK,5,20250910,080000,5.44,5.50,5.44,5.50,4500,0
1354.HK,5,20250910,093000,5.51,5.51,5.50,5.50,15600,0
1354.HK,5,20250911,041500,5.49,5.49,5.49,5.49,1800,0
1354.HK,5,20250911,044500,5.45,5.45,5.45,5.45,600,0
1354.HK,5,20250911,045000,5.40,5.40,5.35,5.35,1800,0
1354.HK,5,20250911,094000,5.41,5.41,5.41,5.41,2700,0
1354.HK,5,20250912,034500,5.39,5.39,5.39,5.39,600,0
1354.HK,5,20250912,041000,5.39,5.39,5.39,5.39,8700,0
1354.HK,5,20250912,042500,5.39,5.39,5.39,5.39,600,0
1354.HK,5,20250912,070000,5.40,5.40,5.40,5.40,12000,0
1354.HK,5,20250912,070500,5.40,5.40,5.40,5.40,11700,0
1354.HK,5,20250912,080500,5.55,5.55,5.55,5.55,600,0
1354.HK,5,20250912,081500,5.55,5.55,5.55,5.55,300,0
1354.HK,5,20250912,084000,5.36,5.41,5.35,5.41,4200,0
1354.HK,5,20250915,044000,5.49,5.49,5.44,5.44,2100,0
1354.HK,5,20250915,045000,5.49,5.49,5.49,5.49,600,0
1354.HK,5,20250915,052500,5.33,5.33,5.23,5.23,13800,0
1354.HK,5,20250915,090000,5.28,5.28,5.27,5.27,9000,0
1354.HK,5,20250915,095500,5.28,5.28,5.28,5.28,7200,0
1354.HK,5,20250916,034500,5.38,5.47,5.38,5.39,3300,0
1354.HK,5,20250916,035500,5.43,5.43,5.43,5.43,600,0
1354.HK,5,20250916,042500,5.43,5.43,5.43,5.43,1500,0
1354.HK,5,20250916,043000,5.41,5.41,5.30,5.30,3300,0
1354.HK,5,20250916,043500,5.38,5.42,5.38,5.42,7500,0
1354.HK,5,20250916,092000,5.42,5.52,5.42,5.52,7500,0
1354.HK,5,20250916,094500,5.52,5.52,5.52,5.52,600,0
1354.HK,5,20250916,095000,5.51,5.51,5.50,5.50,600,0
1354.HK,5,20250916,095500,5.50,5.50,5.50,5.50,600,0
1354.HK,5,20250917,090500,5.41,5.41,5.41,5.41,4200,0
1354.HK,5,20250917,093500,5.45,5.45,5.45,5.45,600,0
1354.HK,5,20250917,095500,5.42,5.43,5.41,5.43,900,0
1354.HK,5,20250918,045000,5.40,5.40,5.40,5.40,10500,0
1354.HK,5,20250918,045500,5.35,5.35,5.35,5.35,600,0
1354.HK,5,20250918,051000,5.37,5.37,5.35,5.35,3000,0
1354.HK,5,20250918,052500,5.36,5.36,5.36,5.36,600,0
1354.HK,5,20250918,073000,5.36,5.36,5.36,5.36,900,0
1354.HK,5,20250918,081500,5.39,5.42,5.39,5.42,10800,0
1354.HK,5,20250918,092000,5.39,5.49,5.39,5.49,14400,0
1354.HK,5,20250918,095500,5.50,5.50,5.50,5.50,300,0
1354.HK,5,20250919,041000,5.51,5.51,5.51,5.51,1500,0
1354.HK,5,20250919,070000,5.51,5.51,5.51,5.51,1200,0
1354.HK,5,20250919,072000,5.49,5.49,5.49,5.49,1200,0
1354.HK,5,20250919,073000,5.50,5.50,5.50,5.50,900,0
1354.HK,5,20250919,074000,5.49,5.49,5.49,5.49,2100,0
1354.HK,5,20250919,075000,5.49,5.49,5.49,5.49,600,0
1354.HK,5,20250919,080500,5.49,5.49,5.45,5.45,12000,0
1354.HK,5,20250919,090000,5.45,5.45,5.45,5.45,3300,0
1354.HK,5,20250919,091500,5.45,5.45,5.45,5.45,900,0
1354.HK,5,20250922,055500,5.38,5.38,5.38,5.38,600,0
1354.HK,5,20250922,071500,5.37,5.37,5.37,5.37,600,0
1354.HK,5,20250922,082000,5.37,5.37,5.37,5.37,1200,0
1354.HK,5,20250924,050000,5.35,5.35,5.35,5.35,300,0
1354.HK,5,20250924,050500,5.37,5.37,5.37,5.37,900,0
1354.HK,5,20250924,094500,5.35,5.36,5.35,5.36,600,0
1354.HK,5,20250925,044000,5.27,5.27,5.27,5.27,1500,0
1354.HK,5,20250925,051500,5.23,5.23,5.22,5.22,1200,0
1354.HK,5,20250925,053000,5.22,5.22,5.22,5.22,6000,0
1354.HK,5,20250925,070000,5.20,5.20,5.20,5.20,600,0
1354.HK,5,20250925,071000,5.23,5.23,5.23,5.23,5100,0
1354.HK,5,20250925,071500,5.21,5.21,5.20,5.20,5700,0
1354.HK,5,20250925,080500,5.19,5.19,5.19,5.19,6000,0
1354.HK,5,20250925,082000,5.18,5.18,5.18,5.18,3000,0
1354.HK,5,20250926,082500,5.16,5.16,5.12,5.12,3000,0
1354.HK,5,20250926,083500,5.12,5.12,5.12,5.12,300,0
1354.HK,5,20250926,090500,5.12,5.12,5.12,5.12,4800,0
1354.HK,5,20250926,091000,5.11,5.11,5.11,5.11,900,0
1354.HK,5,20250926,091500,5.11,5.11,5.11,5.11,1200,0
1354.HK,5,20250926,092000,5.11,5.11,5.11,5.11,600,0
1354.HK,5,20250926,094000,5.10,5.10,5.10,5.10,900,0
1354.HK,5,20250926,094500,5.03,5.03,5.01,5.01,3900,0
1354.HK,5,20250929,041500,5.01,5.01,5.01,5.01,1200,0
1354.HK,5,20250929,042000,5.01,5.01,5.00,5.00,1800,0
1354.HK,5,20250929,044000,4.96,4.96,4.91,4.91,3900,0
1354.HK,5,20250929,044500,4.85,4.85,4.81,4.81,1800,0
1354.HK,5,20250929,045000,4.73,4.74,4.73,4.74,600,0
1354.HK,5,20250929,045500,4.76,4.79,4.76,4.79,600,0
1354.HK,5,20250929,050000,4.79,4.79,4.76,4.77,15600,0
1354.HK,5,20250929,051000,4.77,4.80,4.77,4.80,12300,0
1354.HK,5,20250929,055000,4.80,4.81,4.80,4.81,2700,0
1354.HK,5,20250929,055500,4.81,4.81,4.81,4.81,4500,0
1354.HK,5,20250929,071500,4.81,4.81,4.81,4.81,600,0
1354.HK,5,20250929,075500,4.82,4.82,4.82,4.82,3000,0
1354.HK,5,20250929,080500,4.82,4.82,4.82,4.82,4800,0
1354.HK,5,20250929,081000,4.81,4.81,4.81,4.81,300,0
1354.HK,5,20250929,082000,4.81,4.81,4.81,4.81,300,0
1354.HK,5,20250929,083000,4.80,4.81,4.73,4.73,14100,0
1354.HK,5,20250929,090000,4.80,4.80,4.80,4.80,600,0
1354.HK,5,20250929,095000,4.80,4.80,4.80,4.80,2700,0
1354.HK,5,20250930,042000,4.80,4.80,4.80,4.80,300,0
1354.HK,5,20250930,054000,4.80,4.80,4.80,4.80,1500,0
1354.HK,5,20250930,070000,4.80,4.80,4.80,4.80,1200,0
1354.HK,5,20250930,081500,4.81,4.81,4.81,4.81,5400,0
1354.HK,5,20250930,082000,4.81,4.81,4.81,4.81,600,0
1354.HK,5,20250930,084000,4.81,4.84,4.81,4.84,600,0
1354.HK,5,20251002,082500,4.84,4.84,4.84,4.84,2100,0
1354.HK,5,20251003,054500,5.10,5.10,5.10,5.10,3300,0
1354.HK,5,20251003,080000,5.09,5.09,5.09,5.09,600,0
1354.HK,5,20251006,083000,4.99,4.99,4.99,4.99,7800,0
1354.HK,5,20251006,094000,5.00,5.00,5.00,5.00,300,0
1354.HK,5,20251008,034000,4.80,4.80,4.65,4.65,900,0
1354.HK,5,20251008,034500,4.66,4.67,4.40,4.41,7500,0
1354.HK,5,20251008,035000,4.41,4.44,4.41,4.44,1500,0
1354.HK,5,20251008,035500,4.66,4.66,4.66,4.66,300,0
1354.HK,5,20251008,040500,4.50,4.50,4.49,4.49,2700,0
1354.HK,5,20251008,042500,4.59,4.59,4.59,4.59,300,0
1354.HK,5,20251008,043000,4.56,4.56,4.56,4.56,2700,0
1354.HK,5,20251008,050000,4.60,4.60,4.60,4.60,1500,0
1354.HK,5,20251008,052500,4.61,4.61,4.61,4.61,300,0
1354.HK,5,20251008,055500,4.64,4.64,4.64,4.64,1200,0
1354.HK,5,20251008,070000,4.64,4.64,4.64,4.64,300,0
1354.HK,5,20251008,070500,4.65,4.66,4.65,4.66,2700,0
1354.HK,5,20251008,084500,4.61,4.61,4.61,4.61,900,0
1354.HK,5,20251008,093500,4.65,4.66,4.65,4.66,16500,0
1354.HK,5,20251009,033000,4.78,4.78,4.78,4.78,2100,0
1354.HK,5,20251009,035000,4.39,4.39,4.38,4.38,3000,0
1354.HK,5,20251009,083500,4.68,4.68,4.68,4.68,2700,0
1354.HK,5,20251009,084000,4.68,4.68,4.68,4.68,900,0
1354.HK,5,20251009,094000,4.68,4.68,4.68,4.68,600,0
1354.HK,5,20251010,041000,4.69,4.70,4.69,4.69,3300,0
1354.HK,5,20251010,042500,4.72,4.72,4.72,4.72,900,0
1354.HK,5,20251010,043000,4.73,4.73,4.72,4.72,1500,0
1354.HK,5,20251010,045000,4.75,4.75,4.75,4.75,600,0
1354.HK,5,20251010,051000,4.80,4.80,4.80,4.80,600,0
1354.HK,5,20251010,054500,4.80,4.80,4.80,4.80,600,0
1354.HK,5,20251010,081000,4.81,4.81,4.81,4.81,2100,0
1354.HK,5,20251014,040000,4.70,4.70,4.70,4.70,300,0
1354.HK,5,20251014,085000,4.70,4.70,4.70,4.70,10200,0
1354.HK,5,20251015,034000,4.69,5.00,4.69,5.00,15900,0
1354.HK,5,20251015,034500,5.00,5.00,5.00,5.00,2400,0
1354.HK,5,20251015,035000,5.20,5.20,5.20,5.20,300,0
1354.HK,5,20251015,035500,5.29,5.29,5.29,5.29,300,0
1354.HK,5,20251015,044000,5.00,5.00,5.00,5.00,9300,0
1354.HK,5,20251015,090000,4.99,5.00,4.99,5.00,7800,0
1354.HK,5,20251015,090500,5.00,5.00,5.00,5.00,600,0
1354.HK,5,20251015,091500,5.08,5.08,5.08,5.08,300,0
1354.HK,5,20251017,052000,4.90,4.90,4.90,4.90,300,0
1354.HK,5,20251017,053500,4.83,4.83,4.83,4.83,300,0
1354.HK,5,20251017,072500,4.84,4.84,4.84,4.84,300,0
1354.HK,5,20251017,080500,4.82,4.82,4.82,4.82,4800,0
1354.HK,5,20251017,083500,4.70,4.70,4.60,4.60,6900,0
1354.HK,5,20251017,084000,4.55,4.55,4.51,4.52,3900,0
1354.HK,5,20251017,084500,4.51,4.53,4.41,4.46,20100,0
1354.HK,5,20251017,085500,4.37,4.38,4.36,4.36,1200,0
1354.HK,5,20251017,091000,4.47,4.47,4.47,4.47,600,0
1354.HK,5,20251017,092000,4.49,4.50,4.49,4.50,9900,0
1354.HK,5,20251017,092500,4.49,4.49,4.49,4.49,600,0
1354.HK,5,20251017,095500,4.50,4.51,4.50,4.51,900,0
1354.HK,5,20251020,033000,4.50,4.50,4.50,4.50,600,0
1354.HK,5,20251020,033500,4.50,4.50,4.50,4.50,2400,0
1354.HK,5,20251020,035000,4.36,4.36,4.36,4.36,300,0
1354.HK,5,20251020,035500,4.36,4.36,4.20,4.20,4200,0
1354.HK,5,20251020,040000,4.31,4.31,4.22,4.22,5400,0
1354.HK,5,20251020,040500,4.28,4.28,4.21,4.21,10500,0
1354.HK,5,20251020,041000,4.20,4.20,4.20,4.20,8100,0
1354.HK,5,20251020,041500,4.11,4.11,4.10,4.10,21300,0
1354.HK,5,20251020,042000,4.11,4.13,4.00,4.00,37500,0
1354.HK,5,20251020,042500,4.01,4.03,4.00,4.00,27600,0
1354.HK,5,20251020,043500,4.20,4.20,4.20,4.20,300,0
1354.HK,5,20251020,051000,4.20,4.20,4.20,4.20,300,0
1354.HK,5,20251020,070500,4.18,4.19,4.18,4.19,8100,0
1354.HK,5,20251020,071000,4.18,4.18,4.18,4.18,2700,0
1354.HK,5,20251020,090000,4.17,4.17,4.17,4.17,2700,0
1354.HK,5,20251020,090500,4.18,4.26,4.18,4.26,7200,0
1354.HK,5,20251020,091500,4.20,4.20,4.15,4.15,8700,0
1354.HK,5,20251020,095500,4.21,4.21,4.21,4.21,600,0
1354.HK,5,20251022,034500,4.19,4.19,4.19,4.19,1200,0
1354.HK,5,20251022,035000,4.19,4.19,4.19,4.19,600,0
1354.HK,5,20251022,035500,4.19,4.19,4.19,4.19,3000,0
1354.HK,5,20251022,041500,4.19,4.19,4.19,4.19,900,0
1354.HK,5,20251022,043500,4.19,4.19,4.19,4.19,1800,0
1354.HK,5,20251022,045000,4.19,4.19,4.19,4.19,4200,0
1354.HK,5,20251022,091500,4.19,4.19,4.19,4.19,2100,0
1354.HK,5,20251022,095500,4.19,4.19,4.19,4.19,600,0
1354.HK,5,20251023,081500,4.40,4.49,4.40,4.49,1200,0
1354.HK,5,20251023,082000,4.50,4.50,4.49,4.49,7800,0
1354.HK,5,20251027,024000,4.70,4.70,4.60,4.60,300,0
1354.HK,5,20251031,032000,4.70,4.70,4.68,4.68,3600,0
1354.HK,5,20251031,032500,4.68,4.68,4.68,4.68,1500,0
1354.HK,5,20251103,065500,4.30,4.30,4.30,4.30,600,0
1354.HK,5,20251104,024000,4.58,4.58,4.46,4.46,300,0
1354.HK,5,20251110,024000,4.15,4.15,4.15,4.15,300,0
1354.HK,5,20251110,040500,4.09,4.09,4.09,4.09,300,0
1354.HK,5,20251110,041500,4.15,4.15,4.15,4.15,1200,0
1354.HK,5,20251110,042500,4.15,4.15,4.15,4.15,4500,0
1354.HK,5,20251110,060000,4.15,4.15,4.15,4.15,300,0
1354.HK,5,20251110,065000,4.15,4.15,4.15,4.15,6900,0
1354.HK,5,20251110,072000,4.15,4.15,4.15,4.15,2100,0
1354.HK,5,20251110,074000,4.15,4.15,4.09,4.09,9000,0
1354.HK,5,20251110,075000,4.09,4.09,4.09,4.09,1500,0
1354.HK,5,20251110,081500,4.01,4.10,4.00,4.10,1800,0
1354.HK,5,20251111,065000,4.00,4.00,3.80,3.90,8100,0
1354.HK,5,20251112,064500,3.91,3.91,3.90,3.91,7800,0
1354.HK,5,20251114,023000,3.80,3.91,3.80,3.91,300,0
1354.HK,5,20251117,030500,3.82,3.82,3.82,3.82,1800,0
1354.HK,5,20251117,060000,3.84,3.84,3.82,3.82,30600,0
1354.HK,5,20251117,060500,3.82,3.82,3.82,3.82,300,0
1354.HK,5,20251117,061000,3.82,3.82,3.82,3.82,300,0
1354.HK,5,20251117,061500,3.82,3.82,3.82,3.82,300,0
1354.HK,5,20251117,062000,3.82,3.82,3.82,3.82,600,0
1354.HK,5,20251117,062500,3.83,3.83,3.81,3.81,15900,0
1354.HK,5,20251117,063000,3.81,3.82,3.81,3.81,7800,0
1354.HK,5,20251117,063500,3.80,3.80,3.80,3.80,300,0
1354.HK,5,20251117,064000,3.81,3.81,3.81,3.81,2400,0
1354.HK,5,20251117,064500,3.82,3.82,3.82,3.82,4200,0
1354.HK,5,20251117,065500,3.81,3.81,3.81,3.81,300,0
1354.HK,5,20251117,070000,3.81,3.81,3.81,3.81,300,0
1354.HK,5,20251117,070500,3.81,3.81,3.81,3.81,300,0
1354.HK,5,20251117,071000,3.81,3.81,3.81,3.81,600,0
1354.HK,5,20251117,071500,3.81,3.81,3.81,3.81,300,0
1354.HK,5,20251117,072500,3.81,3.81,3.81,3.81,600,0
1354.HK,5,20251117,073000,3.81,3.81,3.81,3.81,300,0
1354.HK,5,20251117,073500,3.81,3.81,3.81,3.81,300,0
1354.HK,5,20251117,074000,3.82,3.82,3.81,3.81,2100,0
1354.HK,5,20251117,074500,3.81,3.81,3.81,3.81,600,0
1354.HK,5,20251117,075000,3.82,3.82,3.82,3.82,2700,0
1354.HK,5,20251117,081000,3.82,3.82,3.82,3.82,300,0
1354.HK,5,20251117,082000,3.81,3.81,3.81,3.81,300,0
1354.HK,5,20251117,082500,3.81,3.81,3.81,3.81,300,0
1354.HK,5,20251117,083500,3.81,3.81,3.81,3.81,300,0
1354.HK,5,20251117,084000,3.81,3.81,3.81,3.81,300,0
1354.HK,5,20251117,085000,3.81,3.81,3.81,3.81,16500,0
1354.HK,5,20251117,085500,3.80,3.90,3.71,3.90,1200,0
1354.HK,5,20251118,062500,3.90,3.90,3.90,3.90,1200,0
1354.HK,5,20251119,060000,3.79,3.79,3.79,3.79,600,0
1354.HK,5,20251119,065000,3.79,3.80,3.79,3.80,3000,0
1354.HK,5,20251119,072000,3.81,3.81,3.81,3.81,5100,0
1354.HK,5,20251119,072500,3.81,3.81,3.80,3.80,6000,0
1354.HK,5,20251119,075000,3.80,3.80,3.80,3.80,42600,0
1354.HK,5,20251119,080500,3.80,3.80,3.80,3.80,18300,0
1354.HK,5,20251119,081500,3.99,3.99,3.99,3.99,300,0
1354.HK,5,20251119,085000,3.96,3.96,3.96,3.96,12000,0
1354.HK,5,20251120,025000,3.79,3.79,3.79,3.79,300,0
1354.HK,5,20251120,061500,3.79,3.79,3.79,3.79,1800,0
1354.HK,5,20251120,081000,3.80,3.96,3.80,3.96,900,0
1354.HK,5,20251125,031500,3.89,3.89,3.89,3.89,2100,0
1354.HK,5,20251125,060000,3.89,3.89,3.78,3.78,11400,0
1354.HK,5,20251125,060500,3.78,3.78,3.78,3.78,2100,0
1354.HK,5,20251125,082000,3.77,3.77,3.77,3.77,6000,0
1354.HK,5,20251126,045500,3.65,3.65,3.65,3.65,300,0
1354.HK,5,20251126,064000,3.70,3.70,3.65,3.65,15300,0
1354.HK,5,20251127,044500,3.80,3.80,3.80,3.80,300,0
1354.HK,5,20251127,071000,3.78,3.82,3.78,3.82,6300,0
1354.HK,5,20251127,071500,3.83,3.84,3.83,3.84,900,0
1354.HK,5,20251127,072500,3.85,3.85,3.85,3.85,1200,0
1354.HK,5,20251127,082000,4.00,4.00,3.98,3.98,300,0
1354.HK,5,20251128,065500,3.97,3.97,3.97,3.97,600,0
1354.HK,5,20251128,070000,3.98,3.98,3.98,3.98,2400,0
1354.HK,5,20251128,070500,3.97,3.97,3.97,3.97,2100,0
1354.HK,5,20251128,071000,4.09,4.09,4.09,4.09,300,0
1354.HK,5,20251128,072000,4.09,4.09,4.09,4.09,600,0
1354.HK,5,20251128,082500,3.97,3.97,3.97,3.97,300,0
1354.HK,5,20251201,035500,3.97,3.97,3.97,3.97,1200,0
1354.HK,5,20251202,033000,3.98,3.98,3.98,3.98,2100,0
1354.HK,5,20251202,043500,4.00,4.00,4.00,4.00,600,0
1354.HK,5,20251203,031500,4.09,4.09,4.09,4.09,300,0
1354.HK,5,20251204,023500,3.98,3.98,3.98,3.98,2400,0
1354.HK,5,20251204,030500,3.98,3.98,3.98,3.98,2700,0
1354.HK,5,20251204,032500,3.98,3.98,3.98,3.98,1200,0
1354.HK,5,20251204,060000,3.80,3.80,3.80,3.80,600,0
1354.HK,5,20251204,073000,3.78,3.78,3.78,3.78,1500,0
1354.HK,5,20251204,073500,3.78,3.78,3.78,3.78,3300,0
