<TICKER>,<PER>,<DATE>,<TIME>,<OPEN>,<HIGH>,<LOW>,<CLOSE>,<VOL>,<OPENINT>
1416.HK,5,20250709,044500,0.078,0.078,0.078,0.078,90000,0
1416.HK,5,20250709,095500,0.081,0.081,0.081,0.081,10000,0
1416.HK,5,20250710,045500,0.083,0.083,0.083,0.083,100000,0
1416.HK,5,20250710,094000,0.082,0.082,0.082,0.082,10000,0
1416.HK,5,20250710,095500,0.08,0.08,0.079,0.08,210000,0
1416.HK,5,20250714,035000,0.082,0.082,0.082,0.082,200000,0
1416.HK,5,20250714,040500,0.082,0.082,0.082,0.082,30000,0
1416.HK,5,20250714,052500,0.083,0.083,0.082,0.082,30000,0
1416.HK,5,20250714,092500,0.085,0.086,0.085,0.086,500000,0
1416.HK,5,20250714,094500,0.082,0.082,0.082,0.082,20000,0
1416.HK,5,20250715,035000,0.083,0.083,0.083,0.083,100000,0
1416.HK,5,20250716,042500,0.084,0.084,0.084,0.084,100000,0
1416.HK,5,20250716,043000,0.084,0.084,0.084,0.084,20000,0
1416.HK,5,20250716,045500,0.084,0.084,0.084,0.084,110000,0
1416.HK,5,20250717,040500,0.084,0.084,0.084,0.084,10000,0
1416.HK,5,20250717,054500,0.084,0.084,0.084,0.084,90000,0
1416.HK,5,20250718,034500,0.083,0.083,0.083,0.083,490000,0
1416.HK,5,20250718,035000,0.084,0.084,0.084,0.084,100000,0
1416.HK,5,20250718,053000,0.083,0.083,0.083,0.083,200000,0
1416.HK,5,20250718,054000,0.083,0.083,0.083,0.083,10000,0
1416.HK,5,20250718,090000,0.083,0.083,0.083,0.083,70000,0
1416.HK,5,20250721,034500,0.083,0.083,0.083,0.083,50000,0
1416.HK,5,20250722,075000,0.083,0.083,0.083,0.083,170000,0
1416.HK,5,20250723,034500,0.083,0.083,0.083,0.083,40000,0
1416.HK,5,20250724,051500,0.084,0.085,0.084,0.085,330000,0
1416.HK,5,20250725,033500,0.085,0.085,0.085,0.085,40000,0
1416.HK,5,20250729,044500,0.085,0.085,0.085,0.085,100000,0
1416.HK,5,20250729,074000,0.084,0.085,0.084,0.085,380000,0
1416.HK,5,20250729,092500,0.085,0.085,0.085,0.085,100000,0
1416.HK,5,20250731,053500,0.08,0.084,0.08,0.084,290000,0
1416.HK,5,20250801,094500,0.082,0.084,0.082,0.084,1000000,0
1416.HK,5,20250804,033000,0.085,0.085,0.085,0.085,10000,0
1416.HK,5,20250804,034500,0.085,0.088,0.085,0.088,370000,0
1416.HK,5,20250804,035000,0.085,0.085,0.083,0.083,540000,0
1416.HK,5,20250804,095500,0.087,0.087,0.087,0.087,10000,0
1416.HK,5,20250805,033000,0.085,0.085,0.085,0.085,170000,0
1416.HK,5,20250805,041000,0.085,0.085,0.085,0.085,10000,0
1416.HK,5,20250805,050000,0.085,0.085,0.085,0.085,30000,0
1416.HK,5,20250805,093500,0.083,0.084,0.083,0.084,60000,0
1416.HK,5,20250808,043000,0.084,0.084,0.084,0.084,100000,0
1416.HK,5,20250808,052000,0.084,0.084,0.084,0.084,10000,0
1416.HK,5,20250808,052500,0.084,0.084,0.084,0.084,20000,0
1416.HK,5,20250815,033000,0.11,0.112,0.11,0.112,190000,0
1416.HK,5,20250815,033500,0.112,0.115,0.112,0.115,30000,0
1416.HK,5,20250815,034000,0.112,0.112,0.112,0.112,110000,0
1416.HK,5,20250815,035000,0.11,0.11,0.11,0.11,10000,0
1416.HK,5,20250815,041000,0.104,0.109,0.104,0.109,50000,0
1416.HK,5,20250815,043500,0.11,0.11,0.11,0.11,10000,0
1416.HK,5,20250815,044500,0.109,0.109,0.109,0.109,90000,0
1416.HK,5,20250815,081000,0.103,0.103,0.103,0.103,20000,0
1416.HK,5,20250815,081500,0.102,0.104,0.102,0.104,150000,0
1416.HK,5,20250815,084500,0.102,0.102,0.10,0.10,150000,0
1416.HK,5,20250815,085000,0.10,0.10,0.10,0.10,120000,0
1416.HK,5,20250815,090500,0.101,0.101,0.101,0.101,10000,0
1416.HK,5,20250815,093500,0.101,0.101,0.101,0.101,30000,0
1416.HK,5,20250815,095500,0.104,0.104,0.104,0.104,10000,0
1416.HK,5,20250820,040500,0.099,0.099,0.099,0.099,100000,0
1416.HK,5,20250820,095500,0.101,0.101,0.101,0.101,10000,0
1416.HK,5,20250821,041500,0.103,0.103,0.103,0.103,20000,0
1416.HK,5,20250821,044500,0.103,0.103,0.103,0.103,120000,0
1416.HK,5,20250821,045500,0.103,0.103,0.103,0.103,110000,0
1416.HK,5,20250821,055500,0.103,0.103,0.103,0.103,10000,0
1416.HK,5,20250821,071000,0.106,0.106,0.106,0.106,10000,0
1416.HK,5,20250821,071500,0.108,0.108,0.108,0.108,10000,0
1416.HK,5,20250821,084000,0.104,0.108,0.104,0.108,430000,0
1416.HK,5,20250821,084500,0.11,0.11,0.11,0.11,390000,0
1416.HK,5,20250821,085000,0.107,0.107,0.107,0.107,100000,0
1416.HK,5,20250821,090500,0.107,0.107,0.107,0.107,100000,0
1416.HK,5,20250821,091000,0.107,0.11,0.107,0.109,260000,0
1416.HK,5,20250821,093000,0.11,0.111,0.11,0.11,130000,0
1416.HK,5,20250821,093500,0.11,0.11,0.11,0.11,180000,0
1416.HK,5,20250821,094500,0.108,0.108,0.108,0.108,20000,0
1416.HK,5,20250821,095000,0.108,0.108,0.108,0.108,140000,0
1416.HK,5,20250821,095500,0.108,0.112,0.108,0.112,380000,0
1416.HK,5,20250822,033000,0.11,0.122,0.11,0.121,290000,0
1416.HK,5,20250822,040500,0.12,0.12,0.12,0.12,100000,0
1416.HK,5,20250822,041000,0.12,0.123,0.12,0.122,260000,0
1416.HK,5,20250822,041500,0.122,0.122,0.122,0.122,10000,0
1416.HK,5,20250822,042000,0.123,0.123,0.122,0.122,60000,0
1416.HK,5,20250822,042500,0.123,0.129,0.123,0.129,1110000,0
1416.HK,5,20250822,043000,0.128,0.128,0.128,0.128,190000,0
1416.HK,5,20250822,043500,0.129,0.129,0.128,0.129,530000,0
1416.HK,5,20250822,044000,0.132,0.134,0.13,0.131,460000,0
1416.HK,5,20250822,045000,0.127,0.127,0.127,0.127,20000,0
1416.HK,5,20250822,045500,0.127,0.127,0.127,0.127,50000,0
1416.HK,5,20250822,051000,0.127,0.127,0.127,0.127,50000,0
1416.HK,5,20250822,055000,0.124,0.126,0.123,0.126,90000,0
1416.HK,5,20250822,070500,0.122,0.122,0.122,0.122,40000,0
1416.HK,5,20250822,071500,0.12,0.12,0.119,0.119,140000,0
1416.HK,5,20250822,072000,0.117,0.117,0.117,0.117,10000,0
1416.HK,5,20250822,073500,0.119,0.119,0.119,0.119,30000,0
1416.HK,5,20250822,075000,0.117,0.117,0.117,0.117,10000,0
1416.HK,5,20250822,083000,0.12,0.12,0.12,0.12,10000,0
1416.HK,5,20250822,085000,0.121,0.124,0.121,0.124,100000,0
1416.HK,5,20250822,092500,0.12,0.12,0.12,0.12,10000,0
1416.HK,5,20250822,093000,0.124,0.124,0.124,0.124,10000,0
1416.HK,5,20250822,095500,0.12,0.12,0.12,0.12,100000,0
1416.HK,5,20250825,033000,0.12,0.12,0.12,0.12,20000,0
1416.HK,5,20250825,033500,0.12,0.12,0.12,0.12,20000,0
1416.HK,5,20250825,034500,0.114,0.114,0.114,0.114,50000,0
1416.HK,5,20250825,040000,0.119,0.131,0.119,0.131,110000,0
1416.HK,5,20250825,043500,0.12,0.12,0.12,0.12,10000,0
1416.HK,5,20250825,044500,0.126,0.126,0.126,0.126,10000,0
1416.HK,5,20250825,052000,0.121,0.121,0.121,0.121,100000,0
1416.HK,5,20250825,053500,0.12,0.12,0.12,0.12,10000,0
1416.HK,5,20250825,082000,0.117,0.117,0.117,0.117,10000,0
1416.HK,5,20250825,082500,0.114,0.114,0.114,0.114,10000,0
1416.HK,5,20250825,085000,0.119,0.119,0.119,0.119,10000,0
1416.HK,5,20250825,085500,0.114,0.114,0.114,0.114,500000,0
1416.HK,5,20250825,094500,0.119,0.119,0.119,0.119,10000,0
1416.HK,5,20250826,033500,0.118,0.118,0.118,0.118,10000,0
1416.HK,5,20250826,083000,0.122,0.122,0.122,0.122,20000,0
1416.HK,5,20250826,085000,0.121,0.125,0.121,0.122,80000,0
1416.HK,5,20250826,090500,0.121,0.121,0.121,0.121,10000,0
1416.HK,5,20250827,050500,0.118,0.118,0.118,0.118,80000,0
1416.HK,5,20250827,051500,0.118,0.118,0.115,0.115,100000,0
1416.HK,5,20250827,055500,0.115,0.115,0.115,0.115,60000,0
1416.HK,5,20250827,084000,0.115,0.115,0.115,0.115,40000,0
1416.HK,5,20250827,084500,0.115,0.115,0.115,0.115,40000,0
1416.HK,5,20250827,085000,0.114,0.114,0.11,0.11,1380000,0
1416.HK,5,20250827,092500,0.111,0.111,0.11,0.11,90000,0
1416.HK,5,20250827,093500,0.11,0.11,0.11,0.11,160000,0
1416.HK,5,20250827,095500,0.115,0.115,0.109,0.109,60000,0
1416.HK,5,20250828,045500,0.109,0.109,0.109,0.109,200000,0
1416.HK,5,20250828,071000,0.109,0.109,0.109,0.109,90000,0
1416.HK,5,20250829,033500,0.114,0.114,0.114,0.114,10000,0
1416.HK,5,20250829,042000,0.119,0.125,0.119,0.125,160000,0
1416.HK,5,20250829,043500,0.125,0.125,0.125,0.125,10000,0
1416.HK,5,20250829,044000,0.125,0.125,0.121,0.121,200000,0
1416.HK,5,20250901,033000,0.124,0.13,0.124,0.13,750000,0
1416.HK,5,20250901,033500,0.13,0.13,0.13,0.13,10000,0
1416.HK,5,20250901,035000,0.13,0.13,0.13,0.13,160000,0
1416.HK,5,20250901,035500,0.126,0.13,0.12,0.13,150000,0
1416.HK,5,20250901,040000,0.13,0.13,0.13,0.13,30000,0
1416.HK,5,20250901,043500,0.132,0.132,0.132,0.132,70000,0
1416.HK,5,20250901,044000,0.125,0.125,0.122,0.122,550000,0
1416.HK,5,20250901,045000,0.122,0.122,0.122,0.122,130000,0
1416.HK,5,20250901,045500,0.122,0.122,0.122,0.122,10000,0
1416.HK,5,20250901,053000,0.13,0.13,0.13,0.13,10000,0
1416.HK,5,20250901,055500,0.122,0.122,0.122,0.122,160000,0
1416.HK,5,20250901,070500,0.122,0.122,0.121,0.121,190000,0
1416.HK,5,20250901,071000,0.12,0.12,0.12,0.12,70000,0
1416.HK,5,20250901,072500,0.12,0.12,0.119,0.119,110000,0
1416.HK,5,20250901,073500,0.122,0.122,0.122,0.122,10000,0
1416.HK,5,20250901,074000,0.122,0.122,0.122,0.122,70000,0
1416.HK,5,20250901,093500,0.122,0.122,0.122,0.122,100000,0
1416.HK,5,20250901,095000,0.123,0.123,0.123,0.123,10000,0
1416.HK,5,20250902,033500,0.126,0.126,0.126,0.126,10000,0
1416.HK,5,20250902,042000,0.122,0.122,0.121,0.121,130000,0
1416.HK,5,20250902,043000,0.121,0.121,0.121,0.121,70000,0
1416.HK,5,20250902,045000,0.121,0.121,0.121,0.121,530000,0
1416.HK,5,20250902,075000,0.127,0.129,0.127,0.129,50000,0
1416.HK,5,20250902,080500,0.13,0.13,0.125,0.125,100000,0
1416.HK,5,20250902,083500,0.122,0.122,0.122,0.122,10000,0
1416.HK,5,20250902,095500,0.13,0.13,0.129,0.129,10000,0
1416.HK,5,20250903,040500,0.133,0.133,0.133,0.133,10000,0
1416.HK,5,20250903,045500,0.131,0.131,0.131,0.131,10000,0
1416.HK,5,20250903,051000,0.131,0.131,0.131,0.131,200000,0
1416.HK,5,20250903,053500,0.131,0.131,0.131,0.131,250000,0
1416.HK,5,20250903,054500,0.131,0.131,0.131,0.131,10000,0
1416.HK,5,20250903,055500,0.133,0.133,0.131,0.131,50000,0
1416.HK,5,20250903,075500,0.132,0.132,0.132,0.132,10000,0
1416.HK,5,20250904,033500,0.136,0.136,0.136,0.136,10000,0
1416.HK,5,20250904,071000,0.129,0.129,0.126,0.126,120000,0
1416.HK,5,20250904,071500,0.126,0.126,0.126,0.126,80000,0
1416.HK,5,20250904,075000,0.129,0.131,0.129,0.131,50000,0
1416.HK,5,20250904,075500,0.127,0.127,0.127,0.127,50000,0
1416.HK,5,20250904,080500,0.126,0.126,0.126,0.126,250000,0
1416.HK,5,20250904,081500,0.125,0.125,0.125,0.125,330000,0
1416.HK,5,20250904,082000,0.124,0.124,0.124,0.124,20000,0
1416.HK,5,20250904,093500,0.123,0.123,0.123,0.123,170000,0
1416.HK,5,20250904,094500,0.129,0.129,0.128,0.128,10000,0
1416.HK,5,20250905,045000,0.126,0.127,0.126,0.127,80000,0
1416.HK,5,20250905,094000,0.126,0.126,0.126,0.126,10000,0
1416.HK,5,20250908,034500,0.126,0.126,0.126,0.126,200000,0
1416.HK,5,20250908,042500,0.132,0.132,0.132,0.132,40000,0
1416.HK,5,20250908,051500,0.123,0.123,0.123,0.123,790000,0
1416.HK,5,20250908,085500,0.127,0.129,0.127,0.129,40000,0
1416.HK,5,20250910,045500,0.127,0.127,0.127,0.127,210000,0
1416.HK,5,20250910,070500,0.127,0.127,0.127,0.127,10000,0
1416.HK,5,20250910,071000,0.127,0.127,0.126,0.126,440000,0
1416.HK,5,20250910,084500,0.126,0.126,0.126,0.126,10000,0
1416.HK,5,20250912,094500,0.124,0.124,0.124,0.124,10000,0
1416.HK,5,20250915,041000,0.129,0.129,0.129,0.129,10000,0
1416.HK,5,20250915,043500,0.129,0.129,0.125,0.125,60000,0
1416.HK,5,20250916,033000,0.126,0.133,0.126,0.133,160000,0
1416.HK,5,20250916,034000,0.132,0.132,0.132,0.132,20000,0
1416.HK,5,20250916,041500,0.127,0.127,0.127,0.127,70000,0
1416.HK,5,20250916,044000,0.128,0.128,0.128,0.128,100000,0
1416.HK,5,20250916,074500,0.127,0.127,0.127,0.127,130000,0
1416.HK,5,20250916,092500,0.129,0.129,0.129,0.129,10000,0
1416.HK,5,20250917,033000,0.126,0.127,0.126,0.127,60000,0
1416.HK,5,20250917,033500,0.133,0.142,0.133,0.14,1350000,0
1416.HK,5,20250917,034000,0.14,0.141,0.14,0.141,70000,0
1416.HK,5,20250917,034500,0.141,0.141,0.141,0.141,40000,0
1416.HK,5,20250917,040000,0.13,0.13,0.13,0.13,20000,0
1416.HK,5,20250917,041500,0.132,0.132,0.132,0.132,90000,0
1416.HK,5,20250917,042000,0.132,0.132,0.132,0.132,60000,0
1416.HK,5,20250917,043000,0.13,0.13,0.13,0.13,250000,0
1416.HK,5,20250917,051000,0.13,0.13,0.13,0.13,70000,0
1416.HK,5,20250917,052500,0.135,0.135,0.135,0.135,10000,0
1416.HK,5,20250917,080000,0.134,0.134,0.134,0.134,300000,0
1416.HK,5,20250917,080500,0.135,0.135,0.135,0.135,180000,0
1416.HK,5,20250917,085000,0.14,0.141,0.14,0.141,310000,0
1416.HK,5,20250917,085500,0.145,0.146,0.145,0.145,50000,0
1416.HK,5,20250917,090000,0.145,0.148,0.145,0.147,90000,0
1416.HK,5,20250917,092500,0.147,0.147,0.147,0.147,20000,0
1416.HK,5,20250917,093500,0.147,0.147,0.147,0.147,10000,0
1416.HK,5,20250917,095000,0.148,0.148,0.148,0.148,60000,0
1416.HK,5,20250917,095500,0.148,0.148,0.148,0.148,50000,0
1416.HK,5,20250918,035000,0.158,0.158,0.158,0.158,10000,0
1416.HK,5,20250918,040000,0.157,0.157,0.157,0.157,60000,0
1416.HK,5,20250918,040500,0.158,0.159,0.158,0.159,100000,0
1416.HK,5,20250918,041000,0.159,0.159,0.158,0.158,20000,0
1416.HK,5,20250918,041500,0.158,0.16,0.158,0.16,230000,0
1416.HK,5,20250918,042500,0.158,0.158,0.158,0.158,20000,0
1416.HK,5,20250918,043500,0.16,0.16,0.16,0.16,200000,0
1416.HK,5,20250918,044500,0.161,0.161,0.161,0.161,10000,0
1416.HK,5,20250918,045000,0.161,0.161,0.16,0.16,20000,0
1416.HK,5,20250918,045500,0.161,0.161,0.161,0.161,10000,0
1416.HK,5,20250918,050000,0.161,0.161,0.16,0.16,30000,0
1416.HK,5,20250918,050500,0.16,0.162,0.158,0.158,260000,0
1416.HK,5,20250918,051000,0.155,0.155,0.153,0.153,100000,0
1416.HK,5,20250918,052000,0.151,0.151,0.151,0.151,100000,0
1416.HK,5,20250918,053000,0.151,0.151,0.151,0.151,40000,0
1416.HK,5,20250918,055000,0.158,0.158,0.158,0.158,10000,0
1416.HK,5,20250918,071000,0.149,0.149,0.149,0.149,100000,0
1416.HK,5,20250918,072000,0.151,0.152,0.151,0.151,150000,0
1416.HK,5,20250918,090500,0.152,0.152,0.151,0.151,60000,0
1416.HK,5,20250918,092500,0.147,0.147,0.147,0.147,200000,0
1416.HK,5,20250918,094500,0.154,0.154,0.152,0.152,10000,0
1416.HK,5,20250919,033500,0.157,0.157,0.157,0.157,20000,0
1416.HK,5,20250919,034000,0.156,0.164,0.156,0.164,30000,0
1416.HK,5,20250919,034500,0.161,0.161,0.161,0.161,110000,0
1416.HK,5,20250919,035000,0.159,0.16,0.159,0.16,30000,0
1416.HK,5,20250919,040500,0.165,0.165,0.155,0.155,260000,0
1416.HK,5,20250919,043000,0.155,0.155,0.155,0.155,10000,0
1416.HK,5,20250919,044000,0.16,0.16,0.16,0.16,10000,0
1416.HK,5,20250919,045500,0.156,0.157,0.155,0.157,540000,0
1416.HK,5,20250919,050500,0.155,0.155,0.155,0.155,100000,0
1416.HK,5,20250919,070500,0.155,0.155,0.155,0.155,140000,0
1416.HK,5,20250919,074500,0.158,0.158,0.158,0.158,1000000,0
1416.HK,5,20250919,080000,0.156,0.156,0.156,0.156,20000,0
1416.HK,5,20250919,081500,0.156,0.156,0.156,0.156,30000,0
1416.HK,5,20250919,082000,0.154,0.154,0.154,0.154,210000,0
1416.HK,5,20250919,082500,0.154,0.154,0.154,0.154,20000,0
1416.HK,5,20250919,083000,0.153,0.153,0.153,0.153,10000,0
1416.HK,5,20250919,095500,0.159,0.159,0.158,0.158,10000,0
1416.HK,5,20250922,070000,0.155,0.155,0.155,0.155,200000,0
1416.HK,5,20250922,074500,0.153,0.154,0.153,0.154,40000,0
1416.HK,5,20250922,080500,0.153,0.153,0.153,0.153,10000,0
1416.HK,5,20250922,085000,0.152,0.152,0.151,0.151,160000,0
1416.HK,5,20250922,092500,0.152,0.152,0.152,0.152,20000,0
1416.HK,5,20250922,095000,0.159,0.159,0.159,0.159,10000,0
1416.HK,5,20250922,095500,0.159,0.159,0.159,0.159,10000,0
1416.HK,5,20250923,034500,0.159,0.159,0.159,0.159,10000,0
1416.HK,5,20250923,083000,0.157,0.157,0.157,0.157,10000,0
1416.HK,5,20250923,090000,0.157,0.157,0.157,0.157,10000,0
1416.HK,5,20250923,091000,0.155,0.155,0.155,0.155,20000,0
1416.HK,5,20250923,093500,0.158,0.166,0.158,0.165,190000,0
1416.HK,5,20250924,045500,0.167,0.167,0.167,0.167,10000,0
1416.HK,5,20250924,052500,0.165,0.165,0.165,0.165,200000,0
1416.HK,5,20250924,055000,0.167,0.167,0.167,0.167,190000,0
1416.HK,5,20250924,070000,0.167,0.167,0.167,0.167,40000,0
1416.HK,5,20250924,074500,0.166,0.166,0.166,0.166,10000,0
1416.HK,5,20250924,075000,0.163,0.163,0.163,0.163,20000,0
1416.HK,5,20250924,082000,0.167,0.167,0.167,0.167,100000,0
1416.HK,5,20250924,095000,0.167,0.167,0.167,0.167,10000,0
1416.HK,5,20250925,044000,0.165,0.165,0.162,0.162,1090000,0
1416.HK,5,20250925,053000,0.161,0.161,0.161,0.161,140000,0
1416.HK,5,20250925,083000,0.159,0.159,0.159,0.159,50000,0
1416.HK,5,20250925,090500,0.159,0.159,0.159,0.159,80000,0
1416.HK,5,20250925,092500,0.16,0.16,0.16,0.16,20000,0
1416.HK,5,20250925,093000,0.162,0.162,0.162,0.162,10000,0
1416.HK,5,20250925,095000,0.163,0.163,0.163,0.163,10000,0
1416.HK,5,20250926,041500,0.158,0.158,0.158,0.158,10000,0
1416.HK,5,20250926,050500,0.167,0.167,0.167,0.167,10000,0
1416.HK,5,20250926,095500,0.162,0.162,0.162,0.162,10000,0
1416.HK,5,20250929,041500,0.153,0.153,0.15,0.15,120000,0
1416.HK,5,20250929,050500,0.151,0.152,0.151,0.152,60000,0
1416.HK,5,20250929,070000,0.15,0.152,0.147,0.152,400000,0
1416.HK,5,20250929,080000,0.147,0.147,0.147,0.147,20000,0
1416.HK,5,20250929,081500,0.147,0.147,0.147,0.147,100000,0
1416.HK,5,20250929,092500,0.148,0.148,0.148,0.148,20000,0
1416.HK,5,20250929,094500,0.148,0.148,0.148,0.148,20000,0
1416.HK,5,20250930,035500,0.141,0.141,0.141,0.141,80000,0
1416.HK,5,20250930,040500,0.152,0.152,0.152,0.152,10000,0
1416.HK,5,20250930,081000,0.148,0.15,0.148,0.15,310000,0
1416.HK,5,20250930,094500,0.152,0.153,0.152,0.153,20000,0
1416.HK,5,20251002,045000,0.155,0.155,0.155,0.155,10000,0
1416.HK,5,20251002,081500,0.15,0.15,0.15,0.15,300000,0
1416.HK,5,20251003,094000,0.155,0.155,0.155,0.155,70000,0
1416.HK,5,20251003,094500,0.155,0.155,0.155,0.155,40000,0
1416.HK,5,20251006,034000,0.168,0.168,0.168,0.168,10000,0
1416.HK,5,20251006,034500,0.168,0.17,0.168,0.17,130000,0
1416.HK,5,20251006,035000,0.17,0.17,0.17,0.17,90000,0
1416.HK,5,20251006,035500,0.17,0.17,0.17,0.17,20000,0
1416.HK,5,20251006,042500,0.17,0.17,0.17,0.17,60000,0
1416.HK,5,20251006,043000,0.166,0.169,0.163,0.169,100000,0
1416.HK,5,20251006,043500,0.16,0.16,0.16,0.16,50000,0
1416.HK,5,20251006,044000,0.16,0.16,0.16,0.16,10000,0
1416.HK,5,20251006,045500,0.16,0.16,0.16,0.16,20000,0
1416.HK,5,20251006,070000,0.16,0.16,0.16,0.16,10000,0
1416.HK,5,20251006,075000,0.16,0.16,0.16,0.16,20000,0
1416.HK,5,20251006,075500,0.168,0.168,0.166,0.166,10000,0
1416.HK,5,20251008,033000,0.159,0.16,0.159,0.16,110000,0
1416.HK,5,20251008,035500,0.164,0.164,0.164,0.164,50000,0
1416.HK,5,20251008,044000,0.161,0.161,0.161,0.161,100000,0
1416.HK,5,20251008,082000,0.163,0.163,0.163,0.163,10000,0
1416.HK,5,20251008,092000,0.164,0.164,0.164,0.164,10000,0
1416.HK,5,20251008,095500,0.164,0.167,0.164,0.167,360000,0
1416.HK,5,20251009,033500,0.185,0.185,0.185,0.185,10000,0
1416.HK,5,20251009,034000,0.17,0.17,0.17,0.17,50000,0
1416.HK,5,20251009,035500,0.17,0.17,0.17,0.17,10000,0
1416.HK,5,20251009,050000,0.17,0.17,0.17,0.17,50000,0
1416.HK,5,20251009,051500,0.174,0.174,0.174,0.174,20000,0
1416.HK,5,20251009,054000,0.174,0.174,0.174,0.174,30000,0
1416.HK,5,20251009,071500,0.17,0.17,0.17,0.17,40000,0
1416.HK,5,20251009,072000,0.17,0.17,0.17,0.17,10000,0
1416.HK,5,20251009,072500,0.166,0.166,0.164,0.164,470000,0
1416.HK,5,20251009,073500,0.17,0.17,0.17,0.17,10000,0
1416.HK,5,20251009,083000,0.165,0.165,0.165,0.165,20000,0
1416.HK,5,20251009,091000,0.165,0.165,0.165,0.165,100000,0
1416.HK,5,20251009,094000,0.165,0.165,0.165,0.165,20000,0
1416.HK,5,20251009,095500,0.168,0.168,0.167,0.167,10000,0
1416.HK,5,20251010,033500,0.163,0.163,0.162,0.162,680000,0
1416.HK,5,20251010,034000,0.174,0.174,0.174,0.174,10000,0
1416.HK,5,20251010,034500,0.174,0.174,0.174,0.174,100000,0
1416.HK,5,20251010,035000,0.165,0.165,0.163,0.163,550000,0
1416.HK,5,20251010,040500,0.17,0.17,0.17,0.17,100000,0
1416.HK,5,20251010,041500,0.166,0.166,0.166,0.166,30000,0
1416.HK,5,20251010,043000,0.165,0.165,0.162,0.162,990000,0
1416.HK,5,20251010,051000,0.156,0.157,0.156,0.157,170000,0
1416.HK,5,20251010,052500,0.167,0.167,0.167,0.167,10000,0
1416.HK,5,20251010,090000,0.163,0.163,0.163,0.163,110000,0
1416.HK,5,20251010,091000,0.167,0.167,0.167,0.167,10000,0
1416.HK,5,20251010,094000,0.163,0.163,0.163,0.163,60000,0
1416.HK,5,20251010,095500,0.165,0.165,0.165,0.165,10000,0
1416.HK,5,20251013,033000,0.164,0.164,0.163,0.164,50000,0
1416.HK,5,20251013,033500,0.164,0.164,0.164,0.164,10000,0
1416.HK,5,20251013,034000,0.164,0.164,0.164,0.164,70000,0
1416.HK,5,20251013,034500,0.164,0.164,0.164,0.164,170000,0
1416.HK,5,20251013,035500,0.165,0.172,0.165,0.17,280000,0
1416.HK,5,20251013,041500,0.17,0.17,0.17,0.17,100000,0
1416.HK,5,20251013,055000,0.162,0.162,0.162,0.162,10000,0
1416.HK,5,20251013,055500,0.167,0.167,0.167,0.167,10000,0
1416.HK,5,20251013,070500,0.162,0.162,0.161,0.161,90000,0
1416.HK,5,20251013,071000,0.167,0.167,0.167,0.167,10000,0
1416.HK,5,20251013,073500,0.162,0.167,0.162,0.167,40000,0
1416.HK,5,20251013,074500,0.166,0.166,0.166,0.166,200000,0
1416.HK,5,20251013,075000,0.162,0.162,0.162,0.162,20000,0
1416.HK,5,20251013,085500,0.161,0.161,0.161,0.161,20000,0
1416.HK,5,20251014,033000,0.162,0.17,0.162,0.17,40000,0
1416.HK,5,20251014,034000,0.154,0.155,0.154,0.155,110000,0
1416.HK,5,20251014,041000,0.16,0.16,0.16,0.16,160000,0
1416.HK,5,20251014,042500,0.16,0.16,0.16,0.16,100000,0
1416.HK,5,20251014,043000,0.16,0.16,0.156,0.156,150000,0
1416.HK,5,20251014,045500,0.157,0.157,0.156,0.156,100000,0
1416.HK,5,20251014,050500,0.16,0.16,0.16,0.16,100000,0
1416.HK,5,20251014,071500,0.16,0.16,0.16,0.16,120000,0
1416.HK,5,20251014,075000,0.157,0.157,0.155,0.155,490000,0
1416.HK,5,20251014,075500,0.155,0.155,0.155,0.155,100000,0
1416.HK,5,20251014,081500,0.155,0.155,0.155,0.155,20000,0
1416.HK,5,20251014,082000,0.155,0.155,0.155,0.155,70000,0
1416.HK,5,20251014,083500,0.158,0.158,0.158,0.158,20000,0
1416.HK,5,20251014,084000,0.155,0.158,0.155,0.158,110000,0
1416.HK,5,20251014,090000,0.155,0.155,0.155,0.155,130000,0
1416.HK,5,20251014,090500,0.156,0.157,0.155,0.157,90000,0
1416.HK,5,20251014,092000,0.155,0.155,0.155,0.155,40000,0
1416.HK,5,20251014,093500,0.155,0.155,0.155,0.155,80000,0
1416.HK,5,20251014,095000,0.157,0.157,0.157,0.157,180000,0
1416.HK,5,20251014,095500,0.155,0.155,0.155,0.155,100000,0
1416.HK,5,20251015,033000,0.167,0.167,0.167,0.167,10000,0
1416.HK,5,20251015,042000,0.156,0.156,0.155,0.155,280000,0
1416.HK,5,20251015,045500,0.155,0.155,0.155,0.155,150000,0
1416.HK,5,20251015,050500,0.154,0.154,0.154,0.154,100000,0
1416.HK,5,20251015,052500,0.155,0.155,0.155,0.155,30000,0
1416.HK,5,20251015,090500,0.154,0.154,0.154,0.154,100000,0
1416.HK,5,20251015,092500,0.157,0.157,0.157,0.157,10000,0
1416.HK,5,20251016,034000,0.167,0.167,0.167,0.167,10000,0
1416.HK,5,20251016,055000,0.164,0.164,0.164,0.164,300000,0
1416.HK,5,20251016,070500,0.16,0.16,0.16,0.16,70000,0
1416.HK,5,20251017,035500,0.15,0.15,0.148,0.148,120000,0
1416.HK,5,20251017,040000,0.149,0.15,0.149,0.15,30000,0
1416.HK,5,20251017,040500,0.149,0.15,0.148,0.149,740000,0
1416.HK,5,20251017,041000,0.15,0.15,0.15,0.15,10000,0
1416.HK,5,20251017,041500,0.15,0.15,0.15,0.15,60000,0
1416.HK,5,20251017,042000,0.149,0.149,0.149,0.149,130000,0
1416.HK,5,20251017,043500,0.15,0.15,0.15,0.15,10000,0
1416.HK,5,20251017,071500,0.15,0.15,0.149,0.149,40000,0
1416.HK,5,20251017,072000,0.149,0.149,0.149,0.149,10000,0
1416.HK,5,20251017,082500,0.149,0.149,0.149,0.149,20000,0
1416.HK,5,20251017,083000,0.148,0.148,0.148,0.148,150000,0
1416.HK,5,20251017,093000,0.147,0.147,0.147,0.147,40000,0
1416.HK,5,20251020,033000,0.163,0.163,0.163,0.163,10000,0
1416.HK,5,20251020,034000,0.156,0.156,0.156,0.156,20000,0
1416.HK,5,20251020,045500,0.156,0.156,0.154,0.154,30000,0
1416.HK,5,20251020,051000,0.154,0.154,0.154,0.154,10000,0
1416.HK,5,20251020,053500,0.154,0.154,0.154,0.154,30000,0
1416.HK,5,20251020,095500,0.148,0.148,0.147,0.148,220000,0
1416.HK,5,20251021,035500,0.148,0.148,0.148,0.148,40000,0
1416.HK,5,20251021,041000,0.148,0.148,0.148,0.148,10000,0
1416.HK,5,20251021,042500,0.15,0.15,0.15,0.15,10000,0
1416.HK,5,20251021,053000,0.147,0.147,0.145,0.147,40000,0
1416.HK,5,20251022,040000,0.149,0.157,0.149,0.157,130000,0
1416.HK,5,20251022,040500,0.157,0.157,0.154,0.154,100000,0
1416.HK,5,20251022,041000,0.154,0.156,0.152,0.156,120000,0
1416.HK,5,20251022,041500,0.156,0.156,0.156,0.156,20000,0
1416.HK,5,20251022,042000,0.154,0.154,0.15,0.15,210000,0
1416.HK,5,20251022,050500,0.15,0.15,0.15,0.15,10000,0
1416.HK,5,20251022,080000,0.154,0.154,0.154,0.154,20000,0
1416.HK,5,20251022,092000,0.155,0.155,0.155,0.155,80000,0
1416.HK,5,20251022,093500,0.156,0.156,0.156,0.156,200000,0
1416.HK,5,20251022,094000,0.157,0.157,0.157,0.157,40000,0
1416.HK,5,20251022,095500,0.157,0.157,0.157,0.157,100000,0
1416.HK,5,20251023,044500,0.154,0.154,0.154,0.154,40000,0
1416.HK,5,20251023,051000,0.155,0.155,0.154,0.154,60000,0
1416.HK,5,20251023,083000,0.156,0.156,0.156,0.156,100000,0
1416.HK,5,20251023,092000,0.157,0.157,0.157,0.157,10000,0
1416.HK,5,20251023,093000,0.157,0.157,0.157,0.157,10000,0
1416.HK,5,20251023,095500,0.157,0.157,0.157,0.157,10000,0
1416.HK,5,20251024,033000,0.159,0.159,0.159,0.159,30000,0
1416.HK,5,20251024,052000,0.159,0.159,0.159,0.159,120000,0
1416.HK,5,20251024,053000,0.159,0.159,0.159,0.159,80000,0
1416.HK,5,20251024,055000,0.159,0.159,0.159,0.159,50000,0
1416.HK,5,20251024,082000,0.161,0.161,0.161,0.161,50000,0
1416.HK,5,20251024,094500,0.161,0.162,0.161,0.162,20000,0
1416.HK,5,20251027,023000,0.171,0.187,0.171,0.18,270000,0
1416.HK,5,20251027,023500,0.177,0.177,0.176,0.176,30000,0
1416.HK,5,20251027,024000,0.174,0.174,0.174,0.174,30000,0
1416.HK,5,20251027,024500,0.175,0.175,0.173,0.173,180000,0
1416.HK,5,20251027,025000,0.172,0.177,0.171,0.177,170000,0
1416.HK,5,20251027,025500,0.178,0.178,0.178,0.178,10000,0
1416.HK,5,20251027,030000,0.179,0.179,0.179,0.179,30000,0
1416.HK,5,20251027,030500,0.178,0.181,0.178,0.181,90000,0
1416.HK,5,20251027,031000,0.181,0.182,0.181,0.182,130000,0
1416.HK,5,20251027,031500,0.184,0.188,0.184,0.188,210000,0
1416.HK,5,20251027,032000,0.188,0.193,0.187,0.19,240000,0
1416.HK,5,20251027,032500,0.19,0.19,0.19,0.19,100000,0
1416.HK,5,20251027,033000,0.191,0.192,0.191,0.192,50000,0
1416.HK,5,20251027,033500,0.193,0.20,0.193,0.199,490000,0
1416.HK,5,20251027,034000,0.196,0.20,0.196,0.199,270000,0
1416.HK,5,20251027,034500,0.198,0.198,0.197,0.197,40000,0
1416.HK,5,20251027,035500,0.197,0.199,0.195,0.198,70000,0
1416.HK,5,20251027,040500,0.199,0.199,0.199,0.199,90000,0
1416.HK,5,20251027,041000,0.197,0.20,0.196,0.20,160000,0
1416.HK,5,20251027,041500,0.20,0.205,0.20,0.205,660000,0
1416.HK,5,20251027,042000,0.208,0.208,0.20,0.208,640000,0
1416.HK,5,20251027,042500,0.208,0.208,0.208,0.208,170000,0
1416.HK,5,20251027,043000,0.208,0.208,0.204,0.204,130000,0
1416.HK,5,20251027,043500,0.204,0.207,0.204,0.204,120000,0
1416.HK,5,20251027,044000,0.206,0.206,0.206,0.206,30000,0
1416.HK,5,20251027,045500,0.205,0.205,0.205,0.205,200000,0
1416.HK,5,20251027,060000,0.204,0.216,0.20,0.216,970000,0
1416.HK,5,20251027,060500,0.216,0.231,0.215,0.229,1380000,0
1416.HK,5,20251027,061000,0.22,0.227,0.217,0.227,170000,0
1416.HK,5,20251027,061500,0.227,0.229,0.227,0.227,130000,0
1416.HK,5,20251027,062000,0.228,0.24,0.228,0.235,1530000,0
1416.HK,5,20251027,062500,0.23,0.236,0.23,0.236,90000,0
1416.HK,5,20251027,063000,0.237,0.237,0.23,0.23,550000,0
1416.HK,5,20251027,063500,0.23,0.238,0.23,0.238,440000,0
1416.HK,5,20251027,064000,0.232,0.232,0.225,0.23,430000,0
1416.HK,5,20251027,064500,0.227,0.227,0.222,0.222,150000,0
1416.HK,5,20251027,065000,0.222,0.222,0.217,0.217,690000,0
1416.HK,5,20251027,065500,0.217,0.22,0.215,0.22,290000,0
1416.HK,5,20251027,070000,0.218,0.22,0.215,0.215,200000,0
1416.HK,5,20251027,071500,0.216,0.216,0.215,0.215,80000,0
1416.HK,5,20251027,072000,0.22,0.222,0.22,0.222,150000,0
1416.HK,5,20251027,072500,0.222,0.231,0.222,0.231,380000,0
1416.HK,5,20251027,073000,0.231,0.231,0.228,0.228,190000,0
1416.HK,5,20251027,073500,0.228,0.228,0.226,0.226,870000,0
1416.HK,5,20251027,074000,0.223,0.224,0.222,0.222,300000,0
1416.HK,5,20251027,074500,0.222,0.222,0.217,0.219,690000,0
1416.HK,5,20251027,075000,0.219,0.219,0.218,0.218,80000,0
1416.HK,5,20251027,075500,0.218,0.22,0.218,0.22,250000,0
1416.HK,5,20251027,080000,0.22,0.22,0.219,0.22,390000,0
1416.HK,5,20251027,080500,0.22,0.22,0.219,0.219,210000,0
1416.HK,5,20251027,081000,0.218,0.219,0.218,0.219,60000,0
1416.HK,5,20251027,081500,0.218,0.218,0.21,0.21,520000,0
1416.HK,5,20251027,082500,0.219,0.219,0.219,0.219,90000,0
1416.HK,5,20251027,083000,0.219,0.223,0.219,0.223,650000,0
1416.HK,5,20251027,083500,0.224,0.224,0.224,0.224,10000,0
1416.HK,5,20251027,084000,0.225,0.226,0.225,0.226,20000,0
1416.HK,5,20251027,084500,0.227,0.227,0.227,0.227,10000,0
1416.HK,5,20251027,085000,0.227,0.23,0.227,0.229,190000,0
1416.HK,5,20251027,085500,0.23,0.232,0.23,0.23,220000,0
1416.HK,5,20251028,023500,0.23,0.23,0.216,0.219,80000,0
1416.HK,5,20251028,024000,0.217,0.217,0.212,0.212,80000,0
1416.HK,5,20251028,024500,0.213,0.213,0.213,0.213,570000,0
1416.HK,5,20251028,025000,0.216,0.216,0.216,0.216,10000,0
1416.HK,5,20251028,025500,0.218,0.218,0.218,0.218,10000,0
1416.HK,5,20251028,030500,0.221,0.225,0.221,0.225,110000,0
1416.HK,5,20251028,031000,0.224,0.224,0.223,0.223,270000,0
1416.HK,5,20251028,031500,0.223,0.223,0.216,0.216,300000,0
1416.HK,5,20251028,033000,0.217,0.217,0.217,0.217,10000,0
1416.HK,5,20251028,034500,0.219,0.221,0.219,0.221,80000,0
1416.HK,5,20251028,040000,0.222,0.222,0.222,0.222,80000,0
1416.HK,5,20251028,041000,0.223,0.223,0.223,0.223,70000,0
1416.HK,5,20251028,041500,0.223,0.223,0.223,0.223,10000,0
1416.HK,5,20251028,042000,0.223,0.223,0.223,0.223,10000,0
1416.HK,5,20251028,044500,0.223,0.223,0.223,0.223,190000,0
1416.HK,5,20251028,060000,0.223,0.223,0.223,0.223,200000,0
1416.HK,5,20251028,060500,0.226,0.226,0.226,0.226,40000,0
1416.HK,5,20251028,061000,0.228,0.228,0.228,0.228,10000,0
1416.HK,5,20251028,062000,0.224,0.224,0.223,0.223,20000,0
1416.HK,5,20251028,062500,0.222,0.222,0.222,0.222,110000,0
1416.HK,5,20251028,070500,0.222,0.222,0.219,0.219,610000,0
1416.HK,5,20251028,071000,0.224,0.224,0.224,0.224,10000,0
1416.HK,5,20251028,072000,0.224,0.224,0.223,0.223,120000,0
1416.HK,5,20251028,072500,0.223,0.223,0.223,0.223,50000,0
1416.HK,5,20251028,074000,0.223,0.223,0.223,0.223,200000,0
1416.HK,5,20251028,080500,0.223,0.223,0.222,0.222,30000,0
1416.HK,5,20251028,081000,0.223,0.223,0.222,0.222,150000,0
1416.HK,5,20251028,081500,0.22,0.221,0.22,0.221,210000,0
1416.HK,5,20251028,082500,0.223,0.223,0.223,0.223,10000,0
1416.HK,5,20251028,083000,0.221,0.221,0.22,0.22,160000,0
1416.HK,5,20251028,085000,0.22,0.22,0.22,0.22,70000,0
1416.HK,5,20251028,085500,0.22,0.22,0.219,0.219,150000,0
1416.HK,5,20251030,023000,0.22,0.22,0.22,0.22,1040000,0
1416.HK,5,20251030,023500,0.22,0.231,0.22,0.231,360000,0
1416.HK,5,20251030,024000,0.231,0.231,0.225,0.225,160000,0
1416.HK,5,20251030,025500,0.225,0.225,0.225,0.225,40000,0
1416.HK,5,20251030,031000,0.225,0.225,0.225,0.225,30000,0
1416.HK,5,20251030,031500,0.229,0.232,0.229,0.232,130000,0
1416.HK,5,20251030,032000,0.232,0.24,0.232,0.239,510000,0
1416.HK,5,20251030,033000,0.239,0.24,0.239,0.24,1100000,0
1416.HK,5,20251030,033500,0.24,0.24,0.238,0.238,160000,0
1416.HK,5,20251030,034000,0.236,0.236,0.236,0.236,40000,0
1416.HK,5,20251030,034500,0.238,0.238,0.238,0.238,40000,0
1416.HK,5,20251030,035000,0.239,0.24,0.237,0.237,100000,0
1416.HK,5,20251030,035500,0.233,0.233,0.233,0.233,160000,0
1416.HK,5,20251030,042000,0.237,0.237,0.237,0.237,100000,0
1416.HK,5,20251030,042500,0.237,0.238,0.237,0.238,130000,0
1416.HK,5,20251030,043000,0.235,0.235,0.234,0.234,120000,0
1416.HK,5,20251030,043500,0.233,0.233,0.23,0.23,920000,0
1416.HK,5,20251030,060000,0.23,0.23,0.23,0.23,40000,0
1416.HK,5,20251030,061000,0.23,0.23,0.23,0.23,130000,0
1416.HK,5,20251030,071500,0.233,0.233,0.233,0.233,20000,0
1416.HK,5,20251030,074500,0.234,0.234,0.234,0.234,300000,0
1416.HK,5,20251030,081000,0.235,0.235,0.235,0.235,20000,0
1416.HK,5,20251030,082000,0.235,0.235,0.233,0.233,310000,0
1416.HK,5,20251030,085500,0.237,0.237,0.233,0.233,70000,0
1416.HK,5,20251031,023000,0.233,0.233,0.233,0.233,20000,0
1416.HK,5,20251031,025000,0.233,0.233,0.233,0.233,180000,0
1416.HK,5,20251031,030000,0.233,0.233,0.233,0.233,10000,0
1416.HK,5,20251031,031000,0.221,0.221,0.221,0.221,20000,0
1416.HK,5,20251031,034500,0.221,0.221,0.221,0.221,10000,0
1416.HK,5,20251031,040500,0.221,0.221,0.221,0.221,30000,0
1416.HK,5,20251031,042000,0.222,0.225,0.22,0.224,190000,0
1416.HK,5,20251031,045000,0.224,0.224,0.224,0.224,100000,0
1416.HK,5,20251031,064500,0.225,0.226,0.224,0.224,70000,0
1416.HK,5,20251031,070000,0.224,0.224,0.224,0.224,40000,0
1416.HK,5,20251031,083000,0.221,0.222,0.221,0.222,150000,0
1416.HK,5,20251103,023000,0.24,0.24,0.229,0.23,270000,0
1416.HK,5,20251103,023500,0.23,0.23,0.23,0.23,70000,0
1416.HK,5,20251103,024000,0.229,0.229,0.229,0.229,40000,0
1416.HK,5,20251103,025500,0.229,0.23,0.229,0.23,370000,0
1416.HK,5,20251103,030000,0.235,0.235,0.235,0.235,10000,0
1416.HK,5,20251103,030500,0.233,0.233,0.232,0.232,40000,0
1416.HK,5,20251103,031000,0.238,0.24,0.238,0.24,150000,0
1416.HK,5,20251103,031500,0.24,0.24,0.24,0.24,100000,0
1416.HK,5,20251103,033000,0.232,0.232,0.23,0.23,110000,0
1416.HK,5,20251103,033500,0.23,0.23,0.23,0.23,50000,0
1416.HK,5,20251103,034000,0.23,0.23,0.23,0.23,140000,0
1416.HK,5,20251103,041500,0.231,0.231,0.231,0.231,20000,0
1416.HK,5,20251103,061500,0.231,0.231,0.231,0.231,90000,0
1416.HK,5,20251103,063000,0.23,0.23,0.23,0.23,100000,0
1416.HK,5,20251103,063500,0.231,0.231,0.231,0.231,20000,0
1416.HK,5,20251103,064000,0.232,0.232,0.232,0.232,40000,0
1416.HK,5,20251103,065000,0.233,0.237,0.233,0.237,250000,0
1416.HK,5,20251103,065500,0.236,0.236,0.236,0.236,10000,0
1416.HK,5,20251103,071000,0.231,0.231,0.23,0.23,90000,0
1416.HK,5,20251103,074000,0.236,0.236,0.236,0.236,20000,0
1416.HK,5,20251103,074500,0.237,0.27,0.237,0.27,2680000,0
1416.HK,5,20251103,075000,0.26,0.275,0.26,0.27,260000,0
1416.HK,5,20251103,075500,0.27,0.275,0.25,0.25,970000,0
1416.HK,5,20251103,080500,0.26,0.26,0.26,0.26,50000,0
1416.HK,5,20251103,081000,0.26,0.27,0.26,0.27,170000,0
1416.HK,5,20251103,081500,0.27,0.27,0.27,0.27,100000,0
1416.HK,5,20251103,082000,0.275,0.275,0.27,0.275,340000,0
1416.HK,5,20251103,082500,0.28,0.28,0.275,0.275,110000,0
1416.HK,5,20251103,083000,0.27,0.27,0.27,0.27,430000,0
1416.HK,5,20251103,083500,0.275,0.275,0.275,0.275,100000,0
1416.HK,5,20251103,084000,0.27,0.275,0.265,0.265,250000,0
1416.HK,5,20251103,084500,0.27,0.27,0.27,0.27,10000,0
1416.HK,5,20251103,085000,0.265,0.265,0.26,0.26,530000,0
1416.HK,5,20251103,085500,0.26,0.26,0.25,0.26,90000,0
1416.HK,5,20251104,023000,0.265,0.28,0.265,0.27,480000,0
1416.HK,5,20251104,023500,0.275,0.275,0.275,0.275,10000,0
1416.HK,5,20251104,024000,0.28,0.285,0.28,0.28,180000,0
1416.HK,5,20251104,024500,0.28,0.285,0.28,0.28,150000,0
1416.HK,5,20251104,025000,0.29,0.29,0.29,0.29,70000,0
1416.HK,5,20251104,025500,0.285,0.29,0.285,0.29,530000,0
1416.HK,5,20251104,030000,0.295,0.295,0.295,0.295,110000,0
1416.HK,5,20251104,030500,0.295,0.30,0.295,0.30,180000,0
1416.HK,5,20251104,031000,0.30,0.32,0.295,0.32,1150000,0
1416.HK,5,20251104,031500,0.32,0.325,0.305,0.305,2220000,0
1416.HK,5,20251104,032000,0.31,0.315,0.305,0.315,400000,0
1416.HK,5,20251104,032500,0.32,0.32,0.315,0.315,350000,0
1416.HK,5,20251104,033000,0.315,0.315,0.31,0.31,310000,0
1416.HK,5,20251104,033500,0.305,0.305,0.305,0.305,10000,0
1416.HK,5,20251104,034000,0.315,0.315,0.31,0.31,240000,0
1416.HK,5,20251104,034500,0.31,0.315,0.31,0.315,110000,0
1416.HK,5,20251104,035000,0.315,0.32,0.31,0.32,860000,0
1416.HK,5,20251104,035500,0.32,0.325,0.32,0.325,840000,0
1416.HK,5,20251104,040000,0.32,0.32,0.32,0.32,100000,0
1416.HK,5,20251104,040500,0.32,0.32,0.32,0.32,350000,0
1416.HK,5,20251104,041500,0.32,0.32,0.32,0.32,80000,0
1416.HK,5,20251104,042000,0.32,0.32,0.32,0.32,20000,0
1416.HK,5,20251104,043000,0.32,0.32,0.32,0.32,10000,0
1416.HK,5,20251104,043500,0.325,0.33,0.325,0.33,200000,0
1416.HK,5,20251104,044000,0.33,0.33,0.33,0.33,170000,0
1416.HK,5,20251104,044500,0.33,0.335,0.325,0.325,1130000,0
1416.HK,5,20251104,045000,0.33,0.33,0.33,0.33,50000,0
1416.HK,5,20251104,045500,0.33,0.335,0.33,0.335,220000,0
1416.HK,5,20251104,060000,0.335,0.335,0.33,0.33,370000,0
1416.HK,5,20251104,060500,0.33,0.33,0.33,0.33,20000,0
1416.HK,5,20251104,061000,0.33,0.33,0.33,0.33,70000,0
1416.HK,5,20251104,061500,0.33,0.33,0.33,0.33,40000,0
1416.HK,5,20251104,062000,0.33,0.33,0.33,0.33,50000,0
1416.HK,5,20251104,062500,0.33,0.33,0.325,0.325,290000,0
1416.HK,5,20251104,063000,0.325,0.325,0.325,0.325,50000,0
1416.HK,5,20251104,063500,0.325,0.325,0.315,0.32,450000,0
1416.HK,5,20251104,064000,0.32,0.32,0.32,0.32,120000,0
1416.HK,5,20251104,064500,0.32,0.32,0.315,0.315,110000,0
1416.HK,5,20251104,065000,0.32,0.325,0.32,0.325,50000,0
1416.HK,5,20251104,065500,0.325,0.34,0.32,0.34,810000,0
1416.HK,5,20251104,070000,0.34,0.34,0.335,0.335,1210000,0
1416.HK,5,20251104,070500,0.33,0.335,0.33,0.33,150000,0
1416.HK,5,20251104,072000,0.325,0.325,0.32,0.32,40000,0
1416.HK,5,20251104,072500,0.325,0.33,0.325,0.325,40000,0
1416.HK,5,20251104,073000,0.325,0.325,0.325,0.325,10000,0
1416.HK,5,20251104,073500,0.325,0.325,0.325,0.325,20000,0
1416.HK,5,20251104,074000,0.325,0.325,0.32,0.32,50000,0
1416.HK,5,20251104,074500,0.325,0.325,0.325,0.325,60000,0
1416.HK,5,20251104,075000,0.325,0.325,0.325,0.325,20000,0
1416.HK,5,20251104,075500,0.325,0.325,0.325,0.325,20000,0
1416.HK,5,20251104,080000,0.315,0.315,0.315,0.315,340000,0
1416.HK,5,20251104,080500,0.32,0.32,0.315,0.32,170000,0
1416.HK,5,20251104,081500,0.31,0.31,0.29,0.295,1730000,0
1416.HK,5,20251104,082000,0.295,0.30,0.29,0.295,380000,0
1416.HK,5,20251104,082500,0.295,0.30,0.295,0.30,160000,0
1416.HK,5,20251104,083000,0.30,0.30,0.30,0.30,60000,0
1416.HK,5,20251104,083500,0.30,0.30,0.29,0.29,200000,0
1416.HK,5,20251104,084000,0.30,0.30,0.30,0.30,20000,0
1416.HK,5,20251104,085000,0.295,0.295,0.295,0.295,470000,0
1416.HK,5,20251104,085500,0.295,0.305,0.29,0.305,890000,0
1416.HK,5,20251105,023000,0.31,0.345,0.31,0.31,1000000,0
1416.HK,5,20251105,023500,0.305,0.305,0.30,0.30,270000,0
1416.HK,5,20251105,024000,0.30,0.305,0.29,0.305,250000,0
1416.HK,5,20251105,025000,0.295,0.30,0.295,0.295,130000,0
1416.HK,5,20251105,030000,0.29,0.295,0.29,0.295,90000,0
1416.HK,5,20251105,030500,0.295,0.295,0.295,0.295,10000,0
1416.HK,5,20251105,031000,0.295,0.295,0.295,0.295,30000,0
1416.HK,5,20251105,031500,0.295,0.30,0.295,0.30,40000,0
1416.HK,5,20251105,034000,0.29,0.29,0.29,0.29,20000,0
1416.HK,5,20251105,040500,0.29,0.29,0.29,0.29,150000,0
1416.HK,5,20251105,041000,0.295,0.295,0.295,0.295,30000,0
1416.HK,5,20251105,042000,0.295,0.295,0.29,0.29,130000,0
1416.HK,5,20251105,060000,0.285,0.285,0.285,0.285,20000,0
1416.HK,5,20251105,063000,0.285,0.285,0.285,0.285,10000,0
1416.HK,5,20251105,063500,0.29,0.295,0.29,0.29,400000,0
1416.HK,5,20251105,065500,0.295,0.295,0.295,0.295,10000,0
1416.HK,5,20251105,070000,0.29,0.29,0.29,0.29,360000,0
1416.HK,5,20251105,070500,0.29,0.29,0.29,0.29,20000,0
1416.HK,5,20251105,071000,0.29,0.29,0.29,0.29,10000,0
1416.HK,5,20251105,072000,0.29,0.29,0.29,0.29,150000,0
1416.HK,5,20251105,072500,0.29,0.29,0.29,0.29,170000,0
1416.HK,5,20251105,074500,0.29,0.29,0.285,0.285,970000,0
1416.HK,5,20251105,075000,0.295,0.295,0.295,0.295,70000,0
1416.HK,5,20251105,082000,0.285,0.285,0.285,0.285,150000,0
1416.HK,5,20251105,085000,0.285,0.285,0.285,0.285,40000,0
1416.HK,5,20251106,024000,0.285,0.285,0.285,0.285,120000,0
1416.HK,5,20251106,024500,0.285,0.285,0.285,0.285,50000,0
1416.HK,5,20251106,030000,0.285,0.29,0.285,0.29,420000,0
1416.HK,5,20251106,031500,0.29,0.29,0.29,0.29,80000,0
1416.HK,5,20251106,032500,0.29,0.29,0.29,0.29,80000,0
1416.HK,5,20251106,033000,0.29,0.29,0.29,0.29,10000,0
1416.HK,5,20251106,033500,0.285,0.285,0.285,0.285,400000,0
1416.HK,5,20251106,034500,0.285,0.285,0.285,0.285,10000,0
1416.HK,5,20251106,040000,0.285,0.285,0.285,0.285,60000,0
1416.HK,5,20251106,041500,0.29,0.29,0.29,0.29,50000,0
1416.HK,5,20251106,043500,0.29,0.29,0.29,0.29,30000,0
1416.HK,5,20251106,044000,0.29,0.29,0.29,0.29,30000,0
1416.HK,5,20251106,060000,0.29,0.29,0.29,0.29,70000,0
1416.HK,5,20251106,061000,0.29,0.29,0.29,0.29,10000,0
1416.HK,5,20251106,061500,0.29,0.29,0.29,0.29,20000,0
1416.HK,5,20251106,062500,0.29,0.29,0.29,0.29,60000,0
1416.HK,5,20251106,071000,0.29,0.29,0.29,0.29,560000,0
1416.HK,5,20251106,071500,0.29,0.29,0.29,0.29,50000,0
1416.HK,5,20251106,072000,0.29,0.29,0.29,0.29,50000,0
1416.HK,5,20251106,072500,0.29,0.29,0.29,0.29,120000,0
1416.HK,5,20251106,073500,0.29,0.29,0.29,0.29,40000,0
1416.HK,5,20251106,082500,0.285,0.285,0.285,0.285,50000,0
1416.HK,5,20251106,083500,0.295,0.295,0.295,0.295,290000,0
1416.HK,5,20251106,084000,0.295,0.30,0.295,0.295,70000,0
1416.HK,5,20251106,084500,0.295,0.295,0.295,0.295,10000,0
1416.HK,5,20251107,023000,0.295,0.295,0.295,0.295,10000,0
1416.HK,5,20251107,023500,0.295,0.295,0.295,0.295,10000,0
1416.HK,5,20251107,024500,0.295,0.295,0.295,0.295,20000,0
1416.HK,5,20251107,025000,0.295,0.295,0.295,0.295,10000,0
1416.HK,5,20251107,025500,0.295,0.295,0.295,0.295,150000,0
1416.HK,5,20251107,035500,0.28,0.28,0.27,0.275,660000,0
1416.HK,5,20251107,040000,0.285,0.285,0.285,0.285,20000,0
1416.HK,5,20251107,060000,0.285,0.285,0.285,0.285,30000,0
1416.HK,5,20251107,061500,0.285,0.285,0.285,0.285,50000,0
1416.HK,5,20251107,064000,0.285,0.285,0.285,0.285,110000,0
1416.HK,5,20251107,070500,0.28,0.28,0.28,0.28,220000,0
1416.HK,5,20251107,071000,0.275,0.275,0.275,0.275,80000,0
1416.HK,5,20251107,072000,0.275,0.275,0.275,0.275,20000,0
1416.HK,5,20251107,084000,0.275,0.275,0.275,0.275,230000,0
1416.HK,5,20251107,085000,0.28,0.28,0.28,0.28,130000,0
1416.HK,5,20251107,085500,0.28,0.28,0.28,0.28,40000,0
1416.HK,5,20251110,023000,0.295,0.30,0.295,0.295,220000,0
1416.HK,5,20251110,023500,0.29,0.29,0.29,0.29,240000,0
1416.HK,5,20251110,024000,0.29,0.29,0.29,0.29,10000,0
1416.HK,5,20251110,025000,0.29,0.29,0.29,0.29,180000,0
1416.HK,5,20251110,031000,0.29,0.29,0.29,0.29,340000,0
1416.HK,5,20251110,031500,0.29,0.29,0.29,0.29,10000,0
1416.HK,5,20251110,032000,0.29,0.29,0.29,0.29,10000,0
1416.HK,5,20251110,032500,0.29,0.29,0.29,0.29,10000,0
1416.HK,5,20251110,033500,0.29,0.29,0.29,0.29,10000,0
1416.HK,5,20251110,035000,0.29,0.29,0.285,0.29,50000,0
1416.HK,5,20251110,064500,0.29,0.29,0.29,0.29,60000,0
1416.HK,5,20251110,075000,0.29,0.29,0.29,0.29,80000,0
1416.HK,5,20251110,080000,0.295,0.295,0.295,0.295,120000,0
1416.HK,5,20251110,085500,0.295,0.295,0.295,0.295,10000,0
1416.HK,5,20251111,023000,0.295,0.295,0.295,0.295,50000,0
1416.HK,5,20251111,023500,0.29,0.29,0.29,0.29,100000,0
1416.HK,5,20251111,024000,0.29,0.29,0.29,0.29,10000,0
1416.HK,5,20251111,030500,0.29,0.29,0.29,0.29,90000,0
1416.HK,5,20251111,044000,0.29,0.29,0.29,0.29,130000,0
1416.HK,5,20251111,044500,0.29,0.30,0.29,0.30,610000,0
1416.HK,5,20251111,045000,0.295,0.30,0.295,0.30,440000,0
1416.HK,5,20251111,045500,0.30,0.305,0.30,0.305,210000,0
1416.HK,5,20251111,060000,0.305,0.305,0.305,0.305,90000,0
1416.HK,5,20251111,061500,0.31,0.315,0.31,0.315,290000,0
1416.HK,5,20251111,062000,0.315,0.325,0.315,0.32,380000,0
1416.HK,5,20251111,063000,0.31,0.31,0.305,0.305,230000,0
1416.HK,5,20251111,063500,0.31,0.31,0.305,0.305,30000,0
1416.HK,5,20251111,064000,0.305,0.305,0.305,0.305,100000,0
1416.HK,5,20251111,064500,0.31,0.31,0.31,0.31,50000,0
1416.HK,5,20251111,065000,0.31,0.31,0.31,0.31,60000,0
1416.HK,5,20251111,065500,0.31,0.31,0.31,0.31,50000,0
1416.HK,5,20251111,070000,0.305,0.31,0.305,0.31,70000,0
1416.HK,5,20251111,071000,0.305,0.305,0.30,0.305,370000,0
1416.HK,5,20251111,072500,0.305,0.305,0.305,0.305,50000,0
1416.HK,5,20251111,075000,0.305,0.305,0.305,0.305,100000,0
1416.HK,5,20251111,075500,0.305,0.305,0.305,0.305,110000,0
1416.HK,5,20251111,080000,0.305,0.305,0.305,0.305,110000,0
1416.HK,5,20251111,082000,0.305,0.305,0.305,0.305,10000,0
1416.HK,5,20251111,083000,0.305,0.305,0.305,0.305,40000,0
1416.HK,5,20251111,083500,0.305,0.305,0.305,0.305,260000,0
1416.HK,5,20251111,084000,0.305,0.305,0.305,0.305,20000,0
1416.HK,5,20251111,085000,0.305,0.305,0.305,0.305,80000,0
1416.HK,5,20251111,085500,0.31,0.31,0.31,0.31,10000,0
1416.HK,5,20251112,023000,0.305,0.305,0.30,0.30,160000,0
1416.HK,5,20251112,024000,0.30,0.30,0.30,0.30,260000,0
1416.HK,5,20251112,024500,0.30,0.30,0.30,0.30,50000,0
1416.HK,5,20251112,025000,0.30,0.30,0.30,0.30,240000,0
1416.HK,5,20251112,031000,0.30,0.30,0.30,0.30,730000,0
1416.HK,5,20251112,032500,0.30,0.30,0.30,0.30,130000,0
1416.HK,5,20251112,033500,0.30,0.30,0.30,0.30,60000,0
1416.HK,5,20251112,044000,0.295,0.295,0.295,0.295,140000,0
1416.HK,5,20251112,060000,0.295,0.295,0.295,0.295,10000,0
1416.HK,5,20251112,061000,0.295,0.295,0.295,0.295,10000,0
1416.HK,5,20251112,081000,0.30,0.30,0.30,0.30,10000,0
1416.HK,5,20251112,083500,0.30,0.30,0.30,0.30,100000,0
1416.HK,5,20251112,085000,0.30,0.30,0.30,0.30,30000,0
1416.HK,5,20251113,023000,0.30,0.30,0.30,0.30,140000,0
1416.HK,5,20251113,023500,0.30,0.305,0.30,0.30,170000,0
1416.HK,5,20251113,030000,0.30,0.30,0.30,0.30,50000,0
1416.HK,5,20251113,030500,0.30,0.30,0.30,0.30,20000,0
1416.HK,5,20251113,034000,0.30,0.30,0.30,0.30,100000,0
1416.HK,5,20251113,044000,0.30,0.30,0.30,0.30,40000,0
1416.HK,5,20251113,060000,0.295,0.30,0.295,0.295,170000,0
1416.HK,5,20251113,065500,0.295,0.295,0.295,0.295,40000,0
1416.HK,5,20251113,070000,0.295,0.295,0.29,0.29,60000,0
1416.HK,5,20251113,071500,0.29,0.29,0.29,0.29,150000,0
1416.HK,5,20251113,081500,0.295,0.295,0.295,0.295,30000,0
1416.HK,5,20251113,082500,0.29,0.29,0.29,0.29,170000,0
1416.HK,5,20251114,030000,0.29,0.29,0.29,0.29,10000,0
1416.HK,5,20251114,045500,0.29,0.29,0.29,0.29,70000,0
1416.HK,5,20251114,060000,0.285,0.29,0.285,0.29,130000,0
1416.HK,5,20251114,061500,0.285,0.285,0.285,0.285,30000,0
1416.HK,5,20251114,064500,0.285,0.285,0.285,0.285,20000,0
1416.HK,5,20251114,073000,0.285,0.285,0.285,0.285,70000,0
1416.HK,5,20251114,081000,0.29,0.29,0.29,0.29,30000,0
1416.HK,5,20251114,085500,0.285,0.285,0.285,0.285,30000,0
1416.HK,5,20251117,024000,0.285,0.285,0.285,0.285,20000,0
1416.HK,5,20251117,024500,0.285,0.285,0.285,0.285,70000,0
1416.HK,5,20251117,025500,0.285,0.285,0.275,0.275,330000,0
1416.HK,5,20251117,030000,0.285,0.285,0.285,0.285,20000,0
1416.HK,5,20251117,045000,0.285,0.285,0.285,0.285,90000,0
1416.HK,5,20251117,045500,0.285,0.285,0.285,0.285,30000,0
1416.HK,5,20251117,063000,0.28,0.28,0.28,0.28,50000,0
1416.HK,5,20251117,064500,0.275,0.28,0.275,0.28,40000,0
1416.HK,5,20251117,065000,0.28,0.28,0.28,0.28,30000,0
1416.HK,5,20251117,072000,0.275,0.275,0.275,0.275,100000,0
1416.HK,5,20251117,074000,0.275,0.275,0.275,0.275,200000,0
1416.HK,5,20251117,074500,0.275,0.275,0.275,0.275,140000,0
1416.HK,5,20251117,075000,0.275,0.275,0.275,0.275,40000,0
1416.HK,5,20251117,080500,0.275,0.275,0.275,0.275,140000,0
1416.HK,5,20251117,084500,0.27,0.27,0.27,0.27,60000,0
1416.HK,5,20251117,085000,0.27,0.27,0.27,0.27,30000,0
1416.HK,5,20251118,030500,0.26,0.26,0.26,0.26,10000,0
1416.HK,5,20251118,040000,0.265,0.265,0.265,0.265,30000,0
1416.HK,5,20251118,060000,0.265,0.265,0.265,0.265,30000,0
1416.HK,5,20251118,062000,0.26,0.26,0.255,0.255,340000,0
1416.HK,5,20251118,062500,0.255,0.255,0.255,0.255,100000,0
1416.HK,5,20251118,064500,0.255,0.255,0.255,0.255,250000,0
1416.HK,5,20251118,070000,0.25,0.25,0.25,0.25,270000,0
1416.HK,5,20251118,072000,0.247,0.247,0.247,0.247,20000,0
1416.HK,5,20251118,072500,0.248,0.248,0.248,0.248,40000,0
1416.HK,5,20251118,080500,0.25,0.26,0.25,0.26,240000,0
1416.HK,5,20251118,081000,0.265,0.265,0.265,0.265,170000,0
1416.HK,5,20251118,082000,0.265,0.265,0.265,0.265,680000,0
1416.HK,5,20251119,025000,0.255,0.255,0.255,0.255,30000,0
1416.HK,5,20251119,025500,0.255,0.255,0.25,0.25,250000,0
1416.HK,5,20251119,030500,0.25,0.25,0.25,0.25,50000,0
1416.HK,5,20251119,032500,0.25,0.25,0.248,0.248,30000,0
1416.HK,5,20251119,035500,0.248,0.248,0.248,0.248,70000,0
1416.HK,5,20251119,040000,0.246,0.246,0.246,0.246,10000,0
1416.HK,5,20251119,040500,0.246,0.246,0.246,0.246,20000,0
1416.HK,5,20251119,044000,0.25,0.25,0.25,0.25,40000,0
1416.HK,5,20251119,060000,0.245,0.245,0.245,0.245,70000,0
1416.HK,5,20251119,060500,0.244,0.244,0.244,0.244,10000,0
1416.HK,5,20251119,062000,0.244,0.244,0.244,0.244,10000,0
1416.HK,5,20251119,064000,0.244,0.244,0.244,0.244,60000,0
1416.HK,5,20251119,064500,0.243,0.243,0.243,0.243,50000,0
1416.HK,5,20251119,065000,0.245,0.25,0.245,0.25,410000,0
1416.HK,5,20251119,070500,0.255,0.255,0.25,0.25,200000,0
1416.HK,5,20251119,071000,0.25,0.255,0.25,0.255,50000,0
1416.HK,5,20251119,072000,0.255,0.255,0.25,0.25,40000,0
1416.HK,5,20251119,073000,0.255,0.255,0.255,0.255,20000,0
1416.HK,5,20251120,025000,0.26,0.26,0.26,0.26,10000,0
1416.HK,5,20251120,025500,0.26,0.26,0.26,0.26,40000,0
1416.HK,5,20251120,030000,0.26,0.26,0.26,0.26,10000,0
1416.HK,5,20251120,030500,0.26,0.26,0.26,0.26,20000,0
1416.HK,5,20251120,043500,0.26,0.26,0.26,0.26,40000,0
1416.HK,5,20251120,065000,0.26,0.26,0.26,0.26,10000,0
1416.HK,5,20251120,065500,0.26,0.26,0.26,0.26,60000,0
1416.HK,5,20251120,073500,0.26,0.26,0.26,0.26,40000,0
1416.HK,5,20251120,075500,0.26,0.26,0.26,0.26,30000,0
1416.HK,5,20251121,023000,0.265,0.265,0.265,0.265,50000,0
1416.HK,5,20251121,023500,0.265,0.265,0.265,0.265,50000,0
1416.HK,5,20251121,024500,0.27,0.27,0.27,0.27,230000,0
1416.HK,5,20251121,032500,0.255,0.255,0.255,0.255,50000,0
1416.HK,5,20251121,034500,0.25,0.25,0.25,0.25,120000,0
1416.HK,5,20251121,035000,0.25,0.25,0.25,0.25,150000,0
1416.HK,5,20251121,074000,0.25,0.25,0.25,0.25,160000,0
1416.HK,5,20251121,075000,0.25,0.25,0.25,0.25,150000,0
1416.HK,5,20251121,081500,0.242,0.242,0.241,0.241,60000,0
1416.HK,5,20251121,082500,0.241,0.241,0.24,0.24,150000,0
1416.HK,5,20251121,083000,0.241,0.241,0.241,0.241,60000,0
1416.HK,5,20251121,083500,0.241,0.241,0.24,0.24,150000,0
1416.HK,5,20251121,084000,0.24,0.24,0.24,0.24,400000,0
1416.HK,5,20251124,023000,0.237,0.238,0.237,0.238,210000,0
1416.HK,5,20251124,023500,0.238,0.247,0.238,0.247,30000,0
1416.HK,5,20251124,024000,0.245,0.246,0.245,0.246,150000,0
1416.HK,5,20251124,025000,0.242,0.249,0.242,0.249,160000,0
1416.HK,5,20251124,025500,0.249,0.249,0.249,0.249,50000,0
1416.HK,5,20251124,030000,0.249,0.249,0.249,0.249,50000,0
1416.HK,5,20251124,031000,0.25,0.25,0.243,0.243,30000,0
1416.HK,5,20251124,031500,0.25,0.25,0.242,0.242,120000,0
1416.HK,5,20251124,032000,0.25,0.25,0.25,0.25,10000,0
1416.HK,5,20251124,034000,0.24,0.249,0.24,0.249,140000,0
1416.HK,5,20251124,070000,0.238,0.238,0.238,0.238,10000,0
1416.HK,5,20251124,072500,0.245,0.245,0.245,0.245,50000,0
1416.HK,5,20251124,080000,0.244,0.244,0.244,0.244,20000,0
1416.HK,5,20251124,082500,0.24,0.24,0.24,0.24,50000,0
1416.HK,5,20251124,083000,0.24,0.24,0.24,0.24,20000,0
1416.HK,5,20251124,084500,0.239,0.239,0.239,0.239,70000,0
1416.HK,5,20251125,023500,0.249,0.255,0.249,0.255,20000,0
1416.HK,5,20251125,032000,0.25,0.25,0.25,0.25,40000,0
1416.HK,5,20251125,035500,0.242,0.242,0.242,0.242,30000,0
1416.HK,5,20251125,040000,0.242,0.242,0.242,0.242,150000,0
1416.HK,5,20251125,045500,0.241,0.241,0.239,0.239,30000,0
1416.HK,5,20251125,071000,0.242,0.242,0.242,0.242,10000,0
1416.HK,5,20251125,072500,0.242,0.242,0.242,0.242,200000,0
1416.HK,5,20251126,023500,0.243,0.243,0.243,0.243,20000,0
1416.HK,5,20251126,024000,0.243,0.243,0.242,0.242,50000,0
1416.HK,5,20251126,025500,0.243,0.243,0.243,0.243,20000,0
1416.HK,5,20251126,031000,0.25,0.25,0.25,0.25,10000,0
1416.HK,5,20251126,031500,0.241,0.241,0.241,0.241,20000,0
1416.HK,5,20251126,032000,0.241,0.241,0.241,0.241,20000,0
1416.HK,5,20251126,062000,0.241,0.241,0.24,0.24,70000,0
1416.HK,5,20251126,065500,0.247,0.247,0.247,0.247,10000,0
1416.HK,5,20251126,070000,0.24,0.24,0.239,0.239,40000,0
1416.HK,5,20251126,071000,0.239,0.239,0.235,0.235,40000,0
1416.HK,5,20251126,071500,0.235,0.235,0.235,0.235,20000,0
1416.HK,5,20251126,072000,0.235,0.235,0.235,0.235,70000,0
1416.HK,5,20251126,072500,0.235,0.235,0.232,0.232,30000,0
1416.HK,5,20251126,073000,0.232,0.232,0.232,0.232,200000,0
1416.HK,5,20251126,075500,0.232,0.232,0.232,0.232,40000,0
1416.HK,5,20251127,030000,0.221,0.221,0.22,0.22,40000,0
1416.HK,5,20251127,030500,0.233,0.237,0.233,0.237,50000,0
1416.HK,5,20251127,032000,0.23,0.23,0.23,0.23,10000,0
1416.HK,5,20251127,033000,0.23,0.23,0.23,0.23,10000,0
1416.HK,5,20251127,034500,0.23,0.23,0.23,0.23,10000,0
1416.HK,5,20251127,043500,0.23,0.23,0.23,0.23,10000,0
1416.HK,5,20251127,060500,0.229,0.229,0.229,0.229,60000,0
1416.HK,5,20251127,062000,0.229,0.229,0.229,0.229,10000,0
1416.HK,5,20251127,064000,0.223,0.223,0.215,0.215,400000,0
1416.HK,5,20251127,065000,0.216,0.216,0.215,0.215,130000,0
1416.HK,5,20251127,072000,0.215,0.215,0.213,0.213,110000,0
1416.HK,5,20251127,072500,0.213,0.213,0.213,0.213,130000,0
1416.HK,5,20251127,074500,0.22,0.225,0.22,0.225,200000,0
1416.HK,5,20251127,075000,0.225,0.225,0.225,0.225,110000,0
1416.HK,5,20251127,080000,0.225,0.225,0.225,0.225,100000,0
1416.HK,5,20251127,081500,0.225,0.225,0.225,0.225,60000,0
1416.HK,5,20251127,082000,0.22,0.22,0.22,0.22,30000,0
1416.HK,5,20251127,084000,0.225,0.225,0.225,0.225,40000,0
1416.HK,5,20251127,085500,0.225,0.225,0.225,0.225,110000,0
1416.HK,5,20251128,023500,0.238,0.238,0.23,0.23,10000,0
1416.HK,5,20251201,024000,0.239,0.239,0.239,0.239,50000,0
1416.HK,5,20251201,024500,0.235,0.235,0.235,0.235,10000,0
1416.HK,5,20251201,025000,0.234,0.234,0.234,0.234,150000,0
1416.HK,5,20251201,031500,0.235,0.235,0.235,0.235,10000,0
1416.HK,5,20251201,034000,0.234,0.234,0.234,0.234,30000,0
1416.HK,5,20251201,060500,0.23,0.23,0.23,0.23,190000,0
1416.HK,5,20251201,061000,0.23,0.23,0.23,0.23,10000,0
1416.HK,5,20251201,075500,0.23,0.23,0.23,0.23,10000,0
1416.HK,5,20251201,085500,0.222,0.229,0.222,0.229,30000,0
1416.HK,5,20251202,023000,0.229,0.229,0.229,0.229,220000,0
1416.HK,5,20251202,034000,0.222,0.222,0.222,0.222,10000,0
1416.HK,5,20251202,072000,0.215,0.215,0.214,0.214,300000,0
1416.HK,5,20251202,073500,0.213,0.213,0.212,0.212,100000,0
1416.HK,5,20251202,075500,0.212,0.212,0.212,0.212,20000,0
1416.HK,5,20251202,081000,0.217,0.217,0.216,0.216,10000,0
1416.HK,5,20251203,023000,0.239,0.239,0.239,0.239,10000,0
1416.HK,5,20251203,023500,0.219,0.219,0.218,0.218,140000,0
1416.HK,5,20251203,024000,0.213,0.213,0.213,0.213,20000,0
1416.HK,5,20251203,025000,0.228,0.228,0.228,0.228,30000,0
1416.HK,5,20251203,030000,0.228,0.228,0.228,0.228,20000,0
1416.HK,5,20251203,031000,0.211,0.211,0.208,0.208,180000,0
1416.HK,5,20251203,040000,0.208,0.208,0.208,0.208,40000,0
1416.HK,5,20251203,040500,0.208,0.208,0.208,0.208,60000,0
1416.HK,5,20251203,083000,0.21,0.21,0.21,0.21,10000,0
1416.HK,5,20251203,083500,0.21,0.21,0.21,0.21,20000,0
1416.HK,5,20251203,085000,0.21,0.21,0.21,0.21,50000,0
1416.HK,5,20251204,033500,0.225,0.226,0.225,0.226,120000,0
1416.HK,5,20251204,034000,0.221,0.229,0.221,0.229,80000,0
1416.HK,5,20251204,035000,0.229,0.229,0.229,0.229,150000,0
1416.HK,5,20251204,035500,0.229,0.23,0.229,0.23,370000,0
1416.HK,5,20251204,040000,0.237,0.238,0.23,0.23,130000,0
1416.HK,5,20251204,041000,0.23,0.23,0.23,0.23,20000,0
1416.HK,5,20251204,043500,0.23,0.23,0.23,0.23,20000,0
1416.HK,5,20251204,045000,0.23,0.23,0.229,0.229,30000,0
