<TICKER>,<PER>,<DATE>,<TIME>,<OPEN>,<HIGH>,<LOW>,<CLOSE>,<VOL>,<OPENINT>
1452.HK,5,20250715,044500,0.085,0.085,0.084,0.084,120000,0
1452.HK,5,20250715,055000,0.088,0.093,0.088,0.093,30000,0
1452.HK,5,20250716,041500,0.092,0.092,0.092,0.092,100000,0
1452.HK,5,20250716,095000,0.084,0.09,0.084,0.09,1000,0
1452.HK,5,20250717,084000,0.089,0.089,0.089,0.089,53000,0
1452.HK,5,20250718,052500,0.093,0.093,0.093,0.093,3000,0
1452.HK,5,20250718,055000,0.092,0.092,0.092,0.092,1000,0
1452.HK,5,20250718,073000,0.092,0.092,0.092,0.092,1000,0
1452.HK,5,20250721,073500,0.09,0.09,0.09,0.09,1000,0
1452.HK,5,20250721,095500,0.089,0.089,0.089,0.089,1000,0
1452.HK,5,20250722,033500,0.082,0.082,0.082,0.082,80000,0
1452.HK,5,20250722,052500,0.086,0.086,0.086,0.086,1000,0
1452.HK,5,20250722,093000,0.083,0.083,0.083,0.083,40000,0
1452.HK,5,20250722,093500,0.082,0.082,0.082,0.082,40000,0
1452.HK,5,20250722,094000,0.084,0.085,0.084,0.085,5000,0
1452.HK,5,20250722,095500,0.086,0.086,0.086,0.086,1000,0
1452.HK,5,20250724,073500,0.088,0.093,0.088,0.093,71000,0
1452.HK,5,20250724,095500,0.093,0.097,0.093,0.097,10000,0
1452.HK,5,20250801,093000,0.086,0.095,0.086,0.095,71000,0
1452.HK,5,20250801,095500,0.09,0.09,0.09,0.09,35000,0
1452.HK,5,20250804,033000,0.085,0.085,0.084,0.084,24000,0
1452.HK,5,20250804,035000,0.086,0.086,0.086,0.086,80000,0
1452.HK,5,20250804,070000,0.081,0.081,0.081,0.081,10000,0
1452.HK,5,20250804,071000,0.081,0.081,0.081,0.081,1000,0
1452.HK,5,20250804,073500,0.086,0.086,0.086,0.086,2000,0
1452.HK,5,20250804,093500,0.086,0.092,0.086,0.092,207000,0
1452.HK,5,20250815,033000,0.129,0.129,0.128,0.128,1000,0
1452.HK,5,20250815,035500,0.127,0.127,0.127,0.127,1000,0
1452.HK,5,20250815,040000,0.126,0.128,0.126,0.128,40000,0
1452.HK,5,20250815,040500,0.127,0.127,0.127,0.127,1000,0
1452.HK,5,20250815,044500,0.126,0.127,0.126,0.127,60000,0
1452.HK,5,20250815,045000,0.126,0.138,0.125,0.137,484000,0
1452.HK,5,20250815,045500,0.137,0.138,0.137,0.138,20000,0
1452.HK,5,20250815,050000,0.137,0.137,0.137,0.137,14000,0
1452.HK,5,20250815,052500,0.133,0.137,0.133,0.137,8000,0
1452.HK,5,20250815,055000,0.132,0.132,0.132,0.132,1000,0
1452.HK,5,20250815,095000,0.12,0.129,0.12,0.129,4000,0
1452.HK,5,20250815,095500,0.115,0.128,0.115,0.128,79000,0
1452.HK,5,20250818,033000,0.133,0.138,0.133,0.138,20000,0
1452.HK,5,20250818,045000,0.133,0.136,0.133,0.136,3000,0
1452.HK,5,20250818,050500,0.117,0.135,0.115,0.126,212000,0
1452.HK,5,20250818,070000,0.115,0.121,0.114,0.121,80000,0
1452.HK,5,20250818,073000,0.119,0.136,0.119,0.133,405000,0
1452.HK,5,20250819,074000,0.138,0.138,0.121,0.121,2000,0
1452.HK,5,20250819,074500,0.121,0.121,0.117,0.117,100000,0
1452.HK,5,20250819,080000,0.12,0.12,0.12,0.12,128000,0
1452.HK,5,20250819,081000,0.122,0.132,0.122,0.132,569000,0
1452.HK,5,20250819,095500,0.129,0.13,0.128,0.129,8000,0
1452.HK,5,20250820,033000,0.138,0.138,0.138,0.138,50000,0
1452.HK,5,20250820,033500,0.144,0.145,0.144,0.145,11000,0
1452.HK,5,20250820,034500,0.159,0.159,0.159,0.159,1000,0
1452.HK,5,20250820,035000,0.145,0.156,0.137,0.146,111000,0
1452.HK,5,20250820,035500,0.139,0.146,0.138,0.146,6000,0
1452.HK,5,20250820,040000,0.145,0.15,0.145,0.15,62000,0
1452.HK,5,20250820,040500,0.157,0.157,0.157,0.157,20000,0
1452.HK,5,20250820,041000,0.157,0.157,0.157,0.157,1000,0
1452.HK,5,20250820,041500,0.142,0.155,0.139,0.155,207000,0
1452.HK,5,20250820,042000,0.155,0.155,0.153,0.155,4000,0
1452.HK,5,20250820,050000,0.144,0.144,0.144,0.144,10000,0
1452.HK,5,20250820,050500,0.144,0.15,0.144,0.15,35000,0
1452.HK,5,20250820,052500,0.15,0.15,0.15,0.15,10000,0
1452.HK,5,20250820,053000,0.15,0.15,0.15,0.15,10000,0
1452.HK,5,20250820,071000,0.14,0.149,0.14,0.149,102000,0
1452.HK,5,20250820,071500,0.138,0.149,0.138,0.149,102000,0
1452.HK,5,20250820,075000,0.149,0.149,0.149,0.149,1000,0
1452.HK,5,20250820,091500,0.136,0.147,0.136,0.147,4000,0
1452.HK,5,20250820,095500,0.147,0.147,0.145,0.147,8000,0
1452.HK,5,20250821,033000,0.159,0.165,0.159,0.165,72000,0
1452.HK,5,20250821,034000,0.159,0.165,0.159,0.165,100000,0
1452.HK,5,20250821,040500,0.163,0.163,0.163,0.163,31000,0
1452.HK,5,20250821,042000,0.16,0.162,0.16,0.162,45000,0
1452.HK,5,20250821,043500,0.155,0.162,0.155,0.162,91000,0
1452.HK,5,20250821,051000,0.14,0.14,0.14,0.14,2000,0
1452.HK,5,20250821,051500,0.159,0.16,0.159,0.16,3000,0
1452.HK,5,20250821,054500,0.141,0.158,0.139,0.158,265000,0
1452.HK,5,20250821,070500,0.151,0.155,0.151,0.155,122000,0
1452.HK,5,20250821,071500,0.14,0.154,0.138,0.154,35000,0
1452.HK,5,20250821,072000,0.153,0.154,0.153,0.154,6000,0
1452.HK,5,20250821,072500,0.143,0.155,0.139,0.155,250000,0
1452.HK,5,20250821,075500,0.146,0.15,0.139,0.147,457000,0
1452.HK,5,20250821,080000,0.147,0.154,0.147,0.154,21000,0
1452.HK,5,20250821,080500,0.147,0.153,0.147,0.153,21000,0
1452.HK,5,20250821,081500,0.15,0.155,0.15,0.155,20000,0
1452.HK,5,20250821,095000,0.151,0.152,0.151,0.152,2000,0
1452.HK,5,20250821,095500,0.144,0.144,0.144,0.144,151000,0
1452.HK,5,20250822,034500,0.148,0.158,0.147,0.158,66000,0
1452.HK,5,20250822,035000,0.141,0.15,0.138,0.15,104000,0
1452.HK,5,20250822,035500,0.153,0.154,0.152,0.154,6000,0
1452.HK,5,20250822,043500,0.141,0.153,0.141,0.153,2000,0
1452.HK,5,20250822,044500,0.141,0.149,0.138,0.149,123000,0
1452.HK,5,20250822,045500,0.135,0.149,0.13,0.143,395000,0
1452.HK,5,20250822,050000,0.127,0.132,0.125,0.132,111000,0
1452.HK,5,20250822,055000,0.133,0.134,0.133,0.134,17000,0
1452.HK,5,20250822,055500,0.125,0.128,0.12,0.128,457000,0
1452.HK,5,20250822,070000,0.118,0.119,0.115,0.119,1413000,0
1452.HK,5,20250822,070500,0.119,0.123,0.116,0.123,143000,0
1452.HK,5,20250822,071000,0.116,0.116,0.11,0.114,610000,0
1452.HK,5,20250822,071500,0.112,0.113,0.11,0.113,299000,0
1452.HK,5,20250822,072000,0.112,0.112,0.105,0.105,304000,0
1452.HK,5,20250822,072500,0.107,0.11,0.105,0.11,225000,0
1452.HK,5,20250822,073000,0.11,0.11,0.105,0.109,238000,0
1452.HK,5,20250822,074500,0.108,0.108,0.108,0.108,2000,0
1452.HK,5,20250822,075500,0.108,0.108,0.107,0.107,47000,0
1452.HK,5,20250822,080000,0.109,0.11,0.109,0.11,193000,0
1452.HK,5,20250822,080500,0.112,0.113,0.112,0.113,109000,0
1452.HK,5,20250822,082000,0.111,0.114,0.11,0.114,220000,0
1452.HK,5,20250822,082500,0.113,0.115,0.113,0.114,338000,0
1452.HK,5,20250822,083000,0.114,0.115,0.109,0.11,930000,0
1452.HK,5,20250822,083500,0.112,0.114,0.112,0.114,15000,0
1452.HK,5,20250822,084000,0.114,0.115,0.114,0.115,2000,0
1452.HK,5,20250822,085000,0.115,0.115,0.115,0.115,10000,0
1452.HK,5,20250822,090000,0.112,0.114,0.11,0.114,1101000,0
1452.HK,5,20250822,092000,0.111,0.111,0.111,0.111,90000,0
1452.HK,5,20250822,092500,0.11,0.11,0.11,0.11,26000,0
1452.HK,5,20250822,093000,0.109,0.11,0.10,0.104,3487000,0
1452.HK,5,20250822,093500,0.10,0.103,0.10,0.10,521000,0
1452.HK,5,20250822,094000,0.102,0.102,0.10,0.10,308000,0
1452.HK,5,20250822,094500,0.10,0.102,0.10,0.10,586000,0
1452.HK,5,20250822,095000,0.099,0.102,0.099,0.10,415000,0
1452.HK,5,20250822,095500,0.10,0.10,0.097,0.10,863000,0
1452.HK,5,20250825,033000,0.11,0.11,0.10,0.10,198000,0
1452.HK,5,20250825,035000,0.10,0.102,0.10,0.102,120000,0
1452.HK,5,20250825,035500,0.108,0.108,0.106,0.106,46000,0
1452.HK,5,20250825,040000,0.106,0.108,0.106,0.108,100000,0
1452.HK,5,20250825,040500,0.107,0.107,0.107,0.107,6000,0
1452.HK,5,20250825,042500,0.102,0.104,0.101,0.104,223000,0
1452.HK,5,20250825,052000,0.095,0.102,0.091,0.102,400000,0
1452.HK,5,20250825,070500,0.095,0.096,0.095,0.096,11000,0
1452.HK,5,20250825,071500,0.091,0.096,0.09,0.096,203000,0
1452.HK,5,20250825,073000,0.095,0.097,0.095,0.097,402000,0
1452.HK,5,20250825,074500,0.097,0.097,0.097,0.097,67000,0
1452.HK,5,20250825,075000,0.097,0.097,0.097,0.097,31000,0
1452.HK,5,20250825,080000,0.097,0.10,0.097,0.10,119000,0
1452.HK,5,20250825,084000,0.095,0.095,0.092,0.092,63000,0
1452.HK,5,20250825,084500,0.093,0.098,0.093,0.098,43000,0
1452.HK,5,20250825,091500,0.098,0.098,0.098,0.098,91000,0
1452.HK,5,20250825,092000,0.098,0.099,0.098,0.099,52000,0
1452.HK,5,20250825,094000,0.092,0.092,0.092,0.092,4000,0
1452.HK,5,20250825,094500,0.098,0.098,0.098,0.098,1000,0
1452.HK,5,20250825,095000,0.097,0.099,0.097,0.099,4000,0
1452.HK,5,20250826,033000,0.101,0.105,0.101,0.105,8000,0
1452.HK,5,20250826,050500,0.095,0.097,0.091,0.097,66000,0
1452.HK,5,20250826,074500,0.095,0.097,0.095,0.097,31000,0
1452.HK,5,20250826,075500,0.095,0.097,0.095,0.097,35000,0
1452.HK,5,20250826,095000,0.092,0.097,0.092,0.097,111000,0
1452.HK,5,20250827,034000,0.106,0.106,0.104,0.104,22000,0
1452.HK,5,20250827,042500,0.102,0.102,0.102,0.102,50000,0
1452.HK,5,20250827,044500,0.101,0.101,0.101,0.101,2000,0
1452.HK,5,20250827,053500,0.10,0.10,0.10,0.10,20000,0
1452.HK,5,20250827,054500,0.10,0.10,0.10,0.10,30000,0
1452.HK,5,20250827,055500,0.10,0.10,0.10,0.10,12000,0
1452.HK,5,20250827,094500,0.098,0.098,0.098,0.098,25000,0
1452.HK,5,20250827,095500,0.097,0.097,0.097,0.097,1000,0
1452.HK,5,20250828,091500,0.098,0.099,0.098,0.099,5000,0
1452.HK,5,20250828,092500,0.098,0.098,0.098,0.098,6000,0
1452.HK,5,20250828,095000,0.094,0.096,0.094,0.096,259000,0
1452.HK,5,20250828,095500,0.098,0.098,0.098,0.098,1000,0
1452.HK,5,20250829,043000,0.10,0.101,0.10,0.101,319000,0
1452.HK,5,20250829,043500,0.10,0.102,0.10,0.102,859000,0
1452.HK,5,20250829,044000,0.102,0.102,0.102,0.102,20000,0
1452.HK,5,20250829,050500,0.10,0.10,0.10,0.10,2000,0
1452.HK,5,20250829,051500,0.10,0.10,0.10,0.10,578000,0
1452.HK,5,20250829,052000,0.10,0.10,0.10,0.10,22000,0
1452.HK,5,20250829,053500,0.104,0.104,0.104,0.104,43000,0
1452.HK,5,20250829,054500,0.101,0.101,0.101,0.101,3000,0
1452.HK,5,20250829,055500,0.101,0.101,0.10,0.10,1500000,0
1452.HK,5,20250829,085000,0.10,0.10,0.10,0.10,2000,0
1452.HK,5,20250829,093000,0.099,0.10,0.099,0.10,34000,0
1452.HK,5,20250901,033000,0.102,0.104,0.102,0.104,44000,0
1452.HK,5,20250901,072000,0.095,0.095,0.095,0.095,4000,0
1452.HK,5,20250901,072500,0.103,0.103,0.103,0.103,1000,0
1452.HK,5,20250901,082500,0.10,0.103,0.10,0.102,25000,0
1452.HK,5,20250902,043500,0.102,0.102,0.102,0.102,74000,0
1452.HK,5,20250902,050000,0.101,0.101,0.101,0.101,16000,0
1452.HK,5,20250902,074500,0.10,0.102,0.10,0.102,42000,0
1452.HK,5,20250902,083500,0.101,0.105,0.101,0.105,300000,0
1452.HK,5,20250902,093500,0.096,0.096,0.096,0.096,3000,0
1452.HK,5,20250902,094000,0.103,0.103,0.103,0.103,1000,0
1452.HK,5,20250903,055500,0.102,0.102,0.102,0.102,10000,0
1452.HK,5,20250903,080000,0.096,0.10,0.096,0.10,6000,0
1452.HK,5,20250903,080500,0.101,0.101,0.101,0.101,1000,0
1452.HK,5,20250903,090500,0.101,0.101,0.101,0.101,1000,0
1452.HK,5,20250903,094000,0.096,0.096,0.091,0.095,374000,0
1452.HK,5,20250903,094500,0.093,0.098,0.093,0.098,270000,0
1452.HK,5,20250903,095000,0.096,0.097,0.096,0.097,22000,0
1452.HK,5,20250904,041500,0.101,0.101,0.101,0.101,30000,0
1452.HK,5,20250904,045500,0.10,0.10,0.10,0.10,200000,0
1452.HK,5,20250904,072500,0.10,0.10,0.10,0.10,1000,0
1452.HK,5,20250904,074000,0.10,0.10,0.10,0.10,1000,0
1452.HK,5,20250905,033000,0.093,0.093,0.093,0.093,20000,0
1452.HK,5,20250905,034000,0.093,0.094,0.093,0.094,2000,0
1452.HK,5,20250905,035000,0.093,0.094,0.093,0.094,101000,0
1452.HK,5,20250905,040500,0.091,0.098,0.09,0.098,662000,0
1452.HK,5,20250905,041500,0.094,0.098,0.094,0.098,102000,0
1452.HK,5,20250905,042500,0.093,0.093,0.093,0.093,2000,0
1452.HK,5,20250905,043000,0.097,0.105,0.097,0.104,243000,0
1452.HK,5,20250905,044000,0.102,0.102,0.102,0.102,170000,0
1452.HK,5,20250905,044500,0.101,0.108,0.101,0.108,109000,0
1452.HK,5,20250905,052500,0.098,0.106,0.098,0.106,30000,0
1452.HK,5,20250905,070000,0.105,0.105,0.105,0.105,50000,0
1452.HK,5,20250905,094500,0.104,0.108,0.104,0.108,317000,0
1452.HK,5,20250908,043000,0.107,0.107,0.107,0.107,75000,0
1452.HK,5,20250908,045000,0.109,0.11,0.109,0.11,54000,0
1452.HK,5,20250908,053000,0.109,0.109,0.109,0.109,2000,0
1452.HK,5,20250908,080500,0.108,0.108,0.108,0.108,1000,0
1452.HK,5,20250908,085500,0.10,0.104,0.10,0.104,24000,0
1452.HK,5,20250908,093500,0.102,0.102,0.102,0.102,3000,0
1452.HK,5,20250908,094000,0.104,0.104,0.104,0.104,1000,0
1452.HK,5,20250908,095000,0.105,0.105,0.105,0.105,1000,0
1452.HK,5,20250908,095500,0.105,0.105,0.105,0.105,48000,0
1452.HK,5,20250909,033000,0.105,0.109,0.105,0.109,14000,0
1452.HK,5,20250909,081000,0.10,0.105,0.10,0.105,4000,0
1452.HK,5,20250909,084500,0.107,0.107,0.107,0.107,2000,0
1452.HK,5,20250910,093000,0.104,0.105,0.104,0.105,10000,0
1452.HK,5,20250910,095500,0.096,0.105,0.096,0.105,2000,0
1452.HK,5,20250911,041000,0.104,0.104,0.104,0.104,40000,0
1452.HK,5,20250911,044500,0.097,0.097,0.097,0.097,210000,0
1452.HK,5,20250911,045500,0.101,0.108,0.101,0.108,289000,0
1452.HK,5,20250911,070500,0.099,0.099,0.099,0.099,2000,0
1452.HK,5,20250911,071000,0.105,0.105,0.105,0.105,1000,0
1452.HK,5,20250915,040000,0.107,0.109,0.107,0.109,10000,0
1452.HK,5,20250915,044000,0.108,0.108,0.108,0.108,35000,0
1452.HK,5,20250915,045500,0.106,0.107,0.106,0.106,32000,0
1452.HK,5,20250918,041000,0.104,0.104,0.104,0.104,60000,0
1452.HK,5,20250918,085500,0.104,0.104,0.104,0.104,2000,0
1452.HK,5,20250919,085000,0.103,0.103,0.103,0.103,1000,0
1452.HK,5,20250922,050500,0.103,0.106,0.103,0.106,56000,0
1452.HK,5,20250922,095000,0.104,0.105,0.104,0.105,8000,0
1452.HK,5,20250926,043000,0.109,0.109,0.109,0.109,113000,0
1452.HK,5,20250926,092500,0.108,0.108,0.108,0.108,1000,0
1452.HK,5,20250929,034000,0.105,0.105,0.105,0.105,90000,0
1452.HK,5,20250929,035500,0.103,0.103,0.103,0.103,1000,0
1452.HK,5,20250929,075500,0.102,0.109,0.102,0.108,402000,0
1452.HK,5,20250930,034000,0.099,0.099,0.099,0.099,3000,0
1452.HK,5,20250930,034500,0.108,0.108,0.108,0.108,3000,0
1452.HK,5,20250930,055500,0.10,0.108,0.10,0.108,2000,0
1452.HK,5,20250930,075000,0.10,0.108,0.10,0.108,101000,0
1452.HK,5,20250930,083000,0.107,0.109,0.107,0.108,100000,0
1452.HK,5,20251009,034000,0.113,0.113,0.109,0.109,28000,0
1452.HK,5,20251010,075000,0.109,0.112,0.109,0.112,120000,0
1452.HK,5,20251010,084000,0.101,0.112,0.101,0.111,4000,0
1452.HK,5,20251013,033500,0.111,0.111,0.111,0.111,1195000,0
1452.HK,5,20251013,035000,0.11,0.11,0.11,0.11,21000,0
1452.HK,5,20251013,050000,0.101,0.101,0.101,0.101,2000,0
1452.HK,5,20251013,051000,0.11,0.11,0.11,0.11,1000,0
1452.HK,5,20251013,075000,0.107,0.109,0.107,0.109,68000,0
1452.HK,5,20251013,095500,0.109,0.109,0.109,0.109,12000,0
1452.HK,5,20251015,074500,0.105,0.106,0.105,0.106,2000,0
1452.HK,5,20251015,093000,0.106,0.106,0.106,0.106,1000,0
1452.HK,5,20251020,095500,0.11,0.11,0.099,0.11,13000,0
1452.HK,5,20251022,033000,0.10,0.104,0.10,0.103,100000,0
1452.HK,5,20251022,041000,0.108,0.108,0.108,0.108,1000,0
1452.HK,5,20251022,045000,0.104,0.108,0.104,0.108,51000,0
1452.HK,5,20251022,045500,0.104,0.108,0.104,0.108,2000,0
1452.HK,5,20251022,052000,0.101,0.101,0.101,0.101,3000,0
1452.HK,5,20251022,053000,0.107,0.108,0.107,0.108,4000,0
1452.HK,5,20251022,070000,0.103,0.108,0.103,0.108,62000,0
1452.HK,5,20251022,095500,0.101,0.105,0.10,0.105,252000,0
1452.HK,5,20251023,041500,0.10,0.101,0.10,0.101,70000,0
1452.HK,5,20251023,042000,0.11,0.11,0.11,0.11,6000,0
1452.HK,5,20251023,043000,0.101,0.108,0.101,0.108,202000,0
1452.HK,5,20251023,043500,0.097,0.104,0.097,0.104,50000,0
1452.HK,5,20251023,044500,0.102,0.104,0.102,0.102,45000,0
1452.HK,5,20251027,023500,0.107,0.11,0.107,0.11,16000,0
1452.HK,5,20251027,025000,0.10,0.11,0.10,0.11,501000,0
1452.HK,5,20251027,080500,0.099,0.099,0.099,0.099,1000,0
1452.HK,5,20251027,081000,0.105,0.106,0.105,0.106,2000,0
1452.HK,5,20251027,085000,0.099,0.099,0.099,0.099,19000,0
1452.HK,5,20251027,085500,0.098,0.099,0.098,0.099,61000,0
1452.HK,5,20251028,023000,0.096,0.10,0.096,0.10,51000,0
1452.HK,5,20251028,024500,0.10,0.10,0.10,0.10,20000,0
1452.HK,5,20251028,025000,0.10,0.11,0.10,0.11,49000,0
1452.HK,5,20251028,034000,0.104,0.107,0.104,0.107,53000,0
1452.HK,5,20251028,060000,0.097,0.097,0.097,0.097,500000,0
1452.HK,5,20251028,060500,0.104,0.104,0.104,0.104,2000,0
1452.HK,5,20251028,061500,0.097,0.102,0.097,0.102,151000,0
1452.HK,5,20251028,080000,0.097,0.097,0.097,0.097,10000,0
1452.HK,5,20251028,082000,0.101,0.101,0.101,0.101,1000,0
1452.HK,5,20251028,082500,0.097,0.101,0.097,0.101,2000,0
1452.HK,5,20251028,085000,0.096,0.105,0.096,0.105,322000,0
1452.HK,5,20251028,085500,0.104,0.104,0.104,0.104,62000,0
1452.HK,5,20251030,041500,0.097,0.097,0.096,0.096,16000,0
1452.HK,5,20251030,042000,0.097,0.103,0.097,0.103,30000,0
1452.HK,5,20251030,043000,0.097,0.097,0.097,0.097,20000,0
1452.HK,5,20251030,043500,0.103,0.109,0.103,0.109,12000,0
1452.HK,5,20251030,063500,0.10,0.10,0.10,0.10,1000,0
1452.HK,5,20251030,064000,0.108,0.108,0.108,0.108,1000,0
1452.HK,5,20251030,065000,0.098,0.101,0.095,0.101,1418000,0
1452.HK,5,20251030,070000,0.103,0.103,0.102,0.102,3000,0
1452.HK,5,20251031,043500,0.103,0.11,0.103,0.11,17000,0
1452.HK,5,20251031,044000,0.108,0.108,0.106,0.106,28000,0
1452.HK,5,20251103,040500,0.10,0.10,0.10,0.10,11000,0
1452.HK,5,20251103,041000,0.105,0.105,0.105,0.105,11000,0
1452.HK,5,20251103,042500,0.10,0.10,0.10,0.10,1000,0
1452.HK,5,20251103,043000,0.10,0.105,0.10,0.105,42000,0
1452.HK,5,20251103,043500,0.098,0.102,0.095,0.102,343000,0
1452.HK,5,20251103,044000,0.097,0.099,0.095,0.099,358000,0
1452.HK,5,20251103,071500,0.095,0.095,0.095,0.095,30000,0
1452.HK,5,20251103,072000,0.093,0.093,0.09,0.09,1296000,0
1452.HK,5,20251103,072500,0.09,0.092,0.09,0.092,50000,0
1452.HK,5,20251103,074000,0.09,0.092,0.09,0.092,81000,0
1452.HK,5,20251103,080500,0.09,0.09,0.09,0.09,1000,0
1452.HK,5,20251103,081500,0.088,0.088,0.085,0.088,234000,0
1452.HK,5,20251103,083000,0.086,0.086,0.086,0.086,1000,0
1452.HK,5,20251103,083500,0.086,0.087,0.086,0.087,140000,0
1452.HK,5,20251103,084000,0.087,0.087,0.087,0.087,17000,0
1452.HK,5,20251103,084500,0.087,0.087,0.084,0.084,173000,0
1452.HK,5,20251103,085000,0.084,0.089,0.084,0.088,542000,0
1452.HK,5,20251103,085500,0.087,0.09,0.086,0.09,665000,0
1452.HK,5,20251104,023000,0.09,0.093,0.083,0.089,104000,0
1452.HK,5,20251104,024000,0.087,0.093,0.087,0.093,30000,0
1452.HK,5,20251104,030500,0.091,0.092,0.091,0.092,68000,0
1452.HK,5,20251104,031000,0.092,0.092,0.092,0.092,27000,0
1452.HK,5,20251104,031500,0.086,0.091,0.085,0.091,98000,0
1452.HK,5,20251104,032000,0.09,0.09,0.09,0.09,30000,0
1452.HK,5,20251104,033500,0.088,0.088,0.088,0.088,2000,0
1452.HK,5,20251104,034000,0.089,0.099,0.089,0.099,284000,0
1452.HK,5,20251104,065000,0.092,0.092,0.091,0.091,111000,0
1452.HK,5,20251104,065500,0.09,0.094,0.09,0.094,147000,0
1452.HK,5,20251104,082000,0.091,0.091,0.091,0.091,3000,0
1452.HK,5,20251104,082500,0.093,0.094,0.093,0.094,4000,0
1452.HK,5,20251104,084500,0.094,0.095,0.094,0.094,5000,0
1452.HK,5,20251105,023000,0.093,0.099,0.093,0.099,57000,0
1452.HK,5,20251105,064500,0.089,0.089,0.089,0.089,1000,0
1452.HK,5,20251105,065500,0.09,0.096,0.09,0.096,20000,0
1452.HK,5,20251105,083000,0.095,0.095,0.095,0.095,1000,0
1452.HK,5,20251105,084000,0.094,0.095,0.094,0.095,40000,0
1452.HK,5,20251106,023500,0.094,0.098,0.094,0.098,40000,0
1452.HK,5,20251106,075000,0.089,0.095,0.089,0.095,3000,0
1452.HK,5,20251107,024000,0.094,0.095,0.094,0.095,2000,0
1452.HK,5,20251107,032000,0.095,0.096,0.094,0.095,12000,0
1452.HK,5,20251107,032500,0.098,0.098,0.098,0.098,2000,0
1452.HK,5,20251107,033000,0.096,0.097,0.096,0.097,11000,0
1452.HK,5,20251107,083500,0.095,0.095,0.095,0.095,2000,0
1452.HK,5,20251107,085500,0.096,0.096,0.096,0.096,15000,0
1452.HK,5,20251110,024000,0.095,0.096,0.095,0.096,10000,0
1452.HK,5,20251110,060000,0.095,0.095,0.095,0.095,1000,0
1452.HK,5,20251110,080500,0.094,0.103,0.093,0.10,118000,0
1452.HK,5,20251111,032000,0.095,0.098,0.095,0.098,2000,0
1452.HK,5,20251111,045500,0.092,0.10,0.092,0.10,31000,0
1452.HK,5,20251111,060000,0.099,0.10,0.099,0.10,170000,0
1452.HK,5,20251111,085000,0.099,0.099,0.099,0.099,71000,0
1452.HK,5,20251111,085500,0.10,0.105,0.10,0.105,129000,0
1452.HK,5,20251112,024500,0.11,0.11,0.11,0.11,9000,0
1452.HK,5,20251112,064000,0.10,0.10,0.10,0.10,8000,0
1452.HK,5,20251112,081500,0.108,0.108,0.108,0.108,9000,0
1452.HK,5,20251113,041500,0.107,0.107,0.107,0.107,1000,0
1452.HK,5,20251113,042000,0.107,0.107,0.107,0.107,1000,0
1452.HK,5,20251119,030000,0.096,0.10,0.094,0.099,180000,0
1452.HK,5,20251119,034000,0.102,0.102,0.102,0.102,6000,0
1452.HK,5,20251119,035000,0.102,0.107,0.102,0.107,116000,0
1452.HK,5,20251119,045000,0.099,0.099,0.099,0.099,2000,0
1452.HK,5,20251119,045500,0.102,0.11,0.102,0.108,81000,0
1452.HK,5,20251121,045500,0.115,0.115,0.114,0.115,101000,0
1452.HK,5,20251121,074000,0.113,0.113,0.113,0.113,1000,0
1452.HK,5,20251121,080000,0.105,0.113,0.105,0.113,83000,0
1452.HK,5,20251121,080500,0.11,0.114,0.11,0.113,120000,0
1452.HK,5,20251126,024500,0.11,0.11,0.11,0.11,3000,0
1452.HK,5,20251126,065000,0.097,0.097,0.097,0.097,1000,0
1452.HK,5,20251126,065500,0.107,0.108,0.107,0.108,2000,0
1452.HK,5,20251126,071000,0.10,0.108,0.10,0.108,160000,0
1452.HK,5,20251126,081000,0.108,0.108,0.108,0.108,5000,0
1452.HK,5,20251127,040000,0.109,0.115,0.109,0.115,60000,0
1452.HK,5,20251127,065500,0.112,0.112,0.112,0.112,1000,0
1452.HK,5,20251202,025000,0.116,0.116,0.116,0.116,3000,0
1452.HK,5,20251202,061000,0.10,0.10,0.10,0.10,1000,0
1452.HK,5,20251202,061500,0.105,0.105,0.105,0.105,1000,0
1452.HK,5,20251202,062000,0.10,0.105,0.097,0.105,53000,0
1452.HK,5,20251202,062500,0.104,0.105,0.104,0.105,9000,0
1452.HK,5,20251203,025000,0.108,0.112,0.108,0.112,3000,0
1452.HK,5,20251203,080000,0.11,0.11,0.11,0.11,1000,0
1452.HK,5,20251203,083500,0.11,0.11,0.11,0.11,1000,0
