<TICKER>,<PER>,<DATE>,<TIME>,<OPEN>,<HIGH>,<LOW>,<CLOSE>,<VOL>,<OPENINT>
1455.HK,5,20250709,041000,0.265,0.265,0.26,0.26,980000,0
1455.HK,5,20250709,042000,0.26,0.26,0.26,0.26,30000,0
1455.HK,5,20250709,052500,0.255,0.255,0.255,0.255,10000,0
1455.HK,5,20250709,055000,0.26,0.26,0.26,0.26,100000,0
1455.HK,5,20250709,070000,0.255,0.255,0.255,0.255,25000,0
1455.HK,5,20250709,071000,0.26,0.26,0.26,0.26,5000,0
1455.HK,5,20250709,072500,0.255,0.255,0.255,0.255,15000,0
1455.HK,5,20250709,073500,0.255,0.255,0.255,0.255,25000,0
1455.HK,5,20250709,075500,0.255,0.255,0.255,0.255,50000,0
1455.HK,5,20250709,083000,0.255,0.255,0.255,0.255,50000,0
1455.HK,5,20250709,085000,0.255,0.255,0.255,0.255,265000,0
1455.HK,5,20250709,090500,0.255,0.255,0.255,0.255,15000,0
1455.HK,5,20250709,091000,0.25,0.25,0.25,0.25,45000,0
1455.HK,5,20250709,092000,0.25,0.25,0.25,0.25,550000,0
1455.HK,5,20250709,092500,0.25,0.25,0.25,0.25,50000,0
1455.HK,5,20250709,093000,0.249,0.25,0.249,0.25,35000,0
1455.HK,5,20250709,094000,0.25,0.25,0.25,0.25,10000,0
1455.HK,5,20250709,094500,0.255,0.255,0.25,0.25,110000,0
1455.HK,5,20250709,095500,0.255,0.255,0.255,0.255,40000,0
1455.HK,5,20250710,051000,0.26,0.26,0.26,0.26,60000,0
1455.HK,5,20250710,052000,0.26,0.26,0.26,0.26,160000,0
1455.HK,5,20250710,054500,0.26,0.26,0.26,0.26,100000,0
1455.HK,5,20250710,070000,0.26,0.265,0.26,0.265,300000,0
1455.HK,5,20250710,071000,0.265,0.265,0.265,0.265,170000,0
1455.HK,5,20250710,072000,0.265,0.265,0.265,0.265,150000,0
1455.HK,5,20250710,072500,0.265,0.265,0.265,0.265,10000,0
1455.HK,5,20250710,073000,0.27,0.27,0.27,0.27,275000,0
1455.HK,5,20250710,073500,0.275,0.275,0.275,0.275,160000,0
1455.HK,5,20250710,074000,0.275,0.275,0.275,0.275,60000,0
1455.HK,5,20250710,074500,0.28,0.28,0.28,0.28,20000,0
1455.HK,5,20250710,075500,0.28,0.28,0.28,0.28,415000,0
1455.HK,5,20250710,080500,0.28,0.28,0.28,0.28,10000,0
1455.HK,5,20250710,085000,0.275,0.275,0.275,0.275,15000,0
1455.HK,5,20250710,091500,0.275,0.275,0.275,0.275,40000,0
1455.HK,5,20250710,093500,0.275,0.275,0.275,0.275,80000,0
1455.HK,5,20250710,094000,0.28,0.285,0.28,0.285,445000,0
1455.HK,5,20250710,095500,0.285,0.285,0.285,0.285,430000,0
1455.HK,5,20250714,033000,0.275,0.275,0.275,0.275,45000,0
1455.HK,5,20250714,034000,0.275,0.275,0.275,0.275,145000,0
1455.HK,5,20250714,040500,0.275,0.275,0.275,0.275,50000,0
1455.HK,5,20250714,073000,0.275,0.275,0.275,0.275,25000,0
1455.HK,5,20250714,080000,0.275,0.275,0.275,0.275,100000,0
1455.HK,5,20250714,082000,0.275,0.275,0.275,0.275,20000,0
1455.HK,5,20250714,083000,0.275,0.275,0.275,0.275,40000,0
1455.HK,5,20250714,091500,0.275,0.275,0.275,0.275,30000,0
1455.HK,5,20250714,093500,0.275,0.275,0.275,0.275,100000,0
1455.HK,5,20250715,095000,0.28,0.28,0.28,0.28,10000,0
1455.HK,5,20250716,033000,0.28,0.28,0.28,0.28,30000,0
1455.HK,5,20250716,033500,0.28,0.28,0.28,0.28,100000,0
1455.HK,5,20250716,035000,0.28,0.28,0.28,0.28,50000,0
1455.HK,5,20250716,072000,0.28,0.28,0.28,0.28,15000,0
1455.HK,5,20250717,035000,0.28,0.285,0.28,0.285,140000,0
1455.HK,5,20250717,035500,0.285,0.285,0.285,0.285,60000,0
1455.HK,5,20250717,041000,0.285,0.285,0.285,0.285,320000,0
1455.HK,5,20250717,041500,0.285,0.285,0.285,0.285,125000,0
1455.HK,5,20250717,042500,0.285,0.285,0.285,0.285,215000,0
1455.HK,5,20250717,043000,0.285,0.285,0.285,0.285,100000,0
1455.HK,5,20250717,044500,0.285,0.285,0.285,0.285,5000,0
1455.HK,5,20250717,045000,0.285,0.285,0.285,0.285,45000,0
1455.HK,5,20250717,051500,0.285,0.285,0.285,0.285,50000,0
1455.HK,5,20250717,054500,0.285,0.285,0.285,0.285,500000,0
1455.HK,5,20250717,081000,0.29,0.29,0.29,0.29,265000,0
1455.HK,5,20250717,092500,0.285,0.285,0.285,0.285,185000,0
1455.HK,5,20250718,084500,0.29,0.29,0.29,0.29,50000,0
1455.HK,5,20250718,090500,0.29,0.29,0.29,0.29,30000,0
1455.HK,5,20250718,095500,0.29,0.29,0.29,0.29,105000,0
1455.HK,5,20250721,033500,0.29,0.29,0.29,0.29,20000,0
1455.HK,5,20250721,034000,0.29,0.29,0.29,0.29,60000,0
1455.HK,5,20250721,042500,0.29,0.29,0.29,0.29,90000,0
1455.HK,5,20250721,051000,0.29,0.29,0.29,0.29,50000,0
1455.HK,5,20250721,052000,0.29,0.29,0.29,0.29,100000,0
1455.HK,5,20250721,052500,0.29,0.29,0.29,0.29,20000,0
1455.HK,5,20250721,074000,0.29,0.29,0.29,0.29,30000,0
1455.HK,5,20250721,075500,0.29,0.29,0.29,0.29,10000,0
1455.HK,5,20250721,091000,0.29,0.29,0.29,0.29,50000,0
1455.HK,5,20250722,042000,0.285,0.285,0.285,0.285,100000,0
1455.HK,5,20250722,042500,0.285,0.285,0.285,0.285,40000,0
1455.HK,5,20250722,043000,0.29,0.29,0.29,0.29,20000,0
1455.HK,5,20250722,044500,0.285,0.285,0.285,0.285,100000,0
1455.HK,5,20250722,074000,0.29,0.29,0.29,0.29,30000,0
1455.HK,5,20250722,075000,0.285,0.285,0.285,0.285,200000,0
1455.HK,5,20250722,085500,0.28,0.28,0.28,0.28,100000,0
1455.HK,5,20250722,095500,0.28,0.28,0.28,0.28,10000,0
1455.HK,5,20250723,035000,0.27,0.27,0.27,0.27,55000,0
1455.HK,5,20250723,043500,0.27,0.27,0.27,0.27,190000,0
1455.HK,5,20250723,045500,0.27,0.27,0.27,0.27,100000,0
1455.HK,5,20250723,075000,0.275,0.275,0.275,0.275,10000,0
1455.HK,5,20250723,084000,0.27,0.27,0.27,0.27,20000,0
1455.HK,5,20250723,095500,0.275,0.275,0.275,0.275,10000,0
1455.HK,5,20250724,033000,0.28,0.285,0.28,0.285,100000,0
1455.HK,5,20250724,070000,0.285,0.285,0.285,0.285,90000,0
1455.HK,5,20250724,070500,0.285,0.285,0.285,0.285,15000,0
1455.HK,5,20250724,075500,0.285,0.285,0.285,0.285,5000,0
1455.HK,5,20250724,095500,0.285,0.285,0.285,0.285,75000,0
1455.HK,5,20250725,033500,0.275,0.275,0.275,0.275,15000,0
1455.HK,5,20250725,034000,0.275,0.275,0.275,0.275,20000,0
1455.HK,5,20250725,034500,0.275,0.275,0.275,0.275,100000,0
1455.HK,5,20250725,041000,0.275,0.275,0.275,0.275,115000,0
1455.HK,5,20250725,050500,0.275,0.275,0.275,0.275,20000,0
1455.HK,5,20250725,073000,0.275,0.275,0.275,0.275,510000,0
1455.HK,5,20250725,090000,0.275,0.275,0.275,0.275,5000,0
1455.HK,5,20250725,094500,0.275,0.275,0.275,0.275,10000,0
1455.HK,5,20250728,040500,0.275,0.275,0.275,0.275,310000,0
1455.HK,5,20250728,042500,0.28,0.285,0.28,0.285,645000,0
1455.HK,5,20250728,050000,0.275,0.275,0.275,0.275,200000,0
1455.HK,5,20250728,075500,0.275,0.275,0.275,0.275,20000,0
1455.HK,5,20250728,084000,0.28,0.28,0.275,0.275,110000,0
1455.HK,5,20250728,095500,0.28,0.28,0.275,0.275,390000,0
1455.HK,5,20250729,034500,0.275,0.275,0.275,0.275,370000,0
1455.HK,5,20250729,035000,0.275,0.275,0.275,0.275,200000,0
1455.HK,5,20250729,040500,0.275,0.275,0.275,0.275,50000,0
1455.HK,5,20250729,043000,0.275,0.275,0.275,0.275,5000,0
1455.HK,5,20250729,045000,0.275,0.275,0.275,0.275,45000,0
1455.HK,5,20250729,052500,0.275,0.275,0.275,0.275,60000,0
1455.HK,5,20250729,093000,0.275,0.275,0.275,0.275,5000,0
1455.HK,5,20250729,093500,0.275,0.275,0.275,0.275,15000,0
1455.HK,5,20250729,095500,0.275,0.275,0.275,0.275,15000,0
1455.HK,5,20250730,055500,0.275,0.275,0.275,0.275,50000,0
1455.HK,5,20250730,070000,0.275,0.275,0.275,0.275,180000,0
1455.HK,5,20250730,092500,0.275,0.275,0.275,0.275,100000,0
1455.HK,5,20250731,043500,0.275,0.275,0.275,0.275,665000,0
1455.HK,5,20250731,044000,0.275,0.275,0.275,0.275,140000,0
1455.HK,5,20250731,075000,0.275,0.275,0.275,0.275,240000,0
1455.HK,5,20250731,075500,0.275,0.275,0.275,0.275,95000,0
1455.HK,5,20250731,094500,0.275,0.275,0.275,0.275,15000,0
1455.HK,5,20250731,095500,0.275,0.28,0.275,0.28,95000,0
1455.HK,5,20250801,034000,0.28,0.28,0.275,0.275,20000,0
1455.HK,5,20250801,035000,0.275,0.275,0.275,0.275,50000,0
1455.HK,5,20250801,040500,0.275,0.275,0.275,0.275,5000,0
1455.HK,5,20250801,042000,0.275,0.275,0.275,0.275,110000,0
1455.HK,5,20250801,055000,0.275,0.275,0.275,0.275,95000,0
1455.HK,5,20250801,070000,0.275,0.275,0.275,0.275,30000,0
1455.HK,5,20250801,072500,0.275,0.275,0.275,0.275,80000,0
1455.HK,5,20250801,075000,0.275,0.275,0.275,0.275,5000,0
1455.HK,5,20250801,080500,0.275,0.275,0.275,0.275,190000,0
1455.HK,5,20250801,090500,0.275,0.275,0.275,0.275,50000,0
1455.HK,5,20250801,094000,0.275,0.275,0.275,0.275,20000,0
1455.HK,5,20250804,035000,0.28,0.28,0.28,0.28,325000,0
1455.HK,5,20250804,085000,0.28,0.28,0.28,0.28,675000,0
1455.HK,5,20250804,093000,0.28,0.28,0.28,0.28,320000,0
1455.HK,5,20250805,035500,0.28,0.28,0.28,0.28,5000,0
1455.HK,5,20250805,051000,0.28,0.28,0.28,0.28,50000,0
1455.HK,5,20250805,081500,0.275,0.275,0.275,0.275,50000,0
1455.HK,5,20250805,082000,0.275,0.275,0.275,0.275,5000,0
1455.HK,5,20250805,082500,0.275,0.275,0.275,0.275,120000,0
1455.HK,5,20250806,045000,0.275,0.275,0.275,0.275,5000,0
1455.HK,5,20250806,051500,0.275,0.275,0.275,0.275,135000,0
1455.HK,5,20250806,055500,0.275,0.275,0.275,0.275,150000,0
1455.HK,5,20250806,072000,0.275,0.275,0.275,0.275,100000,0
1455.HK,5,20250806,074000,0.275,0.275,0.275,0.275,10000,0
1455.HK,5,20250806,075000,0.275,0.275,0.275,0.275,270000,0
1455.HK,5,20250806,080000,0.275,0.275,0.275,0.275,100000,0
1455.HK,5,20250806,084000,0.275,0.275,0.275,0.275,120000,0
1455.HK,5,20250807,033000,0.275,0.275,0.275,0.275,500000,0
1455.HK,5,20250807,033500,0.275,0.275,0.275,0.275,15000,0
1455.HK,5,20250807,035000,0.275,0.275,0.275,0.275,5000,0
1455.HK,5,20250807,041000,0.27,0.27,0.27,0.27,100000,0
1455.HK,5,20250807,043000,0.275,0.275,0.275,0.275,25000,0
1455.HK,5,20250807,051000,0.27,0.27,0.27,0.27,40000,0
1455.HK,5,20250807,070000,0.27,0.27,0.27,0.27,35000,0
1455.HK,5,20250807,092500,0.27,0.27,0.27,0.27,50000,0
1455.HK,5,20250807,095500,0.27,0.27,0.27,0.27,5000,0
1455.HK,5,20250808,041500,0.27,0.27,0.27,0.27,35000,0
1455.HK,5,20250808,042000,0.265,0.265,0.265,0.265,150000,0
1455.HK,5,20250808,043500,0.27,0.27,0.27,0.27,50000,0
1455.HK,5,20250808,085000,0.265,0.265,0.265,0.265,145000,0
1455.HK,5,20250808,090500,0.265,0.265,0.265,0.265,50000,0
1455.HK,5,20250808,092500,0.265,0.265,0.265,0.265,100000,0
1455.HK,5,20250808,094500,0.265,0.27,0.265,0.27,230000,0
1455.HK,5,20250808,095500,0.275,0.275,0.275,0.275,85000,0
1455.HK,5,20250815,045500,0.218,0.218,0.218,0.218,200000,0
1455.HK,5,20250815,050000,0.219,0.219,0.219,0.219,300000,0
1455.HK,5,20250815,053000,0.216,0.216,0.216,0.216,90000,0
1455.HK,5,20250815,071500,0.22,0.22,0.22,0.22,5000,0
1455.HK,5,20250815,091000,0.22,0.22,0.22,0.22,100000,0
1455.HK,5,20250815,092000,0.22,0.22,0.22,0.22,40000,0
1455.HK,5,20250815,094500,0.222,0.222,0.222,0.222,5000,0
1455.HK,5,20250815,095500,0.223,0.223,0.223,0.223,5000,0
1455.HK,5,20250818,033000,0.225,0.225,0.225,0.225,50000,0
1455.HK,5,20250818,040500,0.23,0.23,0.23,0.23,355000,0
1455.HK,5,20250818,045500,0.23,0.23,0.23,0.23,125000,0
1455.HK,5,20250818,054500,0.23,0.23,0.23,0.23,150000,0
1455.HK,5,20250818,070000,0.23,0.23,0.23,0.23,90000,0
1455.HK,5,20250818,071000,0.23,0.23,0.23,0.23,160000,0
1455.HK,5,20250818,072500,0.23,0.23,0.23,0.23,25000,0
1455.HK,5,20250818,073000,0.23,0.23,0.23,0.23,25000,0
1455.HK,5,20250818,085500,0.228,0.228,0.228,0.228,355000,0
1455.HK,5,20250818,093000,0.228,0.228,0.227,0.227,35000,0
1455.HK,5,20250818,093500,0.227,0.228,0.227,0.227,110000,0
1455.HK,5,20250819,074500,0.234,0.234,0.234,0.234,45000,0
1455.HK,5,20250819,084000,0.234,0.234,0.234,0.234,10000,0
1455.HK,5,20250819,092000,0.234,0.234,0.233,0.233,15000,0
1455.HK,5,20250820,041000,0.233,0.233,0.221,0.221,295000,0
1455.HK,5,20250820,042500,0.222,0.222,0.222,0.222,100000,0
1455.HK,5,20250820,094000,0.226,0.226,0.226,0.226,65000,0
1455.HK,5,20250820,095000,0.228,0.228,0.228,0.228,205000,0
1455.HK,5,20250820,095500,0.224,0.228,0.224,0.228,5000,0
1455.HK,5,20250821,051500,0.225,0.225,0.224,0.224,45000,0
1455.HK,5,20250821,053000,0.224,0.224,0.224,0.224,15000,0
1455.HK,5,20250821,091000,0.224,0.224,0.224,0.224,30000,0
1455.HK,5,20250822,033500,0.221,0.221,0.221,0.221,5000,0
1455.HK,5,20250822,040000,0.222,0.222,0.221,0.221,65000,0
1455.HK,5,20250822,042500,0.221,0.221,0.221,0.221,100000,0
1455.HK,5,20250822,091000,0.221,0.221,0.221,0.221,55000,0
1455.HK,5,20250822,091500,0.221,0.221,0.221,0.221,45000,0
1455.HK,5,20250822,095500,0.228,0.228,0.228,0.228,5000,0
1455.HK,5,20250825,041000,0.222,0.222,0.222,0.222,20000,0
1455.HK,5,20250825,041500,0.222,0.222,0.221,0.221,120000,0
1455.HK,5,20250825,042000,0.221,0.221,0.221,0.221,300000,0
1455.HK,5,20250825,043500,0.221,0.221,0.221,0.221,80000,0
1455.HK,5,20250825,044000,0.22,0.22,0.22,0.22,925000,0
1455.HK,5,20250825,080000,0.221,0.221,0.221,0.221,25000,0
1455.HK,5,20250825,083000,0.22,0.22,0.22,0.22,160000,0
1455.HK,5,20250825,084000,0.217,0.217,0.217,0.217,5000,0
1455.HK,5,20250825,095500,0.22,0.22,0.22,0.22,10000,0
1455.HK,5,20250826,042500,0.222,0.222,0.222,0.222,150000,0
1455.HK,5,20250826,055000,0.224,0.224,0.224,0.224,85000,0
1455.HK,5,20250826,055500,0.225,0.225,0.224,0.224,95000,0
1455.HK,5,20250826,073000,0.223,0.223,0.222,0.222,180000,0
1455.HK,5,20250826,082500,0.222,0.223,0.222,0.223,160000,0
1455.HK,5,20250826,084000,0.223,0.224,0.223,0.224,45000,0
1455.HK,5,20250826,091000,0.223,0.223,0.223,0.223,20000,0
1455.HK,5,20250826,091500,0.223,0.223,0.223,0.223,25000,0
1455.HK,5,20250826,092000,0.223,0.223,0.223,0.223,25000,0
1455.HK,5,20250826,092500,0.223,0.223,0.223,0.223,25000,0
1455.HK,5,20250826,093000,0.223,0.223,0.223,0.223,105000,0
1455.HK,5,20250826,095000,0.223,0.223,0.223,0.223,50000,0
1455.HK,5,20250827,041000,0.228,0.228,0.228,0.228,235000,0
1455.HK,5,20250827,042000,0.223,0.223,0.223,0.223,5000,0
1455.HK,5,20250827,084000,0.223,0.223,0.223,0.223,275000,0
1455.HK,5,20250827,091000,0.218,0.218,0.218,0.218,60000,0
1455.HK,5,20250827,091500,0.227,0.227,0.226,0.226,5000,0
1455.HK,5,20250828,095000,0.225,0.225,0.224,0.224,70000,0
1455.HK,5,20250829,034000,0.224,0.224,0.224,0.224,70000,0
1455.HK,5,20250829,045000,0.222,0.222,0.222,0.222,5000,0
1455.HK,5,20250829,045500,0.218,0.219,0.218,0.219,20000,0
1455.HK,5,20250829,091500,0.221,0.221,0.221,0.221,25000,0
1455.HK,5,20250829,095500,0.219,0.221,0.219,0.221,10000,0
1455.HK,5,20250901,033500,0.221,0.222,0.221,0.222,55000,0
1455.HK,5,20250901,034500,0.221,0.221,0.22,0.22,25000,0
1455.HK,5,20250901,035000,0.221,0.221,0.221,0.221,5000,0
1455.HK,5,20250901,035500,0.224,0.224,0.224,0.224,120000,0
1455.HK,5,20250901,040000,0.224,0.224,0.224,0.224,5000,0
1455.HK,5,20250901,040500,0.224,0.224,0.224,0.224,90000,0
1455.HK,5,20250901,053000,0.224,0.224,0.224,0.224,50000,0
1455.HK,5,20250901,071000,0.224,0.224,0.224,0.224,10000,0
1455.HK,5,20250901,082000,0.224,0.224,0.224,0.224,50000,0
1455.HK,5,20250901,082500,0.219,0.22,0.219,0.22,370000,0
1455.HK,5,20250902,033500,0.225,0.225,0.225,0.225,25000,0
1455.HK,5,20250902,034500,0.224,0.224,0.224,0.224,5000,0
1455.HK,5,20250902,035000,0.224,0.226,0.224,0.226,545000,0
1455.HK,5,20250902,035500,0.227,0.233,0.227,0.233,885000,0
1455.HK,5,20250902,040000,0.233,0.244,0.233,0.244,540000,0
1455.HK,5,20250902,040500,0.244,0.245,0.24,0.245,290000,0
1455.HK,5,20250902,041000,0.245,0.249,0.245,0.245,195000,0
1455.HK,5,20250902,041500,0.245,0.245,0.24,0.245,535000,0
1455.HK,5,20250902,042000,0.242,0.242,0.241,0.242,260000,0
1455.HK,5,20250902,042500,0.242,0.242,0.242,0.242,30000,0
1455.HK,5,20250902,043500,0.244,0.244,0.244,0.244,45000,0
1455.HK,5,20250902,044500,0.245,0.245,0.245,0.245,255000,0
1455.HK,5,20250902,050500,0.243,0.243,0.243,0.243,20000,0
1455.HK,5,20250902,051000,0.243,0.243,0.243,0.243,5000,0
1455.HK,5,20250902,051500,0.244,0.244,0.244,0.244,35000,0
1455.HK,5,20250902,052000,0.244,0.245,0.244,0.245,170000,0
1455.HK,5,20250902,052500,0.245,0.248,0.245,0.248,135000,0
1455.HK,5,20250902,053000,0.248,0.248,0.248,0.248,20000,0
1455.HK,5,20250902,054000,0.248,0.255,0.248,0.255,315000,0
1455.HK,5,20250902,055000,0.255,0.255,0.255,0.255,35000,0
1455.HK,5,20250902,070000,0.255,0.255,0.25,0.255,250000,0
1455.HK,5,20250902,071500,0.255,0.255,0.255,0.255,5000,0
1455.HK,5,20250902,073000,0.25,0.25,0.25,0.25,40000,0
1455.HK,5,20250902,074500,0.25,0.25,0.248,0.248,20000,0
1455.HK,5,20250902,075000,0.249,0.249,0.248,0.248,100000,0
1455.HK,5,20250902,083500,0.248,0.248,0.247,0.247,15000,0
1455.HK,5,20250902,085000,0.246,0.246,0.246,0.246,25000,0
1455.HK,5,20250902,090000,0.246,0.246,0.245,0.245,20000,0
1455.HK,5,20250902,091000,0.246,0.246,0.246,0.246,5000,0
1455.HK,5,20250902,091500,0.246,0.246,0.246,0.246,15000,0
1455.HK,5,20250902,092000,0.246,0.246,0.246,0.246,25000,0
1455.HK,5,20250902,092500,0.246,0.246,0.246,0.246,20000,0
1455.HK,5,20250902,093000,0.246,0.246,0.246,0.246,20000,0
1455.HK,5,20250902,093500,0.246,0.246,0.246,0.246,15000,0
1455.HK,5,20250902,094500,0.245,0.246,0.245,0.246,35000,0
1455.HK,5,20250902,095000,0.245,0.245,0.245,0.245,10000,0
1455.HK,5,20250902,095500,0.243,0.243,0.243,0.243,5000,0
1455.HK,5,20250903,033500,0.25,0.255,0.25,0.255,340000,0
1455.HK,5,20250903,034000,0.249,0.255,0.249,0.255,135000,0
1455.HK,5,20250903,034500,0.255,0.255,0.255,0.255,95000,0
1455.HK,5,20250903,035000,0.255,0.255,0.255,0.255,245000,0
1455.HK,5,20250903,040000,0.255,0.255,0.255,0.255,35000,0
1455.HK,5,20250903,040500,0.255,0.255,0.255,0.255,5000,0
1455.HK,5,20250903,041000,0.25,0.25,0.25,0.25,80000,0
1455.HK,5,20250903,041500,0.25,0.25,0.25,0.25,90000,0
1455.HK,5,20250903,042000,0.245,0.245,0.245,0.245,75000,0
1455.HK,5,20250903,042500,0.244,0.244,0.244,0.244,5000,0
1455.HK,5,20250903,043000,0.238,0.238,0.234,0.234,305000,0
1455.HK,5,20250903,043500,0.235,0.235,0.235,0.235,140000,0
1455.HK,5,20250903,050000,0.239,0.241,0.239,0.241,80000,0
1455.HK,5,20250903,051500,0.236,0.236,0.236,0.236,5000,0
1455.HK,5,20250903,055500,0.236,0.236,0.236,0.236,70000,0
1455.HK,5,20250903,070000,0.236,0.236,0.235,0.235,135000,0
1455.HK,5,20250903,071000,0.236,0.236,0.236,0.236,45000,0
1455.HK,5,20250903,071500,0.235,0.235,0.235,0.235,270000,0
1455.HK,5,20250903,084500,0.235,0.235,0.235,0.235,10000,0
1455.HK,5,20250903,092500,0.231,0.232,0.231,0.232,50000,0
1455.HK,5,20250903,095500,0.236,0.236,0.236,0.236,5000,0
1455.HK,5,20250904,035500,0.236,0.236,0.236,0.236,50000,0
1455.HK,5,20250904,053500,0.236,0.236,0.236,0.236,30000,0
1455.HK,5,20250904,091000,0.233,0.233,0.233,0.233,25000,0
1455.HK,5,20250905,081500,0.235,0.236,0.235,0.236,10000,0
1455.HK,5,20250905,082000,0.236,0.236,0.236,0.236,40000,0
1455.HK,5,20250905,082500,0.233,0.233,0.233,0.233,10000,0
1455.HK,5,20250905,095000,0.234,0.234,0.234,0.234,25000,0
1455.HK,5,20250908,033500,0.24,0.242,0.24,0.242,55000,0
1455.HK,5,20250908,035000,0.247,0.247,0.247,0.247,50000,0
1455.HK,5,20250908,035500,0.247,0.247,0.247,0.247,100000,0
1455.HK,5,20250908,042500,0.243,0.243,0.243,0.243,20000,0
1455.HK,5,20250908,045000,0.243,0.243,0.243,0.243,5000,0
1455.HK,5,20250908,052000,0.243,0.243,0.243,0.243,5000,0
1455.HK,5,20250908,073000,0.243,0.243,0.243,0.243,50000,0
1455.HK,5,20250908,080000,0.243,0.243,0.243,0.243,75000,0
1455.HK,5,20250908,092000,0.243,0.243,0.243,0.243,25000,0
1455.HK,5,20250908,092500,0.243,0.243,0.243,0.243,15000,0
1455.HK,5,20250908,093000,0.243,0.243,0.243,0.243,25000,0
1455.HK,5,20250909,090000,0.242,0.243,0.242,0.243,15000,0
1455.HK,5,20250910,091500,0.241,0.241,0.241,0.241,35000,0
1455.HK,5,20250910,095000,0.244,0.245,0.244,0.245,20000,0
1455.HK,5,20250911,035500,0.245,0.245,0.245,0.245,50000,0
1455.HK,5,20250911,044500,0.245,0.245,0.245,0.245,5000,0
1455.HK,5,20250911,045500,0.243,0.243,0.243,0.243,40000,0
1455.HK,5,20250911,070500,0.242,0.245,0.242,0.245,195000,0
1455.HK,5,20250912,050000,0.246,0.246,0.246,0.246,20000,0
1455.HK,5,20250912,075500,0.246,0.246,0.246,0.246,100000,0
1455.HK,5,20250912,092000,0.245,0.245,0.245,0.245,100000,0
1455.HK,5,20250912,094500,0.246,0.246,0.246,0.246,20000,0
1455.HK,5,20250912,095000,0.246,0.246,0.246,0.246,95000,0
1455.HK,5,20250915,035500,0.246,0.246,0.246,0.246,105000,0
1455.HK,5,20250915,051500,0.245,0.245,0.245,0.245,15000,0
1455.HK,5,20250915,083500,0.247,0.247,0.247,0.247,10000,0
1455.HK,5,20250915,085000,0.246,0.246,0.246,0.246,30000,0
1455.HK,5,20250915,091000,0.246,0.246,0.246,0.246,100000,0
1455.HK,5,20250915,091500,0.245,0.245,0.245,0.245,140000,0
1455.HK,5,20250915,093000,0.245,0.245,0.243,0.243,30000,0
1455.HK,5,20250915,095000,0.245,0.245,0.245,0.245,35000,0
1455.HK,5,20250916,035000,0.246,0.246,0.246,0.246,200000,0
1455.HK,5,20250916,035500,0.246,0.246,0.246,0.246,75000,0
1455.HK,5,20250916,054500,0.245,0.245,0.245,0.245,70000,0
1455.HK,5,20250916,075000,0.245,0.245,0.245,0.245,60000,0
1455.HK,5,20250916,083500,0.245,0.245,0.245,0.245,70000,0
1455.HK,5,20250917,042500,0.245,0.245,0.245,0.245,5000,0
1455.HK,5,20250917,085000,0.245,0.245,0.245,0.245,20000,0
1455.HK,5,20250918,042000,0.242,0.242,0.242,0.242,385000,0
1455.HK,5,20250918,045500,0.242,0.242,0.242,0.242,35000,0
1455.HK,5,20250918,075500,0.242,0.242,0.242,0.242,100000,0
1455.HK,5,20250918,081000,0.242,0.242,0.242,0.242,75000,0
1455.HK,5,20250919,082500,0.24,0.241,0.24,0.241,5000,0
1455.HK,5,20250922,034000,0.245,0.245,0.245,0.245,35000,0
1455.HK,5,20250922,040500,0.242,0.242,0.242,0.242,100000,0
1455.HK,5,20250922,041500,0.242,0.242,0.242,0.242,215000,0
1455.HK,5,20250922,050500,0.242,0.242,0.242,0.242,85000,0
1455.HK,5,20250922,053000,0.242,0.242,0.242,0.242,285000,0
1455.HK,5,20250922,053500,0.242,0.242,0.242,0.242,200000,0
1455.HK,5,20250922,055500,0.242,0.242,0.242,0.242,10000,0
1455.HK,5,20250922,071500,0.242,0.242,0.242,0.242,40000,0
1455.HK,5,20250922,085500,0.242,0.242,0.242,0.242,10000,0
1455.HK,5,20250923,043000,0.24,0.24,0.24,0.24,30000,0
1455.HK,5,20250923,050000,0.24,0.24,0.24,0.24,25000,0
1455.HK,5,20250923,050500,0.24,0.24,0.24,0.24,5000,0
1455.HK,5,20250924,053000,0.237,0.237,0.237,0.237,10000,0
1455.HK,5,20250924,083000,0.244,0.244,0.244,0.244,30000,0
1455.HK,5,20250924,084500,0.245,0.245,0.245,0.245,45000,0
1455.HK,5,20250924,085000,0.245,0.246,0.245,0.246,130000,0
1455.HK,5,20250924,090000,0.249,0.249,0.249,0.249,70000,0
1455.HK,5,20250924,093000,0.248,0.248,0.248,0.248,20000,0
1455.HK,5,20250924,093500,0.248,0.248,0.248,0.248,55000,0
1455.HK,5,20250925,041000,0.246,0.246,0.245,0.245,100000,0
1455.HK,5,20250925,041500,0.245,0.245,0.245,0.245,5000,0
1455.HK,5,20250925,050500,0.245,0.245,0.245,0.245,40000,0
1455.HK,5,20250925,052500,0.245,0.245,0.245,0.245,30000,0
1455.HK,5,20250925,053500,0.244,0.244,0.244,0.244,10000,0
1455.HK,5,20250925,072000,0.245,0.245,0.245,0.245,40000,0
1455.HK,5,20250925,091500,0.245,0.245,0.245,0.245,5000,0
1455.HK,5,20250925,094000,0.245,0.245,0.245,0.245,100000,0
1455.HK,5,20250926,083000,0.248,0.248,0.248,0.248,25000,0
1455.HK,5,20250926,094500,0.247,0.248,0.247,0.248,45000,0
1455.HK,5,20250926,095500,0.248,0.248,0.248,0.248,20000,0
1455.HK,5,20250929,035500,0.25,0.25,0.25,0.25,5000,0
1455.HK,5,20250929,044500,0.25,0.25,0.25,0.25,130000,0
1455.HK,5,20250929,055500,0.25,0.25,0.25,0.25,50000,0
1455.HK,5,20250929,082000,0.247,0.249,0.246,0.249,35000,0
1455.HK,5,20250930,090500,0.247,0.247,0.247,0.247,10000,0
1455.HK,5,20251002,082000,0.247,0.247,0.246,0.246,80000,0
1455.HK,5,20251003,050000,0.245,0.246,0.245,0.246,125000,0
1455.HK,5,20251006,041500,0.25,0.25,0.25,0.25,50000,0
1455.HK,5,20251006,042000,0.25,0.25,0.25,0.25,20000,0
1455.HK,5,20251006,043500,0.255,0.255,0.255,0.255,15000,0
1455.HK,5,20251006,081000,0.255,0.255,0.255,0.255,565000,0
1455.HK,5,20251006,082500,0.25,0.25,0.25,0.25,20000,0
1455.HK,5,20251006,083500,0.25,0.25,0.25,0.25,30000,0
1455.HK,5,20251006,093000,0.25,0.25,0.25,0.25,95000,0
1455.HK,5,20251006,094000,0.25,0.25,0.25,0.25,5000,0
1455.HK,5,20251008,082000,0.25,0.25,0.25,0.25,115000,0
1455.HK,5,20251009,042500,0.246,0.246,0.245,0.245,40000,0
1455.HK,5,20251009,044000,0.245,0.245,0.245,0.245,5000,0
1455.HK,5,20251009,045000,0.243,0.245,0.243,0.245,60000,0
1455.HK,5,20251009,081500,0.245,0.245,0.245,0.245,20000,0
1455.HK,5,20251009,082000,0.245,0.245,0.245,0.245,85000,0
1455.HK,5,20251009,085500,0.245,0.245,0.245,0.245,180000,0
1455.HK,5,20251009,090500,0.243,0.243,0.243,0.243,5000,0
1455.HK,5,20251009,091500,0.243,0.243,0.243,0.243,75000,0
1455.HK,5,20251009,095500,0.241,0.241,0.241,0.241,5000,0
1455.HK,5,20251010,040500,0.255,0.26,0.25,0.25,95000,0
1455.HK,5,20251010,044500,0.24,0.242,0.24,0.242,40000,0
1455.HK,5,20251010,050500,0.244,0.244,0.244,0.244,45000,0
1455.HK,5,20251014,045000,0.243,0.244,0.243,0.244,45000,0
1455.HK,5,20251014,050500,0.244,0.244,0.24,0.24,140000,0
1455.HK,5,20251014,071500,0.242,0.242,0.242,0.242,10000,0
1455.HK,5,20251014,080000,0.242,0.242,0.242,0.242,5000,0
1455.HK,5,20251014,093500,0.241,0.241,0.24,0.24,65000,0
1455.HK,5,20251015,035000,0.24,0.24,0.239,0.239,60000,0
1455.HK,5,20251015,045500,0.239,0.239,0.238,0.238,280000,0
1455.HK,5,20251015,075500,0.239,0.239,0.239,0.239,325000,0
1455.HK,5,20251015,091000,0.238,0.238,0.238,0.238,45000,0
1455.HK,5,20251015,092500,0.235,0.235,0.235,0.235,50000,0
1455.HK,5,20251015,093000,0.236,0.236,0.235,0.235,60000,0
1455.HK,5,20251015,093500,0.235,0.235,0.235,0.235,5000,0
1455.HK,5,20251016,040500,0.237,0.237,0.237,0.237,50000,0
1455.HK,5,20251016,041000,0.237,0.237,0.237,0.237,5000,0
1455.HK,5,20251016,041500,0.239,0.239,0.239,0.239,35000,0
1455.HK,5,20251016,043000,0.239,0.239,0.239,0.239,50000,0
1455.HK,5,20251016,043500,0.238,0.238,0.235,0.235,50000,0
1455.HK,5,20251016,055500,0.238,0.239,0.238,0.239,30000,0
1455.HK,5,20251016,075000,0.236,0.236,0.236,0.236,15000,0
1455.HK,5,20251016,092000,0.238,0.238,0.238,0.238,25000,0
1455.HK,5,20251017,040500,0.238,0.238,0.238,0.238,205000,0
1455.HK,5,20251017,052000,0.239,0.239,0.239,0.239,25000,0
1455.HK,5,20251017,053000,0.238,0.238,0.238,0.238,90000,0
1455.HK,5,20251017,080500,0.236,0.236,0.236,0.236,85000,0
1455.HK,5,20251017,085500,0.236,0.236,0.236,0.236,15000,0
1455.HK,5,20251017,095000,0.236,0.236,0.236,0.236,10000,0
1455.HK,5,20251020,040000,0.239,0.239,0.239,0.239,45000,0
1455.HK,5,20251020,041500,0.238,0.239,0.238,0.239,120000,0
1455.HK,5,20251020,042500,0.239,0.239,0.239,0.239,305000,0
1455.HK,5,20251020,044000,0.238,0.238,0.238,0.238,5000,0
1455.HK,5,20251020,045500,0.238,0.238,0.238,0.238,10000,0
1455.HK,5,20251020,050000,0.239,0.239,0.239,0.239,35000,0
1455.HK,5,20251021,080500,0.235,0.235,0.235,0.235,45000,0
1455.HK,5,20251021,084500,0.234,0.234,0.234,0.234,10000,0
1455.HK,5,20251021,095500,0.231,0.231,0.231,0.231,20000,0
1455.HK,5,20251022,050000,0.231,0.231,0.231,0.231,35000,0
1455.HK,5,20251022,070000,0.231,0.231,0.231,0.231,5000,0
1455.HK,5,20251022,072500,0.237,0.237,0.237,0.237,40000,0
1455.HK,5,20251022,073000,0.237,0.237,0.237,0.237,10000,0
1455.HK,5,20251022,074000,0.231,0.231,0.231,0.231,50000,0
1455.HK,5,20251022,075000,0.237,0.237,0.237,0.237,20000,0
1455.HK,5,20251022,092000,0.237,0.237,0.237,0.237,10000,0
1455.HK,5,20251022,094000,0.231,0.231,0.23,0.231,395000,0
1455.HK,5,20251023,074500,0.226,0.229,0.226,0.229,30000,0
1455.HK,5,20251030,023000,0.214,0.214,0.207,0.207,190000,0
1455.HK,5,20251030,023500,0.206,0.207,0.204,0.207,350000,0
1455.HK,5,20251030,024000,0.205,0.212,0.204,0.212,415000,0
1455.HK,5,20251030,024500,0.211,0.211,0.211,0.211,40000,0
1455.HK,5,20251030,025500,0.21,0.21,0.21,0.21,55000,0
1455.HK,5,20251030,031000,0.21,0.21,0.21,0.21,70000,0
1455.HK,5,20251030,031500,0.21,0.21,0.21,0.21,70000,0
1455.HK,5,20251030,032000,0.21,0.21,0.21,0.21,130000,0
1455.HK,5,20251030,033000,0.209,0.209,0.209,0.209,45000,0
1455.HK,5,20251030,033500,0.209,0.209,0.209,0.209,25000,0
1455.HK,5,20251030,035000,0.209,0.209,0.209,0.209,5000,0
1455.HK,5,20251030,041000,0.209,0.209,0.209,0.209,20000,0
1455.HK,5,20251030,042500,0.209,0.209,0.209,0.209,5000,0
1455.HK,5,20251030,043500,0.209,0.209,0.209,0.209,5000,0
1455.HK,5,20251030,044500,0.209,0.209,0.209,0.209,60000,0
1455.HK,5,20251030,045000,0.209,0.209,0.209,0.209,5000,0
1455.HK,5,20251030,061000,0.209,0.209,0.209,0.209,30000,0
1455.HK,5,20251030,063000,0.208,0.208,0.206,0.206,140000,0
1455.HK,5,20251030,065500,0.207,0.207,0.207,0.207,20000,0
1455.HK,5,20251030,073000,0.207,0.207,0.207,0.207,70000,0
1455.HK,5,20251030,075500,0.207,0.207,0.207,0.207,15000,0
1455.HK,5,20251030,082000,0.208,0.208,0.208,0.208,5000,0
1455.HK,5,20251030,085500,0.211,0.211,0.207,0.207,200000,0
1455.HK,5,20251031,023000,0.209,0.212,0.209,0.212,190000,0
1455.HK,5,20251031,025500,0.21,0.21,0.21,0.21,50000,0
1455.HK,5,20251031,030500,0.21,0.21,0.21,0.21,60000,0
1455.HK,5,20251031,033000,0.211,0.211,0.211,0.211,100000,0
1455.HK,5,20251103,040500,0.212,0.212,0.212,0.212,100000,0
1455.HK,5,20251103,081000,0.212,0.212,0.212,0.212,80000,0
1455.HK,5,20251103,081500,0.212,0.212,0.212,0.212,20000,0
1455.HK,5,20251104,060000,0.215,0.215,0.215,0.215,15000,0
1455.HK,5,20251104,063000,0.22,0.22,0.22,0.22,920000,0
1455.HK,5,20251104,065000,0.221,0.221,0.221,0.221,5000,0
1455.HK,5,20251104,072500,0.223,0.226,0.223,0.226,75000,0
1455.HK,5,20251104,083500,0.221,0.221,0.221,0.221,190000,0
1455.HK,5,20251104,085500,0.221,0.221,0.221,0.221,35000,0
1455.HK,5,20251105,023000,0.221,0.221,0.221,0.221,60000,0
1455.HK,5,20251105,033000,0.222,0.222,0.222,0.222,10000,0
1455.HK,5,20251105,083000,0.217,0.217,0.217,0.217,10000,0
1455.HK,5,20251106,063500,0.229,0.229,0.228,0.229,50000,0
1455.HK,5,20251106,064000,0.23,0.23,0.229,0.229,100000,0
1455.HK,5,20251107,033000,0.221,0.221,0.221,0.221,365000,0
1455.HK,5,20251110,041000,0.22,0.22,0.22,0.22,40000,0
1455.HK,5,20251110,060000,0.22,0.22,0.22,0.22,120000,0
1455.HK,5,20251110,060500,0.22,0.22,0.22,0.22,35000,0
1455.HK,5,20251110,085500,0.22,0.22,0.22,0.22,80000,0
1455.HK,5,20251113,070000,0.22,0.22,0.22,0.22,70000,0
1455.HK,5,20251114,035500,0.226,0.226,0.226,0.226,40000,0
1455.HK,5,20251114,040000,0.226,0.226,0.226,0.226,10000,0
1455.HK,5,20251114,040500,0.226,0.226,0.226,0.226,5000,0
1455.HK,5,20251114,075000,0.215,0.218,0.215,0.218,50000,0
1455.HK,5,20251117,023500,0.219,0.219,0.219,0.219,55000,0
1455.HK,5,20251118,040000,0.218,0.218,0.218,0.218,50000,0
1455.HK,5,20251118,041000,0.218,0.218,0.218,0.218,25000,0
1455.HK,5,20251118,043000,0.217,0.217,0.217,0.217,60000,0
1455.HK,5,20251118,072000,0.218,0.218,0.218,0.218,50000,0
1455.HK,5,20251118,075000,0.217,0.217,0.217,0.217,175000,0
1455.HK,5,20251118,084000,0.217,0.217,0.217,0.217,70000,0
1455.HK,5,20251118,085500,0.21,0.216,0.21,0.216,5000,0
1455.HK,5,20251120,025000,0.218,0.218,0.218,0.218,5000,0
1455.HK,5,20251120,030000,0.22,0.22,0.22,0.22,50000,0
1455.HK,5,20251120,033000,0.222,0.222,0.222,0.222,20000,0
1455.HK,5,20251120,060000,0.222,0.222,0.222,0.222,50000,0
1455.HK,5,20251120,065000,0.224,0.224,0.224,0.224,20000,0
1455.HK,5,20251120,070500,0.224,0.225,0.224,0.225,100000,0
1455.HK,5,20251120,071000,0.225,0.225,0.225,0.225,20000,0
1455.HK,5,20251120,072500,0.225,0.225,0.225,0.225,5000,0
1455.HK,5,20251121,023500,0.223,0.225,0.223,0.225,40000,0
1455.HK,5,20251121,024500,0.225,0.225,0.225,0.225,20000,0
1455.HK,5,20251121,040500,0.22,0.22,0.22,0.22,60000,0
1455.HK,5,20251121,063000,0.218,0.218,0.218,0.218,40000,0
1455.HK,5,20251121,064500,0.218,0.218,0.218,0.218,15000,0
1455.HK,5,20251121,070500,0.218,0.218,0.218,0.218,15000,0
1455.HK,5,20251121,083000,0.218,0.218,0.218,0.218,30000,0
1455.HK,5,20251121,085500,0.212,0.218,0.212,0.218,5000,0
1455.HK,5,20251124,023500,0.22,0.22,0.22,0.22,25000,0
1455.HK,5,20251124,042500,0.22,0.22,0.22,0.22,90000,0
1455.HK,5,20251124,044500,0.22,0.22,0.22,0.22,210000,0
1455.HK,5,20251124,060000,0.22,0.22,0.22,0.22,10000,0
1455.HK,5,20251124,061500,0.22,0.22,0.22,0.22,10000,0
1455.HK,5,20251124,063000,0.22,0.22,0.22,0.22,60000,0
1455.HK,5,20251125,023500,0.229,0.229,0.229,0.229,25000,0
1455.HK,5,20251125,024500,0.225,0.225,0.225,0.225,15000,0
1455.HK,5,20251125,071000,0.222,0.222,0.222,0.222,10000,0
1455.HK,5,20251125,073000,0.223,0.223,0.223,0.223,20000,0
1455.HK,5,20251125,075000,0.222,0.222,0.222,0.222,5000,0
1455.HK,5,20251126,041500,0.222,0.222,0.222,0.222,20000,0
1455.HK,5,20251128,062500,0.223,0.223,0.223,0.223,5000,0
1455.HK,5,20251128,065000,0.223,0.223,0.223,0.223,5000,0
1455.HK,5,20251128,073000,0.23,0.23,0.23,0.23,10000,0
1455.HK,5,20251128,083500,0.225,0.225,0.225,0.225,35000,0
1455.HK,5,20251128,084000,0.23,0.23,0.23,0.23,20000,0
1455.HK,5,20251201,025000,0.229,0.229,0.229,0.229,20000,0
1455.HK,5,20251201,075500,0.226,0.226,0.226,0.226,100000,0
1455.HK,5,20251201,085000,0.226,0.226,0.226,0.226,10000,0
1455.HK,5,20251202,023500,0.232,0.232,0.232,0.232,25000,0
1455.HK,5,20251202,062500,0.229,0.229,0.229,0.229,5000,0
1455.HK,5,20251203,023500,0.231,0.231,0.231,0.231,25000,0
1455.HK,5,20251203,075000,0.23,0.23,0.23,0.23,5000,0
1455.HK,5,20251203,085500,0.228,0.228,0.227,0.227,100000,0
1455.HK,5,20251204,023500,0.231,0.231,0.231,0.231,25000,0
1455.HK,5,20251204,060000,0.228,0.228,0.228,0.228,10000,0
1455.HK,5,20251204,061500,0.228,0.228,0.228,0.228,15000,0
1455.HK,5,20251204,065000,0.228,0.228,0.228,0.228,5000,0
1455.HK,5,20251204,071500,0.228,0.228,0.226,0.226,100000,0
1455.HK,5,20251204,073000,0.226,0.226,0.226,0.226,5000,0
1455.HK,5,20251204,082000,0.225,0.225,0.225,0.225,65000,0
