<TICKER>,<PER>,<DATE>,<TIME>,<OPEN>,<HIGH>,<LOW>,<CLOSE>,<VOL>,<OPENINT>
1710.HK,5,20250710,093000,0.139,0.139,0.139,0.139,16000,0
1710.HK,5,20250714,090500,0.141,0.141,0.141,0.141,216000,0
1710.HK,5,20250714,092500,0.14,0.14,0.14,0.14,12000,0
1710.HK,5,20250715,043500,0.14,0.14,0.14,0.14,4000,0
1710.HK,5,20250715,050500,0.14,0.14,0.14,0.14,200000,0
1710.HK,5,20250715,053500,0.14,0.14,0.14,0.14,24000,0
1710.HK,5,20250715,091500,0.139,0.139,0.139,0.139,100000,0
1710.HK,5,20250715,093000,0.139,0.14,0.139,0.14,12000,0
1710.HK,5,20250717,033500,0.137,0.137,0.136,0.136,120000,0
1710.HK,5,20250717,034000,0.14,0.142,0.14,0.142,16000,0
1710.HK,5,20250717,034500,0.136,0.136,0.136,0.136,20000,0
1710.HK,5,20250717,035000,0.14,0.141,0.14,0.141,24000,0
1710.HK,5,20250717,070500,0.14,0.14,0.14,0.14,80000,0
1710.HK,5,20250718,070000,0.14,0.14,0.14,0.14,24000,0
1710.HK,5,20250718,073500,0.137,0.137,0.137,0.137,4000,0
1710.HK,5,20250718,092000,0.141,0.141,0.141,0.141,24000,0
1710.HK,5,20250721,040500,0.145,0.145,0.144,0.144,60000,0
1710.HK,5,20250723,033500,0.144,0.144,0.143,0.143,24000,0
1710.HK,5,20250724,035000,0.143,0.143,0.143,0.143,24000,0
1710.HK,5,20250724,035500,0.144,0.144,0.143,0.143,64000,0
1710.HK,5,20250725,040500,0.141,0.141,0.141,0.141,320000,0
1710.HK,5,20250725,052500,0.141,0.141,0.141,0.141,20000,0
1710.HK,5,20250725,070000,0.141,0.141,0.141,0.141,20000,0
1710.HK,5,20250725,071000,0.141,0.141,0.141,0.141,8000,0
1710.HK,5,20250725,085000,0.141,0.141,0.141,0.141,100000,0
1710.HK,5,20250725,095500,0.141,0.142,0.141,0.142,220000,0
1710.HK,5,20250728,034500,0.144,0.144,0.144,0.144,360000,0
1710.HK,5,20250728,035500,0.144,0.144,0.144,0.144,40000,0
1710.HK,5,20250728,091000,0.144,0.145,0.144,0.145,180000,0
1710.HK,5,20250728,091500,0.146,0.146,0.145,0.145,104000,0
1710.HK,5,20250728,092000,0.146,0.146,0.146,0.146,100000,0
1710.HK,5,20250728,095000,0.146,0.146,0.146,0.146,44000,0
1710.HK,5,20250729,080000,0.145,0.145,0.145,0.145,48000,0
1710.HK,5,20250729,081500,0.145,0.145,0.145,0.145,100000,0
1710.HK,5,20250729,082500,0.145,0.145,0.145,0.145,132000,0
1710.HK,5,20250729,083000,0.145,0.145,0.145,0.145,60000,0
1710.HK,5,20250729,094000,0.144,0.145,0.144,0.145,524000,0
1710.HK,5,20250729,095000,0.145,0.145,0.145,0.145,140000,0
1710.HK,5,20250730,034000,0.149,0.149,0.149,0.149,48000,0
1710.HK,5,20250730,034500,0.149,0.149,0.149,0.149,152000,0
1710.HK,5,20250730,035500,0.149,0.149,0.149,0.149,100000,0
1710.HK,5,20250730,040000,0.149,0.149,0.149,0.149,380000,0
1710.HK,5,20250730,040500,0.15,0.16,0.15,0.16,532000,0
1710.HK,5,20250730,041000,0.158,0.16,0.158,0.159,1108000,0
1710.HK,5,20250730,041500,0.159,0.159,0.159,0.159,140000,0
1710.HK,5,20250730,042500,0.16,0.161,0.16,0.161,504000,0
1710.HK,5,20250730,043000,0.161,0.163,0.161,0.161,1104000,0
1710.HK,5,20250730,043500,0.163,0.164,0.163,0.163,172000,0
1710.HK,5,20250730,044000,0.164,0.18,0.164,0.18,1264000,0
1710.HK,5,20250730,044500,0.18,0.191,0.18,0.182,700000,0
1710.HK,5,20250730,045000,0.182,0.185,0.181,0.185,20000,0
1710.HK,5,20250730,045500,0.183,0.184,0.183,0.183,132000,0
1710.HK,5,20250730,050500,0.179,0.179,0.175,0.177,280000,0
1710.HK,5,20250730,051000,0.175,0.176,0.172,0.172,292000,0
1710.HK,5,20250730,051500,0.178,0.179,0.178,0.178,220000,0
1710.HK,5,20250730,052000,0.175,0.178,0.175,0.178,232000,0
1710.HK,5,20250730,052500,0.18,0.18,0.18,0.18,160000,0
1710.HK,5,20250730,053000,0.18,0.18,0.18,0.18,104000,0
1710.HK,5,20250730,053500,0.177,0.177,0.177,0.177,140000,0
1710.HK,5,20250730,054500,0.177,0.177,0.174,0.174,112000,0
1710.HK,5,20250730,055000,0.173,0.173,0.173,0.173,16000,0
1710.HK,5,20250730,055500,0.173,0.173,0.173,0.173,8000,0
1710.HK,5,20250730,070000,0.173,0.173,0.17,0.17,336000,0
1710.HK,5,20250730,071500,0.175,0.175,0.175,0.175,40000,0
1710.HK,5,20250730,072000,0.173,0.173,0.173,0.173,4000,0
1710.HK,5,20250730,072500,0.177,0.177,0.177,0.177,4000,0
1710.HK,5,20250730,073000,0.177,0.177,0.177,0.177,36000,0
1710.HK,5,20250730,073500,0.177,0.178,0.177,0.178,128000,0
1710.HK,5,20250730,074000,0.178,0.178,0.178,0.178,20000,0
1710.HK,5,20250730,080500,0.175,0.175,0.175,0.175,12000,0
1710.HK,5,20250730,081000,0.175,0.175,0.172,0.172,84000,0
1710.HK,5,20250730,081500,0.171,0.171,0.17,0.17,88000,0
1710.HK,5,20250730,082000,0.171,0.171,0.17,0.17,80000,0
1710.HK,5,20250730,082500,0.17,0.17,0.17,0.17,8000,0
1710.HK,5,20250730,085000,0.17,0.17,0.167,0.167,268000,0
1710.HK,5,20250730,085500,0.168,0.17,0.167,0.17,176000,0
1710.HK,5,20250730,091500,0.173,0.173,0.173,0.173,48000,0
1710.HK,5,20250730,092000,0.175,0.177,0.175,0.177,56000,0
1710.HK,5,20250730,092500,0.172,0.172,0.172,0.172,20000,0
1710.HK,5,20250730,094000,0.172,0.172,0.172,0.172,40000,0
1710.HK,5,20250730,095000,0.172,0.172,0.172,0.172,40000,0
1710.HK,5,20250731,034000,0.172,0.172,0.172,0.172,24000,0
1710.HK,5,20250731,040000,0.174,0.175,0.174,0.175,24000,0
1710.HK,5,20250731,040500,0.168,0.168,0.168,0.168,16000,0
1710.HK,5,20250731,041500,0.172,0.172,0.172,0.172,24000,0
1710.HK,5,20250731,043500,0.17,0.17,0.17,0.17,16000,0
1710.HK,5,20250731,044000,0.168,0.168,0.168,0.168,20000,0
1710.HK,5,20250731,044500,0.167,0.173,0.167,0.173,152000,0
1710.HK,5,20250731,072500,0.168,0.168,0.168,0.168,60000,0
1710.HK,5,20250731,073000,0.168,0.168,0.167,0.167,144000,0
1710.HK,5,20250731,075500,0.167,0.167,0.167,0.167,172000,0
1710.HK,5,20250731,082000,0.167,0.167,0.167,0.167,32000,0
1710.HK,5,20250731,085000,0.169,0.169,0.169,0.169,60000,0
1710.HK,5,20250731,085500,0.167,0.167,0.167,0.167,24000,0
1710.HK,5,20250731,093000,0.167,0.167,0.167,0.167,16000,0
1710.HK,5,20250801,034000,0.166,0.166,0.164,0.164,52000,0
1710.HK,5,20250801,042000,0.161,0.161,0.161,0.161,4000,0
1710.HK,5,20250801,042500,0.165,0.165,0.165,0.165,24000,0
1710.HK,5,20250801,054500,0.162,0.162,0.161,0.162,320000,0
1710.HK,5,20250801,071500,0.161,0.161,0.159,0.159,184000,0
1710.HK,5,20250801,073500,0.157,0.157,0.157,0.157,112000,0
1710.HK,5,20250801,075000,0.161,0.161,0.161,0.161,8000,0
1710.HK,5,20250801,080500,0.158,0.158,0.156,0.156,136000,0
1710.HK,5,20250801,081000,0.16,0.16,0.16,0.16,24000,0
1710.HK,5,20250801,081500,0.156,0.156,0.156,0.156,100000,0
1710.HK,5,20250801,082500,0.159,0.159,0.159,0.159,32000,0
1710.HK,5,20250801,095500,0.16,0.16,0.16,0.16,8000,0
1710.HK,5,20250804,040000,0.16,0.16,0.16,0.16,4000,0
1710.HK,5,20250804,041000,0.161,0.163,0.161,0.163,24000,0
1710.HK,5,20250804,070000,0.162,0.162,0.162,0.162,4000,0
1710.HK,5,20250804,071000,0.162,0.162,0.162,0.162,200000,0
1710.HK,5,20250804,090000,0.161,0.161,0.161,0.161,8000,0
1710.HK,5,20250804,090500,0.161,0.161,0.161,0.161,8000,0
1710.HK,5,20250805,053000,0.161,0.161,0.161,0.161,60000,0
1710.HK,5,20250805,081500,0.162,0.162,0.162,0.162,24000,0
1710.HK,5,20250807,045000,0.158,0.16,0.158,0.16,52000,0
1710.HK,5,20250807,045500,0.16,0.16,0.16,0.16,348000,0
1710.HK,5,20250807,054000,0.159,0.16,0.159,0.16,24000,0
1710.HK,5,20250807,055500,0.159,0.159,0.159,0.159,400000,0
1710.HK,5,20250807,070500,0.16,0.16,0.16,0.16,24000,0
1710.HK,5,20250807,073000,0.16,0.16,0.16,0.16,20000,0
1710.HK,5,20250807,073500,0.161,0.163,0.161,0.162,68000,0
1710.HK,5,20250808,041000,0.163,0.165,0.163,0.163,24000,0
1710.HK,5,20250815,045500,0.163,0.163,0.163,0.163,24000,0
1710.HK,5,20250815,050500,0.161,0.161,0.161,0.161,56000,0
1710.HK,5,20250815,091000,0.162,0.162,0.162,0.162,20000,0
1710.HK,5,20250818,034500,0.158,0.162,0.156,0.162,204000,0
1710.HK,5,20250818,042500,0.161,0.161,0.161,0.161,32000,0
1710.HK,5,20250818,043000,0.162,0.162,0.162,0.162,4000,0
1710.HK,5,20250818,045000,0.157,0.162,0.156,0.162,400000,0
1710.HK,5,20250818,074000,0.16,0.161,0.16,0.161,48000,0
1710.HK,5,20250818,084000,0.157,0.157,0.155,0.155,148000,0
1710.HK,5,20250818,085000,0.16,0.161,0.16,0.161,36000,0
1710.HK,5,20250818,090000,0.154,0.154,0.154,0.154,16000,0
1710.HK,5,20250818,091500,0.154,0.161,0.15,0.15,1404000,0
1710.HK,5,20250818,092000,0.158,0.158,0.15,0.15,1004000,0
1710.HK,5,20250818,092500,0.153,0.157,0.15,0.15,148000,0
1710.HK,5,20250818,093500,0.15,0.15,0.15,0.15,68000,0
1710.HK,5,20250818,095000,0.15,0.15,0.149,0.149,160000,0
1710.HK,5,20250818,095500,0.149,0.15,0.148,0.15,52000,0
1710.HK,5,20250819,033500,0.155,0.156,0.155,0.155,212000,0
1710.HK,5,20250819,034000,0.155,0.155,0.155,0.155,312000,0
1710.HK,5,20250819,040000,0.149,0.149,0.149,0.149,72000,0
1710.HK,5,20250819,040500,0.149,0.154,0.149,0.154,544000,0
1710.HK,5,20250819,044500,0.154,0.156,0.154,0.156,200000,0
1710.HK,5,20250819,055500,0.154,0.154,0.154,0.154,52000,0
1710.HK,5,20250819,074500,0.155,0.155,0.155,0.155,4000,0
1710.HK,5,20250819,075000,0.151,0.151,0.149,0.149,1020000,0
1710.HK,5,20250819,075500,0.15,0.15,0.15,0.15,276000,0
1710.HK,5,20250819,080000,0.154,0.154,0.154,0.154,12000,0
1710.HK,5,20250819,091000,0.154,0.157,0.154,0.157,312000,0
1710.HK,5,20250819,092000,0.158,0.158,0.158,0.158,136000,0
1710.HK,5,20250819,093500,0.158,0.158,0.158,0.158,100000,0
1710.HK,5,20250819,095000,0.158,0.158,0.158,0.158,80000,0
1710.HK,5,20250819,095500,0.157,0.157,0.157,0.157,144000,0
1710.HK,5,20250820,035500,0.151,0.151,0.151,0.151,12000,0
1710.HK,5,20250820,072000,0.155,0.155,0.155,0.155,252000,0
1710.HK,5,20250821,034000,0.159,0.159,0.15,0.15,840000,0
1710.HK,5,20250821,043000,0.154,0.155,0.154,0.155,140000,0
1710.HK,5,20250821,054500,0.155,0.155,0.155,0.155,44000,0
1710.HK,5,20250821,082500,0.154,0.155,0.154,0.155,72000,0
1710.HK,5,20250821,083000,0.155,0.155,0.154,0.154,136000,0
1710.HK,5,20250821,084000,0.154,0.154,0.154,0.154,144000,0
1710.HK,5,20250821,085000,0.155,0.155,0.155,0.155,12000,0
1710.HK,5,20250821,090500,0.154,0.154,0.154,0.154,4000,0
1710.HK,5,20250821,091500,0.156,0.156,0.154,0.154,320000,0
1710.HK,5,20250821,092500,0.15,0.15,0.15,0.15,204000,0
1710.HK,5,20250821,095500,0.149,0.149,0.149,0.149,124000,0
1710.HK,5,20250822,034500,0.15,0.15,0.15,0.15,4000,0
1710.HK,5,20250822,041500,0.154,0.154,0.154,0.154,52000,0
1710.HK,5,20250822,042000,0.154,0.154,0.154,0.154,448000,0
1710.HK,5,20250822,043500,0.155,0.157,0.155,0.157,164000,0
1710.HK,5,20250822,044500,0.157,0.158,0.157,0.158,56000,0
1710.HK,5,20250822,070000,0.158,0.158,0.158,0.158,124000,0
1710.HK,5,20250822,075500,0.158,0.159,0.158,0.159,40000,0
1710.HK,5,20250822,080500,0.159,0.159,0.159,0.159,56000,0
1710.HK,5,20250822,081000,0.159,0.159,0.153,0.153,1000000,0
1710.HK,5,20250822,081500,0.159,0.159,0.159,0.159,44000,0
1710.HK,5,20250822,082000,0.159,0.159,0.159,0.159,144000,0
1710.HK,5,20250822,090500,0.159,0.16,0.159,0.159,112000,0
1710.HK,5,20250825,040000,0.16,0.16,0.16,0.16,4000,0
1710.HK,5,20250825,045000,0.16,0.163,0.16,0.163,252000,0
1710.HK,5,20250825,050500,0.163,0.164,0.163,0.164,52000,0
1710.HK,5,20250825,070000,0.164,0.164,0.164,0.164,152000,0
1710.HK,5,20250825,072500,0.163,0.163,0.163,0.163,4000,0
1710.HK,5,20250825,092000,0.16,0.16,0.16,0.16,36000,0
1710.HK,5,20250825,095000,0.165,0.165,0.165,0.165,12000,0
1710.HK,5,20250826,034000,0.167,0.171,0.166,0.166,768000,0
1710.HK,5,20250826,050500,0.164,0.174,0.164,0.17,56000,0
1710.HK,5,20250826,051500,0.17,0.17,0.17,0.17,52000,0
1710.HK,5,20250826,052000,0.17,0.17,0.17,0.17,80000,0
1710.HK,5,20250826,053500,0.17,0.17,0.17,0.17,4000,0
1710.HK,5,20250826,070000,0.173,0.173,0.173,0.173,100000,0
1710.HK,5,20250826,071000,0.173,0.174,0.173,0.174,128000,0
1710.HK,5,20250826,072000,0.174,0.174,0.174,0.174,160000,0
1710.HK,5,20250826,073000,0.175,0.176,0.175,0.176,68000,0
1710.HK,5,20250826,073500,0.176,0.177,0.176,0.176,292000,0
1710.HK,5,20250826,074000,0.177,0.178,0.176,0.176,176000,0
1710.HK,5,20250826,082500,0.175,0.175,0.168,0.168,452000,0
1710.HK,5,20250826,083000,0.168,0.169,0.168,0.168,168000,0
1710.HK,5,20250826,092000,0.169,0.172,0.169,0.172,180000,0
1710.HK,5,20250826,092500,0.172,0.173,0.172,0.173,132000,0
1710.HK,5,20250826,093000,0.174,0.174,0.174,0.174,120000,0
1710.HK,5,20250826,093500,0.174,0.176,0.174,0.175,104000,0
1710.HK,5,20250826,095500,0.175,0.175,0.174,0.174,80000,0
1710.HK,5,20250827,033500,0.179,0.179,0.179,0.179,120000,0
1710.HK,5,20250827,034000,0.179,0.18,0.175,0.175,768000,0
1710.HK,5,20250827,034500,0.18,0.18,0.18,0.18,400000,0
1710.HK,5,20250827,040000,0.18,0.18,0.18,0.18,136000,0
1710.HK,5,20250827,042000,0.176,0.176,0.176,0.176,4000,0
1710.HK,5,20250827,043000,0.178,0.18,0.178,0.178,228000,0
1710.HK,5,20250827,050500,0.178,0.179,0.178,0.179,76000,0
1710.HK,5,20250827,051000,0.179,0.179,0.179,0.179,16000,0
1710.HK,5,20250827,051500,0.179,0.179,0.179,0.179,12000,0
1710.HK,5,20250827,052000,0.18,0.183,0.18,0.183,104000,0
1710.HK,5,20250827,052500,0.183,0.184,0.183,0.184,64000,0
1710.HK,5,20250827,053000,0.185,0.185,0.184,0.184,244000,0
1710.HK,5,20250827,054000,0.186,0.187,0.186,0.187,40000,0
1710.HK,5,20250827,070500,0.187,0.187,0.187,0.187,52000,0
1710.HK,5,20250827,071500,0.184,0.185,0.184,0.185,104000,0
1710.HK,5,20250827,072000,0.187,0.187,0.186,0.186,52000,0
1710.HK,5,20250827,073000,0.184,0.184,0.181,0.181,112000,0
1710.HK,5,20250827,080500,0.183,0.183,0.183,0.183,4000,0
1710.HK,5,20250827,084000,0.183,0.183,0.183,0.183,116000,0
1710.HK,5,20250827,091000,0.186,0.186,0.186,0.186,8000,0
1710.HK,5,20250827,092500,0.186,0.186,0.186,0.186,8000,0
1710.HK,5,20250827,093500,0.186,0.186,0.186,0.186,36000,0
1710.HK,5,20250827,094500,0.187,0.187,0.187,0.187,28000,0
1710.HK,5,20250827,095000,0.187,0.196,0.187,0.195,2272000,0
1710.HK,5,20250827,095500,0.195,0.197,0.194,0.197,992000,0
1710.HK,5,20250828,033000,0.199,0.208,0.199,0.208,840000,0
1710.HK,5,20250828,033500,0.205,0.206,0.199,0.206,192000,0
1710.HK,5,20250828,034000,0.20,0.20,0.20,0.20,32000,0
1710.HK,5,20250828,034500,0.204,0.205,0.201,0.202,236000,0
1710.HK,5,20250828,035500,0.204,0.206,0.204,0.206,96000,0
1710.HK,5,20250828,040000,0.207,0.207,0.205,0.206,300000,0
1710.HK,5,20250828,040500,0.203,0.206,0.201,0.206,140000,0
1710.HK,5,20250828,042000,0.205,0.205,0.20,0.20,520000,0
1710.HK,5,20250828,042500,0.199,0.20,0.199,0.20,568000,0
1710.HK,5,20250828,043000,0.20,0.20,0.20,0.20,160000,0
1710.HK,5,20250828,043500,0.20,0.20,0.199,0.199,540000,0
1710.HK,5,20250828,044500,0.199,0.199,0.199,0.199,300000,0
1710.HK,5,20250828,053500,0.198,0.198,0.198,0.198,120000,0
1710.HK,5,20250828,054500,0.198,0.198,0.198,0.198,100000,0
1710.HK,5,20250828,055000,0.198,0.198,0.198,0.198,188000,0
1710.HK,5,20250828,055500,0.198,0.198,0.198,0.198,176000,0
1710.HK,5,20250828,070000,0.199,0.208,0.199,0.208,1128000,0
1710.HK,5,20250828,071000,0.206,0.206,0.206,0.206,108000,0
1710.HK,5,20250828,073000,0.207,0.207,0.207,0.207,48000,0
1710.HK,5,20250828,073500,0.207,0.208,0.207,0.208,204000,0
1710.HK,5,20250828,074000,0.208,0.211,0.208,0.209,772000,0
1710.HK,5,20250828,075000,0.208,0.208,0.208,0.208,268000,0
1710.HK,5,20250828,075500,0.209,0.218,0.205,0.218,376000,0
1710.HK,5,20250828,080000,0.21,0.21,0.21,0.21,52000,0
1710.HK,5,20250828,080500,0.21,0.21,0.21,0.21,460000,0
1710.HK,5,20250828,081000,0.21,0.214,0.21,0.21,144000,0
1710.HK,5,20250828,081500,0.21,0.21,0.208,0.208,532000,0
1710.HK,5,20250828,082000,0.209,0.21,0.209,0.21,160000,0
1710.HK,5,20250828,082500,0.21,0.21,0.21,0.21,8000,0
1710.HK,5,20250828,083000,0.21,0.215,0.21,0.215,244000,0
1710.HK,5,20250828,083500,0.215,0.216,0.215,0.216,24000,0
1710.HK,5,20250828,085000,0.215,0.215,0.215,0.215,12000,0
1710.HK,5,20250828,085500,0.211,0.215,0.211,0.215,252000,0
1710.HK,5,20250828,090000,0.215,0.215,0.212,0.212,16000,0
1710.HK,5,20250828,090500,0.212,0.212,0.212,0.212,116000,0
1710.HK,5,20250828,091000,0.211,0.211,0.21,0.211,220000,0
1710.HK,5,20250828,091500,0.21,0.212,0.21,0.212,108000,0
1710.HK,5,20250828,092000,0.212,0.218,0.212,0.214,3096000,0
1710.HK,5,20250828,092500,0.217,0.217,0.217,0.217,4000,0
1710.HK,5,20250828,093000,0.217,0.217,0.217,0.217,52000,0
1710.HK,5,20250828,093500,0.217,0.217,0.217,0.217,144000,0
1710.HK,5,20250828,094000,0.215,0.215,0.215,0.215,84000,0
1710.HK,5,20250828,094500,0.217,0.219,0.215,0.219,940000,0
1710.HK,5,20250828,095000,0.216,0.218,0.216,0.216,140000,0
1710.HK,5,20250828,095500,0.217,0.217,0.213,0.216,428000,0
1710.HK,5,20250829,033000,0.21,0.21,0.197,0.203,464000,0
1710.HK,5,20250829,033500,0.202,0.202,0.202,0.202,12000,0
1710.HK,5,20250829,034000,0.201,0.201,0.196,0.198,204000,0
1710.HK,5,20250829,034500,0.198,0.198,0.197,0.197,96000,0
1710.HK,5,20250829,035000,0.197,0.197,0.189,0.189,132000,0
1710.HK,5,20250829,035500,0.19,0.19,0.19,0.19,184000,0
1710.HK,5,20250829,040000,0.194,0.195,0.194,0.195,56000,0
1710.HK,5,20250829,040500,0.195,0.197,0.189,0.191,648000,0
1710.HK,5,20250829,041000,0.191,0.191,0.191,0.191,408000,0
1710.HK,5,20250829,041500,0.191,0.192,0.191,0.192,184000,0
1710.HK,5,20250829,042000,0.194,0.194,0.191,0.191,252000,0
1710.HK,5,20250829,042500,0.19,0.19,0.19,0.19,20000,0
1710.HK,5,20250829,043000,0.188,0.191,0.177,0.18,1652000,0
1710.HK,5,20250829,043500,0.18,0.187,0.178,0.187,740000,0
1710.HK,5,20250829,044000,0.187,0.189,0.18,0.185,336000,0
1710.HK,5,20250829,044500,0.18,0.185,0.178,0.178,848000,0
1710.HK,5,20250829,045000,0.18,0.18,0.177,0.177,528000,0
1710.HK,5,20250829,045500,0.178,0.181,0.175,0.181,844000,0
1710.HK,5,20250829,051500,0.175,0.178,0.173,0.178,204000,0
1710.HK,5,20250829,052500,0.175,0.178,0.175,0.178,60000,0
1710.HK,5,20250829,053000,0.179,0.182,0.179,0.182,32000,0
1710.HK,5,20250829,054500,0.178,0.178,0.178,0.178,12000,0
1710.HK,5,20250829,055000,0.179,0.182,0.179,0.182,100000,0
1710.HK,5,20250829,055500,0.178,0.183,0.178,0.183,220000,0
1710.HK,5,20250829,070500,0.183,0.183,0.183,0.183,68000,0
1710.HK,5,20250829,071500,0.182,0.182,0.182,0.182,4000,0
1710.HK,5,20250829,072500,0.184,0.184,0.184,0.184,4000,0
1710.HK,5,20250829,073000,0.178,0.178,0.178,0.178,180000,0
1710.HK,5,20250829,073500,0.178,0.178,0.178,0.178,16000,0
1710.HK,5,20250829,074000,0.177,0.177,0.177,0.177,4000,0
1710.HK,5,20250829,074500,0.177,0.178,0.177,0.178,192000,0
1710.HK,5,20250829,084000,0.178,0.178,0.177,0.178,116000,0
1710.HK,5,20250829,085500,0.176,0.176,0.175,0.175,172000,0
1710.HK,5,20250829,090000,0.175,0.175,0.173,0.173,116000,0
1710.HK,5,20250829,091000,0.174,0.176,0.171,0.171,788000,0
1710.HK,5,20250829,092500,0.171,0.173,0.171,0.173,76000,0
1710.HK,5,20250829,093000,0.169,0.174,0.168,0.174,236000,0
1710.HK,5,20250829,094000,0.17,0.17,0.17,0.17,4000,0
1710.HK,5,20250829,095000,0.17,0.17,0.168,0.169,56000,0
1710.HK,5,20250829,095500,0.169,0.171,0.166,0.17,428000,0
1710.HK,5,20250901,033000,0.18,0.184,0.18,0.184,256000,0
1710.HK,5,20250901,033500,0.182,0.199,0.182,0.193,784000,0
1710.HK,5,20250901,034000,0.193,0.193,0.189,0.189,2012000,0
1710.HK,5,20250901,034500,0.184,0.185,0.179,0.179,1088000,0
1710.HK,5,20250901,035500,0.179,0.179,0.179,0.179,40000,0
1710.HK,5,20250901,040000,0.176,0.176,0.174,0.174,36000,0
1710.HK,5,20250901,040500,0.174,0.174,0.174,0.174,80000,0
1710.HK,5,20250901,042000,0.176,0.176,0.175,0.175,204000,0
1710.HK,5,20250901,043500,0.176,0.176,0.176,0.176,4000,0
1710.HK,5,20250901,044000,0.178,0.178,0.178,0.178,200000,0
1710.HK,5,20250901,044500,0.178,0.179,0.178,0.179,272000,0
1710.HK,5,20250901,045000,0.179,0.179,0.179,0.179,220000,0
1710.HK,5,20250901,045500,0.179,0.179,0.179,0.179,780000,0
1710.HK,5,20250901,050500,0.179,0.179,0.179,0.179,16000,0
1710.HK,5,20250901,052000,0.179,0.179,0.178,0.178,180000,0
1710.HK,5,20250901,053000,0.179,0.179,0.178,0.178,184000,0
1710.HK,5,20250901,070000,0.179,0.179,0.178,0.178,164000,0
1710.HK,5,20250901,072500,0.179,0.179,0.179,0.179,68000,0
1710.HK,5,20250901,073500,0.179,0.179,0.179,0.179,616000,0
1710.HK,5,20250901,074500,0.182,0.182,0.182,0.182,32000,0
1710.HK,5,20250901,075000,0.184,0.185,0.183,0.183,580000,0
1710.HK,5,20250901,080500,0.178,0.178,0.178,0.178,24000,0
1710.HK,5,20250901,083500,0.178,0.178,0.178,0.178,32000,0
1710.HK,5,20250901,092000,0.178,0.178,0.178,0.178,4000,0
1710.HK,5,20250901,093000,0.184,0.184,0.184,0.184,4000,0
1710.HK,5,20250901,094500,0.184,0.184,0.184,0.184,200000,0
1710.HK,5,20250901,095000,0.182,0.182,0.182,0.182,12000,0
1710.HK,5,20250901,095500,0.182,0.182,0.178,0.178,252000,0
1710.HK,5,20250902,041000,0.183,0.183,0.183,0.183,132000,0
1710.HK,5,20250902,044000,0.185,0.185,0.185,0.185,4000,0
1710.HK,5,20250902,044500,0.187,0.187,0.187,0.187,108000,0
1710.HK,5,20250902,050000,0.187,0.187,0.187,0.187,1496000,0
1710.HK,5,20250902,050500,0.19,0.19,0.19,0.19,48000,0
1710.HK,5,20250902,051000,0.185,0.185,0.185,0.185,4000,0
1710.HK,5,20250902,052000,0.185,0.185,0.185,0.185,12000,0
1710.HK,5,20250902,052500,0.185,0.185,0.183,0.183,1584000,0
1710.HK,5,20250902,053000,0.18,0.18,0.18,0.18,8000,0
1710.HK,5,20250902,054000,0.181,0.181,0.181,0.181,4000,0
1710.HK,5,20250902,055000,0.18,0.18,0.18,0.18,12000,0
1710.HK,5,20250902,082000,0.18,0.18,0.18,0.18,132000,0
1710.HK,5,20250902,082500,0.18,0.18,0.18,0.18,20000,0
1710.HK,5,20250902,085500,0.183,0.183,0.183,0.183,28000,0
1710.HK,5,20250902,091000,0.18,0.18,0.18,0.18,344000,0
1710.HK,5,20250902,095500,0.183,0.183,0.183,0.183,8000,0
1710.HK,5,20250903,035000,0.185,0.185,0.185,0.185,400000,0
1710.HK,5,20250903,040000,0.185,0.185,0.185,0.185,100000,0
1710.HK,5,20250903,040500,0.185,0.185,0.185,0.185,100000,0
1710.HK,5,20250903,041000,0.185,0.185,0.185,0.185,200000,0
1710.HK,5,20250903,043000,0.185,0.185,0.185,0.185,424000,0
1710.HK,5,20250903,051500,0.183,0.183,0.183,0.183,68000,0
1710.HK,5,20250903,071500,0.184,0.185,0.184,0.185,396000,0
1710.HK,5,20250903,073500,0.185,0.185,0.185,0.185,44000,0
1710.HK,5,20250903,074500,0.187,0.187,0.187,0.187,4000,0
1710.HK,5,20250903,075000,0.188,0.188,0.188,0.188,80000,0
1710.HK,5,20250903,075500,0.189,0.19,0.189,0.19,260000,0
1710.HK,5,20250903,080000,0.192,0.192,0.192,0.192,8000,0
1710.HK,5,20250903,083000,0.192,0.192,0.192,0.192,8000,0
1710.HK,5,20250903,085500,0.194,0.194,0.194,0.194,8000,0
1710.HK,5,20250903,090500,0.195,0.201,0.195,0.201,524000,0
1710.HK,5,20250903,092000,0.201,0.201,0.201,0.201,4000,0
1710.HK,5,20250903,093500,0.20,0.201,0.20,0.201,40000,0
1710.HK,5,20250903,094000,0.201,0.203,0.192,0.192,484000,0
1710.HK,5,20250903,095000,0.195,0.198,0.193,0.198,600000,0
1710.HK,5,20250904,034000,0.199,0.199,0.199,0.199,32000,0
1710.HK,5,20250904,040000,0.195,0.195,0.195,0.195,20000,0
1710.HK,5,20250904,042500,0.194,0.194,0.192,0.192,24000,0
1710.HK,5,20250904,043000,0.195,0.195,0.195,0.195,12000,0
1710.HK,5,20250904,071500,0.192,0.192,0.192,0.192,180000,0
1710.HK,5,20250904,075500,0.193,0.193,0.193,0.193,40000,0
1710.HK,5,20250904,082500,0.188,0.188,0.188,0.188,4000,0
1710.HK,5,20250904,083000,0.188,0.188,0.188,0.188,196000,0
1710.HK,5,20250904,083500,0.19,0.19,0.19,0.19,100000,0
1710.HK,5,20250904,084000,0.193,0.193,0.193,0.193,160000,0
1710.HK,5,20250904,085000,0.193,0.193,0.193,0.193,28000,0
1710.HK,5,20250904,094000,0.19,0.19,0.19,0.19,20000,0
1710.HK,5,20250904,095000,0.19,0.19,0.19,0.19,8000,0
1710.HK,5,20250904,095500,0.187,0.192,0.186,0.192,12000,0
1710.HK,5,20250905,045500,0.194,0.194,0.194,0.194,4000,0
1710.HK,5,20250905,052500,0.195,0.196,0.195,0.196,48000,0
1710.HK,5,20250905,054500,0.196,0.196,0.196,0.196,40000,0
1710.HK,5,20250905,070000,0.198,0.198,0.198,0.198,48000,0
1710.HK,5,20250905,073000,0.198,0.199,0.198,0.199,28000,0
1710.HK,5,20250905,073500,0.199,0.199,0.199,0.199,20000,0
1710.HK,5,20250905,074000,0.199,0.199,0.199,0.199,112000,0
1710.HK,5,20250905,075500,0.199,0.199,0.199,0.199,136000,0
1710.HK,5,20250905,080500,0.199,0.199,0.199,0.199,48000,0
1710.HK,5,20250905,081500,0.202,0.205,0.202,0.205,672000,0
1710.HK,5,20250905,085000,0.205,0.205,0.205,0.205,152000,0
1710.HK,5,20250905,093500,0.205,0.205,0.205,0.205,156000,0
1710.HK,5,20250905,095500,0.199,0.204,0.199,0.204,76000,0
1710.HK,5,20250908,033500,0.204,0.204,0.204,0.204,60000,0
1710.HK,5,20250908,034500,0.206,0.206,0.206,0.206,20000,0
1710.HK,5,20250908,035000,0.208,0.211,0.208,0.211,612000,0
1710.HK,5,20250908,035500,0.211,0.214,0.211,0.214,1204000,0
1710.HK,5,20250908,040000,0.215,0.216,0.213,0.215,252000,0
1710.HK,5,20250908,040500,0.217,0.217,0.214,0.214,136000,0
1710.HK,5,20250908,041000,0.213,0.213,0.213,0.213,120000,0
1710.HK,5,20250908,041500,0.217,0.228,0.217,0.22,1460000,0
1710.HK,5,20250908,042000,0.225,0.225,0.221,0.221,100000,0
1710.HK,5,20250908,042500,0.225,0.225,0.222,0.224,56000,0
1710.HK,5,20250908,043000,0.224,0.225,0.218,0.218,632000,0
1710.HK,5,20250908,043500,0.216,0.216,0.215,0.215,172000,0
1710.HK,5,20250908,044000,0.214,0.214,0.213,0.213,60000,0
1710.HK,5,20250908,045000,0.216,0.216,0.214,0.214,256000,0
1710.HK,5,20250908,051500,0.214,0.214,0.213,0.214,32000,0
1710.HK,5,20250908,052000,0.213,0.213,0.21,0.211,348000,0
1710.HK,5,20250908,052500,0.211,0.211,0.211,0.211,20000,0
1710.HK,5,20250908,053500,0.21,0.211,0.21,0.211,400000,0
1710.HK,5,20250908,054000,0.211,0.211,0.211,0.211,48000,0
1710.HK,5,20250908,054500,0.209,0.209,0.209,0.209,8000,0
1710.HK,5,20250908,055500,0.21,0.211,0.21,0.211,2176000,0
1710.HK,5,20250908,071500,0.211,0.211,0.211,0.211,140000,0
1710.HK,5,20250908,072000,0.211,0.211,0.211,0.211,44000,0
1710.HK,5,20250908,072500,0.211,0.212,0.211,0.212,60000,0
1710.HK,5,20250908,073000,0.212,0.218,0.212,0.218,976000,0
1710.HK,5,20250908,073500,0.218,0.22,0.218,0.219,764000,0
1710.HK,5,20250908,074000,0.219,0.22,0.219,0.219,220000,0
1710.HK,5,20250908,075000,0.219,0.219,0.219,0.219,40000,0
1710.HK,5,20250908,080500,0.214,0.214,0.209,0.209,696000,0
1710.HK,5,20250908,081000,0.21,0.21,0.21,0.21,100000,0
1710.HK,5,20250908,085500,0.212,0.212,0.212,0.212,4000,0
1710.HK,5,20250908,091500,0.208,0.208,0.207,0.207,116000,0
1710.HK,5,20250908,092000,0.207,0.209,0.205,0.209,1028000,0
1710.HK,5,20250908,093000,0.209,0.21,0.209,0.21,108000,0
1710.HK,5,20250908,093500,0.21,0.211,0.21,0.211,56000,0
1710.HK,5,20250908,094000,0.211,0.217,0.211,0.217,204000,0
1710.HK,5,20250908,094500,0.217,0.218,0.217,0.218,376000,0
1710.HK,5,20250908,095000,0.218,0.218,0.218,0.218,20000,0
1710.HK,5,20250908,095500,0.217,0.218,0.217,0.218,124000,0
1710.HK,5,20250909,033000,0.218,0.221,0.218,0.22,3580000,0
1710.HK,5,20250909,034500,0.218,0.218,0.218,0.218,264000,0
1710.HK,5,20250909,035000,0.218,0.218,0.218,0.218,388000,0
1710.HK,5,20250909,041000,0.212,0.212,0.212,0.212,200000,0
1710.HK,5,20250909,053500,0.212,0.212,0.212,0.212,48000,0
1710.HK,5,20250909,055000,0.212,0.212,0.212,0.212,800000,0
1710.HK,5,20250909,073500,0.215,0.215,0.215,0.215,20000,0
1710.HK,5,20250909,080000,0.212,0.212,0.212,0.212,12000,0
1710.HK,5,20250909,081500,0.212,0.212,0.212,0.212,156000,0
1710.HK,5,20250909,082000,0.212,0.212,0.212,0.212,60000,0
1710.HK,5,20250909,093000,0.214,0.214,0.214,0.214,188000,0
1710.HK,5,20250909,094000,0.214,0.214,0.214,0.214,20000,0
1710.HK,5,20250909,095000,0.213,0.213,0.212,0.213,200000,0
1710.HK,5,20250910,034000,0.212,0.212,0.211,0.211,200000,0
1710.HK,5,20250910,034500,0.211,0.211,0.206,0.208,200000,0
1710.HK,5,20250910,035000,0.205,0.205,0.204,0.204,160000,0
1710.HK,5,20250910,040000,0.21,0.211,0.209,0.209,116000,0
1710.HK,5,20250910,040500,0.21,0.21,0.21,0.21,100000,0
1710.HK,5,20250910,041000,0.209,0.21,0.209,0.21,16000,0
1710.HK,5,20250910,043500,0.21,0.21,0.21,0.21,48000,0
1710.HK,5,20250910,044500,0.21,0.21,0.21,0.21,16000,0
1710.HK,5,20250910,050000,0.206,0.206,0.205,0.205,100000,0
1710.HK,5,20250910,054000,0.21,0.21,0.21,0.21,80000,0
1710.HK,5,20250910,070000,0.206,0.206,0.206,0.206,12000,0
1710.HK,5,20250910,074500,0.207,0.207,0.206,0.207,380000,0
1710.HK,5,20250910,082000,0.203,0.206,0.203,0.206,180000,0
1710.HK,5,20250910,082500,0.203,0.206,0.20,0.206,948000,0
1710.HK,5,20250910,083000,0.207,0.207,0.207,0.207,104000,0
1710.HK,5,20250910,085000,0.206,0.206,0.206,0.206,296000,0
1710.HK,5,20250910,085500,0.206,0.206,0.206,0.206,4000,0
1710.HK,5,20250910,090500,0.206,0.206,0.206,0.206,132000,0
1710.HK,5,20250910,091000,0.206,0.207,0.206,0.207,344000,0
1710.HK,5,20250910,093000,0.207,0.207,0.207,0.207,264000,0
1710.HK,5,20250910,095000,0.206,0.206,0.206,0.206,100000,0
1710.HK,5,20250911,041500,0.201,0.201,0.201,0.201,140000,0
1710.HK,5,20250911,044500,0.202,0.202,0.202,0.202,292000,0
1710.HK,5,20250911,073000,0.202,0.202,0.202,0.202,48000,0
1710.HK,5,20250911,073500,0.201,0.201,0.199,0.199,404000,0
1710.HK,5,20250911,080000,0.196,0.196,0.196,0.196,316000,0
1710.HK,5,20250911,080500,0.199,0.199,0.194,0.195,340000,0
1710.HK,5,20250911,081000,0.199,0.199,0.199,0.199,60000,0
1710.HK,5,20250911,083000,0.196,0.197,0.195,0.195,240000,0
1710.HK,5,20250911,083500,0.195,0.195,0.194,0.194,68000,0
1710.HK,5,20250911,084000,0.194,0.194,0.194,0.194,168000,0
1710.HK,5,20250911,090500,0.195,0.195,0.195,0.195,252000,0
1710.HK,5,20250911,091000,0.195,0.195,0.194,0.194,304000,0
1710.HK,5,20250911,092000,0.195,0.195,0.195,0.195,200000,0
1710.HK,5,20250911,092500,0.195,0.195,0.195,0.195,200000,0
1710.HK,5,20250911,094000,0.195,0.195,0.195,0.195,500000,0
1710.HK,5,20250911,095000,0.194,0.194,0.194,0.194,12000,0
1710.HK,5,20250911,095500,0.194,0.195,0.193,0.195,112000,0
1710.HK,5,20250912,042500,0.194,0.194,0.194,0.194,4000,0
1710.HK,5,20250912,043000,0.192,0.195,0.192,0.195,8000,0
1710.HK,5,20250912,051500,0.204,0.205,0.204,0.205,188000,0
1710.HK,5,20250912,052500,0.20,0.20,0.20,0.20,32000,0
1710.HK,5,20250912,053000,0.20,0.20,0.20,0.20,60000,0
1710.HK,5,20250912,055000,0.20,0.20,0.20,0.20,220000,0
1710.HK,5,20250912,070500,0.199,0.199,0.199,0.199,4000,0
1710.HK,5,20250912,075000,0.20,0.20,0.199,0.199,8000,0
1710.HK,5,20250912,084000,0.199,0.199,0.199,0.199,92000,0
1710.HK,5,20250912,091000,0.199,0.199,0.199,0.199,4000,0
1710.HK,5,20250912,091500,0.198,0.198,0.198,0.198,4000,0
1710.HK,5,20250912,092000,0.198,0.198,0.198,0.198,128000,0
1710.HK,5,20250912,093000,0.198,0.198,0.198,0.198,16000,0
1710.HK,5,20250912,093500,0.197,0.197,0.197,0.197,4000,0
1710.HK,5,20250912,094500,0.196,0.196,0.195,0.195,188000,0
1710.HK,5,20250912,095500,0.198,0.198,0.196,0.196,4000,0
1710.HK,5,20250915,033000,0.195,0.196,0.195,0.196,16000,0
1710.HK,5,20250915,070000,0.197,0.197,0.196,0.196,128000,0
1710.HK,5,20250915,070500,0.197,0.197,0.197,0.197,340000,0
1710.HK,5,20250915,080000,0.197,0.197,0.196,0.196,324000,0
1710.HK,5,20250915,081000,0.196,0.196,0.196,0.196,60000,0
1710.HK,5,20250915,082000,0.196,0.196,0.194,0.194,152000,0
1710.HK,5,20250915,083000,0.194,0.194,0.194,0.194,4000,0
1710.HK,5,20250915,083500,0.194,0.194,0.194,0.194,328000,0
1710.HK,5,20250915,084500,0.194,0.194,0.194,0.194,64000,0
1710.HK,5,20250915,085000,0.192,0.192,0.192,0.192,40000,0
1710.HK,5,20250915,090000,0.194,0.194,0.194,0.194,4000,0
1710.HK,5,20250915,091500,0.194,0.194,0.194,0.194,4000,0
1710.HK,5,20250915,093000,0.194,0.194,0.194,0.194,4000,0
1710.HK,5,20250915,093500,0.193,0.194,0.193,0.194,36000,0
1710.HK,5,20250915,094500,0.193,0.193,0.193,0.193,4000,0
1710.HK,5,20250915,095000,0.193,0.193,0.19,0.19,196000,0
1710.HK,5,20250915,095500,0.19,0.19,0.188,0.19,88000,0
1710.HK,5,20250916,045000,0.197,0.197,0.197,0.197,4000,0
1710.HK,5,20250916,080500,0.193,0.193,0.193,0.193,32000,0
1710.HK,5,20250917,052000,0.192,0.192,0.192,0.192,180000,0
1710.HK,5,20250917,053000,0.195,0.195,0.195,0.195,4000,0
1710.HK,5,20250917,053500,0.195,0.195,0.195,0.195,16000,0
1710.HK,5,20250917,072500,0.194,0.194,0.194,0.194,8000,0
1710.HK,5,20250917,075000,0.194,0.194,0.193,0.193,56000,0
1710.HK,5,20250917,080000,0.193,0.194,0.193,0.194,16000,0
1710.HK,5,20250917,080500,0.193,0.194,0.193,0.194,304000,0
1710.HK,5,20250917,081000,0.194,0.194,0.194,0.194,60000,0
1710.HK,5,20250917,081500,0.193,0.193,0.193,0.193,4000,0
1710.HK,5,20250917,083000,0.194,0.194,0.192,0.192,256000,0
1710.HK,5,20250917,084000,0.19,0.19,0.19,0.19,52000,0
1710.HK,5,20250917,085000,0.19,0.19,0.19,0.19,8000,0
1710.HK,5,20250917,092500,0.188,0.19,0.188,0.19,160000,0
1710.HK,5,20250918,033500,0.19,0.19,0.19,0.19,228000,0
1710.HK,5,20250918,034000,0.189,0.20,0.189,0.20,440000,0
1710.HK,5,20250918,034500,0.20,0.20,0.20,0.20,200000,0
1710.HK,5,20250918,035000,0.20,0.20,0.20,0.20,52000,0
1710.HK,5,20250918,040000,0.20,0.201,0.20,0.201,204000,0
1710.HK,5,20250918,041000,0.20,0.20,0.20,0.20,4000,0
1710.HK,5,20250918,043000,0.199,0.199,0.199,0.199,656000,0
1710.HK,5,20250918,043500,0.20,0.20,0.20,0.20,48000,0
1710.HK,5,20250918,044000,0.20,0.20,0.20,0.20,16000,0
1710.HK,5,20250918,045500,0.20,0.20,0.20,0.20,32000,0
1710.HK,5,20250918,050000,0.20,0.202,0.20,0.202,576000,0
1710.HK,5,20250918,053000,0.20,0.20,0.199,0.199,376000,0
1710.HK,5,20250918,053500,0.20,0.20,0.20,0.20,160000,0
1710.HK,5,20250918,054000,0.20,0.20,0.20,0.20,52000,0
1710.HK,5,20250918,054500,0.20,0.20,0.20,0.20,52000,0
1710.HK,5,20250918,055000,0.20,0.20,0.20,0.20,40000,0
1710.HK,5,20250918,070000,0.20,0.20,0.20,0.20,132000,0
1710.HK,5,20250918,071000,0.20,0.20,0.20,0.20,16000,0
1710.HK,5,20250918,071500,0.20,0.20,0.20,0.20,16000,0
1710.HK,5,20250918,072000,0.20,0.20,0.20,0.20,12000,0
1710.HK,5,20250918,073500,0.20,0.20,0.20,0.20,140000,0
1710.HK,5,20250918,075500,0.20,0.20,0.20,0.20,52000,0
1710.HK,5,20250918,080000,0.198,0.20,0.196,0.20,72000,0
1710.HK,5,20250918,081500,0.197,0.197,0.197,0.197,4000,0
1710.HK,5,20250918,082000,0.199,0.20,0.199,0.20,12000,0
1710.HK,5,20250918,082500,0.20,0.20,0.20,0.20,40000,0
1710.HK,5,20250918,084000,0.20,0.20,0.198,0.20,420000,0
1710.HK,5,20250918,090000,0.20,0.202,0.20,0.202,424000,0
1710.HK,5,20250918,090500,0.201,0.201,0.201,0.201,12000,0
1710.HK,5,20250918,092000,0.201,0.201,0.201,0.201,4000,0
1710.HK,5,20250918,093000,0.198,0.20,0.196,0.20,284000,0
1710.HK,5,20250918,093500,0.197,0.199,0.194,0.198,612000,0
1710.HK,5,20250918,094000,0.20,0.20,0.20,0.20,224000,0
1710.HK,5,20250918,094500,0.20,0.20,0.20,0.20,500000,0
1710.HK,5,20250918,095000,0.199,0.199,0.198,0.198,32000,0
1710.HK,5,20250918,095500,0.198,0.198,0.195,0.198,268000,0
1710.HK,5,20250919,033000,0.203,0.205,0.203,0.205,192000,0
1710.HK,5,20250919,033500,0.209,0.21,0.208,0.209,772000,0
1710.HK,5,20250919,034000,0.209,0.209,0.209,0.209,56000,0
1710.HK,5,20250919,040000,0.209,0.21,0.209,0.21,80000,0
1710.HK,5,20250919,040500,0.209,0.209,0.209,0.209,1000000,0
1710.HK,5,20250919,050000,0.205,0.205,0.205,0.205,100000,0
1710.HK,5,20250919,053500,0.205,0.205,0.205,0.205,40000,0
1710.HK,5,20250919,054500,0.205,0.21,0.205,0.209,552000,0
1710.HK,5,20250919,055000,0.209,0.209,0.209,0.209,40000,0
1710.HK,5,20250919,070000,0.209,0.209,0.209,0.209,200000,0
1710.HK,5,20250919,070500,0.209,0.209,0.209,0.209,924000,0
1710.HK,5,20250919,071000,0.209,0.209,0.209,0.209,168000,0
1710.HK,5,20250919,073500,0.207,0.208,0.207,0.208,36000,0
1710.HK,5,20250919,075000,0.208,0.208,0.208,0.208,16000,0
1710.HK,5,20250919,080500,0.208,0.209,0.208,0.209,144000,0
1710.HK,5,20250919,081000,0.208,0.208,0.208,0.208,16000,0
1710.HK,5,20250919,081500,0.208,0.208,0.208,0.208,20000,0
1710.HK,5,20250919,082000,0.208,0.208,0.208,0.208,20000,0
1710.HK,5,20250919,082500,0.208,0.208,0.208,0.208,44000,0
1710.HK,5,20250919,083000,0.208,0.209,0.207,0.209,648000,0
1710.HK,5,20250919,083500,0.209,0.209,0.209,0.209,168000,0
1710.HK,5,20250919,084500,0.208,0.209,0.208,0.209,500000,0
1710.HK,5,20250919,085500,0.209,0.21,0.209,0.209,720000,0
1710.HK,5,20250919,090000,0.209,0.209,0.209,0.209,336000,0
1710.HK,5,20250919,091500,0.209,0.209,0.209,0.209,8000,0
1710.HK,5,20250919,095500,0.208,0.209,0.208,0.208,124000,0
1710.HK,5,20250922,033000,0.214,0.218,0.214,0.218,296000,0
1710.HK,5,20250922,033500,0.218,0.224,0.218,0.224,1156000,0
1710.HK,5,20250922,034000,0.224,0.224,0.224,0.224,300000,0
1710.HK,5,20250922,034500,0.224,0.224,0.221,0.221,416000,0
1710.HK,5,20250922,035000,0.222,0.222,0.221,0.221,52000,0
1710.HK,5,20250922,035500,0.222,0.227,0.222,0.224,276000,0
1710.HK,5,20250922,040000,0.224,0.224,0.224,0.224,800000,0
1710.HK,5,20250922,040500,0.224,0.225,0.224,0.225,368000,0
1710.HK,5,20250922,042000,0.226,0.232,0.226,0.232,784000,0
1710.HK,5,20250922,042500,0.235,0.24,0.235,0.239,660000,0
1710.HK,5,20250922,043000,0.236,0.236,0.231,0.232,124000,0
1710.HK,5,20250922,043500,0.232,0.232,0.232,0.232,68000,0
1710.HK,5,20250922,044000,0.232,0.232,0.232,0.232,64000,0
1710.HK,5,20250922,044500,0.231,0.231,0.231,0.231,4000,0
1710.HK,5,20250922,045500,0.23,0.23,0.23,0.23,16000,0
1710.HK,5,20250922,050000,0.23,0.232,0.228,0.228,756000,0
1710.HK,5,20250922,050500,0.229,0.23,0.227,0.227,132000,0
1710.HK,5,20250922,051000,0.222,0.222,0.222,0.222,4000,0
1710.HK,5,20250922,051500,0.222,0.225,0.222,0.225,64000,0
1710.HK,5,20250922,054500,0.23,0.23,0.23,0.23,136000,0
1710.HK,5,20250922,055000,0.232,0.234,0.23,0.232,208000,0
1710.HK,5,20250922,055500,0.233,0.234,0.232,0.232,344000,0
1710.HK,5,20250922,070000,0.232,0.232,0.227,0.227,68000,0
1710.HK,5,20250922,070500,0.229,0.229,0.225,0.225,516000,0
1710.HK,5,20250922,071000,0.23,0.23,0.23,0.23,44000,0
1710.HK,5,20250922,071500,0.23,0.23,0.23,0.23,60000,0
1710.HK,5,20250922,073000,0.231,0.232,0.231,0.232,260000,0
1710.HK,5,20250922,074000,0.232,0.233,0.232,0.232,200000,0
1710.HK,5,20250922,075000,0.236,0.237,0.235,0.235,36000,0
1710.HK,5,20250922,075500,0.237,0.239,0.237,0.239,244000,0
1710.HK,5,20250922,080000,0.239,0.239,0.239,0.239,156000,0
1710.HK,5,20250922,082000,0.239,0.239,0.239,0.239,8000,0
1710.HK,5,20250922,083500,0.237,0.237,0.237,0.237,4000,0
1710.HK,5,20250922,092500,0.227,0.227,0.227,0.227,64000,0
1710.HK,5,20250922,094500,0.228,0.228,0.224,0.224,216000,0
1710.HK,5,20250922,095000,0.232,0.232,0.232,0.232,16000,0
1710.HK,5,20250922,095500,0.232,0.232,0.232,0.232,16000,0
1710.HK,5,20250923,033500,0.235,0.235,0.235,0.235,100000,0
1710.HK,5,20250923,035000,0.234,0.235,0.234,0.235,140000,0
1710.HK,5,20250923,035500,0.236,0.238,0.236,0.238,164000,0
1710.HK,5,20250923,040500,0.238,0.248,0.238,0.24,460000,0
1710.HK,5,20250923,042000,0.233,0.233,0.233,0.233,8000,0
1710.HK,5,20250923,044000,0.234,0.234,0.234,0.234,4000,0
1710.HK,5,20250923,050000,0.238,0.238,0.238,0.238,4000,0
1710.HK,5,20250923,051000,0.237,0.241,0.237,0.241,232000,0
1710.HK,5,20250923,051500,0.244,0.244,0.244,0.244,4000,0
1710.HK,5,20250923,052000,0.244,0.244,0.242,0.242,84000,0
1710.HK,5,20250923,052500,0.243,0.244,0.238,0.239,284000,0
1710.HK,5,20250923,054000,0.239,0.24,0.239,0.24,20000,0
1710.HK,5,20250923,055500,0.237,0.237,0.237,0.237,72000,0
1710.HK,5,20250923,070500,0.237,0.237,0.235,0.235,364000,0
1710.HK,5,20250923,071500,0.233,0.233,0.233,0.233,20000,0
1710.HK,5,20250923,075500,0.232,0.232,0.23,0.23,200000,0
1710.HK,5,20250923,080000,0.23,0.23,0.229,0.229,48000,0
1710.HK,5,20250923,084000,0.224,0.224,0.223,0.223,368000,0
1710.HK,5,20250923,091000,0.228,0.228,0.228,0.228,4000,0
1710.HK,5,20250923,091500,0.226,0.226,0.226,0.226,24000,0
1710.HK,5,20250923,092000,0.225,0.226,0.225,0.226,8000,0
1710.HK,5,20250923,093000,0.226,0.226,0.226,0.226,4000,0
1710.HK,5,20250923,094000,0.223,0.223,0.223,0.223,4000,0
1710.HK,5,20250923,094500,0.222,0.222,0.222,0.222,44000,0
1710.HK,5,20250923,095000,0.226,0.226,0.226,0.226,4000,0
1710.HK,5,20250923,095500,0.226,0.231,0.225,0.231,160000,0
1710.HK,5,20250924,041500,0.23,0.23,0.23,0.23,4000,0
1710.HK,5,20250924,045000,0.23,0.23,0.23,0.23,52000,0
1710.HK,5,20250924,045500,0.239,0.239,0.239,0.239,4000,0
1710.HK,5,20250924,053000,0.233,0.233,0.228,0.228,100000,0
1710.HK,5,20250924,053500,0.222,0.222,0.221,0.221,36000,0
1710.HK,5,20250924,054500,0.221,0.221,0.22,0.221,492000,0
1710.HK,5,20250924,070500,0.222,0.222,0.222,0.222,20000,0
1710.HK,5,20250924,071000,0.221,0.221,0.22,0.22,40000,0
1710.HK,5,20250924,072500,0.223,0.223,0.222,0.222,248000,0
1710.HK,5,20250924,073000,0.22,0.22,0.219,0.22,764000,0
1710.HK,5,20250924,091000,0.227,0.227,0.227,0.227,4000,0
1710.HK,5,20250924,092500,0.224,0.224,0.224,0.224,4000,0
1710.HK,5,20250924,094500,0.223,0.223,0.223,0.223,4000,0
1710.HK,5,20250924,095000,0.222,0.222,0.222,0.222,40000,0
1710.HK,5,20250924,095500,0.223,0.227,0.22,0.22,64000,0
1710.HK,5,20250925,043500,0.22,0.22,0.22,0.22,104000,0
1710.HK,5,20250925,045000,0.22,0.22,0.22,0.22,4000,0
1710.HK,5,20250925,050500,0.216,0.22,0.216,0.22,84000,0
1710.HK,5,20250925,051000,0.22,0.22,0.22,0.22,4000,0
1710.HK,5,20250925,053500,0.22,0.22,0.22,0.22,4000,0
1710.HK,5,20250925,070000,0.219,0.219,0.217,0.219,96000,0
1710.HK,5,20250925,070500,0.22,0.22,0.22,0.22,48000,0
1710.HK,5,20250925,072000,0.219,0.219,0.219,0.219,120000,0
1710.HK,5,20250925,073000,0.218,0.218,0.218,0.218,20000,0
1710.HK,5,20250925,073500,0.218,0.218,0.218,0.218,48000,0
1710.HK,5,20250925,074500,0.218,0.218,0.218,0.218,4000,0
1710.HK,5,20250925,075000,0.219,0.219,0.219,0.219,4000,0
1710.HK,5,20250925,084000,0.216,0.216,0.216,0.216,16000,0
1710.HK,5,20250925,092500,0.216,0.216,0.216,0.216,4000,0
1710.HK,5,20250925,093000,0.215,0.215,0.215,0.215,16000,0
1710.HK,5,20250925,093500,0.216,0.216,0.216,0.216,4000,0
1710.HK,5,20250925,095000,0.216,0.216,0.216,0.216,72000,0
1710.HK,5,20250925,095500,0.216,0.218,0.216,0.216,76000,0
1710.HK,5,20250926,050500,0.216,0.216,0.212,0.212,224000,0
1710.HK,5,20250926,053500,0.219,0.219,0.219,0.219,4000,0
1710.HK,5,20250926,054500,0.218,0.219,0.214,0.214,24000,0
1710.HK,5,20250926,071500,0.219,0.219,0.219,0.219,4000,0
1710.HK,5,20250926,074500,0.218,0.218,0.218,0.218,4000,0
1710.HK,5,20250926,081500,0.217,0.217,0.214,0.214,8000,0
1710.HK,5,20250926,084500,0.217,0.217,0.216,0.216,8000,0
1710.HK,5,20250926,090000,0.215,0.215,0.215,0.215,148000,0
1710.HK,5,20250926,090500,0.219,0.219,0.219,0.219,4000,0
1710.HK,5,20250926,091500,0.218,0.218,0.218,0.218,4000,0
1710.HK,5,20250926,093000,0.219,0.219,0.219,0.219,4000,0
1710.HK,5,20250926,095000,0.216,0.218,0.216,0.218,8000,0
1710.HK,5,20250926,095500,0.218,0.218,0.216,0.216,16000,0
1710.HK,5,20250929,071000,0.218,0.218,0.217,0.217,152000,0
1710.HK,5,20250929,090000,0.217,0.218,0.217,0.218,104000,0
1710.HK,5,20250929,090500,0.219,0.219,0.218,0.218,24000,0
1710.HK,5,20250929,094500,0.219,0.219,0.219,0.219,20000,0
1710.HK,5,20250929,095500,0.218,0.218,0.218,0.218,24000,0
1710.HK,5,20250930,033000,0.218,0.218,0.218,0.218,120000,0
1710.HK,5,20250930,033500,0.214,0.214,0.214,0.214,20000,0
1710.HK,5,20250930,034000,0.214,0.214,0.213,0.214,152000,0
1710.HK,5,20250930,035000,0.213,0.214,0.213,0.214,228000,0
1710.HK,5,20250930,040500,0.213,0.213,0.213,0.213,140000,0
1710.HK,5,20250930,041000,0.212,0.212,0.212,0.212,252000,0
1710.HK,5,20250930,042000,0.212,0.212,0.212,0.212,400000,0
1710.HK,5,20250930,042500,0.214,0.214,0.214,0.214,32000,0
1710.HK,5,20250930,044000,0.214,0.214,0.214,0.214,4000,0
1710.HK,5,20250930,045000,0.214,0.214,0.214,0.214,16000,0
1710.HK,5,20250930,050500,0.214,0.214,0.211,0.211,84000,0
1710.HK,5,20250930,051000,0.21,0.21,0.21,0.21,228000,0
1710.HK,5,20250930,070500,0.21,0.21,0.209,0.209,44000,0
1710.HK,5,20250930,071500,0.208,0.208,0.208,0.208,60000,0
1710.HK,5,20250930,074000,0.212,0.212,0.212,0.212,48000,0
1710.HK,5,20250930,074500,0.209,0.209,0.208,0.208,180000,0
1710.HK,5,20250930,080500,0.208,0.208,0.208,0.208,12000,0
1710.HK,5,20250930,082500,0.208,0.208,0.208,0.208,24000,0
1710.HK,5,20250930,083000,0.208,0.208,0.208,0.208,8000,0
1710.HK,5,20250930,084500,0.206,0.206,0.206,0.206,36000,0
1710.HK,5,20250930,085000,0.205,0.205,0.205,0.205,72000,0
1710.HK,5,20250930,085500,0.204,0.204,0.203,0.203,648000,0
1710.HK,5,20250930,092500,0.203,0.203,0.203,0.203,4000,0
1710.HK,5,20250930,094000,0.205,0.206,0.205,0.206,304000,0
1710.HK,5,20250930,094500,0.206,0.206,0.206,0.206,40000,0
1710.HK,5,20250930,095000,0.206,0.206,0.206,0.206,4000,0
1710.HK,5,20250930,095500,0.206,0.213,0.206,0.213,16000,0
1710.HK,5,20251002,041000,0.212,0.212,0.212,0.212,76000,0
1710.HK,5,20251002,052000,0.212,0.212,0.212,0.212,4000,0
1710.HK,5,20251002,052500,0.203,0.203,0.203,0.203,4000,0
1710.HK,5,20251002,055500,0.21,0.21,0.21,0.21,4000,0
1710.HK,5,20251002,071000,0.21,0.21,0.21,0.21,80000,0
1710.HK,5,20251002,072000,0.206,0.206,0.206,0.206,4000,0
1710.HK,5,20251002,072500,0.206,0.206,0.205,0.205,584000,0
1710.HK,5,20251002,073000,0.203,0.203,0.203,0.203,4000,0
1710.HK,5,20251002,084500,0.203,0.203,0.203,0.203,28000,0
1710.HK,5,20251002,092000,0.203,0.203,0.203,0.203,24000,0
1710.HK,5,20251002,094000,0.203,0.203,0.203,0.203,4000,0
1710.HK,5,20251002,095500,0.203,0.203,0.203,0.203,8000,0
1710.HK,5,20251003,045500,0.20,0.203,0.20,0.203,200000,0
1710.HK,5,20251003,053500,0.203,0.203,0.203,0.203,24000,0
1710.HK,5,20251003,075000,0.203,0.203,0.203,0.203,8000,0
1710.HK,5,20251003,083500,0.203,0.203,0.203,0.203,120000,0
1710.HK,5,20251003,084500,0.201,0.201,0.201,0.201,4000,0
1710.HK,5,20251003,085500,0.203,0.203,0.203,0.203,20000,0
1710.HK,5,20251003,095500,0.206,0.206,0.206,0.206,4000,0
1710.HK,5,20251006,033000,0.206,0.206,0.206,0.206,156000,0
1710.HK,5,20251006,035000,0.205,0.205,0.205,0.205,400000,0
1710.HK,5,20251006,035500,0.205,0.205,0.205,0.205,64000,0
1710.HK,5,20251006,074000,0.202,0.202,0.202,0.202,68000,0
1710.HK,5,20251006,080500,0.201,0.201,0.201,0.201,76000,0
1710.HK,5,20251006,082500,0.204,0.204,0.204,0.204,8000,0
1710.HK,5,20251008,085000,0.207,0.207,0.207,0.207,4000,0
1710.HK,5,20251009,055000,0.209,0.209,0.209,0.209,4000,0
1710.HK,5,20251009,070000,0.208,0.208,0.208,0.208,52000,0
1710.HK,5,20251009,072000,0.209,0.213,0.209,0.213,400000,0
1710.HK,5,20251009,095000,0.208,0.208,0.208,0.208,8000,0
1710.HK,5,20251009,095500,0.212,0.214,0.212,0.214,176000,0
1710.HK,5,20251010,034000,0.214,0.214,0.214,0.214,40000,0
1710.HK,5,20251010,034500,0.214,0.214,0.214,0.214,4000,0
1710.HK,5,20251010,040000,0.214,0.214,0.214,0.214,36000,0
1710.HK,5,20251010,075000,0.213,0.213,0.213,0.213,100000,0
1710.HK,5,20251010,075500,0.209,0.209,0.209,0.209,4000,0
1710.HK,5,20251010,082000,0.209,0.209,0.205,0.205,100000,0
1710.HK,5,20251010,082500,0.208,0.21,0.208,0.21,72000,0
1710.HK,5,20251010,093500,0.21,0.21,0.21,0.21,16000,0
1710.HK,5,20251013,041000,0.21,0.21,0.21,0.21,40000,0
1710.HK,5,20251013,051500,0.207,0.207,0.206,0.206,200000,0
1710.HK,5,20251013,070000,0.206,0.206,0.206,0.206,24000,0
1710.HK,5,20251013,070500,0.208,0.208,0.208,0.208,16000,0
1710.HK,5,20251013,083000,0.208,0.208,0.208,0.208,4000,0
1710.HK,5,20251013,095500,0.205,0.208,0.205,0.205,184000,0
1710.HK,5,20251014,052000,0.21,0.21,0.21,0.21,200000,0
1710.HK,5,20251014,053000,0.205,0.205,0.205,0.205,104000,0
1710.HK,5,20251014,054500,0.21,0.21,0.21,0.21,68000,0
1710.HK,5,20251014,055000,0.202,0.202,0.202,0.202,100000,0
1710.HK,5,20251014,070000,0.207,0.209,0.207,0.209,160000,0
1710.HK,5,20251014,071500,0.204,0.204,0.204,0.204,12000,0
1710.HK,5,20251014,083000,0.206,0.206,0.206,0.206,4000,0
1710.HK,5,20251014,083500,0.206,0.206,0.206,0.206,32000,0
1710.HK,5,20251014,090500,0.203,0.203,0.203,0.203,200000,0
1710.HK,5,20251014,091000,0.202,0.202,0.201,0.201,400000,0
1710.HK,5,20251014,091500,0.201,0.201,0.201,0.201,200000,0
1710.HK,5,20251014,092000,0.201,0.201,0.201,0.201,200000,0
1710.HK,5,20251014,092500,0.202,0.202,0.202,0.202,100000,0
1710.HK,5,20251014,094000,0.201,0.201,0.201,0.201,200000,0
1710.HK,5,20251014,094500,0.20,0.201,0.20,0.201,84000,0
1710.HK,5,20251014,095500,0.201,0.201,0.201,0.201,16000,0
1710.HK,5,20251015,044500,0.201,0.201,0.201,0.201,92000,0
1710.HK,5,20251015,045000,0.203,0.203,0.203,0.203,24000,0
1710.HK,5,20251015,090500,0.201,0.212,0.201,0.211,8000,0
1710.HK,5,20251016,033500,0.211,0.211,0.211,0.211,4000,0
1710.HK,5,20251016,043500,0.205,0.205,0.203,0.205,704000,0
1710.HK,5,20251016,044000,0.204,0.204,0.204,0.204,4000,0
1710.HK,5,20251016,054000,0.202,0.202,0.202,0.202,4000,0
1710.HK,5,20251016,072000,0.202,0.202,0.202,0.202,28000,0
1710.HK,5,20251016,085000,0.201,0.201,0.201,0.201,108000,0
1710.HK,5,20251016,085500,0.202,0.202,0.202,0.202,36000,0
1710.HK,5,20251017,082500,0.20,0.20,0.20,0.20,16000,0
1710.HK,5,20251017,084000,0.20,0.20,0.198,0.20,116000,0
1710.HK,5,20251017,084500,0.198,0.198,0.193,0.193,276000,0
1710.HK,5,20251017,085500,0.198,0.20,0.198,0.20,172000,0
1710.HK,5,20251017,090500,0.203,0.204,0.203,0.204,200000,0
1710.HK,5,20251017,095500,0.198,0.201,0.198,0.201,4000,0
1710.HK,5,20251020,054000,0.202,0.202,0.202,0.202,4000,0
1710.HK,5,20251020,054500,0.202,0.202,0.20,0.201,212000,0
1710.HK,5,20251020,055500,0.201,0.201,0.20,0.20,428000,0
1710.HK,5,20251020,071000,0.198,0.198,0.198,0.198,4000,0
1710.HK,5,20251020,072000,0.199,0.20,0.199,0.20,200000,0
1710.HK,5,20251020,072500,0.201,0.201,0.20,0.20,12000,0
1710.HK,5,20251020,073000,0.20,0.20,0.20,0.20,104000,0
1710.HK,5,20251020,075500,0.20,0.20,0.20,0.20,48000,0
1710.HK,5,20251020,083500,0.198,0.198,0.198,0.198,4000,0
1710.HK,5,20251020,091000,0.198,0.198,0.198,0.198,4000,0
1710.HK,5,20251020,093000,0.198,0.198,0.195,0.195,1224000,0
1710.HK,5,20251020,093500,0.194,0.194,0.194,0.194,56000,0
1710.HK,5,20251020,094000,0.195,0.195,0.195,0.195,52000,0
1710.HK,5,20251020,094500,0.193,0.194,0.193,0.194,8000,0
1710.HK,5,20251020,095500,0.193,0.193,0.193,0.193,8000,0
1710.HK,5,20251021,055500,0.197,0.197,0.195,0.195,68000,0
1710.HK,5,20251021,072500,0.195,0.195,0.195,0.195,24000,0
1710.HK,5,20251021,074000,0.195,0.195,0.195,0.195,4000,0
1710.HK,5,20251021,081500,0.195,0.195,0.195,0.195,4000,0
1710.HK,5,20251021,083000,0.195,0.195,0.195,0.195,152000,0
1710.HK,5,20251021,084000,0.195,0.195,0.195,0.195,44000,0
1710.HK,5,20251021,085000,0.192,0.192,0.192,0.192,8000,0
1710.HK,5,20251021,090000,0.193,0.193,0.193,0.193,12000,0
1710.HK,5,20251021,091500,0.193,0.193,0.193,0.193,8000,0
1710.HK,5,20251021,095500,0.193,0.193,0.193,0.193,12000,0
1710.HK,5,20251022,091500,0.192,0.192,0.191,0.192,300000,0
1710.HK,5,20251022,092000,0.194,0.194,0.194,0.194,24000,0
1710.HK,5,20251022,095500,0.193,0.193,0.193,0.193,16000,0
1710.HK,5,20251023,034000,0.198,0.198,0.198,0.198,80000,0
1710.HK,5,20251023,084500,0.194,0.194,0.194,0.194,4000,0
1710.HK,5,20251023,085500,0.195,0.195,0.195,0.195,92000,0
1710.HK,5,20251023,095500,0.192,0.196,0.192,0.196,24000,0
1710.HK,5,20251024,040500,0.196,0.196,0.196,0.196,20000,0
1710.HK,5,20251024,095500,0.192,0.197,0.192,0.197,16000,0
1710.HK,5,20251027,023500,0.196,0.196,0.196,0.196,52000,0
1710.HK,5,20251027,042500,0.193,0.193,0.193,0.193,44000,0
1710.HK,5,20251027,083500,0.193,0.193,0.193,0.193,4000,0
1710.HK,5,20251027,085500,0.193,0.193,0.193,0.193,16000,0
1710.HK,5,20251030,044500,0.193,0.193,0.193,0.193,4000,0
1710.HK,5,20251030,063000,0.195,0.195,0.195,0.195,4000,0
1710.HK,5,20251030,071000,0.195,0.195,0.195,0.195,4000,0
1710.HK,5,20251030,071500,0.195,0.195,0.195,0.195,112000,0
1710.HK,5,20251030,075000,0.193,0.193,0.193,0.193,4000,0
1710.HK,5,20251030,081500,0.193,0.193,0.193,0.193,4000,0
1710.HK,5,20251030,083500,0.192,0.192,0.192,0.192,4000,0
1710.HK,5,20251030,085500,0.193,0.194,0.193,0.194,12000,0
1710.HK,5,20251031,024500,0.194,0.194,0.194,0.194,52000,0
1710.HK,5,20251031,070500,0.194,0.194,0.194,0.194,8000,0
1710.HK,5,20251031,073000,0.194,0.194,0.194,0.194,32000,0
1710.HK,5,20251031,075500,0.191,0.197,0.191,0.197,24000,0
1710.HK,5,20251031,085500,0.191,0.197,0.191,0.197,28000,0
1710.HK,5,20251104,061000,0.194,0.195,0.194,0.195,68000,0
1710.HK,5,20251104,081000,0.194,0.194,0.194,0.194,4000,0
1710.HK,5,20251104,081500,0.194,0.194,0.194,0.194,4000,0
1710.HK,5,20251106,041500,0.197,0.197,0.197,0.197,20000,0
1710.HK,5,20251106,042500,0.197,0.197,0.197,0.197,12000,0
1710.HK,5,20251106,083000,0.197,0.197,0.197,0.197,12000,0
1710.HK,5,20251107,042000,0.198,0.198,0.198,0.198,16000,0
1710.HK,5,20251107,044500,0.198,0.198,0.198,0.198,124000,0
1710.HK,5,20251107,061000,0.201,0.201,0.201,0.201,8000,0
1710.HK,5,20251107,070000,0.202,0.202,0.202,0.202,48000,0
1710.HK,5,20251107,075500,0.204,0.205,0.204,0.205,108000,0
1710.HK,5,20251107,081000,0.208,0.208,0.208,0.208,32000,0
1710.HK,5,20251107,081500,0.208,0.213,0.208,0.213,968000,0
1710.HK,5,20251107,082000,0.213,0.213,0.213,0.213,112000,0
1710.HK,5,20251107,082500,0.214,0.215,0.214,0.215,76000,0
1710.HK,5,20251107,083000,0.217,0.217,0.217,0.217,36000,0
1710.HK,5,20251107,083500,0.215,0.215,0.215,0.215,228000,0
1710.HK,5,20251107,084000,0.215,0.215,0.215,0.215,520000,0
1710.HK,5,20251107,084500,0.215,0.215,0.21,0.21,660000,0
1710.HK,5,20251107,085000,0.213,0.213,0.213,0.213,28000,0
1710.HK,5,20251107,085500,0.213,0.214,0.213,0.214,84000,0
1710.HK,5,20251110,023500,0.214,0.216,0.214,0.215,88000,0
1710.HK,5,20251110,030500,0.215,0.215,0.215,0.215,12000,0
1710.HK,5,20251110,031000,0.219,0.219,0.219,0.219,20000,0
1710.HK,5,20251110,031500,0.22,0.221,0.22,0.22,500000,0
1710.HK,5,20251110,032000,0.225,0.228,0.225,0.228,276000,0
1710.HK,5,20251110,032500,0.228,0.235,0.228,0.232,2348000,0
1710.HK,5,20251110,033000,0.231,0.238,0.23,0.235,100000,0
1710.HK,5,20251110,033500,0.235,0.24,0.235,0.238,400000,0
1710.HK,5,20251110,034500,0.238,0.238,0.238,0.238,8000,0
1710.HK,5,20251110,035000,0.234,0.234,0.231,0.231,688000,0
1710.HK,5,20251110,035500,0.232,0.233,0.232,0.233,872000,0
1710.HK,5,20251110,040500,0.233,0.233,0.232,0.232,244000,0
1710.HK,5,20251110,041000,0.232,0.234,0.232,0.234,96000,0
1710.HK,5,20251110,041500,0.234,0.237,0.234,0.237,100000,0
1710.HK,5,20251110,042500,0.235,0.235,0.232,0.235,160000,0
1710.HK,5,20251110,043000,0.235,0.237,0.235,0.237,192000,0
1710.HK,5,20251110,043500,0.237,0.238,0.237,0.238,80000,0
1710.HK,5,20251110,044500,0.236,0.237,0.236,0.237,132000,0
1710.HK,5,20251110,045000,0.237,0.244,0.236,0.244,1480000,0
1710.HK,5,20251110,045500,0.243,0.244,0.239,0.243,812000,0
1710.HK,5,20251110,060000,0.243,0.255,0.243,0.255,2860000,0
1710.HK,5,20251110,060500,0.255,0.255,0.255,0.255,20000,0
1710.HK,5,20251110,061000,0.255,0.255,0.255,0.255,20000,0
1710.HK,5,20251110,061500,0.255,0.265,0.255,0.265,732000,0
1710.HK,5,20251110,062000,0.26,0.265,0.255,0.255,592000,0
1710.HK,5,20251110,062500,0.26,0.26,0.247,0.249,328000,0
1710.HK,5,20251110,063000,0.249,0.25,0.249,0.25,540000,0
1710.HK,5,20251110,063500,0.255,0.255,0.25,0.25,96000,0
1710.HK,5,20251110,064000,0.255,0.255,0.244,0.25,588000,0
1710.HK,5,20251110,064500,0.248,0.249,0.243,0.247,1360000,0
1710.HK,5,20251110,065000,0.247,0.247,0.246,0.246,28000,0
1710.HK,5,20251110,065500,0.246,0.246,0.246,0.246,440000,0
1710.HK,5,20251110,071500,0.243,0.243,0.243,0.243,4000,0
1710.HK,5,20251110,072000,0.243,0.246,0.243,0.246,84000,0
1710.HK,5,20251110,072500,0.246,0.247,0.246,0.247,12000,0
1710.HK,5,20251110,073000,0.247,0.247,0.247,0.247,436000,0
1710.HK,5,20251110,073500,0.247,0.247,0.247,0.247,40000,0
1710.HK,5,20251110,074000,0.248,0.26,0.248,0.26,2508000,0
1710.HK,5,20251110,074500,0.26,0.26,0.255,0.255,84000,0
1710.HK,5,20251110,075000,0.255,0.265,0.255,0.265,672000,0
1710.HK,5,20251110,075500,0.265,0.265,0.26,0.265,128000,0
1710.HK,5,20251110,080000,0.265,0.265,0.26,0.265,164000,0
1710.HK,5,20251110,080500,0.265,0.265,0.26,0.265,92000,0
1710.HK,5,20251110,081000,0.265,0.275,0.265,0.275,1484000,0
1710.HK,5,20251110,081500,0.275,0.28,0.27,0.28,944000,0
1710.HK,5,20251110,082000,0.28,0.285,0.27,0.275,1328000,0
1710.HK,5,20251110,082500,0.275,0.28,0.275,0.275,232000,0
1710.HK,5,20251110,083000,0.275,0.28,0.275,0.28,412000,0
1710.HK,5,20251110,083500,0.28,0.285,0.28,0.28,328000,0
1710.HK,5,20251110,084000,0.28,0.285,0.27,0.27,1012000,0
1710.HK,5,20251110,084500,0.265,0.275,0.265,0.27,244000,0
1710.HK,5,20251110,085000,0.27,0.275,0.27,0.275,276000,0
1710.HK,5,20251110,085500,0.275,0.28,0.275,0.28,544000,0
1710.HK,5,20251111,023000,0.285,0.29,0.275,0.275,588000,0
1710.HK,5,20251111,023500,0.28,0.28,0.27,0.275,320000,0
1710.HK,5,20251111,024000,0.275,0.275,0.27,0.27,328000,0
1710.HK,5,20251111,024500,0.265,0.27,0.265,0.27,48000,0
1710.HK,5,20251111,025000,0.27,0.28,0.27,0.28,676000,0
1710.HK,5,20251111,025500,0.28,0.28,0.28,0.28,8000,0
1710.HK,5,20251111,030500,0.27,0.275,0.27,0.275,52000,0
1710.HK,5,20251111,031000,0.27,0.275,0.27,0.275,12000,0
1710.HK,5,20251111,031500,0.27,0.27,0.265,0.265,176000,0
1710.HK,5,20251111,032000,0.265,0.27,0.265,0.265,136000,0
1710.HK,5,20251111,033000,0.26,0.26,0.26,0.26,52000,0
1710.HK,5,20251111,033500,0.26,0.26,0.26,0.26,168000,0
1710.HK,5,20251111,035000,0.26,0.26,0.26,0.26,76000,0
1710.HK,5,20251111,035500,0.255,0.255,0.25,0.25,800000,0
1710.HK,5,20251111,040000,0.25,0.25,0.25,0.25,20000,0
1710.HK,5,20251111,040500,0.249,0.26,0.249,0.26,256000,0
1710.HK,5,20251111,041500,0.26,0.26,0.26,0.26,60000,0
1710.HK,5,20251111,043000,0.255,0.26,0.255,0.26,64000,0
1710.HK,5,20251111,045500,0.265,0.265,0.265,0.265,20000,0
1710.HK,5,20251111,060000,0.26,0.26,0.26,0.26,88000,0
1710.HK,5,20251111,061000,0.26,0.26,0.26,0.26,16000,0
1710.HK,5,20251111,063500,0.26,0.26,0.26,0.26,40000,0
1710.HK,5,20251111,064000,0.255,0.255,0.255,0.255,8000,0
1710.HK,5,20251111,064500,0.255,0.255,0.255,0.255,64000,0
1710.HK,5,20251111,065000,0.255,0.255,0.255,0.255,48000,0
1710.HK,5,20251111,065500,0.26,0.26,0.26,0.26,2216000,0
1710.HK,5,20251111,070000,0.26,0.26,0.26,0.26,68000,0
1710.HK,5,20251111,070500,0.26,0.26,0.26,0.26,100000,0
1710.HK,5,20251111,074000,0.255,0.255,0.255,0.255,64000,0
1710.HK,5,20251111,074500,0.255,0.255,0.255,0.255,36000,0
1710.HK,5,20251111,075000,0.255,0.255,0.255,0.255,56000,0
1710.HK,5,20251111,075500,0.255,0.255,0.255,0.255,8000,0
1710.HK,5,20251111,080000,0.255,0.255,0.255,0.255,8000,0
1710.HK,5,20251111,080500,0.255,0.255,0.255,0.255,20000,0
1710.HK,5,20251111,081000,0.255,0.255,0.255,0.255,16000,0
1710.HK,5,20251111,081500,0.255,0.26,0.255,0.255,208000,0
1710.HK,5,20251111,082000,0.255,0.255,0.255,0.255,148000,0
1710.HK,5,20251111,082500,0.255,0.255,0.255,0.255,20000,0
1710.HK,5,20251111,083000,0.255,0.255,0.255,0.255,100000,0
1710.HK,5,20251111,084500,0.255,0.255,0.25,0.25,156000,0
1710.HK,5,20251111,085000,0.25,0.25,0.25,0.25,24000,0
1710.HK,5,20251111,085500,0.25,0.25,0.25,0.25,68000,0
1710.HK,5,20251112,023000,0.25,0.25,0.25,0.25,4000,0
1710.HK,5,20251112,024500,0.248,0.248,0.248,0.248,20000,0
1710.HK,5,20251112,025000,0.246,0.246,0.246,0.246,4000,0
1710.HK,5,20251112,030500,0.246,0.246,0.246,0.246,104000,0
1710.HK,5,20251112,031000,0.246,0.246,0.246,0.246,40000,0
1710.HK,5,20251112,032000,0.246,0.246,0.246,0.246,4000,0
1710.HK,5,20251112,033000,0.245,0.245,0.245,0.245,304000,0
1710.HK,5,20251112,034500,0.245,0.245,0.244,0.244,36000,0
1710.HK,5,20251112,040500,0.242,0.242,0.242,0.242,60000,0
1710.HK,5,20251112,042500,0.245,0.246,0.245,0.246,52000,0
1710.HK,5,20251112,043000,0.246,0.246,0.242,0.242,24000,0
1710.HK,5,20251112,043500,0.242,0.243,0.242,0.243,20000,0
1710.HK,5,20251112,044000,0.242,0.242,0.242,0.242,4000,0
1710.HK,5,20251112,044500,0.242,0.242,0.242,0.242,8000,0
1710.HK,5,20251112,045000,0.242,0.242,0.242,0.242,80000,0
1710.HK,5,20251112,061500,0.242,0.243,0.241,0.241,116000,0
1710.HK,5,20251112,062000,0.241,0.241,0.241,0.241,144000,0
1710.HK,5,20251112,063500,0.241,0.241,0.24,0.24,440000,0
1710.HK,5,20251112,070500,0.24,0.24,0.24,0.24,16000,0
1710.HK,5,20251112,071000,0.24,0.24,0.24,0.24,12000,0
1710.HK,5,20251112,072000,0.24,0.24,0.239,0.24,440000,0
1710.HK,5,20251112,073000,0.24,0.24,0.24,0.24,4000,0
1710.HK,5,20251112,075000,0.24,0.24,0.24,0.24,8000,0
1710.HK,5,20251112,075500,0.239,0.239,0.239,0.239,100000,0
1710.HK,5,20251112,081500,0.239,0.239,0.239,0.239,4000,0
1710.HK,5,20251112,082000,0.239,0.239,0.239,0.239,12000,0
1710.HK,5,20251112,083000,0.239,0.239,0.239,0.239,20000,0
1710.HK,5,20251112,084000,0.24,0.24,0.239,0.239,132000,0
1710.HK,5,20251112,085000,0.239,0.239,0.239,0.239,4000,0
1710.HK,5,20251112,085500,0.24,0.24,0.24,0.24,88000,0
1710.HK,5,20251113,030000,0.241,0.242,0.241,0.242,396000,0
1710.HK,5,20251113,030500,0.249,0.25,0.249,0.25,44000,0
1710.HK,5,20251113,031000,0.255,0.255,0.249,0.249,180000,0
1710.HK,5,20251113,031500,0.249,0.255,0.245,0.25,232000,0
1710.HK,5,20251113,033000,0.246,0.246,0.245,0.245,256000,0
1710.HK,5,20251113,033500,0.245,0.245,0.245,0.245,40000,0
1710.HK,5,20251113,034500,0.246,0.246,0.245,0.245,172000,0
1710.HK,5,20251113,035000,0.243,0.243,0.243,0.243,4000,0
1710.HK,5,20251113,035500,0.242,0.242,0.241,0.241,68000,0
1710.HK,5,20251113,040000,0.245,0.245,0.245,0.245,228000,0
1710.HK,5,20251113,040500,0.245,0.245,0.245,0.245,164000,0
1710.HK,5,20251113,041500,0.242,0.242,0.242,0.242,24000,0
1710.HK,5,20251113,042000,0.242,0.242,0.241,0.241,28000,0
1710.HK,5,20251113,042500,0.24,0.24,0.24,0.24,24000,0
1710.HK,5,20251113,043000,0.244,0.246,0.24,0.246,64000,0
1710.HK,5,20251113,043500,0.24,0.244,0.24,0.244,40000,0
1710.HK,5,20251113,044000,0.24,0.244,0.24,0.244,56000,0
1710.HK,5,20251113,044500,0.24,0.24,0.24,0.24,36000,0
1710.HK,5,20251113,045000,0.244,0.244,0.244,0.244,4000,0
1710.HK,5,20251113,045500,0.243,0.244,0.243,0.244,16000,0
1710.HK,5,20251113,060000,0.24,0.24,0.24,0.24,120000,0
1710.HK,5,20251113,060500,0.24,0.243,0.24,0.243,32000,0
1710.HK,5,20251113,061500,0.239,0.241,0.239,0.241,116000,0
1710.HK,5,20251113,063500,0.239,0.239,0.239,0.239,12000,0
1710.HK,5,20251113,071500,0.24,0.241,0.24,0.241,556000,0
1710.HK,5,20251113,073000,0.241,0.241,0.241,0.241,28000,0
1710.HK,5,20251113,073500,0.244,0.245,0.244,0.245,264000,0
1710.HK,5,20251113,075000,0.246,0.246,0.246,0.246,140000,0
1710.HK,5,20251113,075500,0.243,0.243,0.243,0.243,72000,0
1710.HK,5,20251113,080000,0.243,0.243,0.243,0.243,56000,0
1710.HK,5,20251113,082000,0.242,0.242,0.242,0.242,380000,0
1710.HK,5,20251113,082500,0.242,0.242,0.242,0.242,88000,0
1710.HK,5,20251113,083000,0.242,0.242,0.24,0.24,76000,0
1710.HK,5,20251113,083500,0.24,0.24,0.24,0.24,180000,0
1710.HK,5,20251113,084000,0.24,0.243,0.24,0.243,32000,0
1710.HK,5,20251113,085000,0.24,0.24,0.24,0.24,244000,0
1710.HK,5,20251113,085500,0.243,0.245,0.241,0.241,504000,0
1710.HK,5,20251114,025500,0.241,0.241,0.241,0.241,4000,0
1710.HK,5,20251114,030000,0.241,0.241,0.241,0.241,32000,0
1710.HK,5,20251114,030500,0.239,0.239,0.239,0.239,32000,0
1710.HK,5,20251114,031000,0.244,0.244,0.244,0.244,104000,0
1710.HK,5,20251114,062000,0.24,0.242,0.24,0.242,12000,0
1710.HK,5,20251114,071500,0.239,0.239,0.239,0.239,8000,0
1710.HK,5,20251114,072000,0.238,0.238,0.238,0.238,88000,0
1710.HK,5,20251114,073500,0.238,0.238,0.238,0.238,80000,0
1710.HK,5,20251114,074500,0.238,0.239,0.238,0.239,56000,0
1710.HK,5,20251114,083500,0.237,0.237,0.237,0.237,184000,0
1710.HK,5,20251114,084000,0.237,0.239,0.237,0.239,28000,0
1710.HK,5,20251114,085500,0.236,0.239,0.236,0.239,152000,0
1710.HK,5,20251117,030500,0.237,0.239,0.237,0.239,24000,0
1710.HK,5,20251117,043000,0.238,0.239,0.238,0.239,24000,0
1710.HK,5,20251117,045500,0.239,0.239,0.239,0.239,60000,0
1710.HK,5,20251117,060500,0.236,0.236,0.236,0.236,52000,0
1710.HK,5,20251117,061000,0.238,0.238,0.238,0.238,4000,0
1710.HK,5,20251117,070000,0.235,0.235,0.235,0.235,24000,0
1710.HK,5,20251117,072000,0.235,0.235,0.235,0.235,80000,0
1710.HK,5,20251117,074000,0.236,0.237,0.236,0.237,12000,0
1710.HK,5,20251117,082500,0.234,0.234,0.233,0.233,40000,0
1710.HK,5,20251117,083000,0.237,0.237,0.237,0.237,4000,0
1710.HK,5,20251117,084500,0.233,0.237,0.232,0.237,108000,0
1710.HK,5,20251117,085000,0.236,0.237,0.236,0.237,76000,0
1710.HK,5,20251118,031000,0.237,0.237,0.237,0.237,8000,0
1710.HK,5,20251118,032500,0.237,0.237,0.237,0.237,4000,0
1710.HK,5,20251118,033000,0.237,0.239,0.237,0.239,56000,0
1710.HK,5,20251118,033500,0.239,0.239,0.239,0.239,4000,0
1710.HK,5,20251118,062500,0.238,0.238,0.238,0.238,212000,0
1710.HK,5,20251118,063000,0.239,0.239,0.239,0.239,4000,0
1710.HK,5,20251118,070500,0.233,0.235,0.233,0.235,28000,0
1710.HK,5,20251118,071000,0.235,0.238,0.235,0.238,40000,0
1710.HK,5,20251118,073000,0.236,0.238,0.236,0.238,24000,0
1710.HK,5,20251118,074000,0.236,0.238,0.236,0.238,36000,0
1710.HK,5,20251119,035500,0.238,0.238,0.238,0.238,28000,0
1710.HK,5,20251119,040000,0.239,0.239,0.239,0.239,76000,0
1710.HK,5,20251119,042000,0.238,0.242,0.238,0.242,124000,0
1710.HK,5,20251119,063500,0.241,0.241,0.241,0.241,4000,0
1710.HK,5,20251119,074500,0.241,0.245,0.241,0.245,176000,0
1710.HK,5,20251119,082500,0.245,0.245,0.245,0.245,80000,0
1710.HK,5,20251120,024000,0.245,0.245,0.245,0.245,20000,0
1710.HK,5,20251120,031500,0.245,0.245,0.245,0.245,100000,0
1710.HK,5,20251120,034500,0.245,0.245,0.245,0.245,20000,0
1710.HK,5,20251121,044000,0.239,0.239,0.239,0.239,56000,0
1710.HK,5,20251121,044500,0.245,0.245,0.245,0.245,4000,0
1710.HK,5,20251121,045500,0.244,0.245,0.244,0.245,16000,0
1710.HK,5,20251124,032000,0.245,0.245,0.245,0.245,60000,0
1710.HK,5,20251124,065000,0.244,0.245,0.244,0.245,24000,0
1710.HK,5,20251124,065500,0.235,0.235,0.235,0.235,12000,0
1710.HK,5,20251124,070500,0.234,0.234,0.231,0.231,192000,0
1710.HK,5,20251124,071000,0.239,0.239,0.239,0.239,4000,0
1710.HK,5,20251124,072500,0.231,0.231,0.231,0.231,32000,0
1710.HK,5,20251124,073000,0.234,0.236,0.234,0.236,56000,0
1710.HK,5,20251124,073500,0.236,0.236,0.236,0.236,20000,0
1710.HK,5,20251124,074000,0.239,0.239,0.239,0.239,4000,0
1710.HK,5,20251124,085000,0.235,0.235,0.235,0.235,4000,0
1710.HK,5,20251125,035000,0.235,0.235,0.235,0.235,4000,0
1710.HK,5,20251125,061000,0.234,0.235,0.234,0.235,24000,0
1710.HK,5,20251125,062500,0.234,0.235,0.234,0.235,44000,0
1710.HK,5,20251125,070000,0.242,0.242,0.242,0.242,4000,0
1710.HK,5,20251125,072000,0.241,0.241,0.241,0.241,8000,0
1710.HK,5,20251125,074500,0.243,0.243,0.243,0.243,4000,0
1710.HK,5,20251125,085000,0.243,0.243,0.243,0.243,120000,0
1710.HK,5,20251125,085500,0.244,0.244,0.244,0.244,4000,0
1710.HK,5,20251126,063500,0.244,0.244,0.244,0.244,8000,0
1710.HK,5,20251127,030000,0.245,0.245,0.245,0.245,4000,0
1710.HK,5,20251128,083000,0.244,0.244,0.244,0.244,4000,0
1710.HK,5,20251128,083500,0.245,0.245,0.245,0.245,4000,0
1710.HK,5,20251201,060000,0.241,0.241,0.241,0.241,4000,0
1710.HK,5,20251201,065000,0.241,0.241,0.241,0.241,4000,0
1710.HK,5,20251201,072000,0.241,0.241,0.241,0.241,4000,0
1710.HK,5,20251202,030000,0.241,0.241,0.241,0.241,140000,0
1710.HK,5,20251202,031000,0.234,0.234,0.234,0.234,384000,0
1710.HK,5,20251202,032000,0.235,0.235,0.235,0.235,4000,0
1710.HK,5,20251202,035500,0.235,0.237,0.235,0.237,52000,0
1710.HK,5,20251202,043500,0.235,0.238,0.235,0.238,124000,0
1710.HK,5,20251202,060000,0.236,0.238,0.236,0.238,100000,0
1710.HK,5,20251202,073000,0.236,0.236,0.236,0.236,8000,0
1710.HK,5,20251202,073500,0.238,0.238,0.238,0.238,4000,0
1710.HK,5,20251202,075500,0.235,0.235,0.235,0.235,8000,0
1710.HK,5,20251202,080000,0.238,0.238,0.238,0.238,24000,0
1710.HK,5,20251202,082000,0.238,0.238,0.238,0.238,4000,0
1710.HK,5,20251202,083000,0.234,0.238,0.234,0.238,48000,0
1710.HK,5,20251202,085000,0.236,0.24,0.236,0.24,8000,0
1710.HK,5,20251202,085500,0.236,0.24,0.236,0.24,44000,0
1710.HK,5,20251203,043500,0.24,0.24,0.24,0.24,4000,0
1710.HK,5,20251203,074000,0.24,0.24,0.235,0.24,28000,0
1710.HK,5,20251203,085500,0.234,0.239,0.234,0.239,32000,0
1710.HK,5,20251204,025000,0.232,0.232,0.231,0.232,48000,0
1710.HK,5,20251204,025500,0.232,0.239,0.232,0.239,304000,0
1710.HK,5,20251204,043500,0.239,0.239,0.239,0.239,100000,0
1710.HK,5,20251204,085500,0.231,0.238,0.231,0.238,4000,0
