<TICKER>,<PER>,<DATE>,<TIME>,<OPEN>,<HIGH>,<LOW>,<CLOSE>,<VOL>,<OPENINT>
1742.HK,5,20250709,034000,0.077,0.077,0.077,0.077,100000,0
1742.HK,5,20250709,041000,0.074,0.074,0.074,0.074,20000,0
1742.HK,5,20250709,041500,0.077,0.08,0.073,0.073,50000,0
1742.HK,5,20250709,042000,0.073,0.073,0.073,0.073,40000,0
1742.HK,5,20250709,042500,0.074,0.074,0.074,0.074,25000,0
1742.HK,5,20250709,043000,0.075,0.075,0.074,0.074,20000,0
1742.HK,5,20250709,050000,0.074,0.074,0.074,0.074,40000,0
1742.HK,5,20250709,090000,0.079,0.084,0.079,0.084,80000,0
1742.HK,5,20250709,093000,0.075,0.075,0.075,0.075,35000,0
1742.HK,5,20250709,093500,0.082,0.083,0.082,0.083,10000,0
1742.HK,5,20250709,094000,0.075,0.083,0.075,0.083,65000,0
1742.HK,5,20250709,095000,0.076,0.076,0.076,0.076,40000,0
1742.HK,5,20250709,095500,0.08,0.08,0.075,0.079,35000,0
1742.HK,5,20250710,054000,0.079,0.079,0.079,0.079,5000,0
1742.HK,5,20250710,085000,0.079,0.079,0.079,0.079,5000,0
1742.HK,5,20250715,033500,0.081,0.081,0.081,0.081,20000,0
1742.HK,5,20250715,072500,0.08,0.08,0.08,0.08,20000,0
1742.HK,5,20250717,053000,0.073,0.073,0.07,0.07,430000,0
1742.HK,5,20250717,053500,0.074,0.074,0.074,0.074,5000,0
1742.HK,5,20250717,093500,0.072,0.072,0.072,0.072,40000,0
1742.HK,5,20250717,094000,0.07,0.07,0.07,0.07,15000,0
1742.HK,5,20250717,094500,0.07,0.07,0.07,0.07,50000,0
1742.HK,5,20250717,095500,0.069,0.073,0.068,0.073,225000,0
1742.HK,5,20250718,033500,0.076,0.076,0.076,0.076,100000,0
1742.HK,5,20250718,034000,0.074,0.074,0.074,0.074,50000,0
1742.HK,5,20250718,041500,0.073,0.073,0.073,0.073,100000,0
1742.HK,5,20250718,050500,0.073,0.073,0.073,0.073,65000,0
1742.HK,5,20250718,073000,0.068,0.071,0.068,0.071,35000,0
1742.HK,5,20250721,092000,0.072,0.072,0.072,0.072,5000,0
1742.HK,5,20250722,040500,0.073,0.073,0.073,0.073,5000,0
1742.HK,5,20250722,045000,0.075,0.075,0.075,0.075,35000,0
1742.HK,5,20250722,045500,0.075,0.075,0.075,0.075,10000,0
1742.HK,5,20250722,070000,0.073,0.073,0.073,0.073,75000,0
1742.HK,5,20250722,071000,0.073,0.073,0.073,0.073,15000,0
1742.HK,5,20250722,091500,0.073,0.073,0.073,0.073,10000,0
1742.HK,5,20250722,092500,0.072,0.072,0.072,0.072,20000,0
1742.HK,5,20250722,094500,0.072,0.077,0.072,0.077,45000,0
1742.HK,5,20250723,040000,0.077,0.077,0.076,0.076,20000,0
1742.HK,5,20250724,074000,0.077,0.077,0.077,0.077,55000,0
1742.HK,5,20250725,070000,0.071,0.071,0.071,0.071,1130000,0
1742.HK,5,20250725,095500,0.075,0.075,0.075,0.075,5000,0
1742.HK,5,20250729,042500,0.07,0.073,0.07,0.073,1200000,0
1742.HK,5,20250730,033000,0.07,0.072,0.07,0.072,1100000,0
1742.HK,5,20250731,082000,0.071,0.071,0.071,0.071,230000,0
1742.HK,5,20250731,082500,0.071,0.071,0.071,0.071,25000,0
1742.HK,5,20250731,095500,0.072,0.072,0.072,0.072,5000,0
1742.HK,5,20250804,034500,0.069,0.069,0.069,0.069,110000,0
1742.HK,5,20250804,053000,0.069,0.069,0.069,0.069,5000,0
1742.HK,5,20250804,094500,0.069,0.071,0.069,0.071,160000,0
1742.HK,5,20250806,095500,0.075,0.075,0.075,0.075,5000,0
1742.HK,5,20250807,033000,0.075,0.075,0.075,0.075,50000,0
1742.HK,5,20250807,080500,0.073,0.073,0.073,0.073,5000,0
1742.HK,5,20250808,035000,0.073,0.073,0.073,0.073,100000,0
1742.HK,5,20250808,093500,0.073,0.073,0.073,0.073,5000,0
1742.HK,5,20250815,071000,0.072,0.072,0.071,0.071,250000,0
1742.HK,5,20250815,071500,0.071,0.071,0.071,0.071,250000,0
1742.HK,5,20250815,074000,0.071,0.071,0.071,0.071,350000,0
1742.HK,5,20250815,081000,0.071,0.071,0.071,0.071,280000,0
1742.HK,5,20250815,095500,0.075,0.075,0.071,0.071,5000,0
1742.HK,5,20250818,034000,0.068,0.069,0.068,0.069,710000,0
1742.HK,5,20250820,095500,0.079,0.079,0.079,0.079,5000,0
1742.HK,5,20250821,033000,0.075,0.075,0.075,0.075,55000,0
1742.HK,5,20250822,070000,0.072,0.072,0.072,0.072,105000,0
1742.HK,5,20250822,070500,0.072,0.072,0.072,0.072,240000,0
1742.HK,5,20250822,071000,0.072,0.072,0.072,0.072,35000,0
1742.HK,5,20250822,071500,0.073,0.073,0.073,0.073,5000,0
1742.HK,5,20250822,074500,0.073,0.073,0.073,0.073,180000,0
1742.HK,5,20250822,095500,0.079,0.079,0.079,0.079,5000,0
1742.HK,5,20250825,041500,0.079,0.079,0.079,0.079,10000,0
1742.HK,5,20250825,043000,0.075,0.075,0.075,0.075,100000,0
1742.HK,5,20250825,051000,0.086,0.086,0.086,0.086,5000,0
1742.HK,5,20250825,091500,0.085,0.085,0.084,0.084,100000,0
1742.HK,5,20250826,042500,0.084,0.089,0.084,0.089,210000,0
1742.HK,5,20250826,045500,0.086,0.087,0.086,0.087,10000,0
1742.HK,5,20250826,053000,0.086,0.088,0.086,0.088,10000,0
1742.HK,5,20250826,080000,0.086,0.086,0.086,0.086,15000,0
1742.HK,5,20250826,080500,0.086,0.086,0.086,0.086,180000,0
1742.HK,5,20250826,081500,0.086,0.086,0.086,0.086,5000,0
1742.HK,5,20250826,083000,0.087,0.087,0.085,0.085,5000,0
1742.HK,5,20250827,033000,0.088,0.088,0.088,0.088,5000,0
1742.HK,5,20250827,044500,0.086,0.086,0.084,0.084,15000,0
1742.HK,5,20250827,054500,0.088,0.088,0.085,0.085,5000,0
1742.HK,5,20250828,054500,0.085,0.086,0.085,0.086,15000,0
1742.HK,5,20250829,035000,0.086,0.086,0.085,0.086,15000,0
1742.HK,5,20250901,035000,0.084,0.084,0.084,0.084,5000,0
1742.HK,5,20250901,043000,0.084,0.084,0.084,0.084,100000,0
1742.HK,5,20250901,054500,0.086,0.086,0.081,0.081,5000,0
1742.HK,5,20250902,042000,0.08,0.08,0.08,0.08,5000,0
1742.HK,5,20250902,054000,0.08,0.08,0.08,0.08,30000,0
1742.HK,5,20250902,092500,0.082,0.087,0.082,0.086,25000,0
1742.HK,5,20250902,094500,0.08,0.083,0.08,0.083,10000,0
1742.HK,5,20250903,091500,0.078,0.079,0.078,0.079,20000,0
1742.HK,5,20250903,092000,0.079,0.079,0.078,0.078,65000,0
1742.HK,5,20250903,092500,0.079,0.079,0.078,0.079,20000,0
1742.HK,5,20250903,094000,0.079,0.079,0.079,0.079,35000,0
1742.HK,5,20250904,090500,0.077,0.077,0.077,0.077,250000,0
1742.HK,5,20250904,094000,0.076,0.079,0.076,0.079,100000,0
1742.HK,5,20250905,055500,0.086,0.086,0.086,0.086,5000,0
1742.HK,5,20250905,070000,0.085,0.085,0.085,0.085,5000,0
1742.HK,5,20250905,082000,0.084,0.084,0.083,0.083,200000,0
1742.HK,5,20250908,085000,0.086,0.086,0.084,0.085,10000,0
1742.HK,5,20250909,051500,0.086,0.086,0.086,0.086,10000,0
1742.HK,5,20250909,095500,0.086,0.086,0.086,0.086,5000,0
1742.HK,5,20250916,041000,0.078,0.078,0.077,0.077,70000,0
1742.HK,5,20250916,043500,0.082,0.086,0.082,0.086,30000,0
1742.HK,5,20250919,042000,0.087,0.087,0.087,0.087,15000,0
1742.HK,5,20250919,074500,0.082,0.084,0.082,0.084,50000,0
1742.HK,5,20250922,033500,0.085,0.085,0.085,0.085,100000,0
1742.HK,5,20250926,033000,0.085,0.085,0.085,0.085,95000,0
1742.HK,5,20250926,054500,0.085,0.085,0.085,0.085,5000,0
1742.HK,5,20250930,051000,0.082,0.082,0.082,0.082,695000,0
1742.HK,5,20250930,085500,0.082,0.082,0.082,0.082,195000,0
1742.HK,5,20250930,090000,0.082,0.084,0.082,0.084,180000,0
1742.HK,5,20251002,040000,0.083,0.088,0.083,0.088,55000,0
1742.HK,5,20251002,051500,0.079,0.079,0.079,0.079,20000,0
1742.HK,5,20251002,052000,0.08,0.08,0.079,0.079,40000,0
1742.HK,5,20251002,070000,0.08,0.08,0.08,0.08,20000,0
1742.HK,5,20251002,070500,0.08,0.08,0.08,0.08,120000,0
1742.HK,5,20251002,071000,0.085,0.085,0.085,0.085,5000,0
1742.HK,5,20251002,081500,0.085,0.085,0.085,0.085,25000,0
1742.HK,5,20251002,082500,0.085,0.085,0.085,0.085,10000,0
1742.HK,5,20251003,072500,0.08,0.085,0.079,0.083,75000,0
1742.HK,5,20251003,074000,0.083,0.085,0.083,0.085,15000,0
1742.HK,5,20251003,095500,0.082,0.082,0.082,0.082,5000,0
1742.HK,5,20251006,080000,0.083,0.086,0.083,0.086,10000,0
1742.HK,5,20251008,050500,0.083,0.083,0.083,0.083,15000,0
1742.HK,5,20251008,053500,0.084,0.084,0.084,0.084,75000,0
1742.HK,5,20251009,035000,0.081,0.081,0.081,0.081,15000,0
1742.HK,5,20251009,035500,0.081,0.081,0.081,0.081,35000,0
1742.HK,5,20251009,040000,0.081,0.089,0.081,0.089,45000,0
1742.HK,5,20251009,041000,0.089,0.091,0.089,0.091,10000,0
1742.HK,5,20251009,041500,0.091,0.091,0.091,0.091,10000,0
1742.HK,5,20251009,075500,0.083,0.083,0.083,0.083,150000,0
1742.HK,5,20251009,081000,0.083,0.083,0.083,0.083,10000,0
1742.HK,5,20251009,085000,0.083,0.083,0.083,0.083,85000,0
1742.HK,5,20251009,085500,0.083,0.083,0.083,0.083,55000,0
1742.HK,5,20251010,040000,0.091,0.091,0.091,0.091,5000,0
1742.HK,5,20251010,041500,0.081,0.081,0.081,0.081,5000,0
1742.HK,5,20251010,043500,0.09,0.095,0.09,0.095,205000,0
1742.HK,5,20251010,044000,0.095,0.095,0.095,0.095,10000,0
1742.HK,5,20251010,050000,0.093,0.093,0.093,0.093,20000,0
1742.HK,5,20251010,071000,0.091,0.091,0.091,0.091,15000,0
1742.HK,5,20251010,090000,0.089,0.089,0.089,0.089,20000,0
1742.HK,5,20251010,095500,0.085,0.088,0.084,0.088,20000,0
1742.HK,5,20251013,093000,0.087,0.091,0.087,0.091,50000,0
1742.HK,5,20251013,095500,0.091,0.091,0.091,0.091,175000,0
1742.HK,5,20251014,045500,0.095,0.096,0.095,0.096,5050000,0
1742.HK,5,20251014,050500,0.096,0.097,0.096,0.097,200000,0
1742.HK,5,20251014,053000,0.098,0.099,0.098,0.099,200000,0
1742.HK,5,20251014,054000,0.10,0.10,0.10,0.10,20000,0
1742.HK,5,20251014,071000,0.099,0.105,0.099,0.105,1050000,0
1742.HK,5,20251014,071500,0.104,0.115,0.102,0.109,120000,0
1742.HK,5,20251014,072000,0.109,0.11,0.109,0.109,210000,0
1742.HK,5,20251014,072500,0.109,0.109,0.109,0.109,10000,0
1742.HK,5,20251014,073500,0.108,0.11,0.108,0.11,415000,0
1742.HK,5,20251014,074000,0.105,0.105,0.105,0.105,40000,0
1742.HK,5,20251014,074500,0.105,0.11,0.105,0.11,445000,0
1742.HK,5,20251014,075500,0.104,0.112,0.10,0.112,1025000,0
1742.HK,5,20251014,080000,0.112,0.112,0.112,0.112,30000,0
1742.HK,5,20251014,080500,0.111,0.111,0.106,0.106,30000,0
1742.HK,5,20251014,081000,0.106,0.108,0.106,0.108,60000,0
1742.HK,5,20251014,081500,0.108,0.108,0.107,0.108,105000,0
1742.HK,5,20251014,082000,0.108,0.108,0.108,0.108,10000,0
1742.HK,5,20251014,082500,0.108,0.108,0.108,0.108,10000,0
1742.HK,5,20251014,083000,0.109,0.11,0.109,0.11,135000,0
1742.HK,5,20251014,083500,0.108,0.111,0.108,0.111,135000,0
1742.HK,5,20251014,084000,0.112,0.115,0.112,0.115,175000,0
1742.HK,5,20251014,084500,0.115,0.115,0.115,0.115,45000,0
1742.HK,5,20251014,091000,0.115,0.115,0.115,0.115,15000,0
1742.HK,5,20251014,092000,0.115,0.117,0.115,0.115,240000,0
1742.HK,5,20251014,092500,0.114,0.114,0.114,0.114,10000,0
1742.HK,5,20251014,093500,0.109,0.109,0.107,0.107,50000,0
1742.HK,5,20251014,094000,0.108,0.108,0.108,0.108,10000,0
1742.HK,5,20251014,094500,0.108,0.115,0.103,0.115,260000,0
1742.HK,5,20251014,095000,0.107,0.107,0.106,0.106,20000,0
1742.HK,5,20251014,095500,0.114,0.115,0.114,0.115,85000,0
1742.HK,5,20251015,033500,0.106,0.115,0.106,0.115,25000,0
1742.HK,5,20251015,034500,0.108,0.108,0.108,0.108,15000,0
1742.HK,5,20251015,035000,0.112,0.115,0.106,0.114,80000,0
1742.HK,5,20251015,040500,0.113,0.113,0.113,0.113,20000,0
1742.HK,5,20251015,041000,0.114,0.114,0.114,0.114,50000,0
1742.HK,5,20251015,055000,0.113,0.113,0.113,0.113,20000,0
1742.HK,5,20251015,055500,0.114,0.114,0.114,0.114,10000,0
1742.HK,5,20251015,072500,0.108,0.108,0.108,0.108,15000,0
1742.HK,5,20251015,073000,0.107,0.108,0.106,0.106,110000,0
1742.HK,5,20251015,073500,0.112,0.112,0.112,0.112,5000,0
1742.HK,5,20251015,074500,0.106,0.106,0.102,0.102,215000,0
1742.HK,5,20251015,081000,0.105,0.105,0.105,0.105,5000,0
1742.HK,5,20251015,081500,0.104,0.108,0.104,0.108,15000,0
1742.HK,5,20251015,082000,0.102,0.102,0.102,0.102,5000,0
1742.HK,5,20251015,082500,0.102,0.102,0.102,0.102,10000,0
1742.HK,5,20251015,083000,0.106,0.11,0.106,0.11,45000,0
1742.HK,5,20251015,084500,0.103,0.103,0.103,0.103,5000,0
1742.HK,5,20251015,085500,0.102,0.102,0.102,0.102,100000,0
1742.HK,5,20251015,090500,0.101,0.107,0.101,0.107,35000,0
1742.HK,5,20251015,091500,0.101,0.106,0.101,0.106,260000,0
1742.HK,5,20251015,092000,0.107,0.109,0.107,0.109,35000,0
1742.HK,5,20251015,094500,0.108,0.111,0.108,0.111,110000,0
1742.HK,5,20251015,095000,0.111,0.111,0.111,0.111,10000,0
1742.HK,5,20251015,095500,0.11,0.112,0.11,0.111,35000,0
1742.HK,5,20251016,041500,0.103,0.103,0.103,0.103,10000,0
1742.HK,5,20251016,045000,0.104,0.104,0.104,0.104,50000,0
1742.HK,5,20251016,051500,0.102,0.102,0.101,0.101,175000,0
1742.HK,5,20251016,052000,0.104,0.109,0.104,0.109,50000,0
1742.HK,5,20251016,053500,0.101,0.101,0.101,0.101,5000,0
1742.HK,5,20251016,055000,0.102,0.102,0.101,0.101,220000,0
1742.HK,5,20251016,073500,0.105,0.105,0.105,0.105,5000,0
1742.HK,5,20251016,081000,0.101,0.101,0.101,0.101,70000,0
1742.HK,5,20251016,081500,0.101,0.101,0.101,0.101,95000,0
1742.HK,5,20251016,090000,0.10,0.104,0.10,0.104,15000,0
1742.HK,5,20251016,093000,0.101,0.102,0.101,0.102,110000,0
1742.HK,5,20251016,094500,0.102,0.104,0.102,0.103,50000,0
1742.HK,5,20251017,040500,0.109,0.11,0.109,0.11,10000,0
1742.HK,5,20251017,050000,0.102,0.102,0.102,0.102,5000,0
1742.HK,5,20251017,050500,0.105,0.105,0.105,0.105,5000,0
1742.HK,5,20251017,053500,0.107,0.107,0.107,0.107,20000,0
1742.HK,5,20251017,054000,0.107,0.108,0.107,0.108,10000,0
1742.HK,5,20251017,072500,0.107,0.108,0.107,0.108,10000,0
1742.HK,5,20251017,085000,0.103,0.103,0.103,0.103,130000,0
1742.HK,5,20251017,090000,0.102,0.102,0.102,0.102,10000,0
1742.HK,5,20251017,090500,0.102,0.102,0.102,0.102,15000,0
1742.HK,5,20251017,093000,0.102,0.102,0.102,0.102,5000,0
1742.HK,5,20251017,093500,0.103,0.108,0.103,0.107,95000,0
1742.HK,5,20251020,035000,0.112,0.115,0.112,0.115,45000,0
1742.HK,5,20251020,045500,0.11,0.11,0.11,0.11,5000,0
1742.HK,5,20251020,052500,0.11,0.11,0.11,0.11,5000,0
1742.HK,5,20251020,053000,0.11,0.11,0.11,0.11,15000,0
1742.HK,5,20251020,055000,0.111,0.111,0.111,0.111,20000,0
1742.HK,5,20251020,055500,0.111,0.111,0.111,0.111,40000,0
1742.HK,5,20251020,070000,0.111,0.111,0.111,0.111,100000,0
1742.HK,5,20251020,071500,0.111,0.111,0.111,0.111,5000,0
1742.HK,5,20251020,073500,0.11,0.11,0.11,0.11,10000,0
1742.HK,5,20251020,080500,0.11,0.121,0.11,0.121,730000,0
1742.HK,5,20251020,081500,0.12,0.12,0.12,0.12,100000,0
1742.HK,5,20251020,082000,0.121,0.122,0.121,0.122,730000,0
1742.HK,5,20251020,083000,0.115,0.129,0.115,0.116,290000,0
1742.HK,5,20251020,083500,0.117,0.126,0.116,0.126,50000,0
1742.HK,5,20251020,085000,0.126,0.126,0.126,0.126,20000,0
1742.HK,5,20251020,085500,0.12,0.125,0.12,0.125,115000,0
1742.HK,5,20251020,090500,0.125,0.125,0.125,0.125,5000,0
1742.HK,5,20251020,092500,0.125,0.125,0.124,0.124,20000,0
1742.HK,5,20251020,094000,0.125,0.129,0.125,0.129,290000,0
1742.HK,5,20251020,095000,0.128,0.135,0.128,0.135,225000,0
1742.HK,5,20251020,095500,0.135,0.135,0.126,0.13,130000,0
1742.HK,5,20251021,033000,0.139,0.14,0.119,0.137,75000,0
1742.HK,5,20251021,033500,0.13,0.13,0.13,0.13,10000,0
1742.HK,5,20251021,040500,0.13,0.13,0.13,0.13,10000,0
1742.HK,5,20251021,043000,0.13,0.13,0.125,0.125,105000,0
1742.HK,5,20251021,045500,0.123,0.123,0.123,0.123,10000,0
1742.HK,5,20251021,050000,0.124,0.124,0.124,0.124,10000,0
1742.HK,5,20251021,052500,0.123,0.123,0.123,0.123,5000,0
1742.HK,5,20251021,053500,0.124,0.13,0.124,0.13,65000,0
1742.HK,5,20251021,054000,0.125,0.125,0.125,0.125,20000,0
1742.HK,5,20251021,055500,0.13,0.13,0.13,0.13,5000,0
1742.HK,5,20251021,071500,0.129,0.13,0.127,0.127,20000,0
1742.HK,5,20251022,035000,0.136,0.138,0.136,0.138,10000,0
1742.HK,5,20251022,040000,0.136,0.137,0.136,0.137,50000,0
1742.HK,5,20251022,040500,0.136,0.138,0.135,0.138,95000,0
1742.HK,5,20251022,041000,0.14,0.141,0.137,0.139,160000,0
1742.HK,5,20251022,041500,0.141,0.141,0.139,0.139,25000,0
1742.HK,5,20251022,042000,0.138,0.138,0.138,0.138,50000,0
1742.HK,5,20251022,043500,0.14,0.14,0.14,0.14,5000,0
1742.HK,5,20251022,045000,0.14,0.14,0.14,0.14,85000,0
1742.HK,5,20251022,045500,0.141,0.141,0.141,0.141,135000,0
1742.HK,5,20251022,050000,0.142,0.151,0.142,0.151,475000,0
1742.HK,5,20251022,050500,0.156,0.156,0.156,0.156,5000,0
1742.HK,5,20251022,051500,0.149,0.149,0.149,0.149,10000,0
1742.HK,5,20251022,053000,0.149,0.15,0.149,0.149,345000,0
1742.HK,5,20251022,055500,0.144,0.147,0.142,0.142,40000,0
1742.HK,5,20251022,070000,0.143,0.146,0.142,0.146,30000,0
1742.HK,5,20251022,070500,0.146,0.15,0.146,0.15,540000,0
1742.HK,5,20251022,072000,0.148,0.148,0.148,0.148,5000,0
1742.HK,5,20251022,073500,0.148,0.148,0.148,0.148,200000,0
1742.HK,5,20251022,074000,0.148,0.15,0.148,0.15,525000,0
1742.HK,5,20251022,074500,0.149,0.154,0.148,0.154,300000,0
1742.HK,5,20251022,075000,0.153,0.153,0.148,0.148,40000,0
1742.HK,5,20251022,075500,0.149,0.149,0.148,0.148,90000,0
1742.HK,5,20251022,080500,0.152,0.152,0.144,0.144,10000,0
1742.HK,5,20251022,081000,0.15,0.152,0.15,0.152,25000,0
1742.HK,5,20251022,082000,0.152,0.153,0.152,0.152,30000,0
1742.HK,5,20251022,085000,0.15,0.152,0.15,0.152,25000,0
1742.HK,5,20251022,085500,0.152,0.152,0.152,0.152,10000,0
1742.HK,5,20251022,090000,0.151,0.152,0.15,0.15,170000,0
1742.HK,5,20251022,090500,0.152,0.153,0.15,0.15,420000,0
1742.HK,5,20251022,091000,0.151,0.152,0.15,0.15,100000,0
1742.HK,5,20251022,091500,0.15,0.153,0.15,0.153,95000,0
1742.HK,5,20251022,092000,0.152,0.152,0.152,0.152,5000,0
1742.HK,5,20251022,092500,0.152,0.155,0.152,0.154,260000,0
1742.HK,5,20251022,093000,0.153,0.154,0.153,0.153,80000,0
1742.HK,5,20251022,094000,0.15,0.151,0.15,0.15,75000,0
1742.HK,5,20251022,094500,0.151,0.151,0.15,0.15,105000,0
1742.HK,5,20251022,095000,0.154,0.157,0.154,0.155,310000,0
1742.HK,5,20251023,033500,0.151,0.151,0.15,0.15,200000,0
1742.HK,5,20251023,034000,0.145,0.145,0.145,0.145,10000,0
1742.HK,5,20251023,034500,0.15,0.15,0.15,0.15,100000,0
1742.HK,5,20251023,035000,0.152,0.152,0.152,0.152,150000,0
1742.HK,5,20251023,040500,0.15,0.152,0.15,0.152,35000,0
1742.HK,5,20251023,041000,0.151,0.151,0.151,0.151,5000,0
1742.HK,5,20251023,041500,0.153,0.153,0.153,0.153,1045000,0
1742.HK,5,20251023,044000,0.152,0.152,0.152,0.152,20000,0
1742.HK,5,20251023,044500,0.155,0.155,0.155,0.155,5000,0
1742.HK,5,20251023,052000,0.153,0.153,0.153,0.153,105000,0
1742.HK,5,20251023,052500,0.155,0.155,0.155,0.155,80000,0
1742.HK,5,20251023,071500,0.153,0.153,0.153,0.153,50000,0
1742.HK,5,20251023,072000,0.154,0.154,0.154,0.154,500000,0
1742.HK,5,20251023,072500,0.15,0.15,0.15,0.15,120000,0
1742.HK,5,20251023,080500,0.152,0.152,0.152,0.152,10000,0
1742.HK,5,20251023,083000,0.145,0.145,0.145,0.145,5000,0
1742.HK,5,20251023,084500,0.145,0.145,0.145,0.145,40000,0
1742.HK,5,20251023,085500,0.145,0.145,0.145,0.145,55000,0
1742.HK,5,20251023,092500,0.149,0.149,0.149,0.149,15000,0
1742.HK,5,20251023,093000,0.15,0.15,0.15,0.15,5000,0
1742.HK,5,20251023,095500,0.147,0.148,0.144,0.147,25000,0
1742.HK,5,20251024,035000,0.136,0.138,0.133,0.138,180000,0
1742.HK,5,20251024,035500,0.144,0.15,0.144,0.149,65000,0
1742.HK,5,20251024,045000,0.136,0.143,0.135,0.143,50000,0
1742.HK,5,20251024,045500,0.136,0.136,0.133,0.133,300000,0
1742.HK,5,20251024,050500,0.133,0.133,0.128,0.13,100000,0
1742.HK,5,20251024,051000,0.129,0.129,0.129,0.129,5000,0
1742.HK,5,20251024,052500,0.13,0.13,0.13,0.13,5000,0
1742.HK,5,20251024,054000,0.129,0.129,0.128,0.128,10000,0
1742.HK,5,20251024,055000,0.129,0.13,0.128,0.13,30000,0
1742.HK,5,20251024,070000,0.13,0.134,0.13,0.134,135000,0
1742.HK,5,20251024,074000,0.128,0.132,0.128,0.132,10000,0
1742.HK,5,20251024,074500,0.128,0.128,0.127,0.127,40000,0
1742.HK,5,20251024,075500,0.13,0.13,0.129,0.13,40000,0
1742.HK,5,20251024,080000,0.131,0.133,0.131,0.133,65000,0
1742.HK,5,20251024,080500,0.129,0.129,0.126,0.129,185000,0
1742.HK,5,20251024,081000,0.129,0.132,0.129,0.132,390000,0
1742.HK,5,20251024,081500,0.132,0.132,0.131,0.131,10000,0
1742.HK,5,20251024,082000,0.132,0.133,0.132,0.132,35000,0
1742.HK,5,20251024,082500,0.133,0.134,0.133,0.134,95000,0
1742.HK,5,20251024,083000,0.135,0.135,0.135,0.135,260000,0
1742.HK,5,20251024,083500,0.135,0.15,0.135,0.145,65000,0
1742.HK,5,20251027,044000,0.143,0.143,0.143,0.143,5000,0
1742.HK,5,20251027,063000,0.143,0.144,0.143,0.143,90000,0
1742.HK,5,20251027,063500,0.142,0.152,0.142,0.152,100000,0
1742.HK,5,20251027,064000,0.152,0.153,0.149,0.149,425000,0
1742.HK,5,20251027,064500,0.149,0.149,0.149,0.149,20000,0
1742.HK,5,20251027,071000,0.148,0.148,0.148,0.148,5000,0
1742.HK,5,20251027,071500,0.148,0.148,0.148,0.148,195000,0
1742.HK,5,20251027,081000,0.138,0.138,0.137,0.137,20000,0
1742.HK,5,20251027,081500,0.147,0.148,0.147,0.148,10000,0
1742.HK,5,20251027,083000,0.138,0.138,0.138,0.138,5000,0
1742.HK,5,20251027,084000,0.138,0.147,0.138,0.147,160000,0
1742.HK,5,20251027,084500,0.148,0.15,0.148,0.15,290000,0
1742.HK,5,20251028,032500,0.149,0.15,0.149,0.15,145000,0
1742.HK,5,20251028,033000,0.15,0.15,0.15,0.15,155000,0
1742.HK,5,20251028,063500,0.15,0.15,0.15,0.15,195000,0
1742.HK,5,20251028,064000,0.15,0.15,0.15,0.15,5000,0
1742.HK,5,20251028,064500,0.15,0.15,0.15,0.15,600000,0
1742.HK,5,20251028,082500,0.149,0.149,0.149,0.149,50000,0
1742.HK,5,20251028,083500,0.149,0.149,0.149,0.149,50000,0
1742.HK,5,20251028,084000,0.149,0.149,0.149,0.149,50000,0
1742.HK,5,20251028,084500,0.149,0.149,0.149,0.149,25000,0
1742.HK,5,20251028,085500,0.15,0.15,0.15,0.15,105000,0
1742.HK,5,20251030,025000,0.148,0.148,0.148,0.148,20000,0
1742.HK,5,20251030,031000,0.148,0.148,0.148,0.148,5000,0
1742.HK,5,20251030,035500,0.15,0.15,0.15,0.15,50000,0
1742.HK,5,20251030,043000,0.15,0.15,0.15,0.15,5000,0
1742.HK,5,20251030,060000,0.15,0.15,0.15,0.15,15000,0
1742.HK,5,20251031,045500,0.141,0.141,0.14,0.141,85000,0
1742.HK,5,20251031,064000,0.147,0.147,0.147,0.147,135000,0
1742.HK,5,20251031,064500,0.148,0.148,0.148,0.148,35000,0
1742.HK,5,20251031,070500,0.148,0.148,0.148,0.148,10000,0
1742.HK,5,20251031,072500,0.149,0.149,0.149,0.149,115000,0
1742.HK,5,20251031,073500,0.149,0.149,0.149,0.149,60000,0
1742.HK,5,20251031,085000,0.15,0.15,0.15,0.15,865000,0
1742.HK,5,20251031,085500,0.151,0.151,0.151,0.151,5000,0
1742.HK,5,20251103,034000,0.149,0.149,0.149,0.149,20000,0
1742.HK,5,20251103,044000,0.15,0.15,0.15,0.15,30000,0
1742.HK,5,20251103,061500,0.15,0.15,0.149,0.149,370000,0
1742.HK,5,20251103,065000,0.15,0.15,0.15,0.15,80000,0
1742.HK,5,20251103,065500,0.15,0.15,0.15,0.15,160000,0
1742.HK,5,20251103,070500,0.15,0.15,0.15,0.15,260000,0
1742.HK,5,20251103,071000,0.15,0.15,0.15,0.15,25000,0
1742.HK,5,20251103,083500,0.151,0.151,0.151,0.151,120000,0
1742.HK,5,20251103,084500,0.151,0.151,0.151,0.151,400000,0
1742.HK,5,20251103,085500,0.15,0.15,0.15,0.15,15000,0
1742.HK,5,20251104,034500,0.141,0.142,0.141,0.141,110000,0
1742.HK,5,20251104,035500,0.142,0.142,0.142,0.142,5000,0
1742.HK,5,20251104,040500,0.148,0.148,0.148,0.148,15000,0
1742.HK,5,20251104,042000,0.151,0.152,0.151,0.152,600000,0
1742.HK,5,20251104,043500,0.152,0.152,0.152,0.152,100000,0
1742.HK,5,20251104,044000,0.152,0.152,0.152,0.152,245000,0
1742.HK,5,20251104,045500,0.153,0.153,0.153,0.153,120000,0
1742.HK,5,20251104,060000,0.153,0.153,0.153,0.153,10000,0
1742.HK,5,20251104,073000,0.15,0.15,0.15,0.15,45000,0
1742.HK,5,20251104,081000,0.152,0.152,0.152,0.152,60000,0
1742.HK,5,20251104,083000,0.152,0.152,0.152,0.152,30000,0
1742.HK,5,20251104,085500,0.151,0.153,0.151,0.153,105000,0
1742.HK,5,20251105,023000,0.15,0.153,0.15,0.153,1210000,0
1742.HK,5,20251105,031500,0.153,0.154,0.153,0.153,90000,0
1742.HK,5,20251105,032000,0.152,0.153,0.152,0.153,45000,0
1742.HK,5,20251105,032500,0.153,0.153,0.152,0.152,210000,0
1742.HK,5,20251105,033000,0.153,0.154,0.153,0.154,30000,0
1742.HK,5,20251105,034500,0.154,0.154,0.153,0.153,675000,0
1742.HK,5,20251105,035000,0.153,0.153,0.153,0.153,90000,0
1742.HK,5,20251105,035500,0.153,0.153,0.153,0.153,120000,0
1742.HK,5,20251105,072000,0.153,0.153,0.153,0.153,50000,0
1742.HK,5,20251105,072500,0.153,0.153,0.153,0.153,110000,0
1742.HK,5,20251105,073000,0.153,0.153,0.153,0.153,5000,0
1742.HK,5,20251105,073500,0.153,0.153,0.153,0.153,10000,0
1742.HK,5,20251105,074000,0.153,0.153,0.153,0.153,25000,0
1742.HK,5,20251105,074500,0.153,0.153,0.153,0.153,10000,0
1742.HK,5,20251105,080500,0.153,0.153,0.153,0.153,5000,0
1742.HK,5,20251106,024000,0.153,0.153,0.151,0.151,20000,0
1742.HK,5,20251106,024500,0.152,0.152,0.152,0.152,5000,0
1742.HK,5,20251106,025500,0.153,0.153,0.153,0.153,15000,0
1742.HK,5,20251106,031000,0.153,0.153,0.153,0.153,25000,0
1742.HK,5,20251106,032000,0.153,0.153,0.153,0.153,5000,0
1742.HK,5,20251106,044500,0.153,0.154,0.153,0.154,50000,0
1742.HK,5,20251106,045000,0.153,0.153,0.152,0.152,15000,0
1742.HK,5,20251106,045500,0.153,0.153,0.152,0.153,60000,0
1742.HK,5,20251106,065000,0.154,0.154,0.154,0.154,5000,0
1742.HK,5,20251106,065500,0.154,0.154,0.154,0.154,5000,0
1742.HK,5,20251106,070000,0.154,0.154,0.154,0.154,5000,0
1742.HK,5,20251106,070500,0.154,0.154,0.154,0.154,5000,0
1742.HK,5,20251106,071500,0.154,0.154,0.154,0.154,5000,0
1742.HK,5,20251106,072000,0.154,0.154,0.154,0.154,5000,0
1742.HK,5,20251106,073000,0.153,0.153,0.153,0.153,10000,0
1742.HK,5,20251106,074000,0.153,0.153,0.153,0.153,5000,0
1742.HK,5,20251106,074500,0.154,0.154,0.154,0.154,5000,0
1742.HK,5,20251106,082000,0.154,0.154,0.154,0.154,80000,0
1742.HK,5,20251106,084000,0.154,0.154,0.154,0.154,50000,0
1742.HK,5,20251106,085000,0.154,0.154,0.154,0.154,550000,0
1742.HK,5,20251106,085500,0.154,0.154,0.154,0.154,10000,0
1742.HK,5,20251107,023000,0.154,0.154,0.154,0.154,200000,0
1742.HK,5,20251107,041500,0.154,0.155,0.154,0.155,190000,0
1742.HK,5,20251107,043500,0.155,0.155,0.155,0.155,120000,0
1742.HK,5,20251107,045500,0.155,0.155,0.155,0.155,25000,0
1742.HK,5,20251107,061000,0.155,0.155,0.155,0.155,35000,0
1742.HK,5,20251107,061500,0.155,0.155,0.155,0.155,20000,0
1742.HK,5,20251107,062000,0.155,0.155,0.155,0.155,25000,0
1742.HK,5,20251107,063000,0.155,0.155,0.155,0.155,185000,0
1742.HK,5,20251107,063500,0.155,0.155,0.155,0.155,25000,0
1742.HK,5,20251107,064500,0.155,0.164,0.155,0.164,8730000,0
1742.HK,5,20251107,065000,0.162,0.173,0.162,0.173,125000,0
1742.HK,5,20251107,065500,0.173,0.188,0.173,0.188,690000,0
1742.HK,5,20251107,070000,0.194,0.196,0.183,0.183,665000,0
1742.HK,5,20251107,070500,0.184,0.184,0.18,0.18,85000,0
1742.HK,5,20251107,071000,0.174,0.174,0.17,0.17,40000,0
1742.HK,5,20251107,071500,0.171,0.171,0.171,0.171,105000,0
1742.HK,5,20251107,072500,0.171,0.171,0.17,0.17,25000,0
1742.HK,5,20251107,073000,0.178,0.189,0.178,0.189,70000,0
1742.HK,5,20251107,073500,0.188,0.188,0.188,0.188,10000,0
1742.HK,5,20251107,074500,0.185,0.185,0.185,0.185,65000,0
1742.HK,5,20251107,075000,0.185,0.185,0.185,0.185,80000,0
1742.HK,5,20251107,075500,0.185,0.185,0.185,0.185,70000,0
1742.HK,5,20251107,080000,0.186,0.186,0.185,0.185,105000,0
1742.HK,5,20251107,080500,0.186,0.187,0.186,0.187,30000,0
1742.HK,5,20251107,081000,0.185,0.186,0.185,0.185,25000,0
1742.HK,5,20251107,081500,0.185,0.188,0.183,0.188,205000,0
1742.HK,5,20251107,084000,0.182,0.182,0.182,0.182,20000,0
1742.HK,5,20251107,084500,0.183,0.183,0.182,0.183,60000,0
1742.HK,5,20251107,085000,0.183,0.183,0.182,0.182,30000,0
1742.HK,5,20251107,085500,0.181,0.182,0.176,0.18,160000,0
1742.HK,5,20251110,023000,0.18,0.18,0.167,0.167,75000,0
1742.HK,5,20251110,023500,0.168,0.168,0.168,0.168,75000,0
1742.HK,5,20251110,025000,0.178,0.178,0.178,0.178,15000,0
1742.HK,5,20251110,030000,0.176,0.176,0.174,0.175,35000,0
1742.HK,5,20251110,031000,0.175,0.175,0.175,0.175,5000,0
1742.HK,5,20251110,031500,0.176,0.176,0.176,0.176,10000,0
1742.HK,5,20251110,032000,0.178,0.178,0.174,0.175,145000,0
1742.HK,5,20251110,032500,0.175,0.175,0.169,0.169,245000,0
1742.HK,5,20251110,043000,0.169,0.169,0.167,0.167,40000,0
1742.HK,5,20251110,044000,0.168,0.168,0.167,0.167,15000,0
1742.HK,5,20251110,061500,0.17,0.17,0.17,0.17,5000,0
1742.HK,5,20251110,063500,0.17,0.17,0.17,0.17,5000,0
1742.HK,5,20251110,084500,0.175,0.175,0.175,0.175,35000,0
1742.HK,5,20251110,085500,0.176,0.176,0.175,0.175,20000,0
1742.HK,5,20251111,030500,0.171,0.171,0.171,0.171,5000,0
1742.HK,5,20251111,031000,0.173,0.173,0.173,0.173,5000,0
1742.HK,5,20251111,040000,0.179,0.179,0.177,0.177,150000,0
1742.HK,5,20251111,040500,0.177,0.177,0.175,0.177,165000,0
1742.HK,5,20251111,041000,0.177,0.178,0.175,0.175,170000,0
1742.HK,5,20251111,041500,0.177,0.177,0.177,0.177,50000,0
1742.HK,5,20251111,042000,0.178,0.178,0.178,0.178,5000,0
1742.HK,5,20251111,042500,0.178,0.178,0.178,0.178,45000,0
1742.HK,5,20251111,043500,0.179,0.179,0.179,0.179,50000,0
1742.HK,5,20251111,044000,0.179,0.179,0.179,0.179,40000,0
1742.HK,5,20251111,060000,0.18,0.18,0.18,0.18,395000,0
1742.HK,5,20251111,060500,0.183,0.183,0.183,0.183,30000,0
1742.HK,5,20251111,061500,0.183,0.183,0.183,0.183,20000,0
1742.HK,5,20251111,062000,0.183,0.184,0.183,0.184,75000,0
1742.HK,5,20251111,072500,0.181,0.181,0.181,0.181,30000,0
1742.HK,5,20251111,075000,0.181,0.182,0.181,0.181,95000,0
1742.HK,5,20251111,075500,0.182,0.183,0.182,0.183,25000,0
1742.HK,5,20251111,082500,0.181,0.181,0.181,0.181,20000,0
1742.HK,5,20251111,083500,0.173,0.173,0.173,0.173,5000,0
1742.HK,5,20251111,084500,0.175,0.175,0.175,0.175,55000,0
1742.HK,5,20251111,085500,0.181,0.181,0.181,0.181,5000,0
1742.HK,5,20251112,023000,0.181,0.181,0.181,0.181,10000,0
1742.HK,5,20251112,023500,0.175,0.175,0.175,0.175,50000,0
1742.HK,5,20251112,024500,0.173,0.175,0.173,0.175,85000,0
1742.HK,5,20251112,031500,0.174,0.174,0.173,0.173,110000,0
1742.HK,5,20251112,032500,0.173,0.173,0.173,0.173,15000,0
1742.HK,5,20251112,033500,0.172,0.173,0.172,0.173,110000,0
1742.HK,5,20251112,042000,0.173,0.173,0.173,0.173,50000,0
1742.HK,5,20251112,043000,0.175,0.175,0.175,0.175,20000,0
1742.HK,5,20251112,044000,0.175,0.175,0.175,0.175,30000,0
1742.HK,5,20251112,060000,0.177,0.177,0.177,0.177,70000,0
1742.HK,5,20251112,083500,0.179,0.179,0.179,0.179,10000,0
1742.HK,5,20251112,084000,0.174,0.177,0.174,0.175,55000,0
1742.HK,5,20251113,023000,0.177,0.18,0.177,0.18,65000,0
1742.HK,5,20251113,025000,0.177,0.177,0.177,0.177,250000,0
1742.HK,5,20251113,025500,0.177,0.177,0.177,0.177,795000,0
1742.HK,5,20251113,040000,0.177,0.177,0.177,0.177,80000,0
1742.HK,5,20251113,044500,0.177,0.177,0.177,0.177,20000,0
1742.HK,5,20251113,063500,0.172,0.172,0.171,0.171,50000,0
1742.HK,5,20251113,070000,0.174,0.174,0.174,0.174,30000,0
1742.HK,5,20251113,071000,0.171,0.171,0.166,0.166,115000,0
1742.HK,5,20251113,073000,0.17,0.17,0.17,0.17,5000,0
1742.HK,5,20251113,074500,0.179,0.179,0.176,0.178,50000,0
1742.HK,5,20251113,084000,0.17,0.17,0.169,0.169,40000,0
1742.HK,5,20251113,085500,0.169,0.169,0.168,0.168,15000,0
1742.HK,5,20251114,024000,0.16,0.161,0.16,0.161,5000,0
1742.HK,5,20251114,024500,0.168,0.168,0.168,0.168,5000,0
1742.HK,5,20251114,030000,0.163,0.163,0.163,0.163,40000,0
1742.HK,5,20251114,030500,0.166,0.166,0.166,0.166,25000,0
1742.HK,5,20251114,035500,0.166,0.166,0.166,0.166,5000,0
1742.HK,5,20251114,040000,0.163,0.163,0.163,0.163,25000,0
1742.HK,5,20251114,041000,0.163,0.163,0.163,0.163,95000,0
1742.HK,5,20251114,042500,0.163,0.163,0.163,0.163,90000,0
1742.HK,5,20251114,061000,0.161,0.163,0.161,0.163,130000,0
1742.HK,5,20251114,063500,0.163,0.163,0.163,0.163,130000,0
1742.HK,5,20251114,065000,0.163,0.163,0.163,0.163,80000,0
1742.HK,5,20251114,073500,0.163,0.163,0.163,0.163,5000,0
1742.HK,5,20251114,082000,0.163,0.164,0.163,0.164,75000,0
1742.HK,5,20251114,085500,0.164,0.167,0.164,0.167,40000,0
1742.HK,5,20251117,023500,0.165,0.165,0.163,0.163,300000,0
1742.HK,5,20251117,025500,0.163,0.163,0.163,0.163,20000,0
1742.HK,5,20251117,040500,0.163,0.163,0.163,0.163,20000,0
1742.HK,5,20251118,023000,0.159,0.159,0.158,0.158,205000,0
1742.HK,5,20251118,030500,0.154,0.157,0.154,0.156,60000,0
1742.HK,5,20251118,031500,0.154,0.154,0.154,0.154,45000,0
1742.HK,5,20251118,033000,0.157,0.157,0.154,0.154,290000,0
1742.HK,5,20251118,033500,0.154,0.154,0.154,0.154,10000,0
1742.HK,5,20251118,034000,0.153,0.153,0.153,0.153,40000,0
1742.HK,5,20251118,035500,0.153,0.153,0.15,0.15,150000,0
1742.HK,5,20251118,040000,0.151,0.151,0.15,0.15,30000,0
1742.HK,5,20251118,043500,0.148,0.148,0.14,0.14,400000,0
1742.HK,5,20251118,044000,0.142,0.142,0.13,0.13,670000,0
1742.HK,5,20251118,044500,0.128,0.135,0.12,0.129,1255000,0
1742.HK,5,20251118,045000,0.129,0.138,0.129,0.138,500000,0
1742.HK,5,20251118,060000,0.131,0.131,0.128,0.128,90000,0
1742.HK,5,20251118,062000,0.135,0.135,0.134,0.134,15000,0
1742.HK,5,20251118,063000,0.134,0.142,0.134,0.142,285000,0
1742.HK,5,20251118,064500,0.134,0.134,0.134,0.134,15000,0
1742.HK,5,20251118,065000,0.142,0.142,0.142,0.142,5000,0
1742.HK,5,20251118,071500,0.14,0.143,0.14,0.143,260000,0
1742.HK,5,20251118,073000,0.134,0.134,0.131,0.131,885000,0
1742.HK,5,20251118,073500,0.13,0.13,0.125,0.125,1175000,0
1742.HK,5,20251118,074500,0.125,0.128,0.125,0.125,1245000,0
1742.HK,5,20251118,075000,0.125,0.125,0.125,0.125,195000,0
1742.HK,5,20251118,075500,0.125,0.125,0.122,0.122,50000,0
1742.HK,5,20251118,080000,0.123,0.124,0.123,0.123,40000,0
1742.HK,5,20251118,080500,0.124,0.124,0.121,0.123,400000,0
1742.HK,5,20251118,081000,0.123,0.123,0.116,0.116,895000,0
1742.HK,5,20251118,081500,0.116,0.116,0.116,0.116,25000,0
1742.HK,5,20251118,082000,0.116,0.116,0.115,0.115,200000,0
1742.HK,5,20251118,082500,0.117,0.119,0.117,0.119,470000,0
1742.HK,5,20251118,083000,0.118,0.118,0.118,0.118,10000,0
1742.HK,5,20251118,083500,0.119,0.119,0.118,0.119,70000,0
1742.HK,5,20251118,084000,0.119,0.119,0.118,0.118,160000,0
1742.HK,5,20251118,084500,0.12,0.12,0.12,0.12,15000,0
1742.HK,5,20251118,085000,0.12,0.12,0.118,0.118,330000,0
1742.HK,5,20251118,085500,0.119,0.12,0.116,0.119,735000,0
1742.HK,5,20251119,023000,0.12,0.12,0.119,0.119,160000,0
1742.HK,5,20251119,025000,0.119,0.119,0.119,0.119,80000,0
1742.HK,5,20251119,031000,0.115,0.115,0.115,0.115,65000,0
1742.HK,5,20251119,031500,0.115,0.115,0.114,0.114,60000,0
1742.HK,5,20251119,032500,0.116,0.116,0.116,0.116,50000,0
1742.HK,5,20251119,040000,0.118,0.119,0.118,0.119,200000,0
1742.HK,5,20251119,040500,0.116,0.116,0.116,0.116,15000,0
1742.HK,5,20251119,041000,0.116,0.116,0.115,0.115,125000,0
1742.HK,5,20251119,042500,0.114,0.114,0.114,0.114,45000,0
1742.HK,5,20251119,043500,0.114,0.114,0.11,0.11,530000,0
1742.HK,5,20251119,044000,0.11,0.11,0.11,0.11,80000,0
1742.HK,5,20251119,044500,0.11,0.11,0.11,0.11,290000,0
1742.HK,5,20251119,045000,0.118,0.118,0.118,0.118,5000,0
1742.HK,5,20251119,045500,0.109,0.109,0.109,0.109,55000,0
1742.HK,5,20251119,062500,0.109,0.109,0.109,0.109,50000,0
1742.HK,5,20251119,065000,0.109,0.109,0.109,0.109,5000,0
1742.HK,5,20251119,065500,0.109,0.11,0.109,0.11,670000,0
1742.HK,5,20251119,075500,0.108,0.108,0.108,0.108,40000,0
1742.HK,5,20251119,081500,0.106,0.106,0.105,0.105,20000,0
1742.HK,5,20251119,082000,0.108,0.108,0.107,0.107,30000,0
1742.HK,5,20251119,083000,0.107,0.108,0.107,0.108,30000,0
1742.HK,5,20251119,084000,0.105,0.105,0.104,0.104,165000,0
1742.HK,5,20251119,084500,0.104,0.107,0.104,0.104,35000,0
1742.HK,5,20251119,085500,0.107,0.107,0.103,0.107,160000,0
1742.HK,5,20251120,023000,0.107,0.107,0.107,0.107,10000,0
1742.HK,5,20251120,030500,0.102,0.102,0.097,0.10,170000,0
1742.HK,5,20251120,031000,0.104,0.104,0.085,0.088,2240000,0
1742.HK,5,20251120,031500,0.093,0.095,0.093,0.095,300000,0
1742.HK,5,20251120,032000,0.095,0.105,0.095,0.105,380000,0
1742.HK,5,20251120,033000,0.101,0.101,0.101,0.101,20000,0
1742.HK,5,20251120,033500,0.101,0.101,0.101,0.101,20000,0
1742.HK,5,20251120,035500,0.103,0.106,0.103,0.106,40000,0
1742.HK,5,20251120,062500,0.104,0.104,0.103,0.103,40000,0
1742.HK,5,20251120,070000,0.101,0.101,0.101,0.101,15000,0
1742.HK,5,20251120,070500,0.103,0.103,0.103,0.103,70000,0
1742.HK,5,20251120,080000,0.106,0.107,0.106,0.107,100000,0
1742.HK,5,20251120,083500,0.106,0.106,0.106,0.106,100000,0
1742.HK,5,20251120,084000,0.103,0.105,0.103,0.105,15000,0
1742.HK,5,20251120,085000,0.106,0.106,0.106,0.106,130000,0
1742.HK,5,20251121,023500,0.112,0.112,0.112,0.112,185000,0
1742.HK,5,20251121,024000,0.111,0.111,0.111,0.111,40000,0
1742.HK,5,20251121,025000,0.113,0.118,0.113,0.118,135000,0
1742.HK,5,20251121,030500,0.118,0.118,0.118,0.118,20000,0
1742.HK,5,20251121,031000,0.119,0.12,0.118,0.118,330000,0
1742.HK,5,20251121,031500,0.118,0.118,0.118,0.118,15000,0
1742.HK,5,20251121,032500,0.117,0.117,0.116,0.116,40000,0
1742.HK,5,20251121,033500,0.119,0.119,0.119,0.119,5000,0
1742.HK,5,20251121,035500,0.12,0.123,0.115,0.115,180000,0
1742.HK,5,20251121,040000,0.115,0.117,0.115,0.117,135000,0
1742.HK,5,20251121,042500,0.119,0.119,0.119,0.119,5000,0
1742.HK,5,20251121,043000,0.119,0.12,0.119,0.12,225000,0
1742.HK,5,20251121,043500,0.118,0.118,0.118,0.118,100000,0
1742.HK,5,20251121,044500,0.12,0.124,0.12,0.123,345000,0
1742.HK,5,20251121,063000,0.122,0.122,0.122,0.122,45000,0
1742.HK,5,20251121,071500,0.118,0.118,0.118,0.118,180000,0
1742.HK,5,20251121,072000,0.117,0.117,0.117,0.117,5000,0
1742.HK,5,20251121,072500,0.116,0.117,0.115,0.115,70000,0
1742.HK,5,20251121,073500,0.115,0.115,0.115,0.115,20000,0
1742.HK,5,20251121,074000,0.116,0.116,0.115,0.115,25000,0
1742.HK,5,20251121,083000,0.115,0.115,0.115,0.115,80000,0
1742.HK,5,20251121,083500,0.115,0.115,0.114,0.114,135000,0
1742.HK,5,20251121,084500,0.114,0.115,0.11,0.11,555000,0
1742.HK,5,20251121,085500,0.114,0.114,0.114,0.114,25000,0
1742.HK,5,20251124,030000,0.114,0.114,0.114,0.114,20000,0
1742.HK,5,20251124,034500,0.114,0.114,0.114,0.114,5000,0
1742.HK,5,20251124,040500,0.114,0.114,0.114,0.114,30000,0
1742.HK,5,20251124,044000,0.114,0.114,0.114,0.114,45000,0
1742.HK,5,20251124,063500,0.113,0.113,0.113,0.113,10000,0
1742.HK,5,20251124,064000,0.116,0.116,0.116,0.116,35000,0
1742.HK,5,20251124,064500,0.117,0.118,0.117,0.118,45000,0
1742.HK,5,20251124,071000,0.113,0.113,0.113,0.113,5000,0
1742.HK,5,20251124,074500,0.113,0.113,0.112,0.112,15000,0
1742.HK,5,20251124,075000,0.11,0.11,0.11,0.11,25000,0
1742.HK,5,20251124,085500,0.116,0.116,0.116,0.116,5000,0
1742.HK,5,20251125,065000,0.117,0.117,0.117,0.117,10000,0
1742.HK,5,20251125,071500,0.117,0.12,0.117,0.12,125000,0
1742.HK,5,20251125,072500,0.12,0.12,0.12,0.12,20000,0
1742.HK,5,20251125,075000,0.119,0.119,0.119,0.119,25000,0
1742.HK,5,20251125,083500,0.118,0.118,0.118,0.118,20000,0
1742.HK,5,20251125,085000,0.119,0.125,0.119,0.125,220000,0
1742.HK,5,20251125,085500,0.128,0.133,0.128,0.133,110000,0
1742.HK,5,20251126,023500,0.133,0.133,0.133,0.133,55000,0
1742.HK,5,20251126,024500,0.133,0.133,0.133,0.133,20000,0
1742.HK,5,20251126,043500,0.135,0.135,0.135,0.135,50000,0
1742.HK,5,20251126,044000,0.135,0.135,0.135,0.135,90000,0
1742.HK,5,20251126,064000,0.135,0.139,0.135,0.139,10000,0
1742.HK,5,20251126,073500,0.138,0.138,0.138,0.138,45000,0
1742.HK,5,20251126,074000,0.138,0.138,0.133,0.133,10000,0
1742.HK,5,20251127,023000,0.133,0.133,0.133,0.133,120000,0
1742.HK,5,20251127,030500,0.139,0.142,0.139,0.142,65000,0
1742.HK,5,20251127,031000,0.138,0.14,0.138,0.14,45000,0
1742.HK,5,20251127,034000,0.133,0.133,0.133,0.133,90000,0
1742.HK,5,20251127,043000,0.133,0.133,0.133,0.133,55000,0
1742.HK,5,20251127,065500,0.133,0.133,0.133,0.133,20000,0
1742.HK,5,20251127,072000,0.133,0.133,0.133,0.133,30000,0
1742.HK,5,20251128,025000,0.139,0.139,0.139,0.139,40000,0
1742.HK,5,20251128,033000,0.122,0.122,0.121,0.121,240000,0
1742.HK,5,20251128,034500,0.121,0.121,0.121,0.121,45000,0
1742.HK,5,20251128,035500,0.122,0.122,0.122,0.122,5000,0
1742.HK,5,20251128,040000,0.121,0.121,0.121,0.121,10000,0
1742.HK,5,20251128,041500,0.128,0.128,0.128,0.128,5000,0
1742.HK,5,20251128,043000,0.121,0.121,0.121,0.121,10000,0
1742.HK,5,20251128,043500,0.125,0.125,0.125,0.125,10000,0
1742.HK,5,20251128,044000,0.12,0.12,0.12,0.12,40000,0
1742.HK,5,20251128,060000,0.12,0.12,0.12,0.12,10000,0
1742.HK,5,20251128,065500,0.122,0.122,0.122,0.122,35000,0
1742.HK,5,20251128,070000,0.125,0.125,0.125,0.125,140000,0
1742.HK,5,20251128,070500,0.126,0.134,0.126,0.134,100000,0
1742.HK,5,20251128,073500,0.12,0.12,0.12,0.12,20000,0
1742.HK,5,20251128,081500,0.118,0.118,0.117,0.117,25000,0
1742.HK,5,20251128,082500,0.12,0.12,0.12,0.12,25000,0
1742.HK,5,20251128,085500,0.129,0.133,0.128,0.128,60000,0
1742.HK,5,20251201,031500,0.128,0.128,0.128,0.128,10000,0
1742.HK,5,20251201,044500,0.115,0.115,0.115,0.115,5000,0
1742.HK,5,20251201,060000,0.115,0.115,0.114,0.114,100000,0
1742.HK,5,20251201,071000,0.114,0.114,0.114,0.114,20000,0
1742.HK,5,20251201,072000,0.117,0.119,0.117,0.119,20000,0
1742.HK,5,20251201,085500,0.113,0.113,0.113,0.113,40000,0
1742.HK,5,20251202,023000,0.114,0.114,0.114,0.114,80000,0
1742.HK,5,20251202,024000,0.114,0.114,0.114,0.114,15000,0
1742.HK,5,20251202,031000,0.12,0.12,0.12,0.12,100000,0
1742.HK,5,20251202,032000,0.12,0.12,0.12,0.12,10000,0
1742.HK,5,20251202,043000,0.119,0.119,0.119,0.119,5000,0
1742.HK,5,20251202,060000,0.113,0.113,0.113,0.113,20000,0
1742.HK,5,20251202,061000,0.113,0.113,0.113,0.113,165000,0
1742.HK,5,20251202,062500,0.116,0.116,0.116,0.116,55000,0
1742.HK,5,20251202,063000,0.113,0.115,0.113,0.115,45000,0
1742.HK,5,20251202,065000,0.113,0.113,0.113,0.113,95000,0
1742.HK,5,20251202,071500,0.113,0.113,0.113,0.113,50000,0
1742.HK,5,20251202,072000,0.113,0.113,0.113,0.113,50000,0
1742.HK,5,20251202,080500,0.113,0.113,0.113,0.113,30000,0
1742.HK,5,20251202,081500,0.113,0.115,0.113,0.115,40000,0
1742.HK,5,20251202,082000,0.115,0.115,0.113,0.113,75000,0
1742.HK,5,20251202,082500,0.113,0.113,0.113,0.113,60000,0
1742.HK,5,20251203,085500,0.117,0.117,0.117,0.117,5000,0
1742.HK,5,20251204,085000,0.116,0.116,0.116,0.116,5000,0
