<TICKER>,<PER>,<DATE>,<TIME>,<OPEN>,<HIGH>,<LOW>,<CLOSE>,<VOL>,<OPENINT>
2231.HK,5,20250709,033000,0.485,0.485,0.485,0.485,3000,0
2231.HK,5,20250709,034500,0.49,0.49,0.485,0.485,210000,0
2231.HK,5,20250709,041500,0.485,0.485,0.48,0.48,26000,0
2231.HK,5,20250709,091500,0.41,0.41,0.41,0.41,5000,0
2231.HK,5,20250709,093000,0.37,0.37,0.37,0.37,8000,0
2231.HK,5,20250709,093500,0.38,0.38,0.375,0.375,30000,0
2231.HK,5,20250709,094000,0.38,0.415,0.375,0.40,218000,0
2231.HK,5,20250709,094500,0.42,0.425,0.42,0.425,9000,0
2231.HK,5,20250709,095000,0.45,0.45,0.45,0.45,1000,0
2231.HK,5,20250710,035500,0.56,0.56,0.56,0.56,1000,0
2231.HK,5,20250710,040000,0.50,0.50,0.50,0.50,1000,0
2231.HK,5,20250710,040500,0.48,0.48,0.48,0.48,5000,0
2231.HK,5,20250710,041000,0.48,0.48,0.48,0.48,1000,0
2231.HK,5,20250710,042000,0.45,0.45,0.45,0.45,19000,0
2231.HK,5,20250710,042500,0.43,0.43,0.43,0.43,293000,0
2231.HK,5,20250710,045000,0.43,0.43,0.43,0.43,18000,0
2231.HK,5,20250710,045500,0.43,0.43,0.43,0.43,89000,0
2231.HK,5,20250710,054000,0.38,0.38,0.38,0.38,1000,0
2231.HK,5,20250710,055000,0.385,0.385,0.385,0.385,35000,0
2231.HK,5,20250710,070500,0.415,0.415,0.415,0.415,21000,0
2231.HK,5,20250710,073000,0.415,0.415,0.415,0.415,7000,0
2231.HK,5,20250710,075000,0.42,0.42,0.41,0.41,150000,0
2231.HK,5,20250710,075500,0.41,0.41,0.41,0.41,4000,0
2231.HK,5,20250710,085500,0.415,0.415,0.415,0.415,1000,0
2231.HK,5,20250710,090500,0.40,0.40,0.385,0.385,80000,0
2231.HK,5,20250710,095500,0.405,0.405,0.375,0.405,3000,0
2231.HK,5,20250715,082000,0.32,0.32,0.32,0.32,3000,0
2231.HK,5,20250715,084500,0.34,0.34,0.34,0.34,2000,0
2231.HK,5,20250715,085000,0.35,0.35,0.35,0.35,3000,0
2231.HK,5,20250715,092000,0.35,0.35,0.35,0.35,2000,0
2231.HK,5,20250715,095000,0.345,0.345,0.345,0.345,2000,0
2231.HK,5,20250715,095500,0.345,0.345,0.345,0.345,6000,0
2231.HK,5,20250721,090000,0.365,0.365,0.365,0.365,1000,0
2231.HK,5,20250723,033000,0.345,0.345,0.345,0.345,1000,0
2231.HK,5,20250723,043000,0.305,0.305,0.28,0.305,40000,0
2231.HK,5,20250724,073000,0.295,0.295,0.295,0.295,2000,0
2231.HK,5,20250724,081500,0.29,0.29,0.29,0.29,5000,0
2231.HK,5,20250724,082000,0.29,0.29,0.29,0.29,4000,0
2231.HK,5,20250724,082500,0.285,0.285,0.285,0.285,1000,0
2231.HK,5,20250724,084500,0.29,0.29,0.29,0.29,1000,0
2231.HK,5,20250724,091500,0.29,0.29,0.29,0.29,20000,0
2231.HK,5,20250724,092000,0.29,0.29,0.29,0.29,3000,0
2231.HK,5,20250724,092500,0.285,0.285,0.285,0.285,1000,0
2231.HK,5,20250725,040000,0.35,0.35,0.35,0.35,2000,0
2231.HK,5,20250725,051500,0.34,0.34,0.33,0.33,6000,0
2231.HK,5,20250807,080500,0.26,0.29,0.26,0.29,6000,0
2231.HK,5,20250807,081000,0.29,0.29,0.29,0.29,6000,0
2231.HK,5,20250807,090000,0.275,0.275,0.275,0.275,3000,0
2231.HK,5,20250807,090500,0.28,0.28,0.275,0.28,16000,0
2231.HK,5,20250807,095500,0.255,0.255,0.255,0.255,3000,0
2231.HK,5,20250808,040500,0.244,0.244,0.244,0.244,1000,0
2231.HK,5,20250808,091500,0.244,0.244,0.244,0.244,18000,0
2231.HK,5,20250808,092000,0.245,0.245,0.245,0.245,1000,0
2231.HK,5,20250815,070000,0.232,0.232,0.232,0.232,2000,0
2231.HK,5,20250815,071500,0.233,0.233,0.233,0.233,1000,0
2231.HK,5,20250815,080500,0.231,0.231,0.231,0.231,2000,0
2231.HK,5,20250815,081000,0.231,0.232,0.231,0.232,2000,0
2231.HK,5,20250815,090000,0.206,0.206,0.206,0.206,2000,0
2231.HK,5,20250815,095500,0.238,0.238,0.21,0.21,2000,0
2231.HK,5,20250818,053000,0.20,0.20,0.20,0.20,44000,0
2231.HK,5,20250818,053500,0.199,0.199,0.199,0.199,5000,0
2231.HK,5,20250818,054500,0.208,0.21,0.208,0.21,7000,0
2231.HK,5,20250819,053500,0.209,0.228,0.209,0.228,216000,0
2231.HK,5,20250819,055500,0.221,0.221,0.221,0.221,10000,0
2231.HK,5,20250820,033500,0.20,0.20,0.20,0.20,1000,0
2231.HK,5,20250820,041500,0.20,0.20,0.20,0.20,1000,0
2231.HK,5,20250820,051000,0.20,0.20,0.20,0.20,1000,0
2231.HK,5,20250820,051500,0.215,0.215,0.215,0.215,1000,0
2231.HK,5,20250820,054500,0.197,0.197,0.197,0.197,2000,0
2231.HK,5,20250820,070000,0.209,0.209,0.209,0.209,1000,0
2231.HK,5,20250820,074500,0.191,0.191,0.191,0.191,5000,0
2231.HK,5,20250820,095500,0.20,0.30,0.20,0.28,10000,0
2231.HK,5,20250821,042500,0.28,0.28,0.26,0.26,30000,0
2231.HK,5,20250821,044500,0.238,0.238,0.237,0.237,21000,0
2231.HK,5,20250821,045500,0.23,0.23,0.23,0.23,50000,0
2231.HK,5,20250821,051000,0.218,0.218,0.217,0.217,40000,0
2231.HK,5,20250821,051500,0.218,0.218,0.218,0.218,16000,0
2231.HK,5,20250821,052500,0.222,0.222,0.222,0.222,20000,0
2231.HK,5,20250821,053000,0.219,0.219,0.219,0.219,12000,0
2231.HK,5,20250821,054500,0.219,0.219,0.219,0.219,8000,0
2231.HK,5,20250821,071000,0.219,0.219,0.218,0.218,320000,0
2231.HK,5,20250821,071500,0.218,0.218,0.218,0.218,20000,0
2231.HK,5,20250821,082000,0.22,0.22,0.22,0.22,40000,0
2231.HK,5,20250821,084500,0.218,0.218,0.218,0.218,1000,0
2231.HK,5,20250821,090000,0.218,0.218,0.218,0.218,40000,0
2231.HK,5,20250821,091500,0.22,0.237,0.22,0.237,121000,0
2231.HK,5,20250822,085000,0.20,0.20,0.20,0.20,6000,0
2231.HK,5,20250825,040500,0.20,0.20,0.20,0.20,26000,0
2231.HK,5,20250825,044000,0.20,0.20,0.20,0.20,40000,0
2231.HK,5,20250825,054500,0.20,0.20,0.20,0.20,2000,0
2231.HK,5,20250825,071000,0.20,0.20,0.20,0.20,1000,0
2231.HK,5,20250825,073500,0.20,0.20,0.20,0.20,1000,0
2231.HK,5,20250825,095000,0.20,0.20,0.20,0.20,1000,0
2231.HK,5,20250827,051500,0.19,0.19,0.182,0.182,101000,0
2231.HK,5,20250827,071000,0.181,0.181,0.181,0.181,1000,0
2231.HK,5,20250827,075000,0.187,0.188,0.187,0.188,2000,0
2231.HK,5,20250828,040500,0.181,0.181,0.181,0.181,1000,0
2231.HK,5,20250828,045500,0.181,0.181,0.181,0.181,101000,0
2231.HK,5,20250828,050000,0.181,0.181,0.181,0.181,39000,0
2231.HK,5,20250828,050500,0.181,0.181,0.181,0.181,2000,0
2231.HK,5,20250828,052000,0.181,0.181,0.181,0.181,8000,0
2231.HK,5,20250828,085000,0.181,0.181,0.181,0.181,1000,0
2231.HK,5,20250829,080500,0.185,0.185,0.184,0.184,1000,0
2231.HK,5,20250901,055500,0.188,0.188,0.188,0.188,20000,0
2231.HK,5,20250901,070000,0.172,0.172,0.172,0.172,1000,0
2231.HK,5,20250901,084000,0.171,0.182,0.171,0.182,1000,0
2231.HK,5,20250902,092500,0.182,0.182,0.182,0.182,4000,0
2231.HK,5,20250909,044500,0.184,0.185,0.184,0.185,68000,0
2231.HK,5,20250909,045500,0.185,0.185,0.185,0.185,32000,0
2231.HK,5,20250909,050000,0.182,0.185,0.182,0.185,3000,0
2231.HK,5,20250909,052000,0.185,0.185,0.185,0.185,20000,0
2231.HK,5,20250909,055500,0.185,0.185,0.185,0.185,9000,0
2231.HK,5,20250909,073000,0.162,0.162,0.162,0.162,1000,0
2231.HK,5,20250909,081000,0.184,0.184,0.184,0.184,1000,0
2231.HK,5,20250909,085500,0.164,0.164,0.164,0.164,1000,0
2231.HK,5,20250909,093500,0.18,0.184,0.18,0.184,61000,0
2231.HK,5,20250909,095500,0.164,0.164,0.164,0.164,1000,0
2231.HK,5,20250910,033000,0.187,0.33,0.185,0.28,254000,0
2231.HK,5,20250910,033500,0.285,0.30,0.25,0.27,493000,0
2231.HK,5,20250910,034000,0.275,0.28,0.26,0.275,136000,0
2231.HK,5,20250910,034500,0.275,0.40,0.27,0.365,959000,0
2231.HK,5,20250910,035000,0.365,0.495,0.365,0.43,1422000,0
2231.HK,5,20250910,035500,0.43,0.51,0.41,0.51,1477000,0
2231.HK,5,20250910,040000,0.54,0.54,0.45,0.48,826000,0
2231.HK,5,20250910,040500,0.48,0.48,0.42,0.45,702000,0
2231.HK,5,20250910,041000,0.435,0.47,0.415,0.45,356000,0
2231.HK,5,20250910,041500,0.45,0.46,0.45,0.46,164000,0
2231.HK,5,20250910,042000,0.46,0.47,0.41,0.41,493000,0
2231.HK,5,20250910,042500,0.41,0.45,0.41,0.41,408000,0
2231.HK,5,20250910,043000,0.44,0.45,0.435,0.44,57000,0
2231.HK,5,20250910,043500,0.43,0.455,0.43,0.45,192000,0
2231.HK,5,20250910,044000,0.44,0.44,0.425,0.43,123000,0
2231.HK,5,20250910,044500,0.42,0.42,0.42,0.42,67000,0
2231.HK,5,20250910,045000,0.41,0.42,0.39,0.42,368000,0
2231.HK,5,20250910,045500,0.415,0.45,0.415,0.445,386000,0
2231.HK,5,20250910,050000,0.445,0.45,0.42,0.44,347000,0
2231.HK,5,20250910,050500,0.44,0.44,0.41,0.41,287000,0
2231.HK,5,20250910,051000,0.42,0.44,0.41,0.43,611000,0
2231.HK,5,20250910,051500,0.43,0.43,0.40,0.40,186000,0
2231.HK,5,20250910,052000,0.41,0.42,0.40,0.41,107000,0
2231.HK,5,20250910,052500,0.40,0.42,0.385,0.42,107000,0
2231.HK,5,20250910,053000,0.42,0.42,0.41,0.42,23000,0
2231.HK,5,20250910,053500,0.41,0.415,0.41,0.415,13000,0
2231.HK,5,20250910,054000,0.41,0.41,0.395,0.40,29000,0
2231.HK,5,20250910,054500,0.41,0.415,0.41,0.415,75000,0
2231.HK,5,20250910,055000,0.42,0.42,0.41,0.41,24000,0
2231.HK,5,20250910,055500,0.405,0.405,0.375,0.375,181000,0
2231.HK,5,20250910,070000,0.375,0.41,0.375,0.385,179000,0
2231.HK,5,20250910,070500,0.40,0.40,0.39,0.39,31000,0
2231.HK,5,20250910,071000,0.395,0.395,0.39,0.395,25000,0
2231.HK,5,20250910,071500,0.40,0.40,0.39,0.39,36000,0
2231.HK,5,20250910,072000,0.39,0.40,0.385,0.385,67000,0
2231.HK,5,20250910,072500,0.395,0.40,0.38,0.38,194000,0
2231.HK,5,20250910,073000,0.38,0.38,0.375,0.38,70000,0
2231.HK,5,20250910,073500,0.38,0.38,0.36,0.365,220000,0
2231.HK,5,20250910,074000,0.365,0.37,0.335,0.345,306000,0
2231.HK,5,20250910,074500,0.345,0.38,0.335,0.38,295000,0
2231.HK,5,20250910,075000,0.38,0.39,0.38,0.385,81000,0
2231.HK,5,20250910,075500,0.38,0.38,0.38,0.38,30000,0
2231.HK,5,20250910,080000,0.375,0.375,0.365,0.365,13000,0
2231.HK,5,20250910,081000,0.365,0.37,0.365,0.37,18000,0
2231.HK,5,20250910,081500,0.38,0.38,0.38,0.38,100000,0
2231.HK,5,20250910,082500,0.375,0.39,0.375,0.39,275000,0
2231.HK,5,20250910,083000,0.395,0.425,0.38,0.425,316000,0
2231.HK,5,20250910,083500,0.415,0.415,0.39,0.405,184000,0
2231.HK,5,20250910,084000,0.405,0.405,0.385,0.385,113000,0
2231.HK,5,20250910,084500,0.385,0.415,0.385,0.415,139000,0
2231.HK,5,20250910,085000,0.415,0.415,0.39,0.405,122000,0
2231.HK,5,20250910,085500,0.405,0.41,0.405,0.405,20000,0
2231.HK,5,20250910,090000,0.405,0.41,0.395,0.41,41000,0
2231.HK,5,20250910,090500,0.405,0.405,0.39,0.39,166000,0
2231.HK,5,20250910,091000,0.385,0.405,0.375,0.405,125000,0
2231.HK,5,20250910,091500,0.405,0.405,0.405,0.405,5000,0
2231.HK,5,20250910,092000,0.40,0.40,0.38,0.40,434000,0
2231.HK,5,20250910,092500,0.40,0.40,0.395,0.395,4000,0
2231.HK,5,20250910,093000,0.385,0.385,0.36,0.36,214000,0
2231.HK,5,20250910,093500,0.365,0.39,0.36,0.385,274000,0
2231.HK,5,20250910,094000,0.37,0.38,0.34,0.345,731000,0
2231.HK,5,20250910,094500,0.345,0.345,0.32,0.32,245000,0
2231.HK,5,20250910,095000,0.325,0.325,0.285,0.30,1322000,0
2231.HK,5,20250910,095500,0.30,0.30,0.28,0.29,1532000,0
2231.HK,5,20250911,033000,0.27,0.275,0.26,0.265,46000,0
2231.HK,5,20250911,033500,0.27,0.27,0.26,0.27,131000,0
2231.HK,5,20250911,034000,0.26,0.26,0.26,0.26,5000,0
2231.HK,5,20250911,034500,0.255,0.255,0.255,0.255,30000,0
2231.HK,5,20250911,035000,0.255,0.255,0.245,0.245,157000,0
2231.HK,5,20250911,035500,0.245,0.27,0.245,0.255,803000,0
2231.HK,5,20250911,040000,0.255,0.26,0.255,0.26,74000,0
2231.HK,5,20250911,040500,0.26,0.265,0.26,0.265,60000,0
2231.HK,5,20250911,041000,0.26,0.265,0.26,0.26,15000,0
2231.HK,5,20250911,041500,0.25,0.26,0.25,0.26,46000,0
2231.HK,5,20250911,042000,0.255,0.265,0.255,0.265,102000,0
2231.HK,5,20250911,043000,0.26,0.26,0.255,0.255,32000,0
2231.HK,5,20250911,043500,0.255,0.26,0.255,0.26,48000,0
2231.HK,5,20250911,044500,0.255,0.255,0.255,0.255,6000,0
2231.HK,5,20250911,045000,0.26,0.26,0.26,0.26,7000,0
2231.HK,5,20250911,051000,0.255,0.255,0.255,0.255,23000,0
2231.HK,5,20250911,051500,0.255,0.255,0.246,0.246,948000,0
2231.HK,5,20250911,052000,0.245,0.25,0.244,0.25,13000,0
2231.HK,5,20250911,052500,0.245,0.245,0.245,0.245,2000,0
2231.HK,5,20250911,053000,0.245,0.245,0.245,0.245,1000,0
2231.HK,5,20250911,054000,0.245,0.245,0.245,0.245,50000,0
2231.HK,5,20250911,055000,0.245,0.245,0.245,0.245,140000,0
2231.HK,5,20250911,055500,0.245,0.245,0.245,0.245,3000,0
2231.HK,5,20250911,070000,0.249,0.25,0.249,0.25,100000,0
2231.HK,5,20250911,071500,0.246,0.246,0.245,0.245,144000,0
2231.HK,5,20250911,072000,0.245,0.245,0.245,0.245,179000,0
2231.HK,5,20250911,072500,0.25,0.25,0.25,0.25,34000,0
2231.HK,5,20250911,073500,0.25,0.25,0.25,0.25,10000,0
2231.HK,5,20250911,080000,0.245,0.245,0.245,0.245,9000,0
2231.HK,5,20250911,080500,0.246,0.246,0.246,0.246,3000,0
2231.HK,5,20250911,081000,0.249,0.25,0.249,0.25,100000,0
2231.HK,5,20250911,082500,0.248,0.248,0.248,0.248,1000,0
2231.HK,5,20250911,083000,0.245,0.245,0.245,0.245,34000,0
2231.HK,5,20250911,084500,0.246,0.246,0.245,0.245,96000,0
2231.HK,5,20250911,085000,0.245,0.245,0.245,0.245,5000,0
2231.HK,5,20250911,085500,0.245,0.245,0.244,0.244,4000,0
2231.HK,5,20250911,090000,0.245,0.245,0.245,0.245,27000,0
2231.HK,5,20250911,090500,0.245,0.245,0.244,0.245,43000,0
2231.HK,5,20250911,091500,0.245,0.245,0.245,0.245,10000,0
2231.HK,5,20250911,092000,0.248,0.248,0.248,0.248,1000,0
2231.HK,5,20250911,092500,0.248,0.248,0.248,0.248,1000,0
2231.HK,5,20250911,093000,0.248,0.249,0.248,0.248,35000,0
2231.HK,5,20250911,094000,0.248,0.248,0.248,0.248,5000,0
2231.HK,5,20250911,094500,0.248,0.249,0.248,0.249,216000,0
2231.HK,5,20250911,095500,0.247,0.247,0.246,0.246,40000,0
2231.HK,5,20250912,033000,0.243,0.243,0.243,0.243,2000,0
2231.HK,5,20250912,033500,0.24,0.24,0.24,0.24,20000,0
2231.HK,5,20250912,034000,0.235,0.235,0.235,0.235,20000,0
2231.HK,5,20250912,035000,0.23,0.23,0.225,0.227,32000,0
2231.HK,5,20250912,035500,0.225,0.225,0.222,0.225,50000,0
2231.HK,5,20250912,040000,0.225,0.225,0.225,0.225,51000,0
2231.HK,5,20250912,043000,0.226,0.226,0.226,0.226,52000,0
2231.HK,5,20250912,044000,0.226,0.226,0.225,0.225,69000,0
2231.HK,5,20250912,044500,0.224,0.224,0.222,0.222,31000,0
2231.HK,5,20250912,045000,0.22,0.22,0.22,0.22,88000,0
2231.HK,5,20250912,045500,0.216,0.216,0.215,0.216,78000,0
2231.HK,5,20250912,050000,0.213,0.213,0.211,0.211,69000,0
2231.HK,5,20250912,050500,0.211,0.211,0.21,0.21,83000,0
2231.HK,5,20250912,051000,0.211,0.214,0.211,0.214,174000,0
2231.HK,5,20250912,051500,0.213,0.216,0.213,0.216,108000,0
2231.HK,5,20250912,052000,0.218,0.221,0.218,0.219,96000,0
2231.HK,5,20250912,052500,0.22,0.22,0.22,0.22,15000,0
2231.HK,5,20250912,053000,0.22,0.22,0.22,0.22,10000,0
2231.HK,5,20250912,053500,0.219,0.219,0.214,0.214,49000,0
2231.HK,5,20250912,054000,0.214,0.214,0.213,0.213,21000,0
2231.HK,5,20250912,055000,0.215,0.215,0.212,0.212,115000,0
2231.HK,5,20250912,070000,0.212,0.212,0.212,0.212,31000,0
2231.HK,5,20250912,071500,0.211,0.211,0.21,0.21,73000,0
2231.HK,5,20250912,072000,0.21,0.21,0.199,0.201,303000,0
2231.HK,5,20250912,072500,0.203,0.203,0.20,0.20,50000,0
2231.HK,5,20250912,073000,0.201,0.201,0.20,0.20,101000,0
2231.HK,5,20250912,073500,0.202,0.202,0.202,0.202,13000,0
2231.HK,5,20250912,074000,0.202,0.202,0.202,0.202,14000,0
2231.HK,5,20250912,074500,0.202,0.202,0.202,0.202,17000,0
2231.HK,5,20250912,075000,0.206,0.207,0.206,0.207,101000,0
2231.HK,5,20250912,075500,0.208,0.208,0.208,0.208,16000,0
2231.HK,5,20250912,080000,0.203,0.203,0.202,0.202,40000,0
2231.HK,5,20250912,080500,0.203,0.203,0.203,0.203,56000,0
2231.HK,5,20250912,081000,0.203,0.203,0.203,0.203,7000,0
2231.HK,5,20250912,081500,0.207,0.207,0.207,0.207,4000,0
2231.HK,5,20250912,083000,0.205,0.205,0.204,0.204,15000,0
2231.HK,5,20250912,083500,0.204,0.208,0.204,0.208,140000,0
2231.HK,5,20250912,084000,0.21,0.21,0.21,0.21,33000,0
2231.HK,5,20250912,084500,0.211,0.211,0.21,0.21,60000,0
2231.HK,5,20250912,085000,0.208,0.208,0.208,0.208,1000,0
2231.HK,5,20250912,085500,0.208,0.208,0.208,0.208,45000,0
2231.HK,5,20250912,090000,0.205,0.205,0.203,0.204,66000,0
2231.HK,5,20250912,090500,0.204,0.204,0.204,0.204,54000,0
2231.HK,5,20250912,091000,0.204,0.205,0.204,0.205,20000,0
2231.HK,5,20250912,091500,0.21,0.21,0.21,0.21,10000,0
2231.HK,5,20250912,092000,0.21,0.21,0.21,0.21,10000,0
2231.HK,5,20250912,092500,0.206,0.21,0.206,0.21,82000,0
2231.HK,5,20250912,093500,0.21,0.212,0.21,0.211,46000,0
2231.HK,5,20250912,094500,0.207,0.209,0.207,0.209,119000,0
2231.HK,5,20250912,095000,0.208,0.208,0.204,0.204,26000,0
2231.HK,5,20250912,095500,0.208,0.213,0.205,0.213,24000,0
2231.HK,5,20250915,035000,0.211,0.211,0.201,0.208,55000,0
2231.HK,5,20250915,041000,0.208,0.214,0.206,0.214,25000,0
2231.HK,5,20250915,041500,0.215,0.22,0.215,0.22,119000,0
2231.HK,5,20250915,042500,0.22,0.22,0.22,0.22,14000,0
2231.HK,5,20250915,043500,0.21,0.222,0.207,0.222,4000,0
2231.HK,5,20250915,050000,0.217,0.217,0.217,0.217,1000,0
2231.HK,5,20250915,050500,0.215,0.215,0.206,0.206,190000,0
2231.HK,5,20250915,051000,0.214,0.214,0.214,0.214,1000,0
2231.HK,5,20250915,051500,0.213,0.213,0.208,0.208,52000,0
2231.HK,5,20250915,052000,0.208,0.208,0.208,0.208,1000,0
2231.HK,5,20250915,052500,0.208,0.21,0.208,0.21,17000,0
2231.HK,5,20250915,053000,0.21,0.21,0.21,0.21,16000,0
2231.HK,5,20250915,054000,0.211,0.214,0.211,0.211,6000,0
2231.HK,5,20250915,054500,0.21,0.21,0.21,0.21,25000,0
2231.HK,5,20250915,070000,0.21,0.21,0.21,0.21,6000,0
2231.HK,5,20250915,070500,0.209,0.209,0.208,0.208,3000,0
2231.HK,5,20250915,071500,0.209,0.209,0.209,0.209,2000,0
2231.HK,5,20250915,072000,0.209,0.21,0.209,0.21,28000,0
2231.HK,5,20250915,072500,0.21,0.21,0.21,0.21,1000,0
2231.HK,5,20250915,075500,0.211,0.211,0.21,0.21,15000,0
2231.HK,5,20250915,081000,0.21,0.21,0.208,0.208,19000,0
2231.HK,5,20250915,081500,0.209,0.21,0.209,0.21,20000,0
2231.HK,5,20250915,082500,0.21,0.21,0.21,0.21,3000,0
2231.HK,5,20250915,084000,0.212,0.213,0.212,0.213,2000,0
2231.HK,5,20250915,085500,0.213,0.213,0.208,0.208,40000,0
2231.HK,5,20250915,091000,0.209,0.209,0.201,0.209,333000,0
2231.HK,5,20250915,092500,0.205,0.205,0.205,0.205,27000,0
2231.HK,5,20250915,093000,0.205,0.205,0.205,0.205,4000,0
2231.HK,5,20250915,094000,0.204,0.204,0.204,0.204,19000,0
2231.HK,5,20250915,095000,0.203,0.203,0.203,0.203,4000,0
2231.HK,5,20250915,095500,0.204,0.209,0.204,0.209,7000,0
2231.HK,5,20250916,033000,0.212,0.212,0.203,0.204,23000,0
2231.HK,5,20250916,033500,0.208,0.208,0.208,0.208,1000,0
2231.HK,5,20250916,034500,0.205,0.206,0.205,0.205,67000,0
2231.HK,5,20250916,035000,0.205,0.205,0.205,0.205,5000,0
2231.HK,5,20250916,035500,0.205,0.205,0.205,0.205,14000,0
2231.HK,5,20250916,040500,0.206,0.211,0.206,0.211,6000,0
2231.HK,5,20250916,041000,0.21,0.21,0.209,0.21,8000,0
2231.HK,5,20250916,041500,0.209,0.209,0.209,0.209,1000,0
2231.HK,5,20250916,042000,0.211,0.211,0.211,0.211,10000,0
2231.HK,5,20250916,042500,0.211,0.212,0.211,0.212,24000,0
2231.HK,5,20250916,043000,0.211,0.215,0.211,0.215,2000,0
2231.HK,5,20250916,043500,0.215,0.22,0.215,0.22,26000,0
2231.HK,5,20250916,044000,0.22,0.225,0.214,0.219,244000,0
2231.HK,5,20250916,044500,0.218,0.24,0.218,0.236,258000,0
2231.HK,5,20250916,045000,0.25,0.255,0.233,0.234,238000,0
2231.HK,5,20250916,045500,0.234,0.244,0.233,0.242,165000,0
2231.HK,5,20250916,050000,0.241,0.241,0.218,0.218,114000,0
2231.HK,5,20250916,050500,0.225,0.226,0.225,0.226,154000,0
2231.HK,5,20250916,051000,0.226,0.23,0.225,0.225,126000,0
2231.HK,5,20250916,051500,0.225,0.226,0.215,0.215,245000,0
2231.HK,5,20250916,052000,0.215,0.215,0.209,0.21,114000,0
2231.HK,5,20250916,052500,0.21,0.215,0.21,0.215,233000,0
2231.HK,5,20250916,053000,0.213,0.224,0.212,0.224,322000,0
2231.HK,5,20250916,053500,0.213,0.213,0.207,0.208,216000,0
2231.HK,5,20250916,054000,0.212,0.212,0.211,0.211,2000,0
2231.HK,5,20250916,055000,0.21,0.212,0.21,0.212,4000,0
2231.HK,5,20250916,055500,0.212,0.222,0.212,0.222,15000,0
2231.HK,5,20250916,070000,0.216,0.222,0.216,0.222,38000,0
2231.HK,5,20250916,070500,0.226,0.226,0.226,0.226,62000,0
2231.HK,5,20250916,072500,0.209,0.209,0.208,0.208,17000,0
2231.HK,5,20250916,073000,0.208,0.209,0.208,0.208,92000,0
2231.HK,5,20250916,073500,0.211,0.211,0.211,0.211,2000,0
2231.HK,5,20250916,074000,0.21,0.21,0.209,0.209,11000,0
2231.HK,5,20250916,074500,0.208,0.208,0.208,0.208,2000,0
2231.HK,5,20250916,075000,0.208,0.208,0.208,0.208,1000,0
2231.HK,5,20250916,075500,0.207,0.207,0.207,0.207,1000,0
2231.HK,5,20250916,080000,0.207,0.207,0.207,0.207,1000,0
2231.HK,5,20250916,081000,0.207,0.207,0.206,0.206,11000,0
2231.HK,5,20250916,081500,0.206,0.206,0.205,0.205,22000,0
2231.HK,5,20250916,082000,0.205,0.205,0.204,0.204,37000,0
2231.HK,5,20250916,082500,0.204,0.204,0.204,0.204,18000,0
2231.HK,5,20250916,083000,0.204,0.204,0.204,0.204,1000,0
2231.HK,5,20250916,083500,0.204,0.204,0.204,0.204,1000,0
2231.HK,5,20250916,084000,0.204,0.204,0.204,0.204,1000,0
2231.HK,5,20250916,084500,0.204,0.204,0.204,0.204,1000,0
2231.HK,5,20250916,085500,0.204,0.204,0.204,0.204,1000,0
2231.HK,5,20250916,090000,0.206,0.206,0.206,0.206,1000,0
2231.HK,5,20250916,090500,0.206,0.207,0.206,0.207,4000,0
2231.HK,5,20250916,093000,0.208,0.208,0.208,0.208,1000,0
2231.HK,5,20250916,093500,0.208,0.208,0.208,0.208,1000,0
2231.HK,5,20250916,094000,0.208,0.208,0.208,0.208,1000,0
2231.HK,5,20250916,094500,0.208,0.208,0.208,0.208,1000,0
2231.HK,5,20250916,095000,0.208,0.208,0.208,0.208,1000,0
2231.HK,5,20250916,095500,0.208,0.208,0.20,0.208,102000,0
2231.HK,5,20250917,033000,0.218,0.218,0.218,0.218,1000,0
2231.HK,5,20250917,034000,0.21,0.21,0.21,0.21,1000,0
2231.HK,5,20250917,034500,0.208,0.208,0.208,0.208,11000,0
2231.HK,5,20250917,035000,0.21,0.214,0.21,0.214,6000,0
2231.HK,5,20250917,035500,0.21,0.217,0.21,0.217,2000,0
2231.HK,5,20250917,041000,0.215,0.215,0.215,0.215,14000,0
2231.HK,5,20250917,043000,0.203,0.203,0.203,0.203,1000,0
2231.HK,5,20250917,044000,0.203,0.203,0.202,0.202,7000,0
2231.HK,5,20250917,045000,0.215,0.215,0.215,0.215,1000,0
2231.HK,5,20250917,045500,0.204,0.204,0.204,0.204,1000,0
2231.HK,5,20250917,050000,0.212,0.212,0.212,0.212,1000,0
2231.HK,5,20250917,051000,0.205,0.205,0.205,0.205,1000,0
2231.HK,5,20250917,052500,0.205,0.205,0.204,0.204,45000,0
2231.HK,5,20250917,053000,0.204,0.215,0.204,0.215,8000,0
2231.HK,5,20250917,055000,0.204,0.204,0.204,0.204,1000,0
2231.HK,5,20250917,070500,0.204,0.204,0.204,0.204,1000,0
2231.HK,5,20250917,071500,0.204,0.204,0.202,0.202,46000,0
2231.HK,5,20250917,072000,0.202,0.202,0.202,0.202,1000,0
2231.HK,5,20250917,072500,0.202,0.202,0.202,0.202,3000,0
2231.HK,5,20250917,073500,0.202,0.209,0.202,0.209,2000,0
2231.HK,5,20250917,074000,0.202,0.202,0.202,0.202,1000,0
2231.HK,5,20250917,075000,0.202,0.202,0.202,0.202,23000,0
2231.HK,5,20250917,075500,0.202,0.202,0.202,0.202,1000,0
2231.HK,5,20250917,080000,0.202,0.202,0.202,0.202,23000,0
2231.HK,5,20250917,080500,0.202,0.202,0.202,0.202,1000,0
2231.HK,5,20250917,081000,0.202,0.202,0.202,0.202,1000,0
2231.HK,5,20250917,082000,0.206,0.206,0.206,0.206,1000,0
2231.HK,5,20250917,083000,0.202,0.202,0.202,0.202,1000,0
2231.HK,5,20250917,084500,0.202,0.202,0.202,0.202,1000,0
2231.HK,5,20250917,085500,0.206,0.206,0.206,0.206,1000,0
2231.HK,5,20250917,090000,0.202,0.206,0.202,0.202,13000,0
2231.HK,5,20250917,090500,0.206,0.206,0.206,0.206,4000,0
2231.HK,5,20250917,091000,0.206,0.206,0.206,0.206,50000,0
2231.HK,5,20250917,091500,0.207,0.207,0.201,0.207,14000,0
2231.HK,5,20250917,095500,0.201,0.206,0.201,0.206,8000,0
2231.HK,5,20250918,034000,0.213,0.213,0.201,0.201,9000,0
2231.HK,5,20250918,042000,0.207,0.207,0.207,0.207,1000,0
2231.HK,5,20250918,073000,0.206,0.21,0.206,0.21,53000,0
2231.HK,5,20250918,073500,0.212,0.212,0.212,0.212,1000,0
2231.HK,5,20250918,080500,0.204,0.204,0.204,0.204,1000,0
2231.HK,5,20250918,083000,0.208,0.208,0.208,0.208,30000,0
2231.HK,5,20250918,091000,0.205,0.205,0.205,0.205,21000,0
2231.HK,5,20250918,092000,0.205,0.205,0.205,0.205,3000,0
2231.HK,5,20250918,092500,0.205,0.205,0.205,0.205,1000,0
2231.HK,5,20250918,093500,0.205,0.205,0.205,0.205,15000,0
2231.HK,5,20250918,095000,0.205,0.205,0.205,0.205,50000,0
2231.HK,5,20250918,095500,0.205,0.205,0.205,0.205,3000,0
2231.HK,5,20250919,034500,0.219,0.219,0.213,0.213,24000,0
2231.HK,5,20250919,035500,0.20,0.212,0.20,0.212,51000,0
2231.HK,5,20250919,043500,0.20,0.20,0.20,0.20,1000,0
2231.HK,5,20250919,044000,0.212,0.212,0.212,0.212,1000,0
2231.HK,5,20250919,045000,0.198,0.198,0.198,0.198,30000,0
2231.HK,5,20250919,051500,0.203,0.203,0.203,0.203,1000,0
2231.HK,5,20250919,052000,0.198,0.198,0.198,0.198,5000,0
2231.HK,5,20250919,053000,0.207,0.207,0.207,0.207,1000,0
2231.HK,5,20250919,085000,0.20,0.202,0.198,0.202,126000,0
2231.HK,5,20250922,040000,0.195,0.195,0.195,0.195,10000,0
2231.HK,5,20250922,041500,0.196,0.196,0.196,0.196,1000,0
2231.HK,5,20250922,042000,0.196,0.196,0.195,0.195,7000,0
2231.HK,5,20250922,043500,0.196,0.196,0.196,0.196,2000,0
2231.HK,5,20250922,071000,0.196,0.196,0.196,0.196,6000,0
2231.HK,5,20250922,073500,0.196,0.196,0.196,0.196,3000,0
2231.HK,5,20250922,074500,0.196,0.196,0.196,0.196,2000,0
2231.HK,5,20250922,075000,0.195,0.195,0.195,0.195,2000,0
2231.HK,5,20250922,081000,0.195,0.195,0.195,0.195,1000,0
2231.HK,5,20250922,094500,0.193,0.193,0.193,0.193,13000,0
2231.HK,5,20250922,095500,0.195,0.199,0.195,0.199,2000,0
2231.HK,5,20250923,033000,0.213,0.213,0.204,0.204,10000,0
2231.HK,5,20250923,045500,0.192,0.192,0.192,0.192,5000,0
2231.HK,5,20250923,093500,0.193,0.193,0.193,0.193,13000,0
2231.HK,5,20250923,094000,0.193,0.194,0.193,0.194,1000,0
2231.HK,5,20250924,033000,0.22,0.22,0.203,0.203,5000,0
2231.HK,5,20250924,033500,0.192,0.192,0.192,0.192,20000,0
2231.HK,5,20250924,034500,0.19,0.20,0.19,0.20,29000,0
2231.HK,5,20250924,035500,0.20,0.20,0.20,0.20,1000,0
2231.HK,5,20250924,044000,0.19,0.19,0.19,0.19,1000,0
2231.HK,5,20250924,045500,0.196,0.196,0.196,0.196,2000,0
2231.HK,5,20250924,050500,0.199,0.199,0.199,0.199,1000,0
2231.HK,5,20250924,085500,0.199,0.199,0.199,0.199,21000,0
2231.HK,5,20250924,090000,0.199,0.199,0.199,0.199,70000,0
2231.HK,5,20250924,091500,0.199,0.199,0.199,0.199,10000,0
2231.HK,5,20250924,092000,0.20,0.20,0.199,0.199,43000,0
2231.HK,5,20250924,092500,0.20,0.20,0.20,0.20,6000,0
2231.HK,5,20250924,093000,0.20,0.20,0.20,0.20,2000,0
2231.HK,5,20250924,094500,0.199,0.199,0.199,0.199,12000,0
2231.HK,5,20250924,095500,0.20,0.204,0.20,0.204,2000,0
2231.HK,5,20250926,043000,0.185,0.185,0.182,0.182,48000,0
2231.HK,5,20250926,045000,0.189,0.189,0.189,0.189,1000,0
2231.HK,5,20250926,051500,0.189,0.192,0.189,0.192,20000,0
2231.HK,5,20250926,081000,0.185,0.186,0.185,0.186,3000,0
2231.HK,5,20250926,081500,0.186,0.186,0.186,0.186,2000,0
2231.HK,5,20250926,091500,0.19,0.19,0.19,0.19,2000,0
2231.HK,5,20250926,094500,0.187,0.187,0.187,0.187,2000,0
2231.HK,5,20250929,033500,0.194,0.194,0.194,0.194,1000,0
2231.HK,5,20250929,073500,0.189,0.189,0.189,0.189,1000,0
2231.HK,5,20250929,075000,0.189,0.189,0.189,0.189,1000,0
2231.HK,5,20250929,080500,0.189,0.189,0.189,0.189,1000,0
2231.HK,5,20250929,095500,0.189,0.189,0.189,0.189,1000,0
2231.HK,5,20250930,034000,0.193,0.193,0.193,0.193,1000,0
2231.HK,5,20250930,035500,0.193,0.193,0.193,0.193,2000,0
2231.HK,5,20250930,040000,0.192,0.193,0.192,0.193,8000,0
2231.HK,5,20250930,042000,0.184,0.184,0.184,0.184,25000,0
2231.HK,5,20250930,043000,0.184,0.184,0.184,0.184,11000,0
2231.HK,5,20250930,043500,0.185,0.192,0.184,0.192,44000,0
2231.HK,5,20250930,072500,0.188,0.188,0.188,0.188,13000,0
2231.HK,5,20250930,095500,0.187,0.187,0.187,0.187,3000,0
2231.HK,5,20251002,035000,0.189,0.189,0.189,0.189,1000,0
2231.HK,5,20251002,081500,0.181,0.181,0.181,0.181,24000,0
2231.HK,5,20251002,082000,0.18,0.18,0.18,0.18,20000,0
2231.HK,5,20251002,082500,0.18,0.18,0.18,0.18,2000,0
2231.HK,5,20251002,084500,0.179,0.179,0.179,0.179,34000,0
2231.HK,5,20251002,085500,0.179,0.179,0.179,0.179,26000,0
2231.HK,5,20251002,090500,0.183,0.184,0.183,0.183,3000,0
2231.HK,5,20251003,033000,0.174,0.184,0.174,0.184,10000,0
2231.HK,5,20251003,095500,0.18,0.18,0.18,0.18,1000,0
2231.HK,5,20251006,033000,0.205,0.205,0.184,0.189,76000,0
2231.HK,5,20251006,035000,0.188,0.189,0.188,0.189,4000,0
2231.HK,5,20251006,041000,0.187,0.187,0.187,0.187,2000,0
2231.HK,5,20251006,041500,0.187,0.187,0.187,0.187,25000,0
2231.HK,5,20251006,042000,0.188,0.188,0.187,0.187,146000,0
2231.HK,5,20251006,044000,0.187,0.187,0.187,0.187,20000,0
2231.HK,5,20251008,034500,0.178,0.187,0.178,0.18,24000,0
2231.HK,5,20251008,045000,0.18,0.18,0.18,0.18,20000,0
2231.HK,5,20251008,051000,0.18,0.18,0.18,0.18,1000,0
2231.HK,5,20251008,053500,0.18,0.183,0.18,0.183,141000,0
2231.HK,5,20251008,072500,0.183,0.183,0.183,0.183,2000,0
2231.HK,5,20251008,080500,0.183,0.183,0.183,0.183,15000,0
2231.HK,5,20251008,085000,0.179,0.18,0.179,0.18,2000,0
2231.HK,5,20251008,094000,0.179,0.179,0.178,0.178,101000,0
2231.HK,5,20251008,095500,0.178,0.178,0.177,0.177,41000,0
2231.HK,5,20251009,043000,0.177,0.177,0.177,0.177,44000,0
2231.HK,5,20251009,070500,0.176,0.177,0.176,0.177,6000,0
2231.HK,5,20251009,073000,0.177,0.177,0.176,0.176,72000,0
2231.HK,5,20251009,080000,0.175,0.175,0.175,0.175,10000,0
2231.HK,5,20251009,080500,0.175,0.175,0.175,0.175,5000,0
2231.HK,5,20251009,082000,0.175,0.175,0.175,0.175,3000,0
2231.HK,5,20251010,040500,0.183,0.183,0.183,0.183,28000,0
2231.HK,5,20251010,041000,0.183,0.183,0.183,0.183,6000,0
2231.HK,5,20251010,041500,0.183,0.183,0.183,0.183,21000,0
2231.HK,5,20251010,052500,0.183,0.183,0.183,0.183,9000,0
2231.HK,5,20251010,071500,0.183,0.183,0.183,0.183,60000,0
2231.HK,5,20251010,072500,0.183,0.183,0.183,0.183,6000,0
2231.HK,5,20251010,083500,0.176,0.176,0.176,0.176,58000,0
2231.HK,5,20251010,084000,0.176,0.176,0.176,0.176,6000,0
2231.HK,5,20251010,084500,0.176,0.176,0.176,0.176,7000,0
2231.HK,5,20251010,093000,0.176,0.176,0.176,0.176,1000,0
2231.HK,5,20251010,095500,0.18,0.18,0.18,0.18,1000,0
2231.HK,5,20251013,091000,0.182,0.182,0.182,0.182,1000,0
2231.HK,5,20251013,095500,0.176,0.182,0.176,0.182,2000,0
2231.HK,5,20251014,050000,0.18,0.18,0.18,0.18,24000,0
2231.HK,5,20251014,071500,0.177,0.177,0.177,0.177,4000,0
2231.HK,5,20251014,073500,0.177,0.177,0.177,0.177,3000,0
2231.HK,5,20251014,081000,0.177,0.177,0.177,0.177,1000,0
2231.HK,5,20251014,083000,0.177,0.177,0.177,0.177,1000,0
2231.HK,5,20251014,090500,0.179,0.179,0.179,0.179,15000,0
2231.HK,5,20251014,092000,0.176,0.176,0.176,0.176,88000,0
2231.HK,5,20251014,094000,0.176,0.176,0.176,0.176,4000,0
2231.HK,5,20251015,071500,0.174,0.174,0.174,0.174,15000,0
2231.HK,5,20251015,080500,0.174,0.174,0.174,0.174,1000,0
2231.HK,5,20251015,095000,0.171,0.174,0.171,0.174,7000,0
2231.HK,5,20251016,094000,0.179,0.179,0.179,0.179,1000,0
2231.HK,5,20251016,095000,0.179,0.18,0.179,0.18,24000,0
2231.HK,5,20251016,095500,0.18,0.184,0.18,0.184,26000,0
2231.HK,5,20251017,044000,0.175,0.175,0.175,0.175,19000,0
2231.HK,5,20251017,075000,0.18,0.18,0.18,0.18,225000,0
2231.HK,5,20251017,081000,0.18,0.18,0.18,0.18,10000,0
2231.HK,5,20251017,083000,0.175,0.175,0.175,0.175,1000,0
2231.HK,5,20251017,095500,0.178,0.178,0.175,0.175,21000,0
2231.HK,5,20251020,033000,0.179,0.184,0.179,0.184,3000,0
2231.HK,5,20251021,034500,0.183,0.183,0.183,0.183,1000,0
2231.HK,5,20251021,035000,0.182,0.183,0.182,0.183,53000,0
2231.HK,5,20251021,043000,0.181,0.181,0.181,0.181,1000,0
2231.HK,5,20251021,043500,0.181,0.181,0.174,0.174,53000,0
2231.HK,5,20251021,044500,0.181,0.181,0.181,0.181,1000,0
2231.HK,5,20251021,050500,0.173,0.173,0.173,0.173,8000,0
2231.HK,5,20251021,051000,0.181,0.181,0.181,0.181,1000,0
2231.HK,5,20251021,053500,0.173,0.181,0.173,0.181,3000,0
2231.HK,5,20251021,084000,0.175,0.181,0.175,0.181,2000,0
2231.HK,5,20251022,095500,0.181,0.181,0.181,0.181,2000,0
2231.HK,5,20251024,033000,0.181,0.181,0.181,0.181,37000,0
2231.HK,5,20251024,034000,0.181,0.181,0.18,0.18,150000,0
2231.HK,5,20251024,040000,0.18,0.18,0.18,0.18,100000,0
2231.HK,5,20251024,041000,0.18,0.18,0.18,0.18,52000,0
2231.HK,5,20251024,081000,0.18,0.18,0.18,0.18,12000,0
2231.HK,5,20251027,030500,0.181,0.181,0.181,0.181,1000,0
2231.HK,5,20251027,083500,0.179,0.179,0.179,0.179,3000,0
2231.HK,5,20251028,034000,0.179,0.179,0.179,0.179,41000,0
2231.HK,5,20251028,075500,0.179,0.179,0.179,0.179,32000,0
2231.HK,5,20251030,025500,0.18,0.18,0.18,0.18,100000,0
2231.HK,5,20251030,030500,0.179,0.179,0.179,0.179,300000,0
2231.HK,5,20251030,042000,0.179,0.179,0.179,0.179,2000,0
2231.HK,5,20251031,062500,0.18,0.18,0.18,0.18,2000,0
2231.HK,5,20251031,073000,0.179,0.18,0.179,0.18,17000,0
2231.HK,5,20251031,083000,0.18,0.18,0.18,0.18,42000,0
2231.HK,5,20251031,084000,0.179,0.179,0.179,0.179,100000,0
2231.HK,5,20251031,085000,0.179,0.179,0.179,0.179,10000,0
2231.HK,5,20251031,085500,0.18,0.18,0.18,0.18,1000,0
2231.HK,5,20251103,081500,0.18,0.18,0.18,0.18,129000,0
2231.HK,5,20251103,085500,0.18,0.182,0.18,0.182,7000,0
2231.HK,5,20251104,041500,0.182,0.182,0.178,0.178,24000,0
2231.HK,5,20251104,042000,0.182,0.185,0.182,0.185,2000,0
2231.HK,5,20251104,060000,0.185,0.189,0.185,0.189,3000,0
2231.HK,5,20251104,060500,0.189,0.22,0.189,0.22,128000,0
2231.HK,5,20251104,061000,0.19,0.19,0.19,0.19,8000,0
2231.HK,5,20251104,061500,0.19,0.19,0.19,0.19,100000,0
2231.HK,5,20251104,062000,0.19,0.204,0.19,0.204,7000,0
2231.HK,5,20251104,064000,0.206,0.206,0.206,0.206,54000,0
2231.HK,5,20251104,064500,0.206,0.212,0.206,0.212,66000,0
2231.HK,5,20251104,065500,0.212,0.212,0.212,0.212,35000,0
2231.HK,5,20251104,070500,0.201,0.212,0.201,0.212,11000,0
2231.HK,5,20251104,071000,0.212,0.212,0.212,0.212,5000,0
2231.HK,5,20251104,073500,0.20,0.20,0.20,0.20,50000,0
2231.HK,5,20251104,074000,0.201,0.201,0.201,0.201,12000,0
2231.HK,5,20251104,075000,0.202,0.202,0.202,0.202,100000,0
2231.HK,5,20251104,075500,0.201,0.201,0.201,0.201,8000,0
2231.HK,5,20251104,081000,0.203,0.208,0.203,0.208,170000,0
2231.HK,5,20251104,081500,0.209,0.209,0.209,0.209,1000,0
2231.HK,5,20251104,082000,0.208,0.208,0.208,0.208,20000,0
2231.HK,5,20251104,083500,0.204,0.204,0.204,0.204,4000,0
2231.HK,5,20251104,084000,0.204,0.204,0.204,0.204,5000,0
2231.HK,5,20251104,084500,0.203,0.203,0.201,0.202,141000,0
2231.HK,5,20251104,085000,0.204,0.214,0.204,0.214,164000,0
2231.HK,5,20251104,085500,0.216,0.217,0.209,0.215,313000,0
2231.HK,5,20251105,023000,0.23,0.25,0.212,0.249,574000,0
2231.HK,5,20251105,023500,0.243,0.248,0.235,0.248,163000,0
2231.HK,5,20251105,024000,0.24,0.248,0.24,0.24,158000,0
2231.HK,5,20251105,024500,0.236,0.236,0.235,0.235,168000,0
2231.HK,5,20251105,025000,0.221,0.221,0.204,0.204,89000,0
2231.HK,5,20251105,025500,0.22,0.228,0.22,0.228,45000,0
2231.HK,5,20251105,030500,0.24,0.24,0.24,0.24,1000,0
2231.HK,5,20251105,031500,0.224,0.224,0.21,0.21,111000,0
2231.HK,5,20251105,032500,0.215,0.215,0.215,0.215,26000,0
2231.HK,5,20251105,033000,0.211,0.211,0.211,0.211,2000,0
2231.HK,5,20251105,033500,0.21,0.21,0.207,0.207,35000,0
2231.HK,5,20251105,034000,0.214,0.214,0.214,0.214,2000,0
2231.HK,5,20251105,040500,0.203,0.203,0.202,0.202,23000,0
2231.HK,5,20251105,041500,0.213,0.213,0.213,0.213,1000,0
2231.HK,5,20251105,042000,0.213,0.213,0.213,0.213,5000,0
2231.HK,5,20251105,043000,0.204,0.204,0.204,0.204,1000,0
2231.HK,5,20251105,044000,0.206,0.206,0.206,0.206,116000,0
2231.HK,5,20251105,044500,0.206,0.206,0.206,0.206,4000,0
2231.HK,5,20251105,045000,0.206,0.206,0.203,0.203,63000,0
2231.HK,5,20251105,045500,0.206,0.206,0.206,0.206,1000,0
2231.HK,5,20251105,060000,0.203,0.203,0.20,0.20,133000,0
2231.HK,5,20251105,060500,0.20,0.20,0.198,0.198,79000,0
2231.HK,5,20251105,061500,0.195,0.195,0.195,0.195,30000,0
2231.HK,5,20251105,062500,0.195,0.195,0.195,0.195,53000,0
2231.HK,5,20251105,064000,0.20,0.20,0.20,0.20,30000,0
2231.HK,5,20251105,070000,0.20,0.20,0.20,0.20,10000,0
2231.HK,5,20251105,071000,0.20,0.20,0.20,0.20,50000,0
2231.HK,5,20251105,080500,0.196,0.196,0.196,0.196,14000,0
2231.HK,5,20251105,083000,0.20,0.20,0.20,0.20,88000,0
2231.HK,5,20251105,084500,0.20,0.20,0.20,0.20,10000,0
2231.HK,5,20251105,085500,0.20,0.20,0.20,0.20,54000,0
2231.HK,5,20251106,023500,0.19,0.19,0.19,0.19,19000,0
2231.HK,5,20251106,024500,0.193,0.193,0.193,0.193,10000,0
2231.HK,5,20251106,025500,0.193,0.193,0.192,0.192,37000,0
2231.HK,5,20251106,030000,0.192,0.192,0.192,0.192,24000,0
2231.HK,5,20251106,040500,0.198,0.198,0.198,0.198,3000,0
2231.HK,5,20251106,045000,0.198,0.198,0.198,0.198,2000,0
2231.HK,5,20251106,063500,0.194,0.194,0.194,0.194,2000,0
2231.HK,5,20251106,071000,0.193,0.193,0.19,0.19,112000,0
2231.HK,5,20251106,080000,0.186,0.189,0.186,0.189,21000,0
2231.HK,5,20251106,083500,0.191,0.191,0.191,0.191,1000,0
2231.HK,5,20251106,085500,0.19,0.19,0.19,0.19,4000,0
2231.HK,5,20251107,030000,0.196,0.196,0.196,0.196,1000,0
2231.HK,5,20251107,031000,0.195,0.198,0.195,0.198,2000,0
2231.HK,5,20251107,063000,0.19,0.19,0.19,0.19,30000,0
2231.HK,5,20251107,064000,0.184,0.184,0.184,0.184,250000,0
2231.HK,5,20251107,065000,0.184,0.185,0.184,0.185,30000,0
2231.HK,5,20251107,070000,0.185,0.185,0.185,0.185,13000,0
2231.HK,5,20251107,072000,0.185,0.185,0.184,0.184,120000,0
2231.HK,5,20251107,072500,0.186,0.186,0.186,0.186,5000,0
2231.HK,5,20251107,075000,0.186,0.186,0.186,0.186,9000,0
2231.HK,5,20251107,080500,0.185,0.185,0.185,0.185,1000,0
2231.HK,5,20251107,081000,0.189,0.189,0.189,0.189,1000,0
2231.HK,5,20251107,081500,0.189,0.189,0.188,0.188,8000,0
2231.HK,5,20251110,075000,0.181,0.181,0.181,0.181,82000,0
2231.HK,5,20251110,075500,0.181,0.187,0.181,0.187,2000,0
2231.HK,5,20251110,082500,0.181,0.186,0.181,0.186,11000,0
2231.HK,5,20251110,084000,0.181,0.185,0.181,0.185,4000,0
2231.HK,5,20251110,085500,0.18,0.189,0.18,0.189,11000,0
2231.HK,5,20251111,023000,0.192,0.192,0.17,0.186,2000,0
2231.HK,5,20251111,045500,0.179,0.185,0.177,0.185,101000,0
2231.HK,5,20251111,060000,0.177,0.177,0.177,0.177,10000,0
2231.HK,5,20251111,061500,0.178,0.178,0.178,0.178,1000,0
2231.HK,5,20251111,080000,0.177,0.177,0.177,0.177,8000,0
2231.HK,5,20251111,085500,0.184,0.184,0.184,0.184,2000,0
2231.HK,5,20251112,030000,0.187,0.187,0.187,0.187,1000,0
2231.HK,5,20251112,033000,0.186,0.186,0.186,0.186,1000,0
2231.HK,5,20251112,042000,0.185,0.185,0.185,0.185,1000,0
2231.HK,5,20251112,080000,0.174,0.182,0.174,0.182,31000,0
2231.HK,5,20251112,081000,0.174,0.174,0.174,0.174,5000,0
2231.HK,5,20251112,081500,0.181,0.181,0.181,0.181,1000,0
2231.HK,5,20251112,082000,0.18,0.18,0.18,0.18,1000,0
2231.HK,5,20251112,083000,0.183,0.183,0.183,0.183,1000,0
2231.HK,5,20251112,085000,0.174,0.174,0.174,0.174,2000,0
2231.HK,5,20251112,085500,0.18,0.18,0.18,0.18,1000,0
2231.HK,5,20251113,040500,0.174,0.185,0.174,0.185,2000,0
2231.HK,5,20251113,084000,0.181,0.181,0.181,0.181,50000,0
2231.HK,5,20251113,084500,0.174,0.174,0.174,0.174,10000,0
2231.HK,5,20251113,085500,0.183,0.183,0.183,0.183,3000,0
2231.HK,5,20251114,023000,0.187,0.187,0.187,0.187,1000,0
2231.HK,5,20251114,031500,0.173,0.186,0.173,0.186,2000,0
2231.HK,5,20251114,072000,0.179,0.179,0.179,0.179,22000,0
2231.HK,5,20251114,074500,0.173,0.173,0.173,0.173,51000,0
2231.HK,5,20251114,075500,0.173,0.173,0.17,0.17,255000,0
2231.HK,5,20251114,080500,0.163,0.163,0.161,0.161,40000,0
2231.HK,5,20251114,081000,0.163,0.163,0.163,0.163,10000,0
2231.HK,5,20251114,084500,0.164,0.164,0.16,0.16,180000,0
2231.HK,5,20251114,085000,0.153,0.154,0.153,0.153,11000,0
2231.HK,5,20251114,085500,0.155,0.159,0.154,0.159,356000,0
2231.HK,5,20251117,031000,0.18,0.18,0.158,0.158,1000,0
2231.HK,5,20251117,032500,0.16,0.16,0.16,0.16,25000,0
2231.HK,5,20251117,033000,0.164,0.165,0.163,0.163,28000,0
2231.HK,5,20251117,044000,0.163,0.163,0.163,0.163,4000,0
2231.HK,5,20251117,074000,0.16,0.16,0.16,0.16,10000,0
2231.HK,5,20251117,085500,0.168,0.168,0.168,0.168,1000,0
2231.HK,5,20251119,084500,0.167,0.167,0.157,0.162,18000,0
2231.HK,5,20251120,024000,0.174,0.174,0.158,0.158,2000,0
2231.HK,5,20251120,025500,0.157,0.164,0.157,0.164,50000,0
2231.HK,5,20251120,030000,0.157,0.157,0.157,0.157,32000,0
2231.HK,5,20251120,042500,0.163,0.163,0.159,0.159,1000,0
2231.HK,5,20251121,070500,0.155,0.155,0.155,0.155,90000,0
2231.HK,5,20251121,081500,0.154,0.163,0.154,0.163,49000,0
2231.HK,5,20251121,085500,0.156,0.156,0.15,0.152,27000,0
2231.HK,5,20251124,044500,0.16,0.16,0.156,0.158,267000,0
2231.HK,5,20251124,072000,0.152,0.152,0.152,0.152,28000,0
2231.HK,5,20251124,073000,0.152,0.152,0.152,0.152,10000,0
2231.HK,5,20251124,081500,0.151,0.151,0.151,0.151,1000,0
2231.HK,5,20251124,085500,0.156,0.156,0.156,0.156,1000,0
2231.HK,5,20251126,031000,0.164,0.164,0.164,0.164,1000,0
2231.HK,5,20251126,041000,0.152,0.152,0.152,0.152,1000,0
2231.HK,5,20251126,084500,0.154,0.154,0.154,0.154,1000,0
2231.HK,5,20251126,085000,0.151,0.151,0.151,0.151,50000,0
2231.HK,5,20251126,085500,0.152,0.158,0.151,0.158,2000,0
2231.HK,5,20251127,085500,0.165,0.165,0.165,0.165,1000,0
2231.HK,5,20251128,044500,0.166,0.166,0.166,0.166,30000,0
2231.HK,5,20251128,064000,0.166,0.166,0.166,0.166,5000,0
2231.HK,5,20251201,085500,0.16,0.16,0.16,0.16,1000,0
2231.HK,5,20251203,073000,0.158,0.159,0.158,0.159,9000,0
2231.HK,5,20251203,083500,0.15,0.15,0.15,0.15,10000,0
2231.HK,5,20251203,085500,0.142,0.147,0.142,0.147,3000,0
