<TICKER>,<PER>,<DATE>,<TIME>,<OPEN>,<HIGH>,<LOW>,<CLOSE>,<VOL>,<OPENINT>
2415.HK,5,20250709,043500,1.31,1.31,1.31,1.31,65000,0
2415.HK,5,20250709,050000,1.32,1.32,1.32,1.32,10000,0
2415.HK,5,20250709,073000,1.31,1.31,1.31,1.31,24500,0
2415.HK,5,20250709,073500,1.31,1.31,1.31,1.31,13500,0
2415.HK,5,20250709,080000,1.30,1.32,1.30,1.32,8500,0
2415.HK,5,20250709,090000,1.31,1.31,1.31,1.31,2000,0
2415.HK,5,20250710,035000,1.32,1.32,1.32,1.32,27000,0
2415.HK,5,20250710,035500,1.32,1.32,1.32,1.32,15250,0
2415.HK,5,20250710,041000,1.30,1.30,1.30,1.30,250,0
2415.HK,5,20250710,043500,1.32,1.32,1.32,1.32,250,0
2415.HK,5,20250710,045000,1.30,1.30,1.30,1.30,8000,0
2415.HK,5,20250710,045500,1.30,1.30,1.30,1.30,2500,0
2415.HK,5,20250710,053000,1.30,1.30,1.30,1.30,250,0
2415.HK,5,20250710,054000,1.30,1.30,1.30,1.30,250,0
2415.HK,5,20250710,080000,1.30,1.30,1.30,1.30,59000,0
2415.HK,5,20250710,083000,1.30,1.30,1.30,1.30,250,0
2415.HK,5,20250710,083500,1.30,1.30,1.30,1.30,15000,0
2415.HK,5,20250710,085500,1.30,1.30,1.30,1.30,3500,0
2415.HK,5,20250710,094500,1.30,1.30,1.30,1.30,750,0
2415.HK,5,20250710,095000,1.30,1.30,1.30,1.30,43500,0
2415.HK,5,20250710,095500,1.28,1.30,1.28,1.30,250,0
2415.HK,5,20250714,045000,1.30,1.30,1.30,1.30,250,0
2415.HK,5,20250714,053000,1.33,1.33,1.33,1.33,250,0
2415.HK,5,20250714,054500,1.33,1.33,1.33,1.33,5000,0
2415.HK,5,20250714,071500,1.33,1.33,1.33,1.33,250,0
2415.HK,5,20250714,072000,1.31,1.31,1.30,1.30,10000,0
2415.HK,5,20250714,083000,1.30,1.30,1.30,1.30,108250,0
2415.HK,5,20250714,083500,1.30,1.30,1.30,1.30,34500,0
2415.HK,5,20250714,085500,1.30,1.30,1.30,1.30,15000,0
2415.HK,5,20250714,094000,1.33,1.33,1.33,1.33,250,0
2415.HK,5,20250714,094500,1.33,1.33,1.33,1.33,250,0
2415.HK,5,20250714,095500,1.33,1.33,1.33,1.33,250,0
2415.HK,5,20250715,055000,1.33,1.33,1.33,1.33,10250,0
2415.HK,5,20250715,072500,1.33,1.33,1.33,1.33,5000,0
2415.HK,5,20250715,073500,1.34,1.34,1.34,1.34,250,0
2415.HK,5,20250715,074500,1.34,1.34,1.34,1.34,1000,0
2415.HK,5,20250715,075500,1.34,1.34,1.34,1.34,6000,0
2415.HK,5,20250715,080500,1.33,1.33,1.33,1.33,5000,0
2415.HK,5,20250716,033500,1.33,1.33,1.33,1.33,12000,0
2415.HK,5,20250716,040500,1.33,1.33,1.33,1.33,20000,0
2415.HK,5,20250716,071500,1.31,1.31,1.31,1.31,27750,0
2415.HK,5,20250716,075500,1.31,1.32,1.31,1.32,25000,0
2415.HK,5,20250716,083500,1.32,1.32,1.32,1.32,1000,0
2415.HK,5,20250716,092500,1.30,1.32,1.30,1.32,2250,0
2415.HK,5,20250716,093000,1.32,1.32,1.32,1.32,250,0
2415.HK,5,20250716,094000,1.32,1.32,1.32,1.32,250,0
2415.HK,5,20250716,095000,1.32,1.32,1.32,1.32,250,0
2415.HK,5,20250716,095500,1.32,1.32,1.32,1.32,250,0
2415.HK,5,20250717,041500,1.32,1.32,1.32,1.32,1250,0
2415.HK,5,20250717,042500,1.32,1.32,1.32,1.32,250,0
2415.HK,5,20250717,093500,1.32,1.32,1.32,1.32,7750,0
2415.HK,5,20250717,094500,1.32,1.32,1.32,1.32,250,0
2415.HK,5,20250717,095500,1.33,1.33,1.33,1.33,250,0
2415.HK,5,20250718,071500,1.32,1.34,1.32,1.34,50000,0
2415.HK,5,20250718,073500,1.34,1.34,1.34,1.34,2250,0
2415.HK,5,20250718,074500,1.34,1.34,1.34,1.34,250,0
2415.HK,5,20250718,080000,1.34,1.34,1.34,1.34,250,0
2415.HK,5,20250718,081000,1.34,1.34,1.34,1.34,250,0
2415.HK,5,20250718,081500,1.34,1.34,1.34,1.34,11250,0
2415.HK,5,20250718,082000,1.34,1.34,1.34,1.34,7750,0
2415.HK,5,20250718,082500,1.33,1.33,1.33,1.33,500,0
2415.HK,5,20250718,084000,1.34,1.34,1.34,1.34,40250,0
2415.HK,5,20250718,084500,1.34,1.34,1.34,1.34,47500,0
2415.HK,5,20250718,085500,1.35,1.35,1.34,1.34,10000,0
2415.HK,5,20250718,090000,1.35,1.35,1.35,1.35,10500,0
2415.HK,5,20250718,090500,1.35,1.35,1.35,1.35,8250,0
2415.HK,5,20250718,091000,1.35,1.35,1.35,1.35,20000,0
2415.HK,5,20250718,091500,1.35,1.35,1.35,1.35,21750,0
2415.HK,5,20250718,092000,1.36,1.36,1.36,1.36,40250,0
2415.HK,5,20250718,093000,1.36,1.36,1.36,1.36,12250,0
2415.HK,5,20250718,093500,1.38,1.38,1.38,1.38,500,0
2415.HK,5,20250718,094000,1.38,1.38,1.37,1.37,8500,0
2415.HK,5,20250718,094500,1.37,1.37,1.36,1.37,39000,0
2415.HK,5,20250718,095000,1.37,1.37,1.36,1.36,7250,0
2415.HK,5,20250718,095500,1.36,1.36,1.34,1.34,44250,0
2415.HK,5,20250721,035000,1.35,1.35,1.35,1.35,10000,0
2415.HK,5,20250721,035500,1.35,1.35,1.35,1.35,3250,0
2415.HK,5,20250721,042000,1.37,1.37,1.35,1.35,18750,0
2415.HK,5,20250721,043000,1.35,1.35,1.35,1.35,17000,0
2415.HK,5,20250721,044500,1.35,1.35,1.35,1.35,250,0
2415.HK,5,20250721,050500,1.35,1.37,1.35,1.37,25000,0
2415.HK,5,20250721,070000,1.36,1.36,1.36,1.36,1000,0
2415.HK,5,20250721,073500,1.36,1.36,1.36,1.36,250,0
2415.HK,5,20250721,074000,1.36,1.36,1.36,1.36,5000,0
2415.HK,5,20250721,074500,1.37,1.37,1.37,1.37,7000,0
2415.HK,5,20250721,082500,1.37,1.37,1.37,1.37,37250,0
2415.HK,5,20250721,085500,1.36,1.36,1.36,1.36,250,0
2415.HK,5,20250721,091500,1.37,1.37,1.37,1.37,24500,0
2415.HK,5,20250721,093000,1.37,1.37,1.37,1.37,5000,0
2415.HK,5,20250721,094500,1.37,1.37,1.37,1.37,250,0
2415.HK,5,20250721,095500,1.37,1.37,1.37,1.37,250,0
2415.HK,5,20250722,033000,1.37,1.37,1.37,1.37,3750,0
2415.HK,5,20250722,043500,1.32,1.32,1.32,1.32,72250,0
2415.HK,5,20250722,045000,1.32,1.32,1.32,1.32,4750,0
2415.HK,5,20250722,052000,1.36,1.36,1.36,1.36,10000,0
2415.HK,5,20250722,053000,1.33,1.33,1.33,1.33,6750,0
2415.HK,5,20250722,071500,1.36,1.36,1.36,1.36,1000,0
2415.HK,5,20250722,074500,1.33,1.33,1.33,1.33,100000,0
2415.HK,5,20250722,082000,1.33,1.33,1.33,1.33,750,0
2415.HK,5,20250723,033500,1.34,1.34,1.34,1.34,2750,0
2415.HK,5,20250723,034500,1.37,1.37,1.36,1.36,5500,0
2415.HK,5,20250723,035000,1.36,1.36,1.36,1.36,7500,0
2415.HK,5,20250723,035500,1.35,1.35,1.35,1.35,1000,0
2415.HK,5,20250723,041000,1.36,1.36,1.35,1.35,6000,0
2415.HK,5,20250723,042500,1.35,1.35,1.35,1.35,2500,0
2415.HK,5,20250723,043500,1.34,1.34,1.34,1.34,3250,0
2415.HK,5,20250723,045000,1.35,1.35,1.35,1.35,3500,0
2415.HK,5,20250723,074000,1.35,1.35,1.35,1.35,3250,0
2415.HK,5,20250723,075000,1.35,1.35,1.35,1.35,3500,0
2415.HK,5,20250723,075500,1.35,1.35,1.35,1.35,2000,0
2415.HK,5,20250723,080500,1.35,1.35,1.35,1.35,3500,0
2415.HK,5,20250723,081500,1.35,1.35,1.35,1.35,2750,0
2415.HK,5,20250723,082500,1.35,1.35,1.35,1.35,3000,0
2415.HK,5,20250723,084000,1.35,1.35,1.34,1.34,10000,0
2415.HK,5,20250723,084500,1.35,1.35,1.35,1.35,2000,0
2415.HK,5,20250723,090000,1.35,1.35,1.34,1.34,7500,0
2415.HK,5,20250723,091500,1.35,1.35,1.35,1.35,2000,0
2415.HK,5,20250723,092500,1.35,1.35,1.35,1.35,2750,0
2415.HK,5,20250723,094000,1.35,1.35,1.35,1.35,3500,0
2415.HK,5,20250723,095000,1.34,1.34,1.34,1.34,3000,0
2415.HK,5,20250723,095500,1.35,1.35,1.34,1.34,2750,0
2415.HK,5,20250724,093500,1.33,1.33,1.33,1.33,5000,0
2415.HK,5,20250724,095000,1.33,1.33,1.33,1.33,3250,0
2415.HK,5,20250725,040000,1.30,1.30,1.30,1.30,21500,0
2415.HK,5,20250725,042000,1.30,1.30,1.30,1.30,6000,0
2415.HK,5,20250725,050000,1.30,1.30,1.30,1.30,15000,0
2415.HK,5,20250725,055500,1.30,1.30,1.30,1.30,18500,0
2415.HK,5,20250725,072000,1.30,1.30,1.30,1.30,5250,0
2415.HK,5,20250725,075000,1.31,1.32,1.31,1.32,5750,0
2415.HK,5,20250725,080000,1.32,1.32,1.32,1.32,14500,0
2415.HK,5,20250725,081000,1.32,1.32,1.32,1.32,6000,0
2415.HK,5,20250725,081500,1.32,1.32,1.32,1.32,5000,0
2415.HK,5,20250725,090500,1.32,1.32,1.32,1.32,3750,0
2415.HK,5,20250725,092000,1.32,1.32,1.32,1.32,8000,0
2415.HK,5,20250725,093000,1.32,1.32,1.32,1.32,5500,0
2415.HK,5,20250725,093500,1.32,1.32,1.32,1.32,4500,0
2415.HK,5,20250725,094500,1.32,1.32,1.32,1.32,5500,0
2415.HK,5,20250725,095500,1.32,1.32,1.32,1.32,6750,0
2415.HK,5,20250728,033000,1.34,1.34,1.34,1.34,250,0
2415.HK,5,20250728,042000,1.34,1.34,1.34,1.34,4000,0
2415.HK,5,20250728,043500,1.34,1.34,1.34,1.34,20000,0
2415.HK,5,20250728,051500,1.35,1.35,1.35,1.35,10000,0
2415.HK,5,20250728,052000,1.35,1.35,1.35,1.35,28500,0
2415.HK,5,20250728,070000,1.34,1.34,1.34,1.34,5000,0
2415.HK,5,20250728,074500,1.34,1.34,1.34,1.34,8000,0
2415.HK,5,20250729,033000,1.34,1.34,1.34,1.34,250,0
2415.HK,5,20250729,033500,1.33,1.33,1.33,1.33,3500,0
2415.HK,5,20250729,035000,1.34,1.34,1.34,1.34,3000,0
2415.HK,5,20250729,035500,1.34,1.35,1.34,1.35,2250,0
2415.HK,5,20250729,040500,1.35,1.35,1.35,1.35,16000,0
2415.HK,5,20250729,041000,1.35,1.35,1.35,1.35,3500,0
2415.HK,5,20250729,041500,1.34,1.34,1.34,1.34,6000,0
2415.HK,5,20250729,043000,1.34,1.35,1.34,1.35,53500,0
2415.HK,5,20250729,043500,1.35,1.35,1.35,1.35,3000,0
2415.HK,5,20250729,044500,1.35,1.35,1.35,1.35,3000,0
2415.HK,5,20250729,050000,1.33,1.34,1.33,1.34,11000,0
2415.HK,5,20250729,051000,1.34,1.34,1.34,1.34,3000,0
2415.HK,5,20250729,052000,1.34,1.34,1.34,1.34,3000,0
2415.HK,5,20250729,052500,1.34,1.34,1.34,1.34,2250,0
2415.HK,5,20250729,053500,1.34,1.34,1.34,1.34,8500,0
2415.HK,5,20250729,055000,1.34,1.34,1.33,1.33,31750,0
2415.HK,5,20250729,055500,1.33,1.33,1.33,1.33,22500,0
2415.HK,5,20250729,070000,1.33,1.36,1.33,1.36,136500,0
2415.HK,5,20250729,070500,1.36,1.36,1.36,1.36,179750,0
2415.HK,5,20250729,071000,1.37,1.37,1.37,1.37,3750,0
2415.HK,5,20250729,071500,1.37,1.37,1.37,1.37,2500,0
2415.HK,5,20250729,072000,1.37,1.37,1.36,1.36,57250,0
2415.HK,5,20250729,072500,1.36,1.36,1.36,1.36,30000,0
2415.HK,5,20250729,073000,1.36,1.36,1.36,1.36,3750,0
2415.HK,5,20250729,073500,1.35,1.35,1.35,1.35,4750,0
2415.HK,5,20250729,074000,1.35,1.35,1.35,1.35,15750,0
2415.HK,5,20250729,074500,1.35,1.35,1.35,1.35,3250,0
2415.HK,5,20250729,080000,1.35,1.35,1.35,1.35,18750,0
2415.HK,5,20250729,081000,1.36,1.36,1.36,1.36,15000,0
2415.HK,5,20250729,081500,1.36,1.38,1.36,1.38,80250,0
2415.HK,5,20250729,082000,1.40,1.43,1.40,1.42,297000,0
2415.HK,5,20250729,082500,1.42,1.43,1.42,1.43,48500,0
2415.HK,5,20250729,083000,1.42,1.44,1.42,1.44,8000,0
2415.HK,5,20250729,083500,1.44,1.44,1.43,1.43,24000,0
2415.HK,5,20250729,084000,1.43,1.43,1.43,1.43,18000,0
2415.HK,5,20250729,084500,1.41,1.41,1.41,1.41,15250,0
2415.HK,5,20250729,085000,1.41,1.42,1.41,1.42,16750,0
2415.HK,5,20250729,090000,1.42,1.42,1.42,1.42,5000,0
2415.HK,5,20250729,090500,1.42,1.42,1.41,1.41,75000,0
2415.HK,5,20250729,091000,1.41,1.41,1.41,1.41,41750,0
2415.HK,5,20250729,091500,1.41,1.41,1.40,1.40,57500,0
2415.HK,5,20250729,092000,1.40,1.40,1.40,1.40,2000,0
2415.HK,5,20250729,092500,1.41,1.42,1.41,1.41,16500,0
2415.HK,5,20250729,093000,1.41,1.42,1.41,1.41,13000,0
2415.HK,5,20250729,093500,1.41,1.42,1.41,1.41,5750,0
2415.HK,5,20250729,094000,1.40,1.41,1.33,1.41,321000,0
2415.HK,5,20250729,095500,1.40,1.40,1.40,1.40,33250,0
2415.HK,5,20250730,034000,1.40,1.40,1.40,1.40,250,0
2415.HK,5,20250730,034500,1.40,1.40,1.40,1.40,500,0
2415.HK,5,20250730,053000,1.40,1.42,1.40,1.42,128250,0
2415.HK,5,20250730,055000,1.42,1.42,1.42,1.42,66250,0
2415.HK,5,20250730,070000,1.42,1.42,1.42,1.42,9500,0
2415.HK,5,20250730,070500,1.42,1.42,1.42,1.42,16000,0
2415.HK,5,20250730,071000,1.42,1.42,1.42,1.42,119250,0
2415.HK,5,20250730,071500,1.42,1.43,1.42,1.43,500,0
2415.HK,5,20250730,072000,1.43,1.43,1.42,1.43,84000,0
2415.HK,5,20250730,072500,1.42,1.43,1.42,1.43,3250,0
2415.HK,5,20250730,074000,1.42,1.42,1.42,1.42,22250,0
2415.HK,5,20250730,074500,1.42,1.42,1.41,1.41,69750,0
2415.HK,5,20250730,075000,1.40,1.40,1.40,1.40,2500,0
2415.HK,5,20250730,075500,1.40,1.40,1.38,1.38,36500,0
2415.HK,5,20250730,080000,1.41,1.41,1.41,1.41,250,0
2415.HK,5,20250730,083500,1.40,1.40,1.40,1.40,2250,0
2415.HK,5,20250730,091000,1.40,1.40,1.40,1.40,2000,0
2415.HK,5,20250730,091500,1.42,1.42,1.42,1.42,250,0
2415.HK,5,20250730,093000,1.41,1.41,1.41,1.41,250,0
2415.HK,5,20250730,095000,1.41,1.41,1.41,1.41,33500,0
2415.HK,5,20250731,035500,1.40,1.40,1.40,1.40,20000,0
2415.HK,5,20250731,040500,1.40,1.43,1.40,1.43,30250,0
2415.HK,5,20250731,050000,1.40,1.40,1.35,1.35,309000,0
2415.HK,5,20250731,050500,1.40,1.42,1.40,1.40,25250,0
2415.HK,5,20250731,051000,1.40,1.42,1.40,1.42,13250,0
2415.HK,5,20250731,051500,1.42,1.42,1.42,1.42,132000,0
2415.HK,5,20250731,052500,1.38,1.38,1.38,1.38,3750,0
2415.HK,5,20250731,053000,1.42,1.42,1.42,1.42,250,0
2415.HK,5,20250731,075500,1.37,1.37,1.37,1.37,2000,0
2415.HK,5,20250731,080000,1.39,1.39,1.37,1.37,31500,0
2415.HK,5,20250731,080500,1.37,1.37,1.35,1.35,99750,0
2415.HK,5,20250731,081000,1.34,1.36,1.34,1.36,8000,0
2415.HK,5,20250731,083000,1.36,1.36,1.36,1.36,10250,0
2415.HK,5,20250731,083500,1.36,1.36,1.36,1.36,11250,0
2415.HK,5,20250731,084000,1.34,1.34,1.34,1.34,7750,0
2415.HK,5,20250731,085000,1.36,1.36,1.36,1.36,250,0
2415.HK,5,20250731,095500,1.33,1.33,1.33,1.33,5000,0
2415.HK,5,20250801,040500,1.37,1.37,1.37,1.37,5000,0
2415.HK,5,20250801,041500,1.37,1.37,1.37,1.37,500,0
2415.HK,5,20250801,043500,1.34,1.37,1.34,1.37,1000,0
2415.HK,5,20250801,050500,1.35,1.35,1.34,1.34,11750,0
2415.HK,5,20250801,053000,1.34,1.34,1.34,1.34,2500,0
2415.HK,5,20250801,053500,1.34,1.34,1.34,1.34,2500,0
2415.HK,5,20250801,070000,1.34,1.34,1.34,1.34,13750,0
2415.HK,5,20250801,082500,1.34,1.34,1.34,1.34,15000,0
2415.HK,5,20250801,083500,1.34,1.34,1.34,1.34,17500,0
2415.HK,5,20250801,091000,1.35,1.38,1.35,1.38,8500,0
2415.HK,5,20250801,092500,1.38,1.39,1.38,1.39,3000,0
2415.HK,5,20250801,093000,1.39,1.39,1.39,1.39,3750,0
2415.HK,5,20250801,095500,1.37,1.37,1.35,1.35,20500,0
2415.HK,5,20250804,033000,1.40,1.46,1.40,1.45,307750,0
2415.HK,5,20250804,033500,1.46,1.47,1.45,1.45,69250,0
2415.HK,5,20250804,034000,1.45,1.45,1.45,1.45,83500,0
2415.HK,5,20250804,034500,1.45,1.45,1.45,1.45,74500,0
2415.HK,5,20250804,035000,1.45,1.45,1.43,1.43,29750,0
2415.HK,5,20250804,040000,1.41,1.41,1.41,1.41,116000,0
2415.HK,5,20250804,041000,1.45,1.45,1.45,1.45,46500,0
2415.HK,5,20250804,041500,1.46,1.47,1.45,1.46,155500,0
2415.HK,5,20250804,042000,1.46,1.48,1.46,1.48,138750,0
2415.HK,5,20250804,042500,1.48,1.48,1.48,1.48,30750,0
2415.HK,5,20250804,044000,1.49,1.52,1.49,1.51,309750,0
2415.HK,5,20250804,044500,1.51,1.51,1.51,1.51,13000,0
2415.HK,5,20250804,045000,1.51,1.53,1.51,1.53,154500,0
2415.HK,5,20250804,045500,1.53,1.55,1.52,1.54,218500,0
2415.HK,5,20250804,050500,1.52,1.52,1.50,1.51,117750,0
2415.HK,5,20250804,051000,1.51,1.51,1.50,1.50,63250,0
2415.HK,5,20250804,051500,1.51,1.51,1.51,1.51,10250,0
2415.HK,5,20250804,052000,1.50,1.51,1.50,1.51,17000,0
2415.HK,5,20250804,052500,1.50,1.51,1.50,1.50,29750,0
2415.HK,5,20250804,053000,1.50,1.50,1.50,1.50,51500,0
2415.HK,5,20250804,053500,1.50,1.50,1.50,1.50,10250,0
2415.HK,5,20250804,054500,1.49,1.49,1.49,1.49,316250,0
2415.HK,5,20250804,055000,1.48,1.48,1.48,1.48,20000,0
2415.HK,5,20250804,055500,1.47,1.48,1.47,1.48,5500,0
2415.HK,5,20250804,070000,1.48,1.49,1.48,1.48,46250,0
2415.HK,5,20250804,070500,1.49,1.49,1.49,1.49,18500,0
2415.HK,5,20250804,071500,1.48,1.50,1.48,1.50,32250,0
2415.HK,5,20250804,072500,1.50,1.50,1.50,1.50,20750,0
2415.HK,5,20250804,073000,1.50,1.50,1.50,1.50,32000,0
2415.HK,5,20250804,073500,1.50,1.50,1.50,1.50,5000,0
2415.HK,5,20250804,075500,1.50,1.50,1.50,1.50,2000,0
2415.HK,5,20250804,080500,1.50,1.50,1.50,1.50,250,0
2415.HK,5,20250804,081000,1.49,1.49,1.49,1.49,5000,0
2415.HK,5,20250804,081500,1.48,1.50,1.48,1.50,5250,0
2415.HK,5,20250804,082000,1.50,1.51,1.50,1.51,69000,0
2415.HK,5,20250804,082500,1.50,1.50,1.50,1.50,6000,0
2415.HK,5,20250804,083000,1.51,1.51,1.51,1.51,21000,0
2415.HK,5,20250804,083500,1.52,1.52,1.52,1.52,250,0
2415.HK,5,20250804,084000,1.50,1.50,1.50,1.50,37250,0
2415.HK,5,20250804,090000,1.50,1.50,1.50,1.50,166000,0
2415.HK,5,20250804,091000,1.50,1.50,1.50,1.50,45750,0
2415.HK,5,20250804,091500,1.50,1.50,1.50,1.50,34250,0
2415.HK,5,20250804,092000,1.50,1.50,1.50,1.50,83250,0
2415.HK,5,20250804,092500,1.50,1.50,1.50,1.50,3750,0
2415.HK,5,20250804,093500,1.49,1.50,1.49,1.50,107250,0
2415.HK,5,20250804,094000,1.50,1.50,1.50,1.50,47000,0
2415.HK,5,20250804,094500,1.50,1.50,1.50,1.50,118750,0
2415.HK,5,20250804,095000,1.50,1.50,1.50,1.50,79750,0
2415.HK,5,20250804,095500,1.50,1.50,1.50,1.50,35250,0
2415.HK,5,20250805,033000,1.50,1.50,1.50,1.50,8000,0
2415.HK,5,20250805,033500,1.46,1.54,1.46,1.54,18500,0
2415.HK,5,20250805,034000,1.55,1.55,1.55,1.55,250,0
2415.HK,5,20250805,034500,1.54,1.54,1.54,1.54,6500,0
2415.HK,5,20250805,035000,1.54,1.55,1.54,1.55,54500,0
2415.HK,5,20250805,035500,1.55,1.55,1.54,1.55,37000,0
2415.HK,5,20250805,040000,1.56,1.56,1.55,1.55,36500,0
2415.HK,5,20250805,040500,1.55,1.55,1.55,1.55,4250,0
2415.HK,5,20250805,041000,1.55,1.55,1.55,1.55,21250,0
2415.HK,5,20250805,041500,1.55,1.55,1.55,1.55,4500,0
2415.HK,5,20250805,042500,1.55,1.55,1.55,1.55,8250,0
2415.HK,5,20250805,043000,1.55,1.55,1.55,1.55,3500,0
2415.HK,5,20250805,043500,1.55,1.55,1.55,1.55,5500,0
2415.HK,5,20250805,045000,1.55,1.55,1.55,1.55,6750,0
2415.HK,5,20250805,045500,1.56,1.56,1.56,1.56,250,0
2415.HK,5,20250805,050000,1.56,1.56,1.56,1.56,23500,0
2415.HK,5,20250805,050500,1.56,1.57,1.56,1.57,7500,0
2415.HK,5,20250805,051000,1.57,1.58,1.57,1.58,20750,0
2415.HK,5,20250805,051500,1.58,1.58,1.58,1.58,17500,0
2415.HK,5,20250805,052000,1.58,1.59,1.58,1.59,22000,0
2415.HK,5,20250805,052500,1.59,1.59,1.59,1.59,19750,0
2415.HK,5,20250805,053000,1.60,1.60,1.59,1.59,750,0
2415.HK,5,20250805,053500,1.60,1.60,1.60,1.60,62500,0
2415.HK,5,20250805,054000,1.60,1.60,1.60,1.60,47500,0
2415.HK,5,20250805,054500,1.60,1.60,1.60,1.60,113000,0
2415.HK,5,20250805,055000,1.61,1.71,1.61,1.68,378750,0
2415.HK,5,20250805,055500,1.68,1.71,1.68,1.70,70250,0
2415.HK,5,20250805,070000,1.70,1.73,1.69,1.72,176500,0
2415.HK,5,20250805,070500,1.72,1.76,1.72,1.75,59500,0
2415.HK,5,20250805,071000,1.73,1.74,1.70,1.74,435750,0
2415.HK,5,20250805,071500,1.74,1.74,1.71,1.72,93500,0
2415.HK,5,20250805,072000,1.72,1.73,1.72,1.73,66000,0
2415.HK,5,20250805,072500,1.71,1.71,1.71,1.71,30000,0
2415.HK,5,20250805,073000,1.72,1.73,1.72,1.73,37250,0
2415.HK,5,20250805,073500,1.73,1.74,1.73,1.74,30500,0
2415.HK,5,20250805,074000,1.74,1.74,1.73,1.73,12500,0
2415.HK,5,20250805,074500,1.73,1.73,1.73,1.73,1250,0
2415.HK,5,20250805,075000,1.73,1.77,1.73,1.77,234250,0
2415.HK,5,20250805,075500,1.76,1.77,1.76,1.76,28000,0
2415.HK,5,20250805,080000,1.77,1.77,1.75,1.76,90500,0
2415.HK,5,20250805,080500,1.77,1.78,1.76,1.77,148250,0
2415.HK,5,20250805,081000,1.77,1.77,1.77,1.77,35750,0
2415.HK,5,20250805,081500,1.77,1.77,1.75,1.76,8000,0
2415.HK,5,20250805,082000,1.76,1.76,1.75,1.76,5250,0
2415.HK,5,20250805,082500,1.76,1.76,1.75,1.76,39500,0
2415.HK,5,20250805,083000,1.76,1.76,1.75,1.76,11500,0
2415.HK,5,20250805,083500,1.76,1.76,1.76,1.76,19250,0
2415.HK,5,20250805,084000,1.76,1.76,1.75,1.76,3250,0
2415.HK,5,20250805,084500,1.76,1.76,1.75,1.76,11250,0
2415.HK,5,20250805,085000,1.76,1.77,1.75,1.77,18500,0
2415.HK,5,20250805,085500,1.77,1.77,1.77,1.77,1250,0
2415.HK,5,20250805,090000,1.77,1.77,1.76,1.76,10750,0
2415.HK,5,20250805,090500,1.76,1.77,1.76,1.76,71750,0
2415.HK,5,20250805,091000,1.77,1.78,1.77,1.78,9500,0
2415.HK,5,20250805,091500,1.78,1.79,1.78,1.79,96500,0
2415.HK,5,20250805,092000,1.80,1.80,1.80,1.80,46500,0
2415.HK,5,20250805,092500,1.78,1.79,1.77,1.79,28500,0
2415.HK,5,20250805,093000,1.79,1.80,1.78,1.79,212000,0
2415.HK,5,20250805,093500,1.78,1.79,1.78,1.79,12250,0
2415.HK,5,20250805,094000,1.79,1.79,1.78,1.78,61000,0
2415.HK,5,20250805,094500,1.77,1.80,1.76,1.80,143500,0
2415.HK,5,20250805,095000,1.80,1.90,1.80,1.89,379000,0
2415.HK,5,20250805,095500,1.89,1.93,1.88,1.90,412250,0
2415.HK,5,20250806,033000,1.90,1.95,1.86,1.86,208250,0
2415.HK,5,20250806,033500,1.85,1.85,1.79,1.85,115500,0
2415.HK,5,20250806,034000,1.87,1.90,1.85,1.85,92500,0
2415.HK,5,20250806,034500,1.84,1.88,1.80,1.88,88250,0
2415.HK,5,20250806,035000,1.87,1.87,1.82,1.83,26000,0
2415.HK,5,20250806,035500,1.82,1.85,1.80,1.82,128750,0
2415.HK,5,20250806,040000,1.81,1.86,1.81,1.86,17250,0
2415.HK,5,20250806,040500,1.83,1.85,1.82,1.85,30250,0
2415.HK,5,20250806,041500,1.84,1.84,1.84,1.84,250,0
2415.HK,5,20250806,042000,1.83,1.83,1.82,1.82,64500,0
2415.HK,5,20250806,042500,1.85,1.85,1.82,1.82,23000,0
2415.HK,5,20250806,043000,1.81,1.81,1.80,1.80,54500,0
2415.HK,5,20250806,043500,1.81,1.81,1.80,1.81,50250,0
2415.HK,5,20250806,044500,1.81,1.83,1.81,1.83,29500,0
2415.HK,5,20250806,045000,1.83,1.83,1.81,1.82,17750,0
2415.HK,5,20250806,045500,1.82,1.82,1.81,1.81,3250,0
2415.HK,5,20250806,050000,1.81,1.81,1.79,1.79,64500,0
2415.HK,5,20250806,050500,1.79,1.79,1.75,1.75,67250,0
2415.HK,5,20250806,051000,1.77,1.78,1.77,1.78,15750,0
2415.HK,5,20250806,051500,1.78,1.78,1.77,1.77,4000,0
2415.HK,5,20250806,052500,1.75,1.77,1.75,1.77,25000,0
2415.HK,5,20250806,053000,1.77,1.77,1.77,1.77,1250,0
2415.HK,5,20250806,053500,1.77,1.78,1.77,1.78,12750,0
2415.HK,5,20250806,054000,1.78,1.78,1.78,1.78,2000,0
2415.HK,5,20250806,054500,1.78,1.80,1.78,1.80,11250,0
2415.HK,5,20250806,055000,1.80,1.80,1.80,1.80,250,0
2415.HK,5,20250806,055500,1.80,1.80,1.79,1.80,6750,0
2415.HK,5,20250806,070500,1.78,1.78,1.78,1.78,42000,0
2415.HK,5,20250806,071000,1.78,1.78,1.78,1.78,3250,0
2415.HK,5,20250806,071500,1.78,1.78,1.76,1.76,35750,0
2415.HK,5,20250806,073000,1.75,1.75,1.72,1.75,26000,0
2415.HK,5,20250806,074000,1.72,1.75,1.72,1.75,75000,0
2415.HK,5,20250806,075500,1.73,1.74,1.73,1.73,7750,0
2415.HK,5,20250806,080000,1.75,1.77,1.75,1.77,50000,0
2415.HK,5,20250806,082000,1.76,1.76,1.75,1.75,5500,0
2415.HK,5,20250806,082500,1.76,1.76,1.75,1.76,10250,0
2415.HK,5,20250806,083000,1.75,1.76,1.75,1.75,44500,0
2415.HK,5,20250806,084000,1.76,1.76,1.76,1.76,500,0
2415.HK,5,20250806,084500,1.76,1.77,1.76,1.77,5500,0
2415.HK,5,20250806,090000,1.77,1.79,1.77,1.79,14000,0
2415.HK,5,20250806,091000,1.80,1.80,1.80,1.80,35000,0
2415.HK,5,20250806,091500,1.80,1.80,1.80,1.80,10250,0
2415.HK,5,20250806,092000,1.81,1.81,1.80,1.80,21250,0
2415.HK,5,20250806,092500,1.81,1.81,1.80,1.80,19250,0
2415.HK,5,20250806,093000,1.81,1.81,1.81,1.81,500,0
2415.HK,5,20250806,094000,1.82,1.82,1.82,1.82,12250,0
2415.HK,5,20250806,094500,1.82,1.82,1.80,1.80,28750,0
2415.HK,5,20250806,095000,1.81,1.81,1.80,1.81,13250,0
2415.HK,5,20250806,095500,1.80,1.80,1.75,1.80,40250,0
2415.HK,5,20250807,033000,1.80,1.80,1.79,1.80,98250,0
2415.HK,5,20250807,035500,1.80,1.80,1.80,1.80,11000,0
2415.HK,5,20250807,040000,1.84,1.84,1.84,1.84,5500,0
2415.HK,5,20250807,040500,1.85,1.85,1.85,1.85,17500,0
2415.HK,5,20250807,041000,1.85,1.90,1.85,1.88,61500,0
2415.HK,5,20250807,041500,1.88,1.88,1.88,1.88,13000,0
2415.HK,5,20250807,042000,1.90,1.95,1.88,1.95,245250,0
2415.HK,5,20250807,042500,1.94,1.95,1.92,1.93,50750,0
2415.HK,5,20250807,043000,1.92,1.92,1.92,1.92,52000,0
2415.HK,5,20250807,043500,1.92,1.92,1.92,1.92,44750,0
2415.HK,5,20250807,044000,1.91,1.91,1.87,1.87,10250,0
2415.HK,5,20250807,044500,1.87,1.87,1.84,1.84,22000,0
2415.HK,5,20250807,045500,1.84,1.84,1.81,1.81,75250,0
2415.HK,5,20250807,050000,1.80,1.83,1.80,1.83,6500,0
2415.HK,5,20250807,050500,1.83,1.83,1.83,1.83,3000,0
2415.HK,5,20250807,051000,1.84,1.84,1.84,1.84,5000,0
2415.HK,5,20250807,051500,1.84,1.84,1.84,1.84,11750,0
2415.HK,5,20250807,052000,1.83,1.83,1.80,1.80,65000,0
2415.HK,5,20250807,053000,1.83,1.83,1.83,1.83,2000,0
2415.HK,5,20250807,053500,1.80,1.84,1.80,1.84,35000,0
2415.HK,5,20250807,054000,1.85,1.85,1.85,1.85,13000,0
2415.HK,5,20250807,054500,1.85,1.85,1.85,1.85,500,0
2415.HK,5,20250807,070000,1.85,1.85,1.85,1.85,27750,0
2415.HK,5,20250807,070500,1.82,1.82,1.82,1.82,7750,0
2415.HK,5,20250807,072000,1.81,1.81,1.81,1.81,5000,0
2415.HK,5,20250807,073000,1.82,1.82,1.82,1.82,1750,0
2415.HK,5,20250807,073500,1.82,1.82,1.82,1.82,250,0
2415.HK,5,20250807,080500,1.82,1.82,1.80,1.80,7750,0
2415.HK,5,20250807,081500,1.80,1.80,1.80,1.80,15750,0
2415.HK,5,20250807,082000,1.80,1.80,1.79,1.79,13250,0
2415.HK,5,20250807,082500,1.79,1.79,1.79,1.79,4000,0
2415.HK,5,20250807,083000,1.78,1.79,1.78,1.79,34000,0
2415.HK,5,20250807,084000,1.79,1.79,1.79,1.79,29750,0
2415.HK,5,20250807,085500,1.79,1.79,1.79,1.79,6250,0
2415.HK,5,20250807,090500,1.78,1.78,1.78,1.78,22250,0
2415.HK,5,20250807,091000,1.78,1.78,1.77,1.77,46500,0
2415.HK,5,20250807,092000,1.77,1.77,1.77,1.77,38000,0
2415.HK,5,20250807,092500,1.76,1.76,1.76,1.76,21750,0
2415.HK,5,20250807,093000,1.75,1.75,1.75,1.75,115500,0
2415.HK,5,20250807,093500,1.75,1.75,1.75,1.75,12500,0
2415.HK,5,20250807,094000,1.76,1.76,1.76,1.76,17500,0
2415.HK,5,20250807,094500,1.76,1.76,1.72,1.72,50750,0
2415.HK,5,20250807,095000,1.72,1.72,1.72,1.72,34000,0
2415.HK,5,20250808,033000,1.73,1.73,1.72,1.73,33250,0
2415.HK,5,20250808,035000,1.75,1.75,1.75,1.75,18000,0
2415.HK,5,20250808,040000,1.75,1.75,1.75,1.75,30000,0
2415.HK,5,20250808,040500,1.75,1.75,1.75,1.75,750,0
2415.HK,5,20250808,041000,1.75,1.75,1.72,1.72,54250,0
2415.HK,5,20250808,041500,1.72,1.72,1.72,1.72,5250,0
2415.HK,5,20250808,044000,1.78,1.78,1.78,1.78,19250,0
2415.HK,5,20250808,044500,1.78,1.78,1.78,1.78,250,0
2415.HK,5,20250808,045000,1.78,1.78,1.72,1.72,8750,0
2415.HK,5,20250808,051000,1.75,1.75,1.75,1.75,250,0
2415.HK,5,20250808,051500,1.74,1.74,1.74,1.74,750,0
2415.HK,5,20250808,052500,1.74,1.74,1.74,1.74,3000,0
2415.HK,5,20250808,053500,1.75,1.75,1.75,1.75,12000,0
2415.HK,5,20250808,054500,1.75,1.77,1.75,1.77,114500,0
2415.HK,5,20250808,055000,1.78,1.78,1.78,1.78,2500,0
2415.HK,5,20250808,055500,1.78,1.78,1.78,1.78,500,0
2415.HK,5,20250808,070000,1.78,1.78,1.78,1.78,2250,0
2415.HK,5,20250808,071000,1.78,1.78,1.78,1.78,250,0
2415.HK,5,20250808,071500,1.78,1.78,1.78,1.78,250,0
2415.HK,5,20250808,072000,1.78,1.78,1.78,1.78,750,0
2415.HK,5,20250808,072500,1.78,1.78,1.77,1.77,4000,0
2415.HK,5,20250808,073000,1.77,1.77,1.77,1.77,2500,0
2415.HK,5,20250808,073500,1.77,1.77,1.77,1.77,1000,0
2415.HK,5,20250808,075500,1.77,1.77,1.77,1.77,1250,0
2415.HK,5,20250808,080000,1.77,1.77,1.77,1.77,250,0
2415.HK,5,20250808,080500,1.76,1.76,1.75,1.75,33500,0
2415.HK,5,20250808,081000,1.76,1.76,1.75,1.75,5000,0
2415.HK,5,20250808,083500,1.76,1.76,1.75,1.75,64500,0
2415.HK,5,20250808,084500,1.75,1.75,1.73,1.73,26000,0
2415.HK,5,20250808,085500,1.72,1.72,1.72,1.72,30000,0
2415.HK,5,20250808,090000,1.71,1.71,1.71,1.71,10250,0
2415.HK,5,20250808,090500,1.71,1.71,1.71,1.71,500,0
2415.HK,5,20250808,092000,1.73,1.73,1.72,1.72,5750,0
2415.HK,5,20250808,093500,1.71,1.71,1.71,1.71,10000,0
2415.HK,5,20250808,094500,1.71,1.71,1.71,1.71,750,0
2415.HK,5,20250808,095000,1.71,1.71,1.71,1.71,1000,0
2415.HK,5,20250815,033500,1.79,1.79,1.79,1.79,500,0
2415.HK,5,20250815,034000,1.78,1.88,1.77,1.88,750,0
2415.HK,5,20250815,040000,1.85,1.85,1.85,1.85,31250,0
2415.HK,5,20250815,042500,1.84,1.84,1.84,1.84,250,0
2415.HK,5,20250815,043000,1.83,1.83,1.83,1.83,8000,0
2415.HK,5,20250815,044000,1.79,1.79,1.79,1.79,12000,0
2415.HK,5,20250815,050000,1.79,1.79,1.79,1.79,41750,0
2415.HK,5,20250815,051500,1.78,1.78,1.78,1.78,12250,0
2415.HK,5,20250815,053500,1.77,1.77,1.77,1.77,16000,0
2415.HK,5,20250815,070000,1.78,1.83,1.78,1.83,68250,0
2415.HK,5,20250815,072500,1.81,1.81,1.80,1.81,56000,0
2415.HK,5,20250815,081500,1.80,1.80,1.80,1.80,5000,0
2415.HK,5,20250815,082000,1.80,1.80,1.80,1.80,30000,0
2415.HK,5,20250815,082500,1.80,1.80,1.80,1.80,20000,0
2415.HK,5,20250815,084500,1.79,1.79,1.79,1.79,10000,0
2415.HK,5,20250815,085000,1.78,1.78,1.77,1.77,45750,0
2415.HK,5,20250815,085500,1.80,1.80,1.80,1.80,250,0
2415.HK,5,20250815,090000,1.79,1.79,1.79,1.79,2750,0
2415.HK,5,20250815,095000,1.79,1.79,1.79,1.79,7250,0
2415.HK,5,20250815,095500,1.79,1.79,1.79,1.79,250,0
2415.HK,5,20250818,033000,1.79,1.79,1.79,1.79,10000,0
2415.HK,5,20250818,034500,1.79,1.79,1.79,1.79,11250,0
2415.HK,5,20250818,035000,1.75,1.75,1.75,1.75,33250,0
2415.HK,5,20250818,035500,1.78,1.78,1.78,1.78,2500,0
2415.HK,5,20250818,043000,1.78,1.78,1.78,1.78,14000,0
2415.HK,5,20250818,045500,1.78,1.79,1.78,1.79,45750,0
2415.HK,5,20250818,053000,1.82,1.82,1.82,1.82,250,0
2415.HK,5,20250818,053500,1.81,1.81,1.81,1.81,750,0
2415.HK,5,20250818,071000,1.81,1.81,1.79,1.79,30000,0
2415.HK,5,20250818,074000,1.80,1.80,1.80,1.80,40000,0
2415.HK,5,20250818,074500,1.81,1.81,1.81,1.81,250,0
2415.HK,5,20250818,075000,1.80,1.80,1.79,1.79,4500,0
2415.HK,5,20250818,075500,1.81,1.81,1.81,1.81,3000,0
2415.HK,5,20250818,080500,1.81,1.81,1.81,1.81,750,0
2415.HK,5,20250818,082500,1.81,1.81,1.81,1.81,250,0
2415.HK,5,20250818,083000,1.80,1.80,1.80,1.80,1500,0
2415.HK,5,20250818,083500,1.80,1.80,1.80,1.80,20000,0
2415.HK,5,20250818,084500,1.80,1.80,1.80,1.80,19000,0
2415.HK,5,20250818,085500,1.81,1.82,1.81,1.82,36000,0
2415.HK,5,20250818,090000,1.84,1.85,1.84,1.85,41750,0
2415.HK,5,20250818,090500,1.85,1.85,1.85,1.85,1500,0
2415.HK,5,20250818,091000,1.84,1.84,1.84,1.84,250,0
2415.HK,5,20250818,091500,1.84,1.84,1.84,1.84,91750,0
2415.HK,5,20250818,092000,1.84,1.86,1.84,1.86,83000,0
2415.HK,5,20250818,092500,1.83,1.83,1.83,1.83,30000,0
2415.HK,5,20250818,093000,1.84,1.84,1.84,1.84,15000,0
2415.HK,5,20250818,094000,1.84,1.84,1.84,1.84,250,0
2415.HK,5,20250818,095000,1.84,1.84,1.84,1.84,750,0
2415.HK,5,20250818,095500,1.86,1.86,1.84,1.84,7000,0
2415.HK,5,20250819,033500,1.87,1.90,1.87,1.90,15000,0
2415.HK,5,20250819,034000,1.90,1.90,1.87,1.87,26750,0
2415.HK,5,20250819,035000,1.92,1.94,1.92,1.93,106250,0
2415.HK,5,20250819,035500,1.93,1.96,1.93,1.96,95250,0
2415.HK,5,20250819,040000,1.96,2.09,1.96,2.09,278000,0
2415.HK,5,20250819,040500,2.05,2.11,2.05,2.09,236750,0
2415.HK,5,20250819,041000,2.15,2.35,2.15,2.35,452000,0
2415.HK,5,20250819,041500,2.34,2.35,2.15,2.16,354250,0
2415.HK,5,20250819,042000,2.18,2.18,2.12,2.12,176750,0
2415.HK,5,20250819,042500,2.15,2.25,2.15,2.20,265250,0
2415.HK,5,20250819,043000,2.21,2.21,2.15,2.15,44750,0
2415.HK,5,20250819,043500,2.18,2.25,2.18,2.25,203250,0
2415.HK,5,20250819,044000,2.25,2.25,2.25,2.25,3000,0
2415.HK,5,20250819,044500,2.22,2.23,2.22,2.23,24500,0
2415.HK,5,20250819,045000,2.23,2.23,2.21,2.21,11500,0
2415.HK,5,20250819,045500,2.21,2.25,2.20,2.20,21000,0
2415.HK,5,20250819,050000,2.25,2.30,2.22,2.30,205250,0
2415.HK,5,20250819,050500,2.30,2.32,2.30,2.32,59000,0
2415.HK,5,20250819,051000,2.32,2.32,2.25,2.25,164750,0
2415.HK,5,20250819,051500,2.26,2.29,2.25,2.27,63250,0
2415.HK,5,20250819,052000,2.27,2.27,2.27,2.27,2000,0
2415.HK,5,20250819,052500,2.27,2.33,2.27,2.28,83000,0
2415.HK,5,20250819,053500,2.27,2.33,2.27,2.33,44750,0
2415.HK,5,20250819,054000,2.33,2.33,2.32,2.32,17500,0
2415.HK,5,20250819,054500,2.33,2.42,2.33,2.40,170500,0
2415.HK,5,20250819,055000,2.40,2.40,2.39,2.39,47000,0
2415.HK,5,20250819,055500,2.39,2.39,2.31,2.35,78750,0
2415.HK,5,20250819,070000,2.36,2.42,2.35,2.41,203250,0
2415.HK,5,20250819,070500,2.41,2.45,2.40,2.45,319000,0
2415.HK,5,20250819,071000,2.45,2.45,2.43,2.44,62250,0
2415.HK,5,20250819,071500,2.44,2.45,2.43,2.45,46500,0
2415.HK,5,20250819,072000,2.45,2.48,2.45,2.48,107750,0
2415.HK,5,20250819,072500,2.44,2.44,2.36,2.41,79500,0
2415.HK,5,20250819,073000,2.40,2.40,2.31,2.37,183750,0
2415.HK,5,20250819,073500,2.36,2.37,2.32,2.32,14000,0
2415.HK,5,20250819,074000,2.32,2.33,2.32,2.32,86250,0
2415.HK,5,20250819,074500,2.32,2.32,2.30,2.32,44500,0
2415.HK,5,20250819,075000,2.32,2.38,2.32,2.38,46750,0
2415.HK,5,20250819,075500,2.32,2.33,2.32,2.33,5000,0
2415.HK,5,20250819,080500,2.34,2.34,2.32,2.32,2750,0
2415.HK,5,20250819,081000,2.33,2.33,2.32,2.32,16750,0
2415.HK,5,20250819,081500,2.31,2.31,2.28,2.28,168250,0
2415.HK,5,20250819,082000,2.28,2.28,2.26,2.26,27500,0
2415.HK,5,20250819,082500,2.28,2.28,2.28,2.28,63000,0
2415.HK,5,20250819,083000,2.28,2.28,2.28,2.28,47750,0
2415.HK,5,20250819,083500,2.28,2.28,2.28,2.28,2000,0
2415.HK,5,20250819,084000,2.30,2.30,2.30,2.30,10000,0
2415.HK,5,20250819,084500,2.33,2.33,2.32,2.32,93000,0
2415.HK,5,20250819,085000,2.33,2.33,2.33,2.33,11000,0
2415.HK,5,20250819,085500,2.36,2.37,2.36,2.37,14000,0
2415.HK,5,20250819,090000,2.37,2.37,2.37,2.37,14750,0
2415.HK,5,20250819,090500,2.37,2.38,2.37,2.38,23500,0
2415.HK,5,20250819,091000,2.38,2.38,2.37,2.37,5750,0
2415.HK,5,20250819,091500,2.38,2.38,2.38,2.38,1750,0
2415.HK,5,20250819,092000,2.37,2.38,2.37,2.38,63250,0
2415.HK,5,20250819,092500,2.38,2.39,2.38,2.39,11500,0
2415.HK,5,20250819,093000,2.39,2.39,2.39,2.39,3750,0
2415.HK,5,20250819,093500,2.38,2.38,2.33,2.33,59000,0
2415.HK,5,20250819,094000,2.32,2.32,2.28,2.29,76750,0
2415.HK,5,20250819,094500,2.29,2.30,2.29,2.29,7750,0
2415.HK,5,20250819,095000,2.28,2.29,2.27,2.29,45500,0
2415.HK,5,20250819,095500,2.29,2.32,2.27,2.28,95000,0
2415.HK,5,20250820,033000,2.28,2.36,2.28,2.30,38250,0
2415.HK,5,20250820,033500,2.25,2.33,2.24,2.33,105000,0
2415.HK,5,20250820,034000,2.32,2.36,2.32,2.36,42000,0
2415.HK,5,20250820,034500,2.36,2.36,2.36,2.36,32250,0
2415.HK,5,20250820,035000,2.36,2.37,2.33,2.33,40750,0
2415.HK,5,20250820,035500,2.36,2.36,2.33,2.33,130500,0
2415.HK,5,20250820,040000,2.30,2.31,2.30,2.31,31000,0
2415.HK,5,20250820,040500,2.30,2.30,2.29,2.29,15000,0
2415.HK,5,20250820,041000,2.27,2.30,2.27,2.30,37750,0
2415.HK,5,20250820,041500,2.30,2.30,2.30,2.30,12250,0
2415.HK,5,20250820,042000,2.30,2.30,2.30,2.30,10000,0
2415.HK,5,20250820,042500,2.30,2.30,2.27,2.27,13000,0
2415.HK,5,20250820,043000,2.25,2.25,2.25,2.25,27750,0
2415.HK,5,20250820,043500,2.25,2.25,2.20,2.20,21750,0
2415.HK,5,20250820,044000,2.24,2.24,2.15,2.24,58750,0
2415.HK,5,20250820,044500,2.24,2.24,2.22,2.22,36250,0
2415.HK,5,20250820,045000,2.19,2.22,2.19,2.22,32500,0
2415.HK,5,20250820,045500,2.21,2.21,2.21,2.21,10000,0
2415.HK,5,20250820,050000,2.21,2.21,2.21,2.21,28500,0
2415.HK,5,20250820,050500,2.21,2.21,2.20,2.20,20000,0
2415.HK,5,20250820,051000,2.20,2.20,2.19,2.19,81500,0
2415.HK,5,20250820,051500,2.19,2.19,2.19,2.19,82500,0
2415.HK,5,20250820,052500,2.19,2.19,1.95,1.98,775500,0
2415.HK,5,20250820,053000,2.00,2.10,1.99,2.02,96250,0
2415.HK,5,20250820,053500,2.07,2.14,2.07,2.10,67750,0
2415.HK,5,20250820,054000,2.12,2.12,2.12,2.12,36250,0
2415.HK,5,20250820,054500,2.06,2.14,1.95,2.12,567250,0
2415.HK,5,20250820,055500,2.09,2.11,2.09,2.11,20000,0
2415.HK,5,20250820,070000,2.11,2.11,2.09,2.09,36500,0
2415.HK,5,20250820,070500,2.08,2.08,2.07,2.07,3750,0
2415.HK,5,20250820,071000,2.10,2.10,2.10,2.10,750,0
2415.HK,5,20250820,071500,2.10,2.10,2.06,2.06,50000,0
2415.HK,5,20250820,072000,2.10,2.10,2.10,2.10,250,0
2415.HK,5,20250820,075000,2.07,2.07,2.06,2.06,20000,0
2415.HK,5,20250820,075500,2.07,2.07,2.05,2.07,9750,0
2415.HK,5,20250820,080000,2.07,2.07,2.07,2.07,50000,0
2415.HK,5,20250820,080500,2.07,2.07,2.07,2.07,250,0
2415.HK,5,20250820,081500,2.06,2.06,2.06,2.06,20000,0
2415.HK,5,20250820,083500,2.10,2.10,2.10,2.10,6000,0
2415.HK,5,20250820,090000,2.10,2.10,2.10,2.10,20000,0
2415.HK,5,20250820,090500,2.09,2.10,2.09,2.10,26000,0
2415.HK,5,20250820,091500,2.10,2.10,2.10,2.10,5500,0
2415.HK,5,20250820,092000,2.09,2.10,2.09,2.10,5250,0
2415.HK,5,20250820,092500,2.10,2.11,2.10,2.11,1750,0
2415.HK,5,20250820,093500,2.10,2.10,2.07,2.07,40250,0
2415.HK,5,20250820,095000,2.07,2.10,2.07,2.10,16750,0
2415.HK,5,20250820,095500,2.10,2.10,2.07,2.07,46250,0
2415.HK,5,20250821,033000,2.13,2.14,2.05,2.05,70500,0
2415.HK,5,20250821,033500,2.06,2.13,1.96,1.99,136500,0
2415.HK,5,20250821,034000,1.97,2.01,1.95,1.95,233250,0
2415.HK,5,20250821,034500,1.92,1.95,1.89,1.95,88000,0
2415.HK,5,20250821,035000,1.95,2.05,1.95,2.05,18500,0
2415.HK,5,20250821,035500,1.98,2.01,1.97,2.01,29000,0
2415.HK,5,20250821,040500,2.01,2.01,1.89,1.97,316250,0
2415.HK,5,20250821,041000,1.97,1.97,1.97,1.97,2500,0
2415.HK,5,20250821,042000,1.96,1.96,1.96,1.96,500,0
2415.HK,5,20250821,042500,1.94,1.94,1.90,1.94,194750,0
2415.HK,5,20250821,043000,1.94,1.94,1.90,1.94,13750,0
2415.HK,5,20250821,043500,1.92,1.92,1.92,1.92,10000,0
2415.HK,5,20250821,044000,1.92,1.93,1.92,1.93,10750,0
2415.HK,5,20250821,044500,1.93,1.93,1.93,1.93,7250,0
2415.HK,5,20250821,045000,1.94,1.97,1.94,1.95,94000,0
2415.HK,5,20250821,045500,1.96,1.97,1.96,1.97,52000,0
2415.HK,5,20250821,050000,2.00,2.02,1.95,1.99,84750,0
2415.HK,5,20250821,050500,1.97,1.97,1.97,1.97,3500,0
2415.HK,5,20250821,051000,1.99,1.99,1.99,1.99,250,0
2415.HK,5,20250821,051500,1.99,1.99,1.96,1.96,15000,0
2415.HK,5,20250821,052000,1.98,1.98,1.95,1.98,24500,0
2415.HK,5,20250821,052500,1.98,1.98,1.98,1.98,6000,0
2415.HK,5,20250821,053000,1.98,1.98,1.95,1.95,24250,0
2415.HK,5,20250821,053500,1.99,1.99,1.99,1.99,250,0
2415.HK,5,20250821,054000,1.95,1.98,1.95,1.98,3750,0
2415.HK,5,20250821,054500,1.95,1.98,1.95,1.98,3250,0
2415.HK,5,20250821,055000,1.95,1.98,1.95,1.98,2000,0
2415.HK,5,20250821,055500,1.96,1.98,1.96,1.98,1000,0
2415.HK,5,20250821,070000,1.98,1.98,1.98,1.98,11000,0
2415.HK,5,20250821,070500,1.98,1.98,1.98,1.98,12750,0
2415.HK,5,20250821,071000,1.97,1.97,1.95,1.96,5750,0
2415.HK,5,20250821,071500,1.96,1.99,1.96,1.99,500,0
2415.HK,5,20250821,072500,1.97,1.97,1.97,1.97,1000,0
2415.HK,5,20250821,074000,1.97,1.97,1.97,1.97,4750,0
2415.HK,5,20250821,074500,1.97,1.99,1.97,1.99,16500,0
2415.HK,5,20250821,082000,1.99,1.99,1.97,1.97,48250,0
2415.HK,5,20250821,083000,1.98,1.99,1.98,1.99,55750,0
2415.HK,5,20250821,084500,1.98,1.98,1.98,1.98,23250,0
2415.HK,5,20250821,090000,1.99,2.00,1.98,2.00,4000,0
2415.HK,5,20250821,090500,2.00,2.00,2.00,2.00,2000,0
2415.HK,5,20250821,091000,1.99,2.00,1.99,2.00,21000,0
2415.HK,5,20250821,091500,2.00,2.00,2.00,2.00,2000,0
2415.HK,5,20250821,092000,2.00,2.01,1.98,1.98,23750,0
2415.HK,5,20250821,093000,1.98,1.98,1.98,1.98,5250,0
2415.HK,5,20250821,093500,1.99,1.99,1.97,1.99,44000,0
2415.HK,5,20250821,094000,2.00,2.00,1.97,1.98,6250,0
2415.HK,5,20250821,094500,1.98,2.00,1.97,2.00,42250,0
2415.HK,5,20250821,095000,1.98,1.99,1.97,1.98,36250,0
2415.HK,5,20250821,095500,1.99,1.99,1.97,1.98,45500,0
2415.HK,5,20250822,033000,1.96,1.99,1.91,1.99,36500,0
2415.HK,5,20250822,033500,1.99,2.02,1.99,1.99,24500,0
2415.HK,5,20250822,034000,2.01,2.01,2.00,2.00,22000,0
2415.HK,5,20250822,034500,2.00,2.00,1.99,1.99,47500,0
2415.HK,5,20250822,040000,2.00,2.00,2.00,2.00,11000,0
2415.HK,5,20250822,040500,2.00,2.00,2.00,2.00,10500,0
2415.HK,5,20250822,041000,1.99,1.99,1.93,1.96,32000,0
2415.HK,5,20250822,041500,1.99,1.99,1.98,1.98,2000,0
2415.HK,5,20250822,042000,1.99,1.99,1.99,1.99,20000,0
2415.HK,5,20250822,043000,1.99,1.99,1.99,1.99,500,0
2415.HK,5,20250822,044000,1.99,2.00,1.99,1.99,52000,0
2415.HK,5,20250822,044500,2.01,2.01,2.01,2.01,25000,0
2415.HK,5,20250822,045000,2.03,2.08,2.03,2.08,27000,0
2415.HK,5,20250822,045500,2.03,2.07,2.02,2.07,22000,0
2415.HK,5,20250822,050000,2.06,2.06,2.06,2.06,10000,0
2415.HK,5,20250822,050500,2.02,2.04,2.01,2.04,9000,0
2415.HK,5,20250822,051000,2.05,2.05,2.05,2.05,14250,0
2415.HK,5,20250822,052500,2.05,2.06,2.05,2.06,12250,0
2415.HK,5,20250822,053000,2.06,2.06,2.06,2.06,15250,0
2415.HK,5,20250822,053500,2.05,2.06,2.05,2.06,3250,0
2415.HK,5,20250822,054000,2.05,2.05,2.05,2.05,15000,0
2415.HK,5,20250822,055000,2.05,2.06,2.05,2.06,10500,0
2415.HK,5,20250822,070000,2.05,2.05,2.05,2.05,11000,0
2415.HK,5,20250822,070500,2.05,2.05,2.02,2.02,186250,0
2415.HK,5,20250822,071000,2.03,2.03,2.02,2.02,26250,0
2415.HK,5,20250822,072000,2.02,2.02,2.02,2.02,34750,0
2415.HK,5,20250822,072500,2.03,2.03,2.03,2.03,33000,0
2415.HK,5,20250822,073000,2.03,2.03,2.03,2.03,17250,0
2415.HK,5,20250822,073500,2.04,2.04,2.04,2.04,7250,0
2415.HK,5,20250822,074500,2.05,2.05,2.05,2.05,8000,0
2415.HK,5,20250822,075000,2.04,2.04,2.03,2.03,8000,0
2415.HK,5,20250822,075500,2.06,2.06,2.06,2.06,17000,0
2415.HK,5,20250822,081000,2.05,2.05,2.05,2.05,37750,0
2415.HK,5,20250822,082500,2.06,2.06,2.06,2.06,750,0
2415.HK,5,20250822,083000,2.04,2.04,2.01,2.01,23000,0
2415.HK,5,20250822,090000,2.02,2.02,2.02,2.02,250,0
2415.HK,5,20250822,091000,2.04,2.04,2.04,2.04,5000,0
2415.HK,5,20250822,091500,2.03,2.03,2.03,2.03,750,0
2415.HK,5,20250822,092500,2.04,2.04,2.04,2.04,3500,0
2415.HK,5,20250822,093000,2.04,2.05,2.04,2.05,28500,0
2415.HK,5,20250822,094000,2.05,2.05,2.05,2.05,500,0
2415.HK,5,20250822,094500,2.05,2.05,2.05,2.05,14250,0
2415.HK,5,20250822,095500,2.05,2.07,2.04,2.04,178750,0
2415.HK,5,20250825,033500,1.98,1.98,1.98,1.98,23500,0
2415.HK,5,20250825,034000,2.00,2.00,1.97,1.97,100750,0
2415.HK,5,20250825,034500,2.03,2.03,2.00,2.00,85250,0
2415.HK,5,20250825,035500,2.02,2.02,2.02,2.02,6750,0
2415.HK,5,20250825,040000,2.03,2.04,2.03,2.04,7750,0
2415.HK,5,20250825,041000,2.04,2.04,2.04,2.04,5000,0
2415.HK,5,20250825,041500,2.06,2.06,2.06,2.06,3000,0
2415.HK,5,20250825,042000,2.07,2.07,2.05,2.05,5000,0
2415.HK,5,20250825,042500,2.06,2.06,2.06,2.06,2750,0
2415.HK,5,20250825,043000,2.06,2.06,2.04,2.04,29500,0
2415.HK,5,20250825,043500,2.04,2.04,2.01,2.01,8500,0
2415.HK,5,20250825,044000,2.01,2.01,2.00,2.00,7750,0
2415.HK,5,20250825,044500,2.01,2.01,2.01,2.01,5500,0
2415.HK,5,20250825,045000,2.01,2.02,2.01,2.02,4500,0
2415.HK,5,20250825,050500,1.99,2.00,1.97,1.97,30750,0
2415.HK,5,20250825,052000,2.00,2.00,2.00,2.00,250,0
2415.HK,5,20250825,055000,1.99,1.99,1.99,1.99,500,0
2415.HK,5,20250825,055500,1.99,1.99,1.99,1.99,5000,0
2415.HK,5,20250825,070000,1.98,1.99,1.98,1.99,14500,0
2415.HK,5,20250825,070500,1.99,1.99,1.99,1.99,10000,0
2415.HK,5,20250825,071000,1.99,1.99,1.99,1.99,2250,0
2415.HK,5,20250825,073000,1.99,1.99,1.97,1.97,59250,0
2415.HK,5,20250825,081500,1.98,1.98,1.98,1.98,250,0
2415.HK,5,20250825,082500,1.98,1.98,1.98,1.98,12000,0
2415.HK,5,20250825,083000,1.98,1.98,1.97,1.97,22750,0
2415.HK,5,20250825,093500,1.97,1.97,1.97,1.97,13250,0
2415.HK,5,20250825,095000,1.98,1.99,1.98,1.99,32000,0
2415.HK,5,20250825,095500,1.98,1.98,1.97,1.97,102000,0
2415.HK,5,20250826,034500,1.97,1.97,1.97,1.97,500,0
2415.HK,5,20250826,035000,1.97,1.97,1.95,1.95,10250,0
2415.HK,5,20250826,035500,1.97,1.97,1.97,1.97,250,0
2415.HK,5,20250826,041000,1.94,1.94,1.93,1.93,10500,0
2415.HK,5,20250826,041500,1.92,1.93,1.92,1.93,11250,0
2415.HK,5,20250826,042000,1.95,1.96,1.95,1.96,10000,0
2415.HK,5,20250826,042500,1.96,1.96,1.95,1.96,1750,0
2415.HK,5,20250826,043000,1.96,1.96,1.96,1.96,10000,0
2415.HK,5,20250826,043500,1.95,1.95,1.95,1.95,750,0
2415.HK,5,20250826,045000,1.95,1.95,1.95,1.95,750,0
2415.HK,5,20250826,045500,1.95,1.96,1.95,1.95,6500,0
2415.HK,5,20250826,050000,1.95,1.95,1.95,1.95,2250,0
2415.HK,5,20250826,050500,1.95,1.95,1.95,1.95,3750,0
2415.HK,5,20250826,051000,1.95,1.95,1.95,1.95,3750,0
2415.HK,5,20250826,051500,1.95,1.96,1.95,1.96,3250,0
2415.HK,5,20250826,052500,1.95,1.95,1.95,1.95,8000,0
2415.HK,5,20250826,053000,1.95,1.95,1.95,1.95,1250,0
2415.HK,5,20250826,054500,1.95,1.95,1.95,1.95,1000,0
2415.HK,5,20250826,055000,1.95,1.95,1.95,1.95,2500,0
2415.HK,5,20250826,055500,1.95,1.95,1.95,1.95,2500,0
2415.HK,5,20250826,070000,1.95,1.95,1.95,1.95,2500,0
2415.HK,5,20250826,070500,1.95,1.95,1.95,1.95,2000,0
2415.HK,5,20250826,071000,1.95,1.95,1.95,1.95,2500,0
2415.HK,5,20250826,071500,1.95,1.95,1.95,1.95,1500,0
2415.HK,5,20250826,072000,1.95,1.95,1.95,1.95,1500,0
2415.HK,5,20250826,072500,1.95,1.95,1.95,1.95,2500,0
2415.HK,5,20250826,073000,1.95,1.95,1.95,1.95,2500,0
2415.HK,5,20250826,073500,1.95,1.95,1.94,1.94,10000,0
2415.HK,5,20250826,074000,1.94,1.94,1.94,1.94,3750,0
2415.HK,5,20250826,075000,1.94,1.94,1.94,1.94,8500,0
2415.HK,5,20250826,075500,1.93,1.93,1.93,1.93,54250,0
2415.HK,5,20250826,080000,1.93,1.93,1.93,1.93,13500,0
2415.HK,5,20250826,081000,1.92,1.92,1.90,1.90,62250,0
2415.HK,5,20250826,081500,1.90,1.90,1.90,1.90,19750,0
2415.HK,5,20250826,082000,1.90,1.90,1.90,1.90,85750,0
2415.HK,5,20250826,082500,1.90,1.90,1.88,1.88,86000,0
2415.HK,5,20250826,083000,1.87,1.88,1.87,1.88,25750,0
2415.HK,5,20250826,083500,1.89,1.89,1.89,1.89,500,0
2415.HK,5,20250826,084000,1.89,1.89,1.89,1.89,14000,0
2415.HK,5,20250826,084500,1.89,1.89,1.89,1.89,2250,0
2415.HK,5,20250826,085500,1.88,1.88,1.88,1.88,15000,0
2415.HK,5,20250826,090500,1.90,1.90,1.90,1.90,27750,0
2415.HK,5,20250826,091000,1.91,1.91,1.90,1.90,6000,0
2415.HK,5,20250826,091500,1.90,1.90,1.89,1.89,32250,0
2415.HK,5,20250826,092500,1.89,1.89,1.88,1.88,4750,0
2415.HK,5,20250826,093000,1.89,1.89,1.88,1.88,13000,0
2415.HK,5,20250826,093500,1.88,1.88,1.88,1.88,5000,0
2415.HK,5,20250826,094500,1.89,1.90,1.89,1.90,25250,0
2415.HK,5,20250826,095500,1.90,1.90,1.88,1.88,19000,0
2415.HK,5,20250827,033500,1.89,1.89,1.88,1.88,2250,0
2415.HK,5,20250827,034000,1.88,1.88,1.88,1.88,8750,0
2415.HK,5,20250827,034500,1.88,1.88,1.87,1.87,37000,0
2415.HK,5,20250827,041000,1.90,1.90,1.90,1.90,21000,0
2415.HK,5,20250827,042000,1.90,1.90,1.89,1.89,14750,0
2415.HK,5,20250827,042500,1.91,1.91,1.89,1.89,8000,0
2415.HK,5,20250827,043000,1.91,1.91,1.89,1.89,10000,0
2415.HK,5,20250827,043500,1.90,1.90,1.90,1.90,1500,0
2415.HK,5,20250827,044000,1.90,1.90,1.89,1.89,34750,0
2415.HK,5,20250827,052500,1.90,1.90,1.90,1.90,5250,0
2415.HK,5,20250827,053000,1.90,1.91,1.90,1.91,51750,0
2415.HK,5,20250827,055000,1.91,1.91,1.91,1.91,3000,0
2415.HK,5,20250827,055500,1.90,1.90,1.89,1.89,52000,0
2415.HK,5,20250827,070000,1.89,1.89,1.88,1.88,13250,0
2415.HK,5,20250827,071500,1.93,1.93,1.88,1.88,71750,0
2415.HK,5,20250827,075000,1.90,1.90,1.90,1.90,250,0
2415.HK,5,20250827,080000,1.90,1.90,1.90,1.90,10000,0
2415.HK,5,20250827,080500,1.89,1.89,1.88,1.88,46750,0
2415.HK,5,20250827,081000,1.88,1.88,1.85,1.85,114000,0
2415.HK,5,20250827,081500,1.85,1.85,1.85,1.85,87500,0
2415.HK,5,20250827,083500,1.85,1.85,1.85,1.85,17500,0
2415.HK,5,20250827,084000,1.86,1.86,1.85,1.85,63750,0
2415.HK,5,20250827,084500,1.85,1.85,1.80,1.80,35750,0
2415.HK,5,20250827,085000,1.80,1.88,1.77,1.88,289750,0
2415.HK,5,20250827,085500,1.84,1.87,1.84,1.87,5500,0
2415.HK,5,20250827,090000,1.80,1.80,1.80,1.80,26750,0
2415.HK,5,20250827,090500,1.81,1.81,1.81,1.81,750,0
2415.HK,5,20250827,091000,1.81,1.89,1.81,1.89,39250,0
2415.HK,5,20250827,093500,1.83,1.84,1.83,1.84,21000,0
2415.HK,5,20250827,094000,1.84,1.84,1.84,1.84,45250,0
2415.HK,5,20250827,095000,1.84,1.84,1.84,1.84,3750,0
2415.HK,5,20250827,095500,1.82,1.82,1.82,1.82,12500,0
2415.HK,5,20250828,033000,1.71,1.71,1.70,1.70,23250,0
2415.HK,5,20250828,034000,1.80,1.80,1.80,1.80,20250,0
2415.HK,5,20250828,034500,1.82,1.82,1.82,1.82,1250,0
2415.HK,5,20250828,035500,1.80,1.80,1.80,1.80,21000,0
2415.HK,5,20250828,040000,1.80,1.80,1.79,1.79,10250,0
2415.HK,5,20250828,041500,1.77,1.77,1.77,1.77,250,0
2415.HK,5,20250828,042000,1.76,1.76,1.75,1.75,43750,0
2415.HK,5,20250828,043500,1.76,1.76,1.76,1.76,250,0
2415.HK,5,20250828,044000,1.77,1.77,1.76,1.76,6750,0
2415.HK,5,20250828,044500,1.76,1.76,1.76,1.76,500,0
2415.HK,5,20250828,045000,1.77,1.77,1.77,1.77,250,0
2415.HK,5,20250828,050500,1.74,1.74,1.72,1.72,36000,0
2415.HK,5,20250828,051000,1.71,1.71,1.70,1.70,50000,0
2415.HK,5,20250828,051500,1.69,1.69,1.69,1.69,56750,0
2415.HK,5,20250828,052500,1.68,1.69,1.68,1.69,70500,0
2415.HK,5,20250828,053000,1.68,1.72,1.68,1.70,141250,0
2415.HK,5,20250828,053500,1.71,1.72,1.70,1.72,172250,0
2415.HK,5,20250828,054000,1.71,1.71,1.70,1.70,35000,0
2415.HK,5,20250828,054500,1.71,1.71,1.70,1.71,12250,0
2415.HK,5,20250828,055000,1.71,1.72,1.71,1.72,5250,0
2415.HK,5,20250828,055500,1.71,1.72,1.71,1.72,23750,0
2415.HK,5,20250828,072000,1.72,1.72,1.72,1.72,10000,0
2415.HK,5,20250828,073000,1.72,1.72,1.72,1.72,2500,0
2415.HK,5,20250828,073500,1.72,1.72,1.72,1.72,4250,0
2415.HK,5,20250828,074500,1.73,1.73,1.73,1.73,1000,0
2415.HK,5,20250828,075000,1.72,1.72,1.72,1.72,250,0
2415.HK,5,20250828,080000,1.73,1.75,1.72,1.74,31500,0
2415.HK,5,20250828,080500,1.75,1.75,1.74,1.74,18250,0
2415.HK,5,20250828,081000,1.73,1.73,1.73,1.73,50000,0
2415.HK,5,20250828,082000,1.73,1.73,1.73,1.73,2000,0
2415.HK,5,20250828,083500,1.73,1.73,1.73,1.73,2000,0
2415.HK,5,20250828,084000,1.74,1.74,1.74,1.74,16500,0
2415.HK,5,20250828,084500,1.73,1.75,1.73,1.75,53500,0
2415.HK,5,20250828,090000,1.74,1.74,1.74,1.74,250,0
2415.HK,5,20250828,090500,1.74,1.74,1.74,1.74,5500,0
2415.HK,5,20250828,091500,1.75,1.75,1.74,1.74,22250,0
2415.HK,5,20250828,092000,1.74,1.75,1.74,1.75,17250,0
2415.HK,5,20250828,092500,1.75,1.75,1.75,1.75,24500,0
2415.HK,5,20250828,093000,1.75,1.75,1.75,1.75,10500,0
2415.HK,5,20250828,093500,1.75,1.75,1.75,1.75,1750,0
2415.HK,5,20250828,094000,1.75,1.75,1.74,1.74,36250,0
2415.HK,5,20250828,094500,1.75,1.75,1.75,1.75,12000,0
2415.HK,5,20250828,095000,1.76,1.76,1.75,1.75,16250,0
2415.HK,5,20250828,095500,1.75,1.75,1.75,1.75,15250,0
2415.HK,5,20250829,041500,1.74,1.74,1.74,1.74,1000,0
2415.HK,5,20250829,042000,1.73,1.74,1.72,1.74,20500,0
2415.HK,5,20250829,042500,1.69,1.69,1.68,1.68,7500,0
2415.HK,5,20250829,044000,1.74,1.74,1.74,1.74,1000,0
2415.HK,5,20250829,044500,1.70,1.70,1.70,1.70,42000,0
2415.HK,5,20250829,045000,1.74,1.74,1.65,1.65,48500,0
2415.HK,5,20250829,050000,1.71,1.71,1.71,1.71,250,0
2415.HK,5,20250829,051000,1.70,1.70,1.70,1.70,2000,0
2415.HK,5,20250829,051500,1.70,1.70,1.70,1.70,10000,0
2415.HK,5,20250829,052000,1.69,1.69,1.68,1.68,10500,0
2415.HK,5,20250829,053000,1.66,1.66,1.66,1.66,10000,0
2415.HK,5,20250829,055000,1.69,1.69,1.68,1.69,10250,0
2415.HK,5,20250829,055500,1.67,1.67,1.66,1.66,14500,0
2415.HK,5,20250829,070000,1.66,1.66,1.66,1.66,19000,0
2415.HK,5,20250829,070500,1.66,1.66,1.66,1.66,10000,0
2415.HK,5,20250829,071000,1.65,1.65,1.65,1.65,2500,0
2415.HK,5,20250829,071500,1.66,1.66,1.65,1.65,7750,0
2415.HK,5,20250829,072500,1.66,1.66,1.65,1.65,750,0
2415.HK,5,20250829,073000,1.65,1.65,1.65,1.65,18000,0
2415.HK,5,20250829,074000,1.66,1.67,1.66,1.67,47000,0
2415.HK,5,20250829,075500,1.67,1.67,1.67,1.67,8000,0
2415.HK,5,20250829,080000,1.66,1.66,1.66,1.66,19000,0
2415.HK,5,20250829,080500,1.69,1.69,1.65,1.65,93250,0
2415.HK,5,20250829,081000,1.65,1.68,1.65,1.68,8500,0
2415.HK,5,20250829,083000,1.70,1.70,1.70,1.70,500,0
2415.HK,5,20250829,083500,1.68,1.68,1.68,1.68,4000,0
2415.HK,5,20250829,084500,1.67,1.67,1.67,1.67,750,0
2415.HK,5,20250829,085500,1.65,1.65,1.65,1.65,20000,0
2415.HK,5,20250829,090000,1.65,1.65,1.61,1.61,10250,0
2415.HK,5,20250829,090500,1.65,1.65,1.65,1.65,750,0
2415.HK,5,20250829,091000,1.62,1.62,1.62,1.62,20000,0
2415.HK,5,20250829,091500,1.62,1.62,1.62,1.62,21000,0
2415.HK,5,20250829,092500,1.62,1.62,1.62,1.62,16000,0
2415.HK,5,20250829,093500,1.64,1.64,1.64,1.64,1250,0
2415.HK,5,20250829,094000,1.64,1.64,1.64,1.64,20000,0
2415.HK,5,20250829,094500,1.62,1.62,1.62,1.62,8000,0
2415.HK,5,20250829,095000,1.65,1.65,1.65,1.65,250,0
2415.HK,5,20250829,095500,1.64,1.65,1.63,1.64,31000,0
2415.HK,5,20250901,033000,1.64,1.70,1.64,1.70,500,0
2415.HK,5,20250901,033500,1.71,1.71,1.69,1.69,9250,0
2415.HK,5,20250901,034000,1.71,1.72,1.71,1.72,3500,0
2415.HK,5,20250901,034500,1.72,1.72,1.72,1.72,5500,0
2415.HK,5,20250901,035000,1.71,1.73,1.69,1.73,216750,0
2415.HK,5,20250901,035500,1.73,1.73,1.73,1.73,56250,0
2415.HK,5,20250901,040000,1.73,1.73,1.73,1.73,50000,0
2415.HK,5,20250901,040500,1.74,1.75,1.74,1.75,32750,0
2415.HK,5,20250901,041000,1.75,1.77,1.75,1.77,14750,0
2415.HK,5,20250901,041500,1.77,1.78,1.77,1.78,13000,0
2415.HK,5,20250901,042000,1.77,1.77,1.77,1.77,96750,0
2415.HK,5,20250901,042500,1.77,1.77,1.76,1.76,47500,0
2415.HK,5,20250901,044000,1.75,1.75,1.75,1.75,250,0
2415.HK,5,20250901,044500,1.74,1.74,1.73,1.74,27500,0
2415.HK,5,20250901,050000,1.75,1.75,1.75,1.75,500,0
2415.HK,5,20250901,053000,1.75,1.75,1.75,1.75,1000,0
2415.HK,5,20250901,053500,1.77,1.77,1.77,1.77,750,0
2415.HK,5,20250901,054500,1.75,1.75,1.75,1.75,500,0
2415.HK,5,20250901,070500,1.76,1.76,1.76,1.76,500,0
2415.HK,5,20250901,071000,1.77,1.77,1.77,1.77,500,0
2415.HK,5,20250901,072000,1.76,1.76,1.75,1.75,11500,0
2415.HK,5,20250901,073000,1.77,1.77,1.77,1.77,1250,0
2415.HK,5,20250901,074000,1.76,1.76,1.76,1.76,4750,0
2415.HK,5,20250901,074500,1.76,1.76,1.76,1.76,5250,0
2415.HK,5,20250901,075500,1.76,1.76,1.76,1.76,500,0
2415.HK,5,20250901,080500,1.73,1.73,1.73,1.73,20000,0
2415.HK,5,20250901,082000,1.74,1.74,1.74,1.74,2500,0
2415.HK,5,20250901,083000,1.74,1.75,1.74,1.75,31250,0
2415.HK,5,20250901,084500,1.75,1.75,1.75,1.75,3000,0
2415.HK,5,20250901,085000,1.75,1.78,1.75,1.78,45500,0
2415.HK,5,20250901,090000,1.79,1.79,1.79,1.79,1000,0
2415.HK,5,20250901,090500,1.79,1.79,1.79,1.79,250,0
2415.HK,5,20250901,091500,1.79,1.79,1.79,1.79,5000,0
2415.HK,5,20250901,092000,1.80,1.80,1.80,1.80,12500,0
2415.HK,5,20250901,093000,1.82,1.82,1.80,1.80,8000,0
2415.HK,5,20250901,094000,1.82,1.82,1.82,1.82,10000,0
2415.HK,5,20250901,095500,1.80,1.80,1.79,1.80,12250,0
2415.HK,5,20250902,033500,1.85,1.85,1.78,1.79,12750,0
2415.HK,5,20250902,034500,1.80,1.80,1.80,1.80,138750,0
2415.HK,5,20250902,035000,1.83,1.83,1.83,1.83,750,0
2415.HK,5,20250902,035500,1.80,1.80,1.80,1.80,8250,0
2415.HK,5,20250902,040000,1.82,1.82,1.82,1.82,250,0
2415.HK,5,20250902,041500,1.80,1.80,1.80,1.80,250,0
2415.HK,5,20250902,042500,1.80,1.83,1.80,1.83,1000,0
2415.HK,5,20250902,043000,1.81,1.81,1.80,1.80,30500,0
2415.HK,5,20250902,044500,1.77,1.79,1.72,1.79,10500,0
2415.HK,5,20250902,045500,1.77,1.77,1.77,1.77,250,0
2415.HK,5,20250902,050500,1.76,1.76,1.75,1.75,44250,0
2415.HK,5,20250902,052500,1.75,1.75,1.75,1.75,1000,0
2415.HK,5,20250902,053000,1.75,1.75,1.75,1.75,15000,0
2415.HK,5,20250902,054000,1.72,1.72,1.72,1.72,18750,0
2415.HK,5,20250902,054500,1.72,1.72,1.72,1.72,8250,0
2415.HK,5,20250902,070000,1.72,1.72,1.72,1.72,2000,0
2415.HK,5,20250902,070500,1.74,1.74,1.74,1.74,500,0
2415.HK,5,20250902,071500,1.73,1.73,1.73,1.73,1250,0
2415.HK,5,20250902,072000,1.72,1.72,1.70,1.70,16000,0
2415.HK,5,20250902,072500,1.69,1.69,1.65,1.68,72000,0
2415.HK,5,20250902,074000,1.70,1.71,1.70,1.71,2000,0
2415.HK,5,20250902,074500,1.72,1.72,1.72,1.72,8500,0
2415.HK,5,20250902,080000,1.72,1.73,1.72,1.73,18750,0
2415.HK,5,20250902,081000,1.73,1.73,1.73,1.73,14750,0
2415.HK,5,20250902,083000,1.73,1.73,1.73,1.73,750,0
2415.HK,5,20250902,083500,1.73,1.73,1.73,1.73,250,0
2415.HK,5,20250902,090500,1.73,1.73,1.73,1.73,36750,0
2415.HK,5,20250902,092500,1.73,1.73,1.73,1.73,5000,0
2415.HK,5,20250902,093500,1.73,1.73,1.73,1.73,10000,0
2415.HK,5,20250902,094000,1.73,1.73,1.73,1.73,15500,0
2415.HK,5,20250902,095500,1.70,1.70,1.70,1.70,1500,0
2415.HK,5,20250903,034500,1.73,1.73,1.73,1.73,2500,0
2415.HK,5,20250903,035500,1.74,1.74,1.74,1.74,30250,0
2415.HK,5,20250903,040000,1.72,1.72,1.72,1.72,250,0
2415.HK,5,20250903,040500,1.68,1.68,1.67,1.67,22500,0
2415.HK,5,20250903,042000,1.73,1.73,1.65,1.65,100250,0
2415.HK,5,20250903,043500,1.72,1.72,1.72,1.72,250,0
2415.HK,5,20250903,045500,1.72,1.73,1.72,1.73,7000,0
2415.HK,5,20250903,050500,1.72,1.72,1.72,1.72,500,0
2415.HK,5,20250903,052500,1.71,1.71,1.71,1.71,750,0
2415.HK,5,20250903,054000,1.71,1.71,1.71,1.71,2000,0
2415.HK,5,20250903,054500,1.71,1.71,1.71,1.71,20250,0
2415.HK,5,20250903,055000,1.72,1.73,1.72,1.73,20250,0
2415.HK,5,20250903,074500,1.71,1.71,1.71,1.71,16000,0
2415.HK,5,20250903,075000,1.73,1.73,1.73,1.73,250,0
2415.HK,5,20250903,082000,1.72,1.72,1.72,1.72,1500,0
2415.HK,5,20250903,084500,1.72,1.72,1.72,1.72,10000,0
2415.HK,5,20250903,085500,1.71,1.71,1.71,1.71,33750,0
2415.HK,5,20250903,091000,1.71,1.71,1.69,1.69,500,0
2415.HK,5,20250903,092000,1.71,1.71,1.71,1.71,24250,0
2415.HK,5,20250903,093000,1.69,1.69,1.69,1.69,8000,0
2415.HK,5,20250903,093500,1.71,1.71,1.71,1.71,250,0
2415.HK,5,20250904,033000,1.60,1.62,1.60,1.62,232000,0
2415.HK,5,20250904,034500,1.68,1.68,1.66,1.66,240250,0
2415.HK,5,20250904,040000,1.66,1.66,1.66,1.66,41000,0
2415.HK,5,20250904,040500,1.69,1.69,1.66,1.66,10250,0
2415.HK,5,20250904,041500,1.68,1.69,1.68,1.69,9250,0
2415.HK,5,20250904,042500,1.66,1.66,1.64,1.64,100000,0
2415.HK,5,20250904,043000,1.66,1.66,1.66,1.66,250,0
2415.HK,5,20250904,044000,1.65,1.66,1.65,1.65,6500,0
2415.HK,5,20250904,044500,1.64,1.64,1.64,1.64,2250,0
2415.HK,5,20250904,045000,1.64,1.64,1.64,1.64,1250,0
2415.HK,5,20250904,045500,1.63,1.63,1.61,1.62,145000,0
2415.HK,5,20250904,050000,1.62,1.62,1.62,1.62,111000,0
2415.HK,5,20250904,050500,1.61,1.61,1.57,1.57,188500,0
2415.HK,5,20250904,051000,1.61,1.61,1.60,1.61,1000,0
2415.HK,5,20250904,053000,1.61,1.61,1.61,1.61,5750,0
2415.HK,5,20250904,053500,1.59,1.59,1.59,1.59,30000,0
2415.HK,5,20250904,054000,1.59,1.59,1.58,1.58,103250,0
2415.HK,5,20250904,055000,1.58,1.58,1.58,1.58,20250,0
2415.HK,5,20250904,055500,1.58,1.58,1.58,1.58,500,0
2415.HK,5,20250904,070000,1.57,1.57,1.57,1.57,13500,0
2415.HK,5,20250904,070500,1.57,1.57,1.57,1.57,12250,0
2415.HK,5,20250904,071000,1.58,1.59,1.58,1.59,39250,0
2415.HK,5,20250904,071500,1.60,1.60,1.60,1.60,250,0
2415.HK,5,20250904,072000,1.60,1.61,1.60,1.61,41750,0
2415.HK,5,20250904,072500,1.61,1.61,1.61,1.61,250,0
2415.HK,5,20250904,073000,1.61,1.61,1.61,1.61,2000,0
2415.HK,5,20250904,074500,1.61,1.61,1.61,1.61,2250,0
2415.HK,5,20250904,075500,1.61,1.61,1.57,1.57,50000,0
2415.HK,5,20250904,081500,1.61,1.61,1.61,1.61,1000,0
2415.HK,5,20250904,082000,1.61,1.61,1.61,1.61,250,0
2415.HK,5,20250904,082500,1.58,1.58,1.58,1.58,250,0
2415.HK,5,20250904,083000,1.60,1.60,1.60,1.60,6250,0
2415.HK,5,20250904,084000,1.60,1.61,1.60,1.61,32750,0
2415.HK,5,20250904,084500,1.61,1.61,1.61,1.61,8500,0
2415.HK,5,20250904,085500,1.62,1.62,1.62,1.62,6000,0
2415.HK,5,20250904,090500,1.60,1.60,1.60,1.60,10250,0
2415.HK,5,20250904,091000,1.61,1.61,1.61,1.61,1750,0
2415.HK,5,20250904,091500,1.61,1.62,1.61,1.62,131500,0
2415.HK,5,20250904,092000,1.63,1.63,1.63,1.63,44500,0
2415.HK,5,20250904,092500,1.63,1.64,1.63,1.64,4750,0
2415.HK,5,20250904,094000,1.63,1.64,1.63,1.63,53750,0
2415.HK,5,20250904,095000,1.63,1.64,1.63,1.64,3000,0
2415.HK,5,20250904,095500,1.63,1.64,1.63,1.64,7250,0
2415.HK,5,20250905,052000,1.66,1.66,1.66,1.66,41250,0
2415.HK,5,20250905,072000,1.65,1.65,1.65,1.65,10250,0
2415.HK,5,20250905,073000,1.68,1.68,1.68,1.68,1500,0
2415.HK,5,20250905,073500,1.68,1.68,1.68,1.68,25000,0
2415.HK,5,20250905,075500,1.72,1.72,1.72,1.72,500,0
2415.HK,5,20250905,080500,1.71,1.71,1.68,1.68,175500,0
2415.HK,5,20250905,081500,1.68,1.68,1.67,1.67,39500,0
2415.HK,5,20250905,084500,1.67,1.67,1.67,1.67,2000,0
2415.HK,5,20250905,085000,1.65,1.65,1.65,1.65,59250,0
2415.HK,5,20250905,085500,1.66,1.68,1.66,1.68,23250,0
2415.HK,5,20250905,091000,1.67,1.68,1.67,1.68,7000,0
2415.HK,5,20250905,091500,1.67,1.67,1.67,1.67,250,0
2415.HK,5,20250905,093000,1.66,1.66,1.66,1.66,2750,0
2415.HK,5,20250905,093500,1.66,1.66,1.66,1.66,5500,0
2415.HK,5,20250905,094000,1.65,1.65,1.65,1.65,33500,0
2415.HK,5,20250905,095000,1.67,1.67,1.67,1.67,12500,0
2415.HK,5,20250905,095500,1.67,1.68,1.67,1.68,24500,0
2415.HK,5,20250908,035000,1.67,1.67,1.67,1.67,5500,0
2415.HK,5,20250908,044500,1.69,1.69,1.69,1.69,250,0
2415.HK,5,20250908,052000,1.67,1.67,1.67,1.67,250,0
2415.HK,5,20250908,073000,1.67,1.67,1.67,1.67,14000,0
2415.HK,5,20250908,074000,1.68,1.68,1.68,1.68,5500,0
2415.HK,5,20250908,080500,1.65,1.65,1.65,1.65,14250,0
2415.HK,5,20250908,081000,1.65,1.65,1.65,1.65,24000,0
2415.HK,5,20250908,083000,1.66,1.66,1.66,1.66,3750,0
2415.HK,5,20250908,083500,1.66,1.66,1.66,1.66,1000,0
2415.HK,5,20250908,092000,1.66,1.66,1.66,1.66,1250,0
2415.HK,5,20250908,092500,1.68,1.68,1.68,1.68,250,0
2415.HK,5,20250908,093000,1.68,1.68,1.68,1.68,9750,0
2415.HK,5,20250908,094000,1.66,1.66,1.66,1.66,250,0
2415.HK,5,20250909,033500,1.64,1.64,1.64,1.64,250,0
2415.HK,5,20250909,040000,1.65,1.65,1.65,1.65,2500,0
2415.HK,5,20250909,041500,1.65,1.65,1.65,1.65,250,0
2415.HK,5,20250909,042000,1.65,1.65,1.65,1.65,5750,0
2415.HK,5,20250909,071500,1.67,1.71,1.67,1.71,10750,0
2415.HK,5,20250909,073500,1.70,1.70,1.69,1.69,11750,0
2415.HK,5,20250909,075000,1.69,1.69,1.69,1.69,6250,0
2415.HK,5,20250909,075500,1.69,1.69,1.69,1.69,1000,0
2415.HK,5,20250909,080500,1.69,1.69,1.69,1.69,23250,0
2415.HK,5,20250909,081500,1.69,1.69,1.69,1.69,5250,0
2415.HK,5,20250909,082000,1.69,1.69,1.69,1.69,7000,0
2415.HK,5,20250909,084000,1.70,1.72,1.70,1.72,40500,0
2415.HK,5,20250909,090000,1.73,1.73,1.73,1.73,11500,0
2415.HK,5,20250909,090500,1.72,1.72,1.70,1.70,41250,0
2415.HK,5,20250909,091000,1.70,1.70,1.70,1.70,5000,0
2415.HK,5,20250909,092000,1.71,1.71,1.71,1.71,6250,0
2415.HK,5,20250909,093000,1.73,1.74,1.73,1.73,33750,0
2415.HK,5,20250909,094000,1.73,1.73,1.73,1.73,5750,0
2415.HK,5,20250910,042500,1.75,1.75,1.75,1.75,250,0
2415.HK,5,20250910,044000,1.75,1.76,1.75,1.76,35000,0
2415.HK,5,20250910,045000,1.75,1.75,1.75,1.75,2000,0
2415.HK,5,20250910,051000,1.75,1.75,1.75,1.75,250,0
2415.HK,5,20250910,054500,1.75,1.79,1.75,1.79,62000,0
2415.HK,5,20250910,055000,1.80,1.80,1.80,1.80,42000,0
2415.HK,5,20250910,055500,1.80,1.80,1.80,1.80,5000,0
2415.HK,5,20250910,070000,1.77,1.77,1.76,1.76,9000,0
2415.HK,5,20250910,072000,1.77,1.77,1.77,1.77,9000,0
2415.HK,5,20250910,073000,1.76,1.76,1.76,1.76,8000,0
2415.HK,5,20250910,073500,1.74,1.74,1.74,1.74,2000,0
2415.HK,5,20250910,074000,1.73,1.73,1.73,1.73,250,0
2415.HK,5,20250910,081000,1.76,1.76,1.76,1.76,250,0
2415.HK,5,20250910,083000,1.76,1.76,1.76,1.76,3250,0
2415.HK,5,20250910,084500,1.76,1.76,1.76,1.76,500,0
2415.HK,5,20250910,092500,1.73,1.73,1.73,1.73,3500,0
2415.HK,5,20250910,095500,1.73,1.73,1.73,1.73,37000,0
2415.HK,5,20250911,033000,1.73,1.73,1.69,1.69,51750,0
2415.HK,5,20250911,035500,1.70,1.70,1.67,1.67,50500,0
2415.HK,5,20250911,044500,1.68,1.68,1.68,1.68,5000,0
2415.HK,5,20250911,051000,1.68,1.72,1.67,1.72,20500,0
2415.HK,5,20250911,051500,1.71,1.71,1.71,1.71,6500,0
2415.HK,5,20250911,053000,1.71,1.72,1.71,1.72,30000,0
2415.HK,5,20250911,074000,1.72,1.72,1.72,1.72,20000,0
2415.HK,5,20250911,074500,1.72,1.72,1.72,1.72,500,0
2415.HK,5,20250911,075500,1.70,1.70,1.70,1.70,5000,0
2415.HK,5,20250911,080000,1.70,1.70,1.70,1.70,3750,0
2415.HK,5,20250911,080500,1.70,1.70,1.70,1.70,7250,0
2415.HK,5,20250911,091000,1.69,1.69,1.68,1.68,15250,0
2415.HK,5,20250911,092000,1.67,1.67,1.67,1.67,250,0
2415.HK,5,20250911,093500,1.69,1.69,1.68,1.68,21000,0
2415.HK,5,20250911,094500,1.69,1.69,1.69,1.69,7500,0
2415.HK,5,20250911,095000,1.69,1.69,1.69,1.69,4500,0
2415.HK,5,20250912,054500,1.69,1.69,1.68,1.69,12750,0
2415.HK,5,20250912,070500,1.67,1.72,1.67,1.72,16250,0
2415.HK,5,20250912,074000,1.72,1.72,1.72,1.72,3000,0
2415.HK,5,20250912,074500,1.72,1.72,1.72,1.72,500,0
2415.HK,5,20250912,075000,1.70,1.70,1.70,1.70,250,0
2415.HK,5,20250912,075500,1.70,1.70,1.70,1.70,7250,0
2415.HK,5,20250912,084500,1.71,1.71,1.68,1.68,108250,0
2415.HK,5,20250915,034500,1.65,1.65,1.65,1.65,3000,0
2415.HK,5,20250915,035000,1.67,1.67,1.67,1.67,2000,0
2415.HK,5,20250915,035500,1.67,1.67,1.66,1.66,20000,0
2415.HK,5,20250915,040500,1.67,1.67,1.65,1.65,25750,0
2415.HK,5,20250915,041000,1.68,1.68,1.68,1.68,250,0
2415.HK,5,20250915,070000,1.66,1.66,1.65,1.65,16000,0
2415.HK,5,20250915,070500,1.65,1.65,1.65,1.65,8000,0
2415.HK,5,20250915,073000,1.66,1.66,1.66,1.66,3250,0
2415.HK,5,20250915,074500,1.66,1.66,1.65,1.65,7750,0
2415.HK,5,20250915,083000,1.65,1.65,1.65,1.65,250,0
2415.HK,5,20250915,084000,1.65,1.65,1.65,1.65,2000,0
2415.HK,5,20250915,085000,1.63,1.63,1.63,1.63,2500,0
2415.HK,5,20250915,095500,1.64,1.64,1.64,1.64,64000,0
2415.HK,5,20250916,040500,1.72,1.72,1.72,1.72,250,0
2415.HK,5,20250916,044000,1.67,1.67,1.67,1.67,250,0
2415.HK,5,20250916,045000,1.63,1.64,1.63,1.64,13000,0
2415.HK,5,20250916,051500,1.64,1.66,1.64,1.66,100250,0
2415.HK,5,20250916,054000,1.66,1.70,1.66,1.70,64000,0
2415.HK,5,20250916,054500,1.70,1.70,1.70,1.70,500,0
2415.HK,5,20250916,070000,1.70,1.72,1.70,1.72,11500,0
2415.HK,5,20250916,072000,1.72,1.72,1.72,1.72,13000,0
2415.HK,5,20250916,074000,1.69,1.71,1.69,1.71,14750,0
2415.HK,5,20250916,074500,1.71,1.71,1.71,1.71,30000,0
2415.HK,5,20250916,075500,1.71,1.71,1.71,1.71,23000,0
2415.HK,5,20250916,082500,1.68,1.70,1.68,1.70,27500,0
2415.HK,5,20250916,095500,1.70,1.70,1.67,1.67,2750,0
2415.HK,5,20250917,033000,1.79,1.79,1.79,1.79,250,0
2415.HK,5,20250917,033500,1.70,1.78,1.70,1.78,40500,0
2415.HK,5,20250917,040000,1.67,1.67,1.67,1.67,250,0
2415.HK,5,20250917,043000,1.67,1.67,1.67,1.67,250,0
2415.HK,5,20250917,044500,1.67,1.67,1.65,1.65,23250,0
2415.HK,5,20250917,045500,1.66,1.66,1.66,1.66,7000,0
2415.HK,5,20250917,050000,1.68,1.68,1.65,1.65,1000,0
2415.HK,5,20250917,052500,1.68,1.69,1.68,1.69,10000,0
2415.HK,5,20250917,053000,1.69,1.69,1.69,1.69,11500,0
2415.HK,5,20250917,054500,1.69,1.69,1.69,1.69,10000,0
2415.HK,5,20250917,070000,1.69,1.69,1.69,1.69,750,0
2415.HK,5,20250917,071500,1.68,1.68,1.68,1.68,500,0
2415.HK,5,20250917,081000,1.66,1.66,1.66,1.66,16250,0
2415.HK,5,20250917,083500,1.68,1.68,1.68,1.68,250,0
2415.HK,5,20250917,084500,1.68,1.68,1.68,1.68,34500,0
2415.HK,5,20250917,090000,1.66,1.66,1.66,1.66,7500,0
2415.HK,5,20250917,090500,1.65,1.68,1.65,1.68,34750,0
2415.HK,5,20250917,095000,1.65,1.70,1.65,1.70,120000,0
2415.HK,5,20250917,095500,1.64,1.70,1.64,1.70,1250,0
2415.HK,5,20250918,033000,1.65,1.65,1.65,1.65,1750,0
2415.HK,5,20250918,033500,1.77,1.77,1.77,1.77,250,0
2415.HK,5,20250918,035500,1.74,1.74,1.70,1.70,33000,0
2415.HK,5,20250918,042500,1.70,1.70,1.70,1.70,10000,0
2415.HK,5,20250918,043000,1.68,1.68,1.68,1.68,500,0
2415.HK,5,20250918,044500,1.68,1.68,1.68,1.68,9000,0
2415.HK,5,20250918,045500,1.68,1.68,1.68,1.68,10000,0
2415.HK,5,20250918,071000,1.66,1.66,1.66,1.66,500,0
2415.HK,5,20250918,071500,1.66,1.66,1.66,1.66,16000,0
2415.HK,5,20250918,074000,1.66,1.66,1.66,1.66,500,0
2415.HK,5,20250918,074500,1.66,1.66,1.66,1.66,10000,0
2415.HK,5,20250918,081000,1.66,1.66,1.66,1.66,500,0
2415.HK,5,20250918,084000,1.66,1.66,1.66,1.66,500,0
2415.HK,5,20250918,091000,1.66,1.66,1.66,1.66,500,0
2415.HK,5,20250918,093000,1.66,1.66,1.66,1.66,750,0
2415.HK,5,20250918,095000,1.66,1.66,1.66,1.66,750,0
2415.HK,5,20250918,095500,1.66,1.67,1.66,1.67,10500,0
2415.HK,5,20250919,041000,1.62,1.62,1.61,1.61,15250,0
2415.HK,5,20250919,042000,1.63,1.63,1.63,1.63,3000,0
2415.HK,5,20250919,042500,1.63,1.63,1.63,1.63,250,0
2415.HK,5,20250919,043500,1.63,1.63,1.63,1.63,9250,0
2415.HK,5,20250919,045000,1.63,1.63,1.63,1.63,750,0
2415.HK,5,20250919,052000,1.62,1.62,1.62,1.62,220000,0
2415.HK,5,20250919,054000,1.63,1.63,1.63,1.63,4750,0
2415.HK,5,20250919,070000,1.63,1.63,1.63,1.63,15500,0
2415.HK,5,20250919,072000,1.63,1.63,1.63,1.63,29750,0
2415.HK,5,20250919,074000,1.64,1.64,1.64,1.64,14500,0
2415.HK,5,20250919,075000,1.63,1.63,1.63,1.63,52500,0
2415.HK,5,20250919,084000,1.63,1.63,1.63,1.63,250,0
2415.HK,5,20250919,090500,1.63,1.63,1.63,1.63,250,0
2415.HK,5,20250919,092500,1.63,1.63,1.63,1.63,250,0
2415.HK,5,20250919,093000,1.65,1.65,1.65,1.65,250,0
2415.HK,5,20250919,095000,1.65,1.72,1.65,1.72,105500,0
2415.HK,5,20250919,095500,1.74,1.74,1.66,1.66,1750,0
2415.HK,5,20250922,033500,1.65,1.65,1.65,1.65,41500,0
2415.HK,5,20250922,034000,1.71,1.71,1.71,1.71,250,0
2415.HK,5,20250922,075500,1.62,1.62,1.61,1.61,12750,0
2415.HK,5,20250922,080000,1.64,1.64,1.64,1.64,250,0
2415.HK,5,20250922,083000,1.62,1.62,1.62,1.62,250,0
2415.HK,5,20250922,084000,1.62,1.62,1.60,1.60,11000,0
2415.HK,5,20250922,084500,1.61,1.61,1.61,1.61,250,0
2415.HK,5,20250922,090000,1.60,1.60,1.59,1.60,11500,0
2415.HK,5,20250922,091000,1.59,1.59,1.59,1.59,10000,0
2415.HK,5,20250922,092000,1.59,1.59,1.59,1.59,20000,0
2415.HK,5,20250922,092500,1.59,1.59,1.59,1.59,22500,0
2415.HK,5,20250922,094000,1.59,1.61,1.59,1.61,9750,0
2415.HK,5,20250922,094500,1.61,1.62,1.61,1.61,14250,0
2415.HK,5,20250922,095000,1.61,1.62,1.61,1.62,58500,0
2415.HK,5,20250922,095500,1.65,1.67,1.61,1.67,8000,0
2415.HK,5,20250923,043000,1.61,1.61,1.61,1.61,2750,0
2415.HK,5,20250923,043500,1.60,1.60,1.56,1.58,63250,0
2415.HK,5,20250923,044000,1.60,1.62,1.57,1.62,3000,0
2415.HK,5,20250923,052500,1.58,1.58,1.57,1.57,12000,0
2415.HK,5,20250923,053000,1.55,1.56,1.54,1.55,65500,0
2415.HK,5,20250923,070000,1.55,1.55,1.54,1.54,41250,0
2415.HK,5,20250923,070500,1.54,1.54,1.51,1.51,10000,0
2415.HK,5,20250923,071000,1.52,1.52,1.51,1.51,1500,0
2415.HK,5,20250923,071500,1.52,1.52,1.51,1.51,2000,0
2415.HK,5,20250923,072500,1.51,1.51,1.50,1.51,13000,0
2415.HK,5,20250923,073500,1.52,1.52,1.52,1.52,7250,0
2415.HK,5,20250923,074500,1.52,1.52,1.50,1.51,132250,0
2415.HK,5,20250923,075000,1.51,1.51,1.50,1.50,145500,0
2415.HK,5,20250923,075500,1.50,1.50,1.49,1.50,13500,0
2415.HK,5,20250923,080000,1.46,1.48,1.46,1.48,10250,0
2415.HK,5,20250923,080500,1.46,1.50,1.46,1.50,49250,0
2415.HK,5,20250923,082000,1.50,1.50,1.50,1.50,500,0
2415.HK,5,20250923,083000,1.54,1.54,1.51,1.51,24750,0
2415.HK,5,20250923,084000,1.51,1.51,1.51,1.51,250,0
2415.HK,5,20250923,085500,1.51,1.51,1.51,1.51,8000,0
2415.HK,5,20250923,090500,1.51,1.51,1.51,1.51,5750,0
2415.HK,5,20250923,091000,1.51,1.51,1.50,1.50,71250,0
2415.HK,5,20250923,093000,1.52,1.55,1.50,1.55,61250,0
2415.HK,5,20250923,093500,1.53,1.53,1.50,1.50,10500,0
2415.HK,5,20250923,095000,1.52,1.57,1.51,1.57,58000,0
2415.HK,5,20250923,095500,1.57,1.57,1.57,1.57,250,0
2415.HK,5,20250924,033000,1.60,1.61,1.60,1.61,50250,0
2415.HK,5,20250924,033500,1.60,1.60,1.60,1.60,10000,0
2415.HK,5,20250924,041000,1.55,1.59,1.53,1.59,1250,0
2415.HK,5,20250924,041500,1.52,1.53,1.50,1.53,6000,0
2415.HK,5,20250924,042000,1.50,1.50,1.50,1.50,750,0
2415.HK,5,20250924,042500,1.51,1.55,1.51,1.55,44000,0
2415.HK,5,20250924,043500,1.52,1.53,1.51,1.53,3000,0
2415.HK,5,20250924,044500,1.52,1.52,1.51,1.52,12500,0
2415.HK,5,20250924,051500,1.52,1.59,1.50,1.59,34500,0
2415.HK,5,20250924,053000,1.50,1.55,1.50,1.55,12500,0
2415.HK,5,20250924,072500,1.51,1.51,1.48,1.48,5750,0
2415.HK,5,20250924,073000,1.49,1.49,1.47,1.49,28500,0
2415.HK,5,20250924,073500,1.49,1.49,1.49,1.49,12250,0
2415.HK,5,20250924,074000,1.52,1.52,1.52,1.52,250,0
2415.HK,5,20250924,081500,1.52,1.52,1.52,1.52,20000,0
2415.HK,5,20250924,085000,1.52,1.52,1.50,1.50,55000,0
2415.HK,5,20250924,093500,1.52,1.52,1.52,1.52,2000,0
2415.HK,5,20250924,095000,1.50,1.56,1.49,1.56,91250,0
2415.HK,5,20250924,095500,1.54,1.54,1.54,1.54,1750,0
2415.HK,5,20250925,033000,1.57,1.63,1.55,1.63,66750,0
2415.HK,5,20250925,033500,1.59,1.59,1.58,1.58,750,0
2415.HK,5,20250925,040000,1.53,1.53,1.53,1.53,250,0
2415.HK,5,20250925,051500,1.53,1.53,1.53,1.53,29250,0
2415.HK,5,20250925,052000,1.57,1.57,1.57,1.57,250,0
2415.HK,5,20250925,080000,1.51,1.51,1.51,1.51,250,0
2415.HK,5,20250925,090000,1.55,1.55,1.55,1.55,250,0
2415.HK,5,20250925,090500,1.55,1.56,1.52,1.56,12500,0
2415.HK,5,20250925,094500,1.54,1.54,1.51,1.54,5750,0
2415.HK,5,20250926,035500,1.60,1.60,1.51,1.52,5250,0
2415.HK,5,20250926,040000,1.52,1.52,1.52,1.52,9000,0
2415.HK,5,20250926,040500,1.51,1.53,1.49,1.53,2000,0
2415.HK,5,20250926,050500,1.50,1.50,1.50,1.50,250,0
2415.HK,5,20250926,051000,1.52,1.52,1.50,1.52,1500,0
2415.HK,5,20250926,051500,1.53,1.53,1.53,1.53,500,0
2415.HK,5,20250926,054000,1.54,1.54,1.54,1.54,250,0
2415.HK,5,20250926,093000,1.50,1.50,1.50,1.50,1250,0
2415.HK,5,20250926,095000,1.49,1.57,1.48,1.57,100750,0
2415.HK,5,20250926,095500,1.56,1.57,1.56,1.57,500,0
2415.HK,5,20250929,053000,1.53,1.53,1.52,1.53,2500,0
2415.HK,5,20250929,054000,1.54,1.56,1.54,1.54,5250,0
2415.HK,5,20250929,072500,1.57,1.57,1.57,1.57,250,0
2415.HK,5,20250929,074500,1.57,1.57,1.57,1.57,7000,0
2415.HK,5,20250929,094000,1.53,1.53,1.53,1.53,16000,0
2415.HK,5,20250929,094500,1.56,1.56,1.56,1.56,250,0
2415.HK,5,20250929,095000,1.55,1.57,1.54,1.55,16250,0
2415.HK,5,20250929,095500,1.57,1.57,1.52,1.57,12250,0
2415.HK,5,20250930,033000,1.57,1.57,1.57,1.57,62250,0
2415.HK,5,20250930,033500,1.57,1.57,1.57,1.57,250,0
2415.HK,5,20250930,034000,1.56,1.57,1.56,1.57,19250,0
2415.HK,5,20250930,035000,1.54,1.56,1.54,1.56,500,0
2415.HK,5,20250930,035500,1.54,1.57,1.54,1.57,10000,0
2415.HK,5,20250930,041500,1.57,1.60,1.57,1.60,5000,0
2415.HK,5,20250930,042000,1.57,1.59,1.57,1.59,10250,0
2415.HK,5,20250930,042500,1.54,1.54,1.52,1.54,12250,0
2415.HK,5,20250930,043500,1.55,1.55,1.55,1.55,250,0
2415.HK,5,20250930,051000,1.52,1.52,1.52,1.52,250,0
2415.HK,5,20250930,051500,1.52,1.55,1.51,1.55,7250,0
2415.HK,5,20250930,053500,1.54,1.54,1.54,1.54,500,0
2415.HK,5,20250930,054500,1.54,1.54,1.54,1.54,250,0
2415.HK,5,20250930,055000,1.54,1.55,1.51,1.55,111500,0
2415.HK,5,20250930,055500,1.52,1.54,1.51,1.54,11000,0
2415.HK,5,20250930,081000,1.51,1.51,1.51,1.51,3500,0
2415.HK,5,20250930,082500,1.52,1.52,1.52,1.52,6750,0
2415.HK,5,20250930,084000,1.55,1.55,1.55,1.55,250,0
2415.HK,5,20250930,090000,1.54,1.54,1.54,1.54,5000,0
2415.HK,5,20250930,093500,1.52,1.52,1.51,1.51,6750,0
2415.HK,5,20250930,095000,1.51,1.55,1.51,1.52,70000,0
2415.HK,5,20250930,095500,1.57,1.57,1.55,1.55,3500,0
2415.HK,5,20251002,042000,1.53,1.53,1.53,1.53,44250,0
2415.HK,5,20251002,043000,1.52,1.52,1.52,1.52,51750,0
2415.HK,5,20251002,052000,1.52,1.52,1.52,1.52,250,0
2415.HK,5,20251002,070000,1.52,1.55,1.52,1.53,45000,0
2415.HK,5,20251002,081000,1.55,1.55,1.55,1.55,11750,0
2415.HK,5,20251002,082500,1.56,1.56,1.56,1.56,1000,0
2415.HK,5,20251002,091000,1.56,1.56,1.55,1.55,26500,0
2415.HK,5,20251002,092000,1.55,1.55,1.53,1.53,12250,0
2415.HK,5,20251002,094000,1.53,1.53,1.53,1.53,1750,0
2415.HK,5,20251002,094500,1.55,1.55,1.55,1.55,250,0
2415.HK,5,20251002,095500,1.55,1.55,1.53,1.53,4000,0
2415.HK,5,20251003,054500,1.55,1.55,1.55,1.55,8250,0
2415.HK,5,20251003,080500,1.55,1.55,1.55,1.55,44250,0
2415.HK,5,20251003,081000,1.54,1.54,1.54,1.54,2000,0
2415.HK,5,20251003,090500,1.55,1.55,1.55,1.55,116500,0
2415.HK,5,20251003,091000,1.56,1.56,1.56,1.56,6000,0
2415.HK,5,20251003,092000,1.56,1.56,1.56,1.56,3500,0
2415.HK,5,20251003,095000,1.57,1.60,1.55,1.55,57500,0
2415.HK,5,20251003,095500,1.55,1.60,1.55,1.60,4000,0
2415.HK,5,20251006,043500,1.59,1.59,1.59,1.59,20000,0
2415.HK,5,20251006,070000,1.58,1.58,1.58,1.58,6750,0
2415.HK,5,20251006,074000,1.57,1.57,1.57,1.57,5500,0
2415.HK,5,20251006,090500,1.58,1.58,1.58,1.58,3500,0
2415.HK,5,20251006,091000,1.57,1.57,1.57,1.57,500,0
2415.HK,5,20251006,091500,1.58,1.58,1.57,1.57,10250,0
2415.HK,5,20251006,093000,1.58,1.58,1.58,1.58,39500,0
2415.HK,5,20251006,093500,1.57,1.57,1.57,1.57,1250,0
2415.HK,5,20251006,094500,1.59,1.59,1.59,1.59,31000,0
2415.HK,5,20251006,095500,1.57,1.57,1.57,1.57,4750,0
2415.HK,5,20251008,033500,1.57,1.57,1.57,1.57,20000,0
2415.HK,5,20251008,041500,1.57,1.57,1.55,1.55,6000,0
2415.HK,5,20251008,042000,1.55,1.55,1.55,1.55,750,0
2415.HK,5,20251008,045000,1.56,1.56,1.56,1.56,3500,0
2415.HK,5,20251008,045500,1.56,1.56,1.56,1.56,1250,0
2415.HK,5,20251008,050500,1.55,1.56,1.55,1.55,15500,0
2415.HK,5,20251008,081000,1.55,1.55,1.55,1.55,250,0
2415.HK,5,20251008,092500,1.55,1.55,1.55,1.55,1000,0
2415.HK,5,20251008,094500,1.55,1.55,1.55,1.55,9500,0
2415.HK,5,20251008,095500,1.56,1.56,1.56,1.56,250,0
2415.HK,5,20251009,071000,1.56,1.56,1.56,1.56,41000,0
2415.HK,5,20251009,073000,1.55,1.55,1.55,1.55,500,0
2415.HK,5,20251009,074000,1.56,1.56,1.55,1.55,5500,0
2415.HK,5,20251009,074500,1.55,1.55,1.55,1.55,250,0
2415.HK,5,20251009,082000,1.55,1.55,1.55,1.55,5750,0
2415.HK,5,20251009,082500,1.55,1.55,1.53,1.53,32500,0
2415.HK,5,20251009,084000,1.53,1.53,1.53,1.53,41500,0
2415.HK,5,20251009,085000,1.53,1.53,1.53,1.53,2000,0
2415.HK,5,20251009,094500,1.53,1.53,1.53,1.53,30750,0
2415.HK,5,20251009,095500,1.56,1.56,1.56,1.56,250,0
2415.HK,5,20251010,052000,1.54,1.54,1.54,1.54,30250,0
2415.HK,5,20251010,070000,1.54,1.54,1.54,1.54,750,0
2415.HK,5,20251010,082500,1.54,1.54,1.54,1.54,7000,0
2415.HK,5,20251010,094000,1.53,1.53,1.53,1.53,10000,0
2415.HK,5,20251010,094500,1.53,1.54,1.53,1.54,152750,0
2415.HK,5,20251010,095000,1.53,1.53,1.53,1.53,3000,0
2415.HK,5,20251010,095500,1.54,1.54,1.53,1.54,9000,0
2415.HK,5,20251013,033000,1.52,1.52,1.52,1.52,1250,0
2415.HK,5,20251013,034500,1.47,1.47,1.47,1.47,11250,0
2415.HK,5,20251013,035000,1.44,1.44,1.44,1.44,91750,0
2415.HK,5,20251013,040500,1.45,1.46,1.45,1.46,3500,0
2415.HK,5,20251013,042000,1.46,1.46,1.46,1.46,250,0
2415.HK,5,20251013,050500,1.45,1.45,1.45,1.45,39000,0
2415.HK,5,20251013,053000,1.44,1.44,1.43,1.43,19750,0
2415.HK,5,20251013,055500,1.43,1.43,1.43,1.43,20000,0
2415.HK,5,20251013,070500,1.43,1.43,1.43,1.43,1250,0
2415.HK,5,20251013,071000,1.43,1.43,1.43,1.43,18750,0
2415.HK,5,20251013,075500,1.43,1.43,1.43,1.43,37250,0
2415.HK,5,20251013,081500,1.43,1.43,1.43,1.43,500,0
2415.HK,5,20251013,082000,1.43,1.43,1.43,1.43,250,0
2415.HK,5,20251013,083500,1.43,1.43,1.43,1.43,12000,0
2415.HK,5,20251013,085000,1.45,1.45,1.45,1.45,30000,0
2415.HK,5,20251013,093500,1.44,1.46,1.44,1.46,74500,0
2415.HK,5,20251013,095500,1.47,1.47,1.46,1.46,250,0
2415.HK,5,20251014,040000,1.45,1.45,1.45,1.45,19750,0
2415.HK,5,20251014,043000,1.45,1.45,1.45,1.45,13250,0
2415.HK,5,20251014,050000,1.45,1.45,1.45,1.45,3750,0
2415.HK,5,20251014,051000,1.45,1.45,1.45,1.45,1000,0
2415.HK,5,20251014,052500,1.45,1.45,1.45,1.45,20000,0
2415.HK,5,20251014,070000,1.45,1.45,1.45,1.45,5750,0
2415.HK,5,20251014,084000,1.43,1.43,1.43,1.43,7500,0
2415.HK,5,20251014,093500,1.43,1.43,1.43,1.43,50000,0
2415.HK,5,20251014,095000,1.43,1.43,1.43,1.43,8000,0
2415.HK,5,20251014,095500,1.43,1.46,1.43,1.45,1000,0
2415.HK,5,20251015,045500,1.49,1.49,1.49,1.49,45000,0
2415.HK,5,20251015,050000,1.53,1.53,1.53,1.53,10250,0
2415.HK,5,20251015,070000,1.52,1.52,1.52,1.52,6000,0
2415.HK,5,20251015,070500,1.52,1.52,1.52,1.52,250,0
2415.HK,5,20251015,071500,1.52,1.52,1.52,1.52,250,0
2415.HK,5,20251015,074500,1.52,1.52,1.52,1.52,3000,0
2415.HK,5,20251015,080000,1.52,1.52,1.52,1.52,1000,0
2415.HK,5,20251015,080500,1.50,1.50,1.50,1.50,11000,0
2415.HK,5,20251015,082000,1.51,1.51,1.51,1.51,1000,0
2415.HK,5,20251015,093000,1.51,1.51,1.51,1.51,250,0
2415.HK,5,20251015,093500,1.49,1.49,1.49,1.49,250,0
2415.HK,5,20251015,095500,1.49,1.49,1.49,1.49,250,0
2415.HK,5,20251016,081000,1.50,1.50,1.50,1.50,3750,0
2415.HK,5,20251017,052500,1.44,1.44,1.44,1.44,250,0
2415.HK,5,20251017,070000,1.44,1.44,1.44,1.44,20000,0
2415.HK,5,20251017,075000,1.44,1.44,1.44,1.44,500,0
2415.HK,5,20251017,081000,1.47,1.47,1.47,1.47,9500,0
2415.HK,5,20251017,083000,1.47,1.47,1.47,1.47,6500,0
2415.HK,5,20251017,085500,1.45,1.45,1.45,1.45,19000,0
2415.HK,5,20251017,092500,1.46,1.46,1.46,1.46,3250,0
2415.HK,5,20251017,095000,1.46,1.46,1.46,1.46,9500,0
2415.HK,5,20251017,095500,1.45,1.47,1.45,1.47,8000,0
2415.HK,5,20251020,051500,1.46,1.46,1.46,1.46,10000,0
2415.HK,5,20251020,073500,1.47,1.47,1.47,1.47,1500,0
2415.HK,5,20251020,083500,1.48,1.48,1.48,1.48,70000,0
2415.HK,5,20251020,093000,1.47,1.47,1.47,1.47,20000,0
2415.HK,5,20251020,095500,1.48,1.48,1.47,1.48,21000,0
2415.HK,5,20251021,041000,1.48,1.48,1.48,1.48,250,0
2415.HK,5,20251021,053000,1.44,1.44,1.44,1.44,20000,0
2415.HK,5,20251021,075500,1.44,1.44,1.44,1.44,250,0
2415.HK,5,20251021,081500,1.46,1.46,1.46,1.46,20000,0
2415.HK,5,20251021,090000,1.44,1.44,1.44,1.44,250,0
2415.HK,5,20251021,092000,1.46,1.46,1.46,1.46,9500,0
2415.HK,5,20251021,095500,1.44,1.46,1.44,1.46,305750,0
2415.HK,5,20251022,050000,1.46,1.53,1.46,1.53,1500,0
2415.HK,5,20251022,073500,1.46,1.46,1.46,1.46,2500,0
2415.HK,5,20251023,045000,1.44,1.44,1.44,1.44,8750,0
2415.HK,5,20251023,050500,1.44,1.44,1.44,1.44,250,0
2415.HK,5,20251023,051000,1.44,1.44,1.44,1.44,60000,0
2415.HK,5,20251023,052000,1.45,1.45,1.45,1.45,11000,0
2415.HK,5,20251023,090500,1.44,1.44,1.43,1.44,84750,0
2415.HK,5,20251023,091000,1.44,1.44,1.44,1.44,221750,0
2415.HK,5,20251023,095500,1.43,1.43,1.43,1.43,1750,0
2415.HK,5,20251024,075000,1.44,1.44,1.44,1.44,5000,0
2415.HK,5,20251024,085000,1.44,1.44,1.44,1.44,5000,0
2415.HK,5,20251024,090500,1.44,1.44,1.44,1.44,4500,0
2415.HK,5,20251024,095500,1.45,1.50,1.45,1.49,54250,0
2415.HK,5,20251027,064000,1.49,1.49,1.49,1.49,57750,0
2415.HK,5,20251027,064500,1.50,1.50,1.50,1.50,12250,0
2415.HK,5,20251028,084500,1.49,1.49,1.49,1.49,5000,0
2415.HK,5,20251030,083500,1.48,1.48,1.48,1.48,250,0
2415.HK,5,20251031,062500,1.53,1.53,1.53,1.53,500,0
2415.HK,5,20251031,085000,1.50,1.50,1.50,1.50,10000,0
2415.HK,5,20251031,085500,1.43,1.43,1.43,1.43,1750,0
2415.HK,5,20251103,083500,1.47,1.50,1.47,1.50,81500,0
2415.HK,5,20251103,084000,1.50,1.50,1.50,1.50,18500,0
2415.HK,5,20251103,084500,1.50,1.50,1.50,1.50,2250,0
2415.HK,5,20251103,085500,1.50,1.50,1.47,1.47,1250,0
2415.HK,5,20251104,023000,1.48,1.48,1.48,1.48,58750,0
2415.HK,5,20251104,023500,1.48,1.53,1.48,1.53,39500,0
2415.HK,5,20251104,024000,1.53,1.58,1.53,1.58,3000,0
2415.HK,5,20251104,024500,1.53,1.53,1.53,1.53,10000,0
2415.HK,5,20251104,025000,1.54,1.54,1.54,1.54,8750,0
2415.HK,5,20251104,025500,1.54,1.54,1.54,1.54,2000,0
2415.HK,5,20251104,030500,1.54,1.54,1.54,1.54,500,0
2415.HK,5,20251104,031000,1.54,1.54,1.51,1.53,44250,0
2415.HK,5,20251104,032000,1.52,1.52,1.52,1.52,250,0
2415.HK,5,20251104,034000,1.53,1.53,1.53,1.53,32250,0
2415.HK,5,20251104,035000,1.53,1.53,1.53,1.53,500,0
2415.HK,5,20251104,060500,1.52,1.52,1.52,1.52,20000,0
2415.HK,5,20251104,065500,1.52,1.52,1.52,1.52,5750,0
2415.HK,5,20251104,083500,1.52,1.54,1.52,1.54,65750,0
2415.HK,5,20251104,084500,1.54,1.54,1.54,1.54,3250,0
2415.HK,5,20251104,085500,1.54,1.55,1.54,1.55,3500,0
2415.HK,5,20251105,063500,1.50,1.50,1.50,1.50,3000,0
2415.HK,5,20251105,064500,1.48,1.49,1.48,1.49,500,0
2415.HK,5,20251105,070000,1.50,1.50,1.50,1.50,1000,0
2415.HK,5,20251105,074000,1.49,1.49,1.49,1.49,1000,0
2415.HK,5,20251105,074500,1.49,1.49,1.49,1.49,4500,0
2415.HK,5,20251105,075000,1.50,1.50,1.50,1.50,1000,0
2415.HK,5,20251105,085500,1.48,1.48,1.48,1.48,500,0
2415.HK,5,20251106,030000,1.47,1.47,1.47,1.47,40000,0
2415.HK,5,20251106,034500,1.46,1.46,1.46,1.46,1500,0
2415.HK,5,20251106,035000,1.46,1.46,1.46,1.46,1250,0
2415.HK,5,20251106,042000,1.46,1.47,1.46,1.47,50500,0
2415.HK,5,20251106,042500,1.46,1.46,1.46,1.46,50000,0
2415.HK,5,20251106,075500,1.46,1.48,1.46,1.48,57000,0
2415.HK,5,20251106,080000,1.46,1.46,1.46,1.46,32000,0
2415.HK,5,20251106,080500,1.46,1.46,1.46,1.46,58250,0
2415.HK,5,20251106,081000,1.46,1.46,1.46,1.46,1750,0
2415.HK,5,20251106,084000,1.46,1.46,1.46,1.46,10000,0
2415.HK,5,20251107,030000,1.47,1.47,1.45,1.46,2250,0
2415.HK,5,20251107,031000,1.43,1.43,1.43,1.43,750,0
2415.HK,5,20251107,032000,1.43,1.43,1.43,1.43,9250,0
2415.HK,5,20251107,035000,1.43,1.43,1.43,1.43,750,0
2415.HK,5,20251107,040000,1.43,1.43,1.43,1.43,500,0
2415.HK,5,20251107,074500,1.44,1.44,1.44,1.44,250,0
2415.HK,5,20251107,082000,1.43,1.43,1.43,1.43,1500,0
2415.HK,5,20251110,023500,1.47,1.47,1.47,1.47,500,0
2415.HK,5,20251110,031000,1.42,1.42,1.42,1.42,6250,0
2415.HK,5,20251110,032500,1.44,1.44,1.43,1.43,1000,0
2415.HK,5,20251110,042500,1.42,1.42,1.42,1.42,50000,0
2415.HK,5,20251110,065500,1.42,1.42,1.42,1.42,100000,0
2415.HK,5,20251110,070500,1.42,1.42,1.42,1.42,41000,0
2415.HK,5,20251110,071000,1.42,1.42,1.42,1.42,9000,0
2415.HK,5,20251110,071500,1.42,1.42,1.42,1.42,50000,0
2415.HK,5,20251110,072500,1.42,1.42,1.42,1.42,37000,0
2415.HK,5,20251110,073000,1.42,1.42,1.42,1.42,13000,0
2415.HK,5,20251110,073500,1.42,1.42,1.42,1.42,37000,0
2415.HK,5,20251110,075000,1.42,1.42,1.42,1.42,66000,0
2415.HK,5,20251110,081500,1.42,1.42,1.42,1.42,56000,0
2415.HK,5,20251110,083000,1.42,1.42,1.42,1.42,101000,0
2415.HK,5,20251110,083500,1.42,1.42,1.42,1.42,38000,0
2415.HK,5,20251110,085500,1.42,1.42,1.41,1.42,372250,0
2415.HK,5,20251111,030000,1.42,1.42,1.42,1.42,29500,0
2415.HK,5,20251111,043500,1.43,1.43,1.43,1.43,500,0
2415.HK,5,20251111,045000,1.42,1.42,1.42,1.42,750,0
2415.HK,5,20251111,061000,1.42,1.42,1.42,1.42,39000,0
2415.HK,5,20251111,064000,1.42,1.42,1.42,1.42,52000,0
2415.HK,5,20251111,065000,1.42,1.42,1.42,1.42,103000,0
2415.HK,5,20251111,065500,1.42,1.42,1.42,1.42,125000,0
2415.HK,5,20251111,071500,1.42,1.42,1.42,1.42,30000,0
2415.HK,5,20251111,075500,1.43,1.43,1.43,1.43,500,0
2415.HK,5,20251111,082500,1.42,1.42,1.42,1.42,53000,0
2415.HK,5,20251111,083000,1.42,1.42,1.42,1.42,102000,0
2415.HK,5,20251111,085000,1.42,1.42,1.42,1.42,131000,0
2415.HK,5,20251111,085500,1.42,1.42,1.42,1.42,394000,0
2415.HK,5,20251112,024000,1.45,1.45,1.42,1.42,3250,0
2415.HK,5,20251112,032000,1.45,1.45,1.45,1.45,250,0
2415.HK,5,20251112,041500,1.45,1.45,1.45,1.45,10000,0
2415.HK,5,20251112,060000,1.42,1.42,1.42,1.42,1500,0
2415.HK,5,20251112,081000,1.42,1.42,1.42,1.42,1750,0
2415.HK,5,20251113,035500,1.41,1.41,1.41,1.41,5000,0
2415.HK,5,20251113,042500,1.41,1.41,1.41,1.41,89750,0
2415.HK,5,20251113,045500,1.41,1.41,1.41,1.41,50000,0
2415.HK,5,20251113,072500,1.40,1.40,1.40,1.40,250,0
2415.HK,5,20251113,073000,1.40,1.40,1.40,1.40,500,0
2415.HK,5,20251113,074000,1.40,1.40,1.40,1.40,60000,0
2415.HK,5,20251113,074500,1.44,1.44,1.44,1.44,500,0
2415.HK,5,20251113,075000,1.44,1.44,1.41,1.41,16250,0
2415.HK,5,20251113,075500,1.42,1.42,1.42,1.42,500,0
2415.HK,5,20251113,080500,1.42,1.42,1.42,1.42,2500,0
2415.HK,5,20251113,085000,1.40,1.40,1.35,1.38,107750,0
2415.HK,5,20251113,085500,1.40,1.40,1.40,1.40,2000,0
2415.HK,5,20251114,023000,1.40,1.40,1.40,1.40,4250,0
2415.HK,5,20251114,023500,1.44,1.44,1.44,1.44,3000,0
2415.HK,5,20251114,024000,1.47,1.47,1.47,1.47,500,0
2415.HK,5,20251114,040000,1.44,1.44,1.44,1.44,250,0
2415.HK,5,20251114,063000,1.42,1.42,1.42,1.42,20750,0
2415.HK,5,20251114,065000,1.42,1.42,1.42,1.42,1250,0
2415.HK,5,20251114,072500,1.42,1.42,1.42,1.42,1000,0
2415.HK,5,20251114,074500,1.41,1.41,1.41,1.41,9000,0
2415.HK,5,20251114,075000,1.43,1.43,1.41,1.41,7250,0
2415.HK,5,20251114,081500,1.41,1.43,1.41,1.43,20250,0
2415.HK,5,20251114,082500,1.41,1.41,1.41,1.41,64000,0
2415.HK,5,20251114,083000,1.41,1.41,1.41,1.41,4000,0
2415.HK,5,20251114,083500,1.43,1.43,1.43,1.43,250,0
2415.HK,5,20251114,085500,1.41,1.41,1.41,1.41,50000,0
2415.HK,5,20251117,035500,1.40,1.40,1.40,1.40,250,0
2415.HK,5,20251117,043500,1.40,1.40,1.40,1.40,1000,0
2415.HK,5,20251117,062500,1.42,1.42,1.42,1.42,500,0
2415.HK,5,20251117,080000,1.41,1.41,1.41,1.41,750,0
2415.HK,5,20251117,085500,1.38,1.38,1.38,1.38,2750,0
2415.HK,5,20251118,034500,1.37,1.37,1.37,1.37,10000,0
2415.HK,5,20251118,040000,1.37,1.37,1.37,1.37,9250,0
2415.HK,5,20251118,040500,1.37,1.37,1.37,1.37,3500,0
2415.HK,5,20251118,083500,1.39,1.39,1.39,1.39,250,0
2415.HK,5,20251118,085000,1.39,1.39,1.39,1.39,5500,0
2415.HK,5,20251118,085500,1.39,1.39,1.37,1.37,3000,0
2415.HK,5,20251119,080500,1.38,1.38,1.38,1.38,22250,0
2415.HK,5,20251120,045000,1.42,1.42,1.42,1.42,250,0
2415.HK,5,20251121,042000,1.35,1.35,1.35,1.35,1750,0
2415.HK,5,20251121,060000,1.32,1.32,1.32,1.32,500,0
2415.HK,5,20251121,061000,1.32,1.32,1.32,1.32,750,0
2415.HK,5,20251121,064500,1.32,1.32,1.32,1.32,250,0
2415.HK,5,20251121,073000,1.29,1.30,1.29,1.30,38000,0
2415.HK,5,20251121,074000,1.33,1.33,1.33,1.33,250,0
2415.HK,5,20251121,085500,1.30,1.30,1.30,1.30,20250,0
2415.HK,5,20251124,024000,1.29,1.29,1.29,1.29,23000,0
2415.HK,5,20251124,030500,1.30,1.30,1.29,1.29,10750,0
2415.HK,5,20251124,064000,1.26,1.28,1.26,1.28,58000,0
2415.HK,5,20251124,064500,1.28,1.29,1.28,1.29,100000,0
2415.HK,5,20251124,071000,1.29,1.38,1.29,1.38,28000,0
2415.HK,5,20251124,082500,1.33,1.33,1.33,1.33,2000,0
2415.HK,5,20251124,083500,1.33,1.34,1.33,1.34,11250,0
2415.HK,5,20251124,085500,1.32,1.32,1.32,1.32,3000,0
2415.HK,5,20251125,030500,1.32,1.32,1.32,1.32,7750,0
2415.HK,5,20251125,032500,1.32,1.32,1.32,1.32,2250,0
2415.HK,5,20251125,033000,1.38,1.38,1.38,1.38,250,0
2415.HK,5,20251125,034500,1.31,1.31,1.31,1.31,28750,0
2415.HK,5,20251125,040500,1.31,1.31,1.29,1.29,4500,0
2415.HK,5,20251125,060000,1.36,1.36,1.36,1.36,250,0
2415.HK,5,20251125,075500,1.36,1.36,1.36,1.36,250,0
2415.HK,5,20251125,080000,1.35,1.35,1.35,1.35,250,0
2415.HK,5,20251125,084000,1.35,1.35,1.35,1.35,50000,0
2415.HK,5,20251125,085500,1.35,1.35,1.35,1.35,1750,0
2415.HK,5,20251126,042000,1.38,1.38,1.36,1.36,250,0
2415.HK,5,20251127,085500,1.34,1.34,1.34,1.34,750,0
2415.HK,5,20251128,034000,1.36,1.36,1.36,1.36,42250,0
2415.HK,5,20251128,061000,1.35,1.35,1.35,1.35,1500,0
2415.HK,5,20251128,064000,1.35,1.35,1.32,1.32,4500,0
2415.HK,5,20251128,070000,1.35,1.35,1.35,1.35,1250,0
2415.HK,5,20251128,072000,1.36,1.36,1.36,1.36,3250,0
2415.HK,5,20251128,082000,1.36,1.36,1.36,1.36,3500,0
2415.HK,5,20251128,084500,1.36,1.36,1.36,1.36,2500,0
2415.HK,5,20251128,085500,1.36,1.36,1.32,1.32,5000,0
2415.HK,5,20251201,025000,1.39,1.39,1.39,1.39,250,0
2415.HK,5,20251201,030000,1.35,1.35,1.35,1.35,750,0
2415.HK,5,20251202,033000,1.32,1.32,1.31,1.31,37250,0
2415.HK,5,20251202,035000,1.31,1.31,1.31,1.31,250,0
2415.HK,5,20251202,040500,1.31,1.31,1.31,1.31,250,0
2415.HK,5,20251202,042500,1.31,1.31,1.31,1.31,250,0
2415.HK,5,20251202,044000,1.31,1.31,1.31,1.31,250,0
2415.HK,5,20251202,045500,1.31,1.31,1.31,1.31,250,0
2415.HK,5,20251202,061500,1.31,1.31,1.31,1.31,250,0
2415.HK,5,20251202,063000,1.31,1.31,1.31,1.31,250,0
2415.HK,5,20251202,064500,1.31,1.31,1.31,1.31,250,0
2415.HK,5,20251202,070000,1.31,1.31,1.31,1.31,250,0
2415.HK,5,20251202,071500,1.31,1.31,1.31,1.31,250,0
2415.HK,5,20251202,073500,1.31,1.31,1.31,1.31,250,0
2415.HK,5,20251202,075000,1.31,1.31,1.31,1.31,250,0
2415.HK,5,20251202,080500,1.31,1.31,1.30,1.30,750,0
2415.HK,5,20251202,081500,1.29,1.29,1.29,1.29,1000,0
2415.HK,5,20251202,083500,1.29,1.29,1.29,1.29,4000,0
2415.HK,5,20251202,085500,1.30,1.31,1.30,1.30,500,0
2415.HK,5,20251203,072000,1.30,1.33,1.30,1.33,32500,0
2415.HK,5,20251203,072500,1.34,1.34,1.34,1.34,250,0
2415.HK,5,20251203,080000,1.31,1.31,1.31,1.31,250,0
2415.HK,5,20251203,084500,1.31,1.31,1.31,1.31,250,0
2415.HK,5,20251203,085000,1.31,1.31,1.31,1.31,250,0
2415.HK,5,20251203,085500,1.31,1.31,1.31,1.31,250,0
2415.HK,5,20251204,044500,1.39,1.39,1.39,1.39,250,0
2415.HK,5,20251204,072000,1.31,1.31,1.31,1.31,6750,0
2415.HK,5,20251204,075500,1.30,1.30,1.28,1.28,116750,0
2415.HK,5,20251204,083500,1.29,1.29,1.29,1.29,30000,0
2415.HK,5,20251204,084500,1.30,1.30,1.25,1.25,1000,0
2415.HK,5,20251204,085500,1.30,1.30,1.25,1.25,250,0
