<TICKER>,<PER>,<DATE>,<TIME>,<OPEN>,<HIGH>,<LOW>,<CLOSE>,<VOL>,<OPENINT>
243.HK,5,20250709,033000,0.21,0.211,0.202,0.205,225000,0
243.HK,5,20250709,033500,0.20,0.20,0.20,0.20,18000,0
243.HK,5,20250709,034000,0.199,0.205,0.199,0.205,144000,0
243.HK,5,20250709,035000,0.205,0.205,0.205,0.205,90000,0
243.HK,5,20250709,035500,0.208,0.209,0.208,0.209,126000,0
243.HK,5,20250709,040000,0.206,0.206,0.206,0.206,45000,0
243.HK,5,20250709,040500,0.206,0.206,0.206,0.206,90000,0
243.HK,5,20250709,041000,0.206,0.206,0.206,0.206,63000,0
243.HK,5,20250709,042500,0.206,0.206,0.206,0.206,36000,0
243.HK,5,20250709,043000,0.21,0.214,0.21,0.214,27000,0
243.HK,5,20250709,044000,0.208,0.214,0.206,0.214,54000,0
243.HK,5,20250709,044500,0.212,0.212,0.21,0.21,18000,0
243.HK,5,20250709,045000,0.214,0.216,0.214,0.216,99000,0
243.HK,5,20250709,051000,0.212,0.212,0.212,0.212,63000,0
243.HK,5,20250709,051500,0.208,0.208,0.203,0.203,198000,0
243.HK,5,20250709,053000,0.21,0.21,0.21,0.21,9000,0
243.HK,5,20250709,075500,0.21,0.21,0.21,0.21,36000,0
243.HK,5,20250709,080000,0.211,0.211,0.211,0.211,9000,0
243.HK,5,20250709,083500,0.205,0.205,0.205,0.205,63000,0
243.HK,5,20250709,084000,0.204,0.204,0.204,0.204,99000,0
243.HK,5,20250709,084500,0.211,0.211,0.203,0.203,180000,0
243.HK,5,20250709,092000,0.203,0.203,0.201,0.201,54000,0
243.HK,5,20250709,092500,0.202,0.202,0.20,0.20,63000,0
243.HK,5,20250709,093500,0.196,0.196,0.196,0.196,9000,0
243.HK,5,20250709,094000,0.196,0.196,0.19,0.19,90000,0
243.HK,5,20250709,094500,0.184,0.185,0.184,0.185,27000,0
243.HK,5,20250709,095000,0.186,0.191,0.185,0.191,36000,0
243.HK,5,20250709,095500,0.185,0.192,0.185,0.192,27000,0
243.HK,5,20250710,033000,0.211,0.211,0.195,0.195,18000,0
243.HK,5,20250710,034000,0.195,0.195,0.195,0.195,45000,0
243.HK,5,20250710,042000,0.193,0.195,0.193,0.195,36000,0
243.HK,5,20250710,043500,0.196,0.199,0.196,0.199,72000,0
243.HK,5,20250710,053000,0.193,0.193,0.193,0.193,9000,0
243.HK,5,20250710,070500,0.192,0.192,0.192,0.192,9000,0
243.HK,5,20250710,072000,0.192,0.192,0.192,0.192,9000,0
243.HK,5,20250710,073000,0.193,0.193,0.193,0.193,9000,0
243.HK,5,20250710,073500,0.194,0.194,0.194,0.194,9000,0
243.HK,5,20250710,082000,0.198,0.199,0.198,0.199,54000,0
243.HK,5,20250710,083500,0.203,0.203,0.203,0.203,27000,0
243.HK,5,20250710,090000,0.207,0.207,0.207,0.207,9000,0
243.HK,5,20250710,093000,0.20,0.20,0.20,0.20,36000,0
243.HK,5,20250710,093500,0.20,0.20,0.20,0.20,45000,0
243.HK,5,20250710,095000,0.198,0.198,0.195,0.195,27000,0
243.HK,5,20250711,033000,0.216,0.225,0.215,0.225,387000,0
243.HK,5,20250711,033500,0.225,0.255,0.225,0.248,369000,0
243.HK,5,20250711,034000,0.24,0.305,0.24,0.305,576000,0
243.HK,5,20250711,034500,0.315,0.325,0.28,0.325,549000,0
243.HK,5,20250711,035000,0.33,0.375,0.325,0.345,1233000,0
243.HK,5,20250711,035500,0.34,0.345,0.29,0.32,864000,0
243.HK,5,20250711,040000,0.315,0.33,0.315,0.325,540000,0
243.HK,5,20250711,040500,0.325,0.415,0.325,0.41,1449000,0
243.HK,5,20250711,041000,0.41,0.43,0.355,0.355,1503000,0
243.HK,5,20250711,041500,0.355,0.38,0.35,0.36,1044000,0
243.HK,5,20250711,042000,0.36,0.375,0.345,0.36,1089000,0
243.HK,5,20250711,042500,0.36,0.37,0.34,0.34,198000,0
243.HK,5,20250711,043000,0.335,0.335,0.305,0.32,558000,0
243.HK,5,20250711,043500,0.325,0.335,0.315,0.335,315000,0
243.HK,5,20250711,044000,0.335,0.335,0.32,0.32,207000,0
243.HK,5,20250711,044500,0.32,0.335,0.32,0.335,90000,0
243.HK,5,20250711,045000,0.32,0.32,0.32,0.32,171000,0
243.HK,5,20250711,045500,0.33,0.33,0.33,0.33,72000,0
243.HK,5,20250711,050000,0.32,0.32,0.315,0.315,189000,0
243.HK,5,20250711,050500,0.315,0.325,0.315,0.325,171000,0
243.HK,5,20250711,051000,0.315,0.315,0.31,0.315,144000,0
243.HK,5,20250711,051500,0.31,0.315,0.31,0.315,45000,0
243.HK,5,20250711,052000,0.315,0.315,0.315,0.315,90000,0
243.HK,5,20250711,052500,0.315,0.325,0.315,0.315,189000,0
243.HK,5,20250711,053000,0.325,0.34,0.325,0.34,261000,0
243.HK,5,20250711,053500,0.345,0.345,0.335,0.335,153000,0
243.HK,5,20250711,054000,0.33,0.33,0.33,0.33,27000,0
243.HK,5,20250711,054500,0.325,0.325,0.325,0.325,72000,0
243.HK,5,20250711,055000,0.335,0.335,0.33,0.33,63000,0
243.HK,5,20250711,055500,0.33,0.33,0.32,0.32,180000,0
243.HK,5,20250711,070500,0.32,0.33,0.32,0.33,36000,0
243.HK,5,20250711,071000,0.32,0.32,0.315,0.315,117000,0
243.HK,5,20250711,071500,0.315,0.315,0.315,0.315,27000,0
243.HK,5,20250711,072000,0.31,0.32,0.31,0.32,441000,0
243.HK,5,20250711,072500,0.31,0.31,0.31,0.31,63000,0
243.HK,5,20250711,073000,0.31,0.31,0.31,0.31,27000,0
243.HK,5,20250711,073500,0.305,0.305,0.305,0.305,27000,0
243.HK,5,20250711,074000,0.305,0.305,0.305,0.305,108000,0
243.HK,5,20250711,074500,0.305,0.305,0.305,0.305,72000,0
243.HK,5,20250711,075000,0.305,0.305,0.30,0.30,99000,0
243.HK,5,20250711,075500,0.295,0.295,0.29,0.295,135000,0
243.HK,5,20250711,080000,0.295,0.295,0.295,0.295,81000,0
243.HK,5,20250711,081000,0.295,0.295,0.295,0.295,45000,0
243.HK,5,20250711,081500,0.29,0.29,0.285,0.285,126000,0
243.HK,5,20250711,082000,0.28,0.28,0.28,0.28,27000,0
243.HK,5,20250711,082500,0.28,0.28,0.275,0.275,108000,0
243.HK,5,20250711,083000,0.27,0.27,0.27,0.27,27000,0
243.HK,5,20250711,083500,0.27,0.285,0.27,0.28,81000,0
243.HK,5,20250711,084000,0.28,0.28,0.28,0.28,27000,0
243.HK,5,20250711,084500,0.285,0.285,0.285,0.285,18000,0
243.HK,5,20250711,085000,0.29,0.29,0.285,0.285,144000,0
243.HK,5,20250711,085500,0.29,0.29,0.29,0.29,27000,0
243.HK,5,20250711,090000,0.29,0.29,0.29,0.29,36000,0
243.HK,5,20250711,090500,0.295,0.295,0.295,0.295,117000,0
243.HK,5,20250711,091000,0.30,0.305,0.30,0.305,36000,0
243.HK,5,20250711,091500,0.305,0.305,0.305,0.305,18000,0
243.HK,5,20250711,092000,0.295,0.295,0.29,0.29,72000,0
243.HK,5,20250711,092500,0.29,0.29,0.29,0.29,81000,0
243.HK,5,20250711,093000,0.285,0.285,0.285,0.285,63000,0
243.HK,5,20250711,094000,0.285,0.285,0.285,0.285,18000,0
243.HK,5,20250711,094500,0.28,0.295,0.28,0.295,162000,0
243.HK,5,20250711,095000,0.295,0.30,0.295,0.30,45000,0
243.HK,5,20250711,095500,0.30,0.30,0.30,0.30,135000,0
243.HK,5,20250714,033000,0.29,0.29,0.29,0.29,252000,0
243.HK,5,20250714,033500,0.29,0.29,0.29,0.29,81000,0
243.HK,5,20250714,034000,0.27,0.29,0.265,0.29,153000,0
243.HK,5,20250714,034500,0.295,0.295,0.295,0.295,9000,0
243.HK,5,20250714,035500,0.28,0.28,0.28,0.28,9000,0
243.HK,5,20250714,040500,0.28,0.28,0.28,0.28,27000,0
243.HK,5,20250714,042000,0.29,0.29,0.29,0.29,45000,0
243.HK,5,20250714,044000,0.28,0.28,0.28,0.28,18000,0
243.HK,5,20250714,045000,0.28,0.28,0.275,0.275,72000,0
243.HK,5,20250714,054500,0.27,0.27,0.27,0.27,81000,0
243.HK,5,20250714,055500,0.275,0.275,0.275,0.275,36000,0
243.HK,5,20250714,070000,0.275,0.275,0.275,0.275,9000,0
243.HK,5,20250714,080000,0.27,0.27,0.27,0.27,36000,0
243.HK,5,20250714,083000,0.27,0.27,0.27,0.27,18000,0
243.HK,5,20250714,090000,0.27,0.27,0.27,0.27,45000,0
243.HK,5,20250714,091000,0.275,0.275,0.27,0.27,126000,0
243.HK,5,20250714,091500,0.265,0.265,0.265,0.265,54000,0
243.HK,5,20250714,095500,0.265,0.265,0.265,0.265,9000,0
243.HK,5,20250715,033000,0.275,0.28,0.275,0.28,36000,0
243.HK,5,20250715,035000,0.28,0.28,0.28,0.28,27000,0
243.HK,5,20250715,035500,0.285,0.285,0.285,0.285,9000,0
243.HK,5,20250715,040000,0.28,0.28,0.28,0.28,9000,0
243.HK,5,20250715,041500,0.28,0.28,0.28,0.28,18000,0
243.HK,5,20250715,042000,0.285,0.285,0.285,0.285,36000,0
243.HK,5,20250715,042500,0.295,0.295,0.295,0.295,9000,0
243.HK,5,20250715,043000,0.295,0.295,0.295,0.295,27000,0
243.HK,5,20250715,043500,0.30,0.30,0.30,0.30,54000,0
243.HK,5,20250715,044000,0.30,0.305,0.29,0.29,90000,0
243.HK,5,20250715,045500,0.275,0.275,0.255,0.255,63000,0
243.HK,5,20250715,050500,0.255,0.255,0.255,0.255,9000,0
243.HK,5,20250715,053500,0.27,0.27,0.27,0.27,9000,0
243.HK,5,20250715,055000,0.27,0.285,0.27,0.285,18000,0
243.HK,5,20250715,055500,0.285,0.285,0.285,0.285,9000,0
243.HK,5,20250715,070000,0.285,0.29,0.285,0.29,99000,0
243.HK,5,20250715,070500,0.295,0.295,0.295,0.295,9000,0
243.HK,5,20250715,072000,0.285,0.285,0.285,0.285,234000,0
243.HK,5,20250715,082000,0.285,0.285,0.285,0.285,9000,0
243.HK,5,20250715,082500,0.28,0.28,0.28,0.28,18000,0
243.HK,5,20250715,084000,0.28,0.28,0.28,0.28,36000,0
243.HK,5,20250715,084500,0.29,0.29,0.28,0.28,18000,0
243.HK,5,20250715,093500,0.275,0.275,0.275,0.275,36000,0
243.HK,5,20250715,095500,0.285,0.285,0.285,0.285,18000,0
243.HK,5,20250716,033000,0.29,0.295,0.29,0.295,45000,0
243.HK,5,20250716,033500,0.30,0.30,0.30,0.30,63000,0
243.HK,5,20250716,034000,0.30,0.30,0.30,0.30,72000,0
243.HK,5,20250716,034500,0.30,0.305,0.30,0.305,36000,0
243.HK,5,20250716,035000,0.305,0.31,0.305,0.31,225000,0
243.HK,5,20250716,035500,0.315,0.34,0.315,0.32,279000,0
243.HK,5,20250716,040000,0.32,0.32,0.30,0.30,99000,0
243.HK,5,20250716,040500,0.305,0.305,0.30,0.30,225000,0
243.HK,5,20250716,041000,0.295,0.295,0.285,0.29,162000,0
243.HK,5,20250716,042000,0.29,0.29,0.29,0.29,9000,0
243.HK,5,20250716,042500,0.30,0.30,0.30,0.30,18000,0
243.HK,5,20250716,043000,0.30,0.30,0.30,0.30,9000,0
243.HK,5,20250716,043500,0.30,0.305,0.30,0.305,18000,0
243.HK,5,20250716,044000,0.30,0.30,0.30,0.30,99000,0
243.HK,5,20250716,050500,0.30,0.30,0.30,0.30,9000,0
243.HK,5,20250716,051000,0.295,0.295,0.295,0.295,9000,0
243.HK,5,20250716,052500,0.295,0.295,0.295,0.295,99000,0
243.HK,5,20250716,071500,0.295,0.295,0.295,0.295,18000,0
243.HK,5,20250716,073000,0.285,0.285,0.285,0.285,117000,0
243.HK,5,20250716,073500,0.285,0.285,0.285,0.285,18000,0
243.HK,5,20250716,074500,0.28,0.285,0.28,0.285,45000,0
243.HK,5,20250716,085000,0.285,0.285,0.285,0.285,36000,0
243.HK,5,20250716,095500,0.29,0.29,0.29,0.29,9000,0
243.HK,5,20250717,071500,0.28,0.28,0.28,0.28,9000,0
243.HK,5,20250717,072500,0.275,0.28,0.275,0.28,18000,0
243.HK,5,20250717,073500,0.285,0.285,0.285,0.285,9000,0
243.HK,5,20250717,082500,0.275,0.275,0.265,0.265,54000,0
243.HK,5,20250717,083000,0.265,0.265,0.26,0.26,54000,0
243.HK,5,20250717,090500,0.265,0.265,0.265,0.265,27000,0
243.HK,5,20250717,091500,0.265,0.265,0.265,0.265,18000,0
243.HK,5,20250717,092000,0.265,0.265,0.265,0.265,45000,0
243.HK,5,20250717,094000,0.265,0.265,0.265,0.265,18000,0
243.HK,5,20250717,095000,0.265,0.265,0.265,0.265,27000,0
243.HK,5,20250717,095500,0.265,0.27,0.265,0.27,36000,0
243.HK,5,20250718,033500,0.275,0.275,0.27,0.27,18000,0
243.HK,5,20250718,034000,0.26,0.26,0.26,0.26,9000,0
243.HK,5,20250718,034500,0.255,0.255,0.255,0.255,18000,0
243.HK,5,20250718,035000,0.255,0.26,0.255,0.26,18000,0
243.HK,5,20250718,035500,0.27,0.27,0.27,0.27,18000,0
243.HK,5,20250718,040000,0.28,0.28,0.28,0.28,9000,0
243.HK,5,20250718,040500,0.28,0.28,0.28,0.28,27000,0
243.HK,5,20250718,041000,0.285,0.29,0.285,0.29,18000,0
243.HK,5,20250718,041500,0.28,0.28,0.28,0.28,27000,0
243.HK,5,20250718,042000,0.28,0.285,0.28,0.28,36000,0
243.HK,5,20250718,043500,0.275,0.275,0.275,0.275,18000,0
243.HK,5,20250718,050500,0.275,0.275,0.275,0.275,18000,0
243.HK,5,20250718,051000,0.275,0.285,0.275,0.285,18000,0
243.HK,5,20250718,054500,0.275,0.275,0.275,0.275,18000,0
243.HK,5,20250718,070000,0.27,0.27,0.27,0.27,9000,0
243.HK,5,20250718,073500,0.285,0.285,0.285,0.285,9000,0
243.HK,5,20250718,082000,0.27,0.27,0.27,0.27,9000,0
243.HK,5,20250718,082500,0.27,0.28,0.27,0.28,54000,0
243.HK,5,20250718,083500,0.285,0.29,0.285,0.29,18000,0
243.HK,5,20250718,084000,0.29,0.295,0.29,0.29,81000,0
243.HK,5,20250718,094500,0.275,0.275,0.275,0.275,9000,0
243.HK,5,20250718,095000,0.285,0.285,0.285,0.285,81000,0
243.HK,5,20250718,095500,0.29,0.29,0.28,0.29,72000,0
243.HK,5,20250721,033000,0.305,0.31,0.305,0.305,36000,0
243.HK,5,20250721,033500,0.295,0.295,0.295,0.295,45000,0
243.HK,5,20250721,034000,0.31,0.32,0.31,0.32,171000,0
243.HK,5,20250721,034500,0.315,0.315,0.315,0.315,18000,0
243.HK,5,20250721,035000,0.30,0.30,0.30,0.30,9000,0
243.HK,5,20250721,040500,0.31,0.31,0.31,0.31,27000,0
243.HK,5,20250721,044000,0.31,0.31,0.31,0.31,9000,0
243.HK,5,20250721,045500,0.30,0.30,0.30,0.30,9000,0
243.HK,5,20250721,080500,0.29,0.29,0.29,0.29,27000,0
243.HK,5,20250721,084000,0.29,0.29,0.29,0.29,9000,0
243.HK,5,20250721,085000,0.29,0.29,0.29,0.29,9000,0
243.HK,5,20250721,085500,0.30,0.30,0.30,0.30,9000,0
243.HK,5,20250721,091500,0.305,0.305,0.305,0.305,36000,0
243.HK,5,20250721,095500,0.30,0.305,0.30,0.305,45000,0
243.HK,5,20250722,033000,0.315,0.32,0.315,0.32,135000,0
243.HK,5,20250722,033500,0.32,0.32,0.32,0.32,144000,0
243.HK,5,20250722,034000,0.315,0.315,0.315,0.315,27000,0
243.HK,5,20250722,041000,0.30,0.30,0.295,0.295,36000,0
243.HK,5,20250722,043000,0.305,0.305,0.305,0.305,9000,0
243.HK,5,20250722,043500,0.295,0.295,0.295,0.295,18000,0
243.HK,5,20250722,051000,0.305,0.305,0.305,0.305,18000,0
243.HK,5,20250722,053500,0.295,0.295,0.295,0.295,9000,0
243.HK,5,20250722,055000,0.30,0.30,0.30,0.30,9000,0
243.HK,5,20250722,074500,0.29,0.29,0.29,0.29,54000,0
243.HK,5,20250722,081000,0.29,0.29,0.29,0.29,9000,0
243.HK,5,20250722,082000,0.295,0.295,0.295,0.295,36000,0
243.HK,5,20250722,095000,0.29,0.29,0.29,0.29,18000,0
243.HK,5,20250722,095500,0.285,0.285,0.285,0.285,18000,0
243.HK,5,20250723,033000,0.31,0.32,0.305,0.31,288000,0
243.HK,5,20250723,033500,0.31,0.31,0.31,0.31,18000,0
243.HK,5,20250723,034000,0.31,0.31,0.31,0.31,54000,0
243.HK,5,20250723,040500,0.30,0.30,0.30,0.30,18000,0
243.HK,5,20250723,042000,0.305,0.305,0.305,0.305,36000,0
243.HK,5,20250723,042500,0.31,0.31,0.30,0.30,36000,0
243.HK,5,20250723,045000,0.31,0.31,0.31,0.31,81000,0
243.HK,5,20250723,045500,0.31,0.31,0.31,0.31,90000,0
243.HK,5,20250723,050000,0.31,0.31,0.31,0.31,90000,0
243.HK,5,20250723,051000,0.305,0.32,0.305,0.32,108000,0
243.HK,5,20250723,052500,0.305,0.305,0.30,0.30,45000,0
243.HK,5,20250723,053000,0.315,0.32,0.315,0.32,27000,0
243.HK,5,20250723,073500,0.315,0.325,0.315,0.325,216000,0
243.HK,5,20250723,074000,0.325,0.325,0.325,0.325,63000,0
243.HK,5,20250723,074500,0.325,0.33,0.32,0.33,189000,0
243.HK,5,20250723,075000,0.335,0.36,0.335,0.35,288000,0
243.HK,5,20250723,075500,0.335,0.345,0.335,0.34,126000,0
243.HK,5,20250723,080000,0.34,0.34,0.335,0.335,36000,0
243.HK,5,20250723,082500,0.325,0.325,0.315,0.32,72000,0
243.HK,5,20250723,083000,0.325,0.325,0.325,0.325,9000,0
243.HK,5,20250723,083500,0.315,0.315,0.315,0.315,54000,0
243.HK,5,20250723,084500,0.325,0.325,0.325,0.325,9000,0
243.HK,5,20250723,085500,0.325,0.325,0.31,0.31,18000,0
243.HK,5,20250723,090000,0.32,0.335,0.32,0.335,108000,0
243.HK,5,20250723,090500,0.335,0.335,0.335,0.335,45000,0
243.HK,5,20250723,091000,0.33,0.335,0.325,0.325,153000,0
243.HK,5,20250723,091500,0.33,0.33,0.325,0.325,81000,0
243.HK,5,20250723,094500,0.325,0.325,0.325,0.325,18000,0
243.HK,5,20250723,095000,0.33,0.335,0.33,0.33,117000,0
243.HK,5,20250723,095500,0.335,0.34,0.33,0.33,261000,0
243.HK,5,20250724,033000,0.345,0.345,0.34,0.34,45000,0
243.HK,5,20250724,033500,0.345,0.38,0.345,0.375,684000,0
243.HK,5,20250724,034000,0.37,0.41,0.37,0.41,360000,0
243.HK,5,20250724,034500,0.41,0.42,0.39,0.415,540000,0
243.HK,5,20250724,035000,0.41,0.415,0.39,0.39,261000,0
243.HK,5,20250724,035500,0.39,0.455,0.39,0.455,1431000,0
243.HK,5,20250724,040000,0.445,0.46,0.43,0.43,432000,0
243.HK,5,20250724,040500,0.43,0.435,0.41,0.42,270000,0
243.HK,5,20250724,041000,0.425,0.425,0.42,0.425,171000,0
243.HK,5,20250724,041500,0.425,0.45,0.425,0.45,657000,0
243.HK,5,20250724,042000,0.45,0.495,0.45,0.495,1278000,0
243.HK,5,20250724,042500,0.49,0.51,0.48,0.48,1233000,0
243.HK,5,20250724,043000,0.47,0.49,0.47,0.49,702000,0
243.HK,5,20250724,043500,0.485,0.485,0.485,0.485,72000,0
243.HK,5,20250724,044000,0.48,0.48,0.46,0.46,918000,0
243.HK,5,20250724,044500,0.46,0.475,0.46,0.47,225000,0
243.HK,5,20250724,045000,0.47,0.485,0.47,0.48,342000,0
243.HK,5,20250724,045500,0.47,0.47,0.465,0.47,99000,0
243.HK,5,20250724,050000,0.47,0.47,0.465,0.47,81000,0
243.HK,5,20250724,050500,0.47,0.47,0.465,0.465,54000,0
243.HK,5,20250724,051000,0.46,0.46,0.45,0.45,315000,0
243.HK,5,20250724,051500,0.46,0.465,0.455,0.455,117000,0
243.HK,5,20250724,052000,0.45,0.455,0.45,0.45,81000,0
243.HK,5,20250724,052500,0.45,0.45,0.45,0.45,117000,0
243.HK,5,20250724,053000,0.455,0.455,0.455,0.455,54000,0
243.HK,5,20250724,054000,0.46,0.46,0.46,0.46,216000,0
243.HK,5,20250724,054500,0.455,0.465,0.455,0.465,252000,0
243.HK,5,20250724,055000,0.47,0.47,0.455,0.465,72000,0
243.HK,5,20250724,055500,0.465,0.465,0.455,0.465,72000,0
243.HK,5,20250724,070000,0.465,0.47,0.465,0.47,27000,0
243.HK,5,20250724,070500,0.455,0.46,0.44,0.44,315000,0
243.HK,5,20250724,071000,0.44,0.45,0.44,0.45,90000,0
243.HK,5,20250724,071500,0.44,0.445,0.435,0.445,126000,0
243.HK,5,20250724,073000,0.45,0.455,0.45,0.45,144000,0
243.HK,5,20250724,073500,0.455,0.46,0.455,0.46,135000,0
243.HK,5,20250724,074000,0.45,0.45,0.45,0.45,18000,0
243.HK,5,20250724,074500,0.455,0.455,0.455,0.455,36000,0
243.HK,5,20250724,075000,0.45,0.45,0.44,0.44,54000,0
243.HK,5,20250724,075500,0.44,0.44,0.435,0.435,144000,0
243.HK,5,20250724,080000,0.425,0.435,0.425,0.43,117000,0
243.HK,5,20250724,080500,0.435,0.435,0.435,0.435,36000,0
243.HK,5,20250724,081000,0.43,0.43,0.43,0.43,117000,0
243.HK,5,20250724,081500,0.43,0.44,0.43,0.44,162000,0
243.HK,5,20250724,083000,0.435,0.45,0.435,0.45,81000,0
243.HK,5,20250724,083500,0.45,0.45,0.445,0.445,108000,0
243.HK,5,20250724,084000,0.445,0.45,0.445,0.45,63000,0
243.HK,5,20250724,084500,0.445,0.445,0.445,0.445,9000,0
243.HK,5,20250724,085000,0.45,0.455,0.45,0.455,54000,0
243.HK,5,20250724,085500,0.455,0.455,0.44,0.44,153000,0
243.HK,5,20250724,090000,0.445,0.445,0.44,0.44,81000,0
243.HK,5,20250724,090500,0.44,0.44,0.435,0.435,117000,0
243.HK,5,20250724,091000,0.435,0.44,0.435,0.44,81000,0
243.HK,5,20250724,091500,0.445,0.45,0.445,0.45,45000,0
243.HK,5,20250724,092000,0.435,0.44,0.435,0.44,27000,0
243.HK,5,20250724,092500,0.45,0.455,0.45,0.455,90000,0
243.HK,5,20250724,093000,0.455,0.455,0.455,0.455,45000,0
243.HK,5,20250724,093500,0.46,0.46,0.455,0.455,99000,0
243.HK,5,20250724,094000,0.455,0.455,0.455,0.455,18000,0
243.HK,5,20250724,094500,0.455,0.46,0.45,0.455,117000,0
243.HK,5,20250724,095000,0.455,0.455,0.455,0.455,9000,0
243.HK,5,20250724,095500,0.46,0.465,0.46,0.465,135000,0
243.HK,5,20250725,033000,0.485,0.49,0.445,0.49,306000,0
243.HK,5,20250725,033500,0.49,0.50,0.49,0.495,324000,0
243.HK,5,20250725,034000,0.49,0.52,0.485,0.50,297000,0
243.HK,5,20250725,034500,0.52,0.55,0.50,0.55,585000,0
243.HK,5,20250725,035000,0.55,0.60,0.51,0.60,1710000,0
243.HK,5,20250725,035500,0.60,0.61,0.54,0.60,873000,0
243.HK,5,20250725,040000,0.58,0.60,0.58,0.59,459000,0
243.HK,5,20250725,040500,0.59,0.63,0.59,0.60,315000,0
243.HK,5,20250725,041000,0.60,0.62,0.58,0.59,243000,0
243.HK,5,20250725,041500,0.59,0.59,0.58,0.58,45000,0
243.HK,5,20250725,042000,0.58,0.59,0.58,0.58,117000,0
243.HK,5,20250725,042500,0.58,0.58,0.58,0.58,63000,0
243.HK,5,20250725,043000,0.57,0.57,0.54,0.54,333000,0
243.HK,5,20250725,043500,0.55,0.55,0.53,0.53,288000,0
243.HK,5,20250725,044000,0.53,0.56,0.52,0.55,297000,0
243.HK,5,20250725,044500,0.55,0.55,0.53,0.53,54000,0
243.HK,5,20250725,045000,0.54,0.54,0.51,0.51,261000,0
243.HK,5,20250725,045500,0.51,0.54,0.51,0.54,198000,0
243.HK,5,20250725,050000,0.54,0.55,0.52,0.52,261000,0
243.HK,5,20250725,051000,0.55,0.55,0.53,0.53,90000,0
243.HK,5,20250725,051500,0.53,0.54,0.53,0.54,36000,0
243.HK,5,20250725,052000,0.54,0.54,0.54,0.54,18000,0
243.HK,5,20250725,052500,0.54,0.54,0.54,0.54,45000,0
243.HK,5,20250725,053000,0.53,0.53,0.53,0.53,189000,0
243.HK,5,20250725,053500,0.52,0.53,0.52,0.52,189000,0
243.HK,5,20250725,054500,0.53,0.53,0.53,0.53,18000,0
243.HK,5,20250725,055000,0.52,0.52,0.52,0.52,9000,0
243.HK,5,20250725,055500,0.53,0.53,0.53,0.53,18000,0
243.HK,5,20250725,071000,0.52,0.52,0.52,0.52,171000,0
243.HK,5,20250725,071500,0.53,0.53,0.53,0.53,9000,0
243.HK,5,20250725,072000,0.53,0.53,0.51,0.51,144000,0
243.HK,5,20250725,072500,0.51,0.52,0.51,0.52,27000,0
243.HK,5,20250725,073500,0.52,0.52,0.52,0.52,18000,0
243.HK,5,20250725,074000,0.52,0.52,0.52,0.52,90000,0
243.HK,5,20250725,074500,0.52,0.52,0.51,0.51,63000,0
243.HK,5,20250725,075000,0.51,0.51,0.51,0.51,117000,0
243.HK,5,20250725,075500,0.51,0.51,0.50,0.51,189000,0
243.HK,5,20250725,080500,0.51,0.51,0.51,0.51,36000,0
243.HK,5,20250725,081000,0.50,0.50,0.47,0.47,333000,0
243.HK,5,20250725,081500,0.47,0.49,0.47,0.485,126000,0
243.HK,5,20250725,082000,0.49,0.49,0.485,0.49,63000,0
243.HK,5,20250725,083500,0.485,0.485,0.485,0.485,9000,0
243.HK,5,20250725,084000,0.48,0.48,0.48,0.48,9000,0
243.HK,5,20250725,084500,0.48,0.48,0.48,0.48,9000,0
243.HK,5,20250725,085000,0.485,0.49,0.485,0.485,81000,0
243.HK,5,20250725,085500,0.485,0.485,0.485,0.485,45000,0
243.HK,5,20250725,090000,0.49,0.49,0.49,0.49,63000,0
243.HK,5,20250725,090500,0.49,0.49,0.48,0.48,63000,0
243.HK,5,20250725,091000,0.48,0.48,0.48,0.48,90000,0
243.HK,5,20250725,093000,0.495,0.495,0.495,0.495,63000,0
243.HK,5,20250725,093500,0.495,0.495,0.495,0.495,9000,0
243.HK,5,20250725,094000,0.495,0.495,0.495,0.495,36000,0
243.HK,5,20250725,094500,0.50,0.50,0.50,0.50,117000,0
243.HK,5,20250725,095000,0.50,0.50,0.50,0.50,126000,0
243.HK,5,20250725,095500,0.50,0.50,0.49,0.495,126000,0
243.HK,5,20250728,033000,0.50,0.50,0.47,0.47,90000,0
243.HK,5,20250728,033500,0.47,0.47,0.465,0.465,27000,0
243.HK,5,20250728,034000,0.465,0.465,0.45,0.45,54000,0
243.HK,5,20250728,034500,0.45,0.45,0.45,0.45,18000,0
243.HK,5,20250728,035000,0.455,0.46,0.455,0.46,36000,0
243.HK,5,20250728,035500,0.46,0.465,0.46,0.465,108000,0
243.HK,5,20250728,040000,0.475,0.475,0.475,0.475,27000,0
243.HK,5,20250728,040500,0.47,0.47,0.465,0.465,27000,0
243.HK,5,20250728,041000,0.465,0.465,0.465,0.465,18000,0
243.HK,5,20250728,041500,0.475,0.475,0.475,0.475,9000,0
243.HK,5,20250728,042500,0.465,0.465,0.46,0.46,486000,0
243.HK,5,20250728,043000,0.48,0.48,0.48,0.48,9000,0
243.HK,5,20250728,043500,0.48,0.48,0.48,0.48,27000,0
243.HK,5,20250728,045000,0.475,0.475,0.475,0.475,27000,0
243.HK,5,20250728,045500,0.46,0.46,0.46,0.46,54000,0
243.HK,5,20250728,051000,0.475,0.475,0.475,0.475,9000,0
243.HK,5,20250728,055000,0.46,0.46,0.46,0.46,126000,0
243.HK,5,20250728,055500,0.45,0.45,0.45,0.45,90000,0
243.HK,5,20250728,070000,0.45,0.45,0.44,0.44,189000,0
243.HK,5,20250728,071000,0.435,0.435,0.42,0.42,180000,0
243.HK,5,20250728,071500,0.425,0.44,0.42,0.44,135000,0
243.HK,5,20250728,072000,0.445,0.45,0.445,0.45,72000,0
243.HK,5,20250728,072500,0.45,0.475,0.45,0.475,99000,0
243.HK,5,20250728,073000,0.45,0.46,0.45,0.46,81000,0
243.HK,5,20250728,073500,0.435,0.435,0.435,0.435,90000,0
243.HK,5,20250728,074000,0.435,0.435,0.42,0.42,162000,0
243.HK,5,20250728,080500,0.43,0.43,0.43,0.43,9000,0
243.HK,5,20250728,081000,0.44,0.44,0.44,0.44,63000,0
243.HK,5,20250728,081500,0.435,0.435,0.43,0.43,18000,0
243.HK,5,20250728,082500,0.435,0.435,0.43,0.43,63000,0
243.HK,5,20250728,083000,0.43,0.43,0.43,0.43,9000,0
243.HK,5,20250728,084000,0.43,0.43,0.43,0.43,45000,0
243.HK,5,20250728,090000,0.43,0.43,0.43,0.43,45000,0
243.HK,5,20250728,090500,0.43,0.43,0.425,0.425,153000,0
243.HK,5,20250728,091500,0.425,0.425,0.42,0.425,153000,0
243.HK,5,20250728,092500,0.42,0.42,0.42,0.42,198000,0
243.HK,5,20250728,093500,0.42,0.42,0.42,0.42,27000,0
243.HK,5,20250728,094500,0.42,0.42,0.42,0.42,9000,0
243.HK,5,20250728,095000,0.415,0.415,0.415,0.415,27000,0
243.HK,5,20250728,095500,0.415,0.415,0.41,0.41,45000,0
243.HK,5,20250729,033000,0.44,0.44,0.385,0.42,198000,0
243.HK,5,20250729,033500,0.415,0.415,0.415,0.415,54000,0
243.HK,5,20250729,035000,0.405,0.405,0.395,0.395,72000,0
243.HK,5,20250729,035500,0.395,0.395,0.395,0.395,9000,0
243.HK,5,20250729,040000,0.395,0.395,0.395,0.395,9000,0
243.HK,5,20250729,042500,0.395,0.395,0.395,0.395,63000,0
243.HK,5,20250729,043500,0.39,0.39,0.39,0.39,9000,0
243.HK,5,20250729,044000,0.39,0.39,0.39,0.39,18000,0
243.HK,5,20250729,044500,0.39,0.39,0.39,0.39,18000,0
243.HK,5,20250729,045000,0.385,0.385,0.385,0.385,27000,0
243.HK,5,20250729,072000,0.39,0.39,0.39,0.39,54000,0
243.HK,5,20250729,072500,0.385,0.385,0.385,0.385,9000,0
243.HK,5,20250729,074000,0.39,0.39,0.39,0.39,9000,0
243.HK,5,20250729,075000,0.39,0.39,0.39,0.39,36000,0
243.HK,5,20250729,080500,0.395,0.395,0.395,0.395,9000,0
243.HK,5,20250729,081500,0.39,0.39,0.39,0.39,9000,0
243.HK,5,20250729,083500,0.385,0.385,0.385,0.385,45000,0
243.HK,5,20250729,084500,0.39,0.39,0.39,0.39,9000,0
243.HK,5,20250729,085000,0.385,0.385,0.385,0.385,54000,0
243.HK,5,20250729,091500,0.385,0.385,0.385,0.385,36000,0
243.HK,5,20250729,092000,0.385,0.39,0.385,0.39,27000,0
243.HK,5,20250729,092500,0.39,0.39,0.39,0.39,54000,0
243.HK,5,20250729,094500,0.40,0.40,0.40,0.40,9000,0
243.HK,5,20250729,095000,0.41,0.41,0.41,0.41,9000,0
243.HK,5,20250730,033000,0.445,0.445,0.395,0.395,54000,0
243.HK,5,20250730,035500,0.395,0.395,0.395,0.395,54000,0
243.HK,5,20250730,042000,0.40,0.40,0.40,0.40,9000,0
243.HK,5,20250730,043000,0.40,0.40,0.40,0.40,9000,0
243.HK,5,20250730,043500,0.41,0.41,0.41,0.41,9000,0
243.HK,5,20250730,044000,0.41,0.41,0.41,0.41,9000,0
243.HK,5,20250730,045000,0.41,0.41,0.41,0.41,27000,0
243.HK,5,20250730,050500,0.41,0.41,0.41,0.41,27000,0
243.HK,5,20250730,051500,0.41,0.41,0.41,0.41,135000,0
243.HK,5,20250730,053500,0.395,0.395,0.39,0.395,324000,0
243.HK,5,20250730,071000,0.395,0.395,0.395,0.395,18000,0
243.HK,5,20250730,071500,0.395,0.395,0.395,0.395,45000,0
243.HK,5,20250730,073000,0.395,0.395,0.395,0.395,45000,0
243.HK,5,20250730,075000,0.395,0.395,0.395,0.395,9000,0
243.HK,5,20250730,084500,0.395,0.395,0.385,0.385,81000,0
243.HK,5,20250730,085000,0.39,0.39,0.375,0.375,180000,0
243.HK,5,20250730,090000,0.385,0.40,0.385,0.40,18000,0
243.HK,5,20250730,091500,0.38,0.38,0.38,0.38,54000,0
243.HK,5,20250730,093000,0.39,0.39,0.39,0.39,9000,0
243.HK,5,20250730,093500,0.395,0.395,0.395,0.395,45000,0
243.HK,5,20250730,095000,0.395,0.395,0.395,0.395,9000,0
243.HK,5,20250730,095500,0.395,0.405,0.395,0.40,72000,0
243.HK,5,20250731,041000,0.385,0.385,0.385,0.385,99000,0
243.HK,5,20250731,044000,0.385,0.385,0.385,0.385,9000,0
243.HK,5,20250731,044500,0.365,0.375,0.365,0.375,90000,0
243.HK,5,20250731,053500,0.38,0.38,0.38,0.38,9000,0
243.HK,5,20250731,054500,0.39,0.39,0.39,0.39,108000,0
243.HK,5,20250731,070000,0.39,0.39,0.39,0.39,18000,0
243.HK,5,20250731,071000,0.395,0.395,0.395,0.395,9000,0
243.HK,5,20250731,071500,0.395,0.395,0.395,0.395,18000,0
243.HK,5,20250731,082500,0.395,0.395,0.395,0.395,9000,0
243.HK,5,20250731,084000,0.395,0.395,0.395,0.395,18000,0
243.HK,5,20250731,084500,0.395,0.395,0.395,0.395,9000,0
243.HK,5,20250731,090000,0.38,0.38,0.38,0.38,54000,0
243.HK,5,20250731,094500,0.39,0.39,0.39,0.39,9000,0
243.HK,5,20250731,095500,0.38,0.39,0.38,0.39,90000,0
243.HK,5,20250801,033000,0.425,0.425,0.39,0.39,9000,0
243.HK,5,20250801,034000,0.39,0.39,0.39,0.39,27000,0
243.HK,5,20250801,040000,0.365,0.365,0.365,0.365,27000,0
243.HK,5,20250801,041000,0.37,0.37,0.355,0.355,180000,0
243.HK,5,20250801,044000,0.375,0.38,0.375,0.38,108000,0
243.HK,5,20250801,050500,0.385,0.385,0.385,0.385,63000,0
243.HK,5,20250801,054000,0.38,0.385,0.38,0.385,45000,0
243.HK,5,20250801,070500,0.39,0.39,0.39,0.39,9000,0
243.HK,5,20250801,072000,0.385,0.385,0.385,0.385,27000,0
243.HK,5,20250801,073500,0.38,0.38,0.38,0.38,36000,0
243.HK,5,20250801,084500,0.385,0.385,0.385,0.385,36000,0
243.HK,5,20250801,093000,0.39,0.395,0.39,0.395,18000,0
243.HK,5,20250801,093500,0.385,0.385,0.385,0.385,36000,0
243.HK,5,20250801,095500,0.385,0.385,0.385,0.385,72000,0
243.HK,5,20250804,034000,0.375,0.375,0.375,0.375,45000,0
243.HK,5,20250804,085000,0.395,0.40,0.395,0.40,18000,0
243.HK,5,20250804,092500,0.39,0.39,0.39,0.39,54000,0
243.HK,5,20250804,095500,0.395,0.395,0.395,0.395,45000,0
243.HK,5,20250805,033500,0.385,0.385,0.385,0.385,45000,0
243.HK,5,20250805,040000,0.385,0.385,0.385,0.385,54000,0
243.HK,5,20250805,041500,0.385,0.385,0.385,0.385,36000,0
243.HK,5,20250805,042000,0.40,0.40,0.40,0.40,9000,0
243.HK,5,20250805,042500,0.40,0.40,0.40,0.40,18000,0
243.HK,5,20250805,082500,0.39,0.39,0.39,0.39,99000,0
243.HK,5,20250805,093000,0.39,0.39,0.39,0.39,63000,0
243.HK,5,20250806,034000,0.38,0.38,0.38,0.38,9000,0
243.HK,5,20250806,054000,0.385,0.385,0.385,0.385,9000,0
243.HK,5,20250806,073500,0.385,0.385,0.385,0.385,90000,0
243.HK,5,20250806,075500,0.385,0.385,0.385,0.385,18000,0
243.HK,5,20250806,081500,0.38,0.38,0.38,0.38,27000,0
243.HK,5,20250806,094000,0.38,0.38,0.38,0.38,36000,0
243.HK,5,20250806,095500,0.385,0.385,0.38,0.38,36000,0
243.HK,5,20250807,035000,0.39,0.39,0.39,0.39,27000,0
243.HK,5,20250807,035500,0.39,0.39,0.39,0.39,45000,0
243.HK,5,20250807,044000,0.38,0.38,0.38,0.38,18000,0
243.HK,5,20250807,044500,0.385,0.385,0.385,0.385,36000,0
243.HK,5,20250807,045000,0.385,0.385,0.385,0.385,45000,0
243.HK,5,20250807,045500,0.385,0.385,0.385,0.385,9000,0
243.HK,5,20250807,052500,0.39,0.39,0.39,0.39,36000,0
243.HK,5,20250807,054000,0.395,0.395,0.395,0.395,18000,0
243.HK,5,20250807,055000,0.40,0.40,0.40,0.40,45000,0
243.HK,5,20250807,055500,0.41,0.415,0.41,0.41,126000,0
243.HK,5,20250807,070000,0.415,0.415,0.41,0.41,144000,0
243.HK,5,20250807,070500,0.40,0.40,0.40,0.40,18000,0
243.HK,5,20250807,073500,0.40,0.40,0.40,0.40,27000,0
243.HK,5,20250807,074000,0.405,0.405,0.405,0.405,18000,0
243.HK,5,20250807,074500,0.405,0.41,0.405,0.41,108000,0
243.HK,5,20250807,075000,0.41,0.41,0.41,0.41,36000,0
243.HK,5,20250807,075500,0.41,0.41,0.41,0.41,45000,0
243.HK,5,20250807,080000,0.41,0.41,0.41,0.41,9000,0
243.HK,5,20250807,080500,0.405,0.405,0.405,0.405,18000,0
243.HK,5,20250807,081000,0.405,0.405,0.405,0.405,18000,0
243.HK,5,20250807,081500,0.405,0.405,0.405,0.405,18000,0
243.HK,5,20250808,033000,0.40,0.40,0.40,0.40,45000,0
243.HK,5,20250808,040000,0.39,0.395,0.39,0.395,126000,0
243.HK,5,20250808,040500,0.41,0.41,0.41,0.41,9000,0
243.HK,5,20250808,042500,0.41,0.41,0.41,0.41,27000,0
243.HK,5,20250808,071000,0.395,0.395,0.395,0.395,45000,0
243.HK,5,20250808,092000,0.395,0.405,0.395,0.405,108000,0
243.HK,5,20250808,092500,0.395,0.40,0.395,0.40,9000,0
243.HK,5,20250815,035500,0.405,0.405,0.405,0.405,45000,0
243.HK,5,20250815,040000,0.415,0.42,0.415,0.42,27000,0
243.HK,5,20250815,040500,0.425,0.425,0.425,0.425,36000,0
243.HK,5,20250815,041500,0.415,0.415,0.415,0.415,36000,0
243.HK,5,20250815,042500,0.415,0.415,0.415,0.415,36000,0
243.HK,5,20250815,051500,0.415,0.42,0.415,0.42,27000,0
243.HK,5,20250815,073000,0.42,0.42,0.42,0.42,54000,0
243.HK,5,20250815,073500,0.42,0.42,0.42,0.42,27000,0
243.HK,5,20250815,082500,0.42,0.42,0.42,0.42,18000,0
243.HK,5,20250815,084500,0.42,0.42,0.42,0.42,45000,0
243.HK,5,20250815,094000,0.42,0.42,0.42,0.42,27000,0
243.HK,5,20250815,095500,0.415,0.415,0.415,0.415,27000,0
243.HK,5,20250818,033500,0.47,0.47,0.425,0.425,18000,0
243.HK,5,20250818,034000,0.435,0.435,0.435,0.435,9000,0
243.HK,5,20250818,035000,0.43,0.43,0.43,0.43,9000,0
243.HK,5,20250818,040000,0.43,0.43,0.43,0.43,45000,0
243.HK,5,20250818,041500,0.43,0.43,0.43,0.43,9000,0
243.HK,5,20250818,042000,0.43,0.43,0.42,0.42,18000,0
243.HK,5,20250818,043500,0.42,0.42,0.42,0.42,18000,0
243.HK,5,20250818,044000,0.42,0.42,0.42,0.42,9000,0
243.HK,5,20250818,045500,0.425,0.425,0.425,0.425,9000,0
243.HK,5,20250818,055500,0.43,0.43,0.425,0.425,27000,0
243.HK,5,20250818,071500,0.43,0.43,0.43,0.43,54000,0
243.HK,5,20250818,074000,0.43,0.43,0.43,0.43,54000,0
243.HK,5,20250818,083000,0.43,0.43,0.425,0.425,45000,0
243.HK,5,20250818,085000,0.425,0.425,0.425,0.425,18000,0
243.HK,5,20250818,085500,0.425,0.425,0.425,0.425,18000,0
243.HK,5,20250818,095500,0.43,0.43,0.425,0.43,54000,0
243.HK,5,20250819,051000,0.44,0.44,0.43,0.43,9000,0
243.HK,5,20250819,052500,0.435,0.435,0.435,0.435,9000,0
243.HK,5,20250819,055000,0.44,0.44,0.44,0.44,90000,0
243.HK,5,20250819,071000,0.43,0.43,0.43,0.43,9000,0
243.HK,5,20250819,071500,0.435,0.435,0.435,0.435,9000,0
243.HK,5,20250819,081000,0.43,0.43,0.43,0.43,45000,0
243.HK,5,20250819,082000,0.425,0.43,0.425,0.43,18000,0
243.HK,5,20250819,095000,0.43,0.43,0.43,0.43,27000,0
243.HK,5,20250819,095500,0.435,0.435,0.435,0.435,9000,0
243.HK,5,20250820,035000,0.43,0.43,0.43,0.43,9000,0
243.HK,5,20250820,040500,0.42,0.42,0.42,0.42,18000,0
243.HK,5,20250820,081500,0.42,0.42,0.42,0.42,9000,0
243.HK,5,20250820,095500,0.425,0.43,0.42,0.42,36000,0
243.HK,5,20250821,035000,0.435,0.435,0.425,0.425,9000,0
243.HK,5,20250821,043500,0.415,0.415,0.415,0.415,9000,0
243.HK,5,20250821,050500,0.43,0.43,0.43,0.43,9000,0
243.HK,5,20250821,092500,0.42,0.42,0.42,0.42,9000,0
243.HK,5,20250821,095500,0.425,0.425,0.425,0.425,27000,0
243.HK,5,20250822,053000,0.415,0.415,0.415,0.415,9000,0
243.HK,5,20250822,072500,0.42,0.42,0.42,0.42,180000,0
243.HK,5,20250822,081000,0.415,0.415,0.415,0.415,90000,0
243.HK,5,20250822,092500,0.415,0.415,0.415,0.415,9000,0
243.HK,5,20250822,093500,0.415,0.415,0.415,0.415,9000,0
243.HK,5,20250822,095000,0.41,0.41,0.41,0.41,36000,0
243.HK,5,20250825,033000,0.46,0.46,0.42,0.42,54000,0
243.HK,5,20250825,034500,0.415,0.415,0.41,0.41,72000,0
243.HK,5,20250825,035000,0.41,0.41,0.41,0.41,36000,0
243.HK,5,20250825,035500,0.39,0.39,0.39,0.39,72000,0
243.HK,5,20250825,040000,0.40,0.40,0.40,0.40,18000,0
243.HK,5,20250825,041500,0.425,0.425,0.425,0.425,45000,0
243.HK,5,20250825,043500,0.425,0.425,0.425,0.425,18000,0
243.HK,5,20250825,051000,0.425,0.425,0.425,0.425,9000,0
243.HK,5,20250825,052000,0.425,0.45,0.425,0.45,693000,0
243.HK,5,20250825,052500,0.445,0.45,0.445,0.45,126000,0
243.HK,5,20250825,053000,0.455,0.47,0.455,0.47,279000,0
243.HK,5,20250825,054000,0.465,0.465,0.465,0.465,99000,0
243.HK,5,20250825,055000,0.465,0.47,0.465,0.47,261000,0
243.HK,5,20250825,055500,0.47,0.49,0.47,0.48,117000,0
243.HK,5,20250825,070000,0.48,0.48,0.48,0.48,9000,0
243.HK,5,20250825,070500,0.46,0.46,0.455,0.455,45000,0
243.HK,5,20250825,072000,0.47,0.475,0.47,0.47,108000,0
243.HK,5,20250825,072500,0.475,0.475,0.475,0.475,45000,0
243.HK,5,20250825,073000,0.465,0.465,0.46,0.46,72000,0
243.HK,5,20250825,080000,0.465,0.465,0.465,0.465,9000,0
243.HK,5,20250825,080500,0.465,0.465,0.46,0.46,54000,0
243.HK,5,20250825,081000,0.465,0.465,0.465,0.465,36000,0
243.HK,5,20250825,081500,0.465,0.47,0.465,0.47,117000,0
243.HK,5,20250825,083000,0.47,0.47,0.465,0.465,297000,0
243.HK,5,20250825,083500,0.465,0.465,0.46,0.46,207000,0
243.HK,5,20250825,084000,0.46,0.465,0.45,0.465,504000,0
243.HK,5,20250825,084500,0.465,0.465,0.465,0.465,333000,0
243.HK,5,20250825,085000,0.465,0.465,0.46,0.465,333000,0
243.HK,5,20250825,085500,0.465,0.465,0.465,0.465,153000,0
243.HK,5,20250825,090000,0.465,0.465,0.46,0.465,153000,0
243.HK,5,20250825,090500,0.465,0.465,0.465,0.465,63000,0
243.HK,5,20250825,091000,0.465,0.465,0.465,0.465,36000,0
243.HK,5,20250825,092500,0.465,0.465,0.46,0.46,108000,0
243.HK,5,20250825,094000,0.465,0.465,0.465,0.465,27000,0
243.HK,5,20250825,094500,0.465,0.465,0.465,0.465,54000,0
243.HK,5,20250825,095000,0.465,0.465,0.465,0.465,63000,0
243.HK,5,20250825,095500,0.465,0.465,0.465,0.465,117000,0
243.HK,5,20250826,033000,0.475,0.475,0.455,0.455,27000,0
243.HK,5,20250826,033500,0.455,0.455,0.455,0.455,36000,0
243.HK,5,20250826,034000,0.465,0.465,0.465,0.465,18000,0
243.HK,5,20250826,035000,0.465,0.465,0.465,0.465,9000,0
243.HK,5,20250826,040500,0.465,0.465,0.465,0.465,27000,0
243.HK,5,20250826,042000,0.455,0.455,0.455,0.455,9000,0
243.HK,5,20250826,044000,0.455,0.455,0.455,0.455,54000,0
243.HK,5,20250826,044500,0.45,0.45,0.45,0.45,45000,0
243.HK,5,20250826,045000,0.45,0.45,0.45,0.45,36000,0
243.HK,5,20250826,045500,0.46,0.46,0.46,0.46,9000,0
243.HK,5,20250826,053500,0.45,0.45,0.45,0.45,18000,0
243.HK,5,20250826,082000,0.44,0.445,0.44,0.445,99000,0
243.HK,5,20250826,082500,0.445,0.445,0.44,0.44,153000,0
243.HK,5,20250826,083000,0.44,0.445,0.44,0.445,54000,0
243.HK,5,20250826,083500,0.435,0.445,0.435,0.445,99000,0
243.HK,5,20250826,084000,0.445,0.445,0.445,0.445,36000,0
243.HK,5,20250826,084500,0.435,0.44,0.435,0.44,243000,0
243.HK,5,20250826,085000,0.44,0.44,0.44,0.44,117000,0
243.HK,5,20250826,085500,0.44,0.44,0.44,0.44,90000,0
243.HK,5,20250826,090000,0.44,0.44,0.44,0.44,27000,0
243.HK,5,20250826,091000,0.435,0.435,0.435,0.435,234000,0
243.HK,5,20250826,091500,0.435,0.435,0.435,0.435,153000,0
243.HK,5,20250826,092000,0.435,0.435,0.435,0.435,81000,0
243.HK,5,20250826,092500,0.435,0.435,0.435,0.435,72000,0
243.HK,5,20250826,093000,0.435,0.435,0.43,0.435,414000,0
243.HK,5,20250826,093500,0.43,0.435,0.43,0.435,99000,0
243.HK,5,20250826,094000,0.435,0.435,0.435,0.435,270000,0
243.HK,5,20250826,094500,0.435,0.435,0.435,0.435,387000,0
243.HK,5,20250826,095500,0.43,0.43,0.425,0.425,108000,0
243.HK,5,20250827,033000,0.425,0.425,0.425,0.425,63000,0
243.HK,5,20250827,034500,0.41,0.415,0.41,0.415,36000,0
243.HK,5,20250827,035000,0.425,0.425,0.425,0.425,27000,0
243.HK,5,20250827,035500,0.42,0.425,0.41,0.425,1152000,0
243.HK,5,20250827,040000,0.435,0.435,0.435,0.435,792000,0
243.HK,5,20250827,041500,0.435,0.435,0.435,0.435,90000,0
243.HK,5,20250827,050500,0.415,0.415,0.415,0.415,36000,0
243.HK,5,20250827,055000,0.42,0.42,0.42,0.42,9000,0
243.HK,5,20250827,092000,0.42,0.42,0.42,0.42,9000,0
243.HK,5,20250827,092500,0.42,0.425,0.42,0.425,1197000,0
243.HK,5,20250827,093000,0.425,0.425,0.425,0.425,405000,0
243.HK,5,20250828,052000,0.43,0.43,0.43,0.43,153000,0
243.HK,5,20250828,052500,0.425,0.43,0.425,0.43,963000,0
243.HK,5,20250828,053000,0.42,0.43,0.42,0.425,369000,0
243.HK,5,20250828,053500,0.425,0.43,0.425,0.43,378000,0
243.HK,5,20250828,084000,0.425,0.425,0.425,0.425,18000,0
243.HK,5,20250828,084500,0.425,0.425,0.425,0.425,9000,0
243.HK,5,20250829,052500,0.415,0.415,0.415,0.415,9000,0
243.HK,5,20250829,080500,0.415,0.42,0.415,0.42,243000,0
243.HK,5,20250829,091000,0.405,0.405,0.405,0.405,9000,0
243.HK,5,20250829,094500,0.405,0.405,0.405,0.405,9000,0
243.HK,5,20250901,040500,0.395,0.395,0.395,0.395,9000,0
243.HK,5,20250901,043500,0.395,0.395,0.395,0.395,9000,0
243.HK,5,20250901,052500,0.405,0.405,0.405,0.405,9000,0
243.HK,5,20250901,082000,0.395,0.395,0.395,0.395,9000,0
243.HK,5,20250901,082500,0.40,0.40,0.40,0.40,18000,0
243.HK,5,20250901,095500,0.40,0.40,0.40,0.40,45000,0
243.HK,5,20250902,033500,0.42,0.42,0.415,0.415,90000,0
243.HK,5,20250902,035500,0.415,0.415,0.415,0.415,9000,0
243.HK,5,20250902,040000,0.42,0.42,0.42,0.42,36000,0
243.HK,5,20250902,051500,0.40,0.40,0.40,0.40,9000,0
243.HK,5,20250903,043500,0.395,0.395,0.395,0.395,9000,0
243.HK,5,20250903,072000,0.395,0.395,0.395,0.395,9000,0
243.HK,5,20250903,073000,0.395,0.395,0.395,0.395,9000,0
243.HK,5,20250903,083500,0.395,0.395,0.395,0.395,18000,0
243.HK,5,20250903,094500,0.395,0.395,0.395,0.395,54000,0
243.HK,5,20250903,095500,0.395,0.405,0.395,0.405,18000,0
243.HK,5,20250904,055000,0.415,0.415,0.39,0.39,171000,0
243.HK,5,20250904,070500,0.39,0.39,0.39,0.39,9000,0
243.HK,5,20250904,072000,0.39,0.39,0.39,0.39,477000,0
243.HK,5,20250905,034500,0.38,0.38,0.38,0.38,9000,0
243.HK,5,20250905,044000,0.38,0.38,0.38,0.38,18000,0
243.HK,5,20250905,045500,0.375,0.375,0.375,0.375,18000,0
243.HK,5,20250905,055000,0.385,0.385,0.385,0.385,9000,0
243.HK,5,20250905,082000,0.37,0.37,0.37,0.37,63000,0
243.HK,5,20250905,085000,0.37,0.37,0.37,0.37,9000,0
243.HK,5,20250905,095500,0.37,0.38,0.37,0.38,54000,0
243.HK,5,20250908,073000,0.37,0.37,0.37,0.37,9000,0
243.HK,5,20250908,073500,0.37,0.37,0.37,0.37,9000,0
243.HK,5,20250908,074000,0.365,0.365,0.365,0.365,9000,0
243.HK,5,20250908,081000,0.37,0.37,0.37,0.37,27000,0
243.HK,5,20250908,085500,0.38,0.38,0.38,0.38,9000,0
243.HK,5,20250909,041500,0.36,0.36,0.36,0.36,63000,0
243.HK,5,20250909,042000,0.355,0.355,0.355,0.355,180000,0
243.HK,5,20250909,043500,0.35,0.35,0.35,0.35,27000,0
243.HK,5,20250909,045500,0.35,0.35,0.35,0.35,27000,0
243.HK,5,20250909,050000,0.355,0.355,0.355,0.355,36000,0
243.HK,5,20250909,055500,0.35,0.35,0.35,0.35,9000,0
243.HK,5,20250909,071500,0.355,0.355,0.355,0.355,27000,0
243.HK,5,20250909,072000,0.36,0.36,0.36,0.36,9000,0
243.HK,5,20250909,072500,0.36,0.36,0.36,0.36,18000,0
243.HK,5,20250909,080500,0.36,0.36,0.345,0.345,243000,0
243.HK,5,20250910,033000,0.35,0.35,0.345,0.35,18000,0
243.HK,5,20250910,033500,0.345,0.345,0.345,0.345,9000,0
243.HK,5,20250910,091500,0.34,0.34,0.34,0.34,36000,0
243.HK,5,20250910,093500,0.34,0.34,0.34,0.34,9000,0
243.HK,5,20250910,095500,0.34,0.355,0.34,0.355,18000,0
243.HK,5,20250911,053500,0.345,0.345,0.345,0.345,9000,0
243.HK,5,20250911,081500,0.345,0.345,0.345,0.345,18000,0
243.HK,5,20250911,093000,0.345,0.345,0.345,0.345,18000,0
243.HK,5,20250912,073500,0.345,0.345,0.335,0.335,36000,0
243.HK,5,20250912,093000,0.335,0.335,0.335,0.335,45000,0
243.HK,5,20250915,043000,0.33,0.33,0.33,0.33,18000,0
243.HK,5,20250915,045000,0.335,0.335,0.335,0.335,9000,0
243.HK,5,20250915,050000,0.34,0.34,0.34,0.34,27000,0
243.HK,5,20250915,080000,0.33,0.33,0.33,0.33,9000,0
243.HK,5,20250915,091000,0.33,0.33,0.33,0.33,9000,0
243.HK,5,20250915,095500,0.34,0.34,0.34,0.34,9000,0
243.HK,5,20250916,035500,0.34,0.355,0.34,0.355,18000,0
243.HK,5,20250916,040500,0.355,0.355,0.355,0.355,36000,0
243.HK,5,20250916,053000,0.345,0.345,0.345,0.345,9000,0
243.HK,5,20250916,093500,0.35,0.35,0.35,0.35,9000,0
243.HK,5,20250917,095500,0.35,0.35,0.35,0.35,9000,0
243.HK,5,20250918,075000,0.335,0.34,0.335,0.34,27000,0
243.HK,5,20250918,083500,0.34,0.34,0.34,0.34,27000,0
243.HK,5,20250919,053000,0.325,0.325,0.325,0.325,9000,0
243.HK,5,20250919,070000,0.325,0.325,0.325,0.325,81000,0
243.HK,5,20250919,081500,0.325,0.325,0.325,0.325,18000,0
243.HK,5,20250919,082500,0.335,0.335,0.335,0.335,1836000,0
243.HK,5,20250919,083000,0.335,0.335,0.325,0.325,1926000,0
243.HK,5,20250919,083500,0.335,0.335,0.335,0.335,1251000,0
243.HK,5,20250919,091000,0.325,0.33,0.325,0.33,9000,0
243.HK,5,20250922,083500,0.325,0.325,0.325,0.325,9000,0
243.HK,5,20250922,085500,0.325,0.325,0.325,0.325,63000,0
243.HK,5,20250922,092500,0.33,0.33,0.33,0.33,9000,0
243.HK,5,20250923,034500,0.335,0.335,0.335,0.335,18000,0
243.HK,5,20250923,074000,0.335,0.34,0.335,0.335,2331000,0
243.HK,5,20250923,074500,0.34,0.34,0.335,0.335,2718000,0
243.HK,5,20250923,075000,0.335,0.345,0.335,0.345,441000,0
243.HK,5,20250923,090000,0.35,0.35,0.35,0.35,9000,0
243.HK,5,20250923,091000,0.35,0.35,0.35,0.35,90000,0
243.HK,5,20250923,091500,0.355,0.36,0.355,0.36,207000,0
243.HK,5,20250923,092000,0.37,0.38,0.37,0.37,171000,0
243.HK,5,20250923,092500,0.375,0.38,0.375,0.38,63000,0
243.HK,5,20250923,093000,0.38,0.38,0.375,0.375,72000,0
243.HK,5,20250923,093500,0.375,0.38,0.375,0.38,81000,0
243.HK,5,20250923,094500,0.385,0.395,0.385,0.39,90000,0
243.HK,5,20250923,095000,0.39,0.39,0.39,0.39,9000,0
243.HK,5,20250923,095500,0.39,0.395,0.39,0.395,144000,0
243.HK,5,20250924,040000,0.395,0.395,0.395,0.395,9000,0
243.HK,5,20250924,043500,0.38,0.38,0.38,0.38,9000,0
243.HK,5,20250924,050500,0.38,0.38,0.38,0.38,18000,0
243.HK,5,20250924,052000,0.365,0.365,0.365,0.365,9000,0
243.HK,5,20250924,053000,0.365,0.37,0.365,0.37,27000,0
243.HK,5,20250924,075000,0.365,0.365,0.36,0.36,27000,0
243.HK,5,20250924,080000,0.365,0.365,0.36,0.36,18000,0
243.HK,5,20250924,081000,0.36,0.36,0.36,0.36,63000,0
243.HK,5,20250924,084500,0.36,0.36,0.36,0.36,90000,0
243.HK,5,20250924,090000,0.36,0.36,0.36,0.36,9000,0
243.HK,5,20250924,090500,0.375,0.375,0.375,0.375,9000,0
243.HK,5,20250924,094000,0.37,0.37,0.355,0.355,72000,0
243.HK,5,20250924,094500,0.355,0.355,0.355,0.355,36000,0
243.HK,5,20250924,095000,0.355,0.355,0.355,0.355,18000,0
243.HK,5,20250925,041000,0.355,0.355,0.355,0.355,9000,0
243.HK,5,20250925,045500,0.36,0.375,0.36,0.375,18000,0
243.HK,5,20250925,050000,0.365,0.365,0.365,0.365,45000,0
243.HK,5,20250925,050500,0.365,0.365,0.365,0.365,90000,0
243.HK,5,20250925,085000,0.355,0.355,0.355,0.355,27000,0
243.HK,5,20250925,094500,0.36,0.36,0.36,0.36,9000,0
243.HK,5,20250926,033500,0.375,0.375,0.375,0.375,9000,0
243.HK,5,20250926,034500,0.375,0.375,0.375,0.375,171000,0
243.HK,5,20250926,035500,0.38,0.385,0.38,0.385,99000,0
243.HK,5,20250926,040000,0.38,0.38,0.38,0.38,27000,0
243.HK,5,20250926,053000,0.38,0.38,0.38,0.38,9000,0
243.HK,5,20250926,083000,0.38,0.38,0.38,0.38,27000,0
243.HK,5,20250926,090500,0.37,0.37,0.37,0.37,36000,0
243.HK,5,20250926,091000,0.37,0.37,0.36,0.36,63000,0
243.HK,5,20250926,092000,0.355,0.355,0.355,0.355,9000,0
243.HK,5,20250926,095000,0.375,0.375,0.37,0.37,9000,0
243.HK,5,20250929,033000,0.375,0.375,0.375,0.375,9000,0
243.HK,5,20250929,070000,0.365,0.365,0.365,0.365,18000,0
243.HK,5,20250929,072500,0.355,0.355,0.355,0.355,9000,0
243.HK,5,20250929,084000,0.365,0.365,0.365,0.365,36000,0
243.HK,5,20250929,094500,0.365,0.365,0.365,0.365,36000,0
243.HK,5,20250929,095500,0.37,0.37,0.37,0.37,9000,0
243.HK,5,20250930,035500,0.365,0.365,0.365,0.365,18000,0
243.HK,5,20250930,051000,0.365,0.365,0.365,0.365,27000,0
243.HK,5,20250930,080500,0.36,0.365,0.36,0.365,72000,0
243.HK,5,20250930,081500,0.37,0.37,0.37,0.37,9000,0
243.HK,5,20251002,040500,0.375,0.375,0.375,0.375,9000,0
243.HK,5,20251002,042000,0.385,0.385,0.385,0.385,9000,0
243.HK,5,20251002,042500,0.385,0.385,0.385,0.385,9000,0
243.HK,5,20251002,050500,0.38,0.385,0.38,0.385,90000,0
243.HK,5,20251002,071000,0.385,0.455,0.385,0.455,396000,0
243.HK,5,20251002,071500,0.44,0.44,0.44,0.44,18000,0
243.HK,5,20251002,072000,0.435,0.435,0.435,0.435,18000,0
243.HK,5,20251002,072500,0.435,0.435,0.415,0.435,36000,0
243.HK,5,20251002,073000,0.435,0.435,0.435,0.435,9000,0
243.HK,5,20251002,073500,0.43,0.44,0.415,0.415,333000,0
243.HK,5,20251002,074000,0.43,0.44,0.43,0.435,333000,0
243.HK,5,20251002,074500,0.445,0.445,0.435,0.435,54000,0
243.HK,5,20251002,075000,0.425,0.425,0.425,0.425,45000,0
243.HK,5,20251002,080000,0.425,0.425,0.425,0.425,27000,0
243.HK,5,20251002,081500,0.425,0.425,0.425,0.425,36000,0
243.HK,5,20251002,082000,0.425,0.425,0.425,0.425,18000,0
243.HK,5,20251002,083500,0.43,0.43,0.43,0.43,18000,0
243.HK,5,20251002,084500,0.42,0.42,0.42,0.42,99000,0
243.HK,5,20251002,085000,0.42,0.42,0.42,0.42,9000,0
243.HK,5,20251002,085500,0.42,0.42,0.42,0.42,9000,0
243.HK,5,20251002,090000,0.42,0.42,0.42,0.42,9000,0
243.HK,5,20251002,091000,0.415,0.44,0.415,0.44,189000,0
243.HK,5,20251002,091500,0.44,0.44,0.44,0.44,72000,0
243.HK,5,20251002,093000,0.43,0.43,0.43,0.43,27000,0
243.HK,5,20251002,093500,0.43,0.445,0.43,0.445,243000,0
243.HK,5,20251002,094000,0.445,0.445,0.445,0.445,9000,0
243.HK,5,20251002,094500,0.445,0.445,0.445,0.445,9000,0
243.HK,5,20251002,095500,0.445,0.45,0.43,0.445,81000,0
243.HK,5,20251003,033000,0.47,0.47,0.445,0.445,243000,0
243.HK,5,20251003,033500,0.44,0.455,0.44,0.455,135000,0
243.HK,5,20251003,034000,0.45,0.45,0.45,0.45,9000,0
243.HK,5,20251003,034500,0.45,0.45,0.43,0.43,54000,0
243.HK,5,20251003,035000,0.43,0.44,0.42,0.44,99000,0
243.HK,5,20251003,035500,0.435,0.435,0.435,0.435,144000,0
243.HK,5,20251003,040000,0.43,0.43,0.43,0.43,9000,0
243.HK,5,20251003,040500,0.43,0.44,0.43,0.44,99000,0
243.HK,5,20251003,041000,0.44,0.44,0.44,0.44,18000,0
243.HK,5,20251003,041500,0.435,0.435,0.435,0.435,18000,0
243.HK,5,20251003,043000,0.435,0.435,0.435,0.435,9000,0
243.HK,5,20251003,044500,0.44,0.44,0.44,0.44,9000,0
243.HK,5,20251003,050000,0.445,0.445,0.445,0.445,9000,0
243.HK,5,20251003,074500,0.44,0.44,0.44,0.44,90000,0
243.HK,5,20251003,075000,0.435,0.435,0.43,0.43,99000,0
243.HK,5,20251003,080000,0.435,0.435,0.435,0.435,1233000,0
243.HK,5,20251003,080500,0.435,0.44,0.435,0.44,1665000,0
243.HK,5,20251003,081000,0.435,0.435,0.435,0.435,1008000,0
243.HK,5,20251003,082000,0.435,0.435,0.435,0.435,657000,0
243.HK,5,20251003,082500,0.43,0.43,0.43,0.43,27000,0
243.HK,5,20251003,090000,0.43,0.435,0.43,0.43,171000,0
243.HK,5,20251003,094000,0.435,0.435,0.43,0.43,54000,0
243.HK,5,20251003,095000,0.435,0.435,0.43,0.43,36000,0
243.HK,5,20251003,095500,0.435,0.435,0.43,0.43,81000,0
243.HK,5,20251006,033000,0.48,0.49,0.47,0.47,27000,0
243.HK,5,20251006,033500,0.455,0.455,0.455,0.455,9000,0
243.HK,5,20251006,034500,0.455,0.455,0.455,0.455,90000,0
243.HK,5,20251006,035500,0.45,0.45,0.45,0.45,9000,0
243.HK,5,20251006,040000,0.465,0.465,0.465,0.465,27000,0
243.HK,5,20251006,040500,0.44,0.44,0.44,0.44,9000,0
243.HK,5,20251006,041000,0.455,0.47,0.455,0.47,279000,0
243.HK,5,20251006,043500,0.465,0.47,0.455,0.46,72000,0
243.HK,5,20251006,044000,0.46,0.465,0.46,0.465,18000,0
243.HK,5,20251006,044500,0.46,0.46,0.46,0.46,99000,0
243.HK,5,20251006,045500,0.46,0.46,0.46,0.46,54000,0
243.HK,5,20251006,052500,0.46,0.46,0.455,0.455,54000,0
243.HK,5,20251006,053000,0.45,0.45,0.45,0.45,99000,0
243.HK,5,20251006,054000,0.45,0.45,0.45,0.45,90000,0
243.HK,5,20251006,070000,0.45,0.45,0.45,0.45,9000,0
243.HK,5,20251006,071500,0.45,0.45,0.45,0.45,9000,0
243.HK,5,20251006,072500,0.46,0.46,0.46,0.46,54000,0
243.HK,5,20251006,082000,0.45,0.45,0.45,0.45,18000,0
243.HK,5,20251006,084500,0.46,0.475,0.46,0.475,666000,0
243.HK,5,20251006,085000,0.47,0.48,0.465,0.48,252000,0
243.HK,5,20251006,085500,0.485,0.49,0.485,0.49,18000,0
243.HK,5,20251006,091000,0.475,0.475,0.465,0.465,450000,0
243.HK,5,20251006,091500,0.47,0.47,0.47,0.47,81000,0
243.HK,5,20251006,092000,0.47,0.47,0.46,0.46,90000,0
243.HK,5,20251006,093500,0.47,0.47,0.47,0.47,9000,0
243.HK,5,20251006,095500,0.48,0.48,0.48,0.48,18000,0
243.HK,5,20251008,033000,0.51,0.51,0.475,0.475,90000,0
243.HK,5,20251008,033500,0.475,0.475,0.475,0.475,18000,0
243.HK,5,20251008,034500,0.475,0.475,0.475,0.475,81000,0
243.HK,5,20251008,040000,0.475,0.475,0.475,0.475,18000,0
243.HK,5,20251008,041000,0.475,0.475,0.475,0.475,9000,0
243.HK,5,20251008,041500,0.475,0.475,0.475,0.475,81000,0
243.HK,5,20251008,042000,0.465,0.47,0.465,0.47,45000,0
243.HK,5,20251008,043000,0.465,0.465,0.465,0.465,18000,0
243.HK,5,20251008,043500,0.46,0.465,0.46,0.465,18000,0
243.HK,5,20251008,045500,0.465,0.465,0.465,0.465,27000,0
243.HK,5,20251008,070000,0.465,0.465,0.465,0.465,99000,0
243.HK,5,20251008,074500,0.47,0.47,0.47,0.47,9000,0
243.HK,5,20251008,082000,0.455,0.455,0.455,0.455,9000,0
243.HK,5,20251008,083500,0.46,0.46,0.46,0.46,18000,0
243.HK,5,20251008,084000,0.465,0.465,0.465,0.465,27000,0
243.HK,5,20251008,085500,0.46,0.46,0.46,0.46,54000,0
243.HK,5,20251008,090500,0.46,0.465,0.46,0.465,36000,0
243.HK,5,20251008,095500,0.465,0.465,0.465,0.465,18000,0
243.HK,5,20251009,034000,0.51,0.51,0.475,0.475,9000,0
243.HK,5,20251009,035500,0.475,0.475,0.475,0.475,9000,0
243.HK,5,20251009,040500,0.47,0.47,0.47,0.47,9000,0
243.HK,5,20251010,051000,0.425,0.425,0.425,0.425,9000,0
243.HK,5,20251010,052000,0.425,0.425,0.425,0.425,9000,0
243.HK,5,20251010,073000,0.43,0.43,0.43,0.43,18000,0
243.HK,5,20251010,073500,0.42,0.42,0.42,0.42,36000,0
243.HK,5,20251010,075500,0.42,0.42,0.42,0.42,18000,0
243.HK,5,20251010,085000,0.42,0.42,0.42,0.42,45000,0
243.HK,5,20251010,092500,0.415,0.415,0.415,0.415,45000,0
243.HK,5,20251010,093500,0.415,0.415,0.415,0.415,9000,0
243.HK,5,20251010,095500,0.415,0.415,0.415,0.415,36000,0
243.HK,5,20251013,033000,0.375,0.38,0.375,0.375,27000,0
243.HK,5,20251013,041500,0.395,0.395,0.395,0.395,18000,0
243.HK,5,20251013,042000,0.40,0.40,0.40,0.40,18000,0
243.HK,5,20251013,043500,0.40,0.40,0.40,0.40,9000,0
243.HK,5,20251013,053500,0.435,0.44,0.435,0.44,45000,0
243.HK,5,20251013,055000,0.44,0.44,0.44,0.44,189000,0
243.HK,5,20251013,080000,0.41,0.41,0.41,0.41,36000,0
243.HK,5,20251013,080500,0.44,0.44,0.44,0.44,414000,0
243.HK,5,20251013,085500,0.445,0.445,0.445,0.445,9000,0
243.HK,5,20251013,090000,0.425,0.425,0.425,0.425,9000,0
243.HK,5,20251013,094000,0.43,0.43,0.43,0.43,9000,0
243.HK,5,20251013,094500,0.445,0.445,0.445,0.445,171000,0
243.HK,5,20251013,095000,0.445,0.45,0.445,0.45,54000,0
243.HK,5,20251014,033000,0.45,0.45,0.45,0.45,18000,0
243.HK,5,20251014,034500,0.425,0.425,0.425,0.425,9000,0
243.HK,5,20251014,035000,0.435,0.44,0.435,0.44,27000,0
243.HK,5,20251014,035500,0.44,0.44,0.44,0.44,9000,0
243.HK,5,20251014,042000,0.44,0.44,0.44,0.44,9000,0
243.HK,5,20251014,051000,0.44,0.44,0.44,0.44,9000,0
243.HK,5,20251014,054000,0.43,0.43,0.43,0.43,45000,0
243.HK,5,20251014,095500,0.41,0.41,0.41,0.41,36000,0
243.HK,5,20251015,041000,0.46,0.46,0.445,0.445,45000,0
243.HK,5,20251015,041500,0.445,0.46,0.445,0.46,369000,0
243.HK,5,20251015,050500,0.46,0.46,0.46,0.46,27000,0
243.HK,5,20251015,051500,0.46,0.46,0.46,0.46,63000,0
243.HK,5,20251015,070000,0.44,0.44,0.44,0.44,9000,0
243.HK,5,20251015,074500,0.43,0.43,0.43,0.43,99000,0
243.HK,5,20251015,081500,0.43,0.46,0.43,0.46,387000,0
243.HK,5,20251015,084000,0.445,0.445,0.445,0.445,90000,0
243.HK,5,20251016,033500,0.475,0.475,0.47,0.47,261000,0
243.HK,5,20251016,044500,0.455,0.455,0.45,0.45,18000,0
243.HK,5,20251016,071500,0.465,0.47,0.465,0.47,180000,0
243.HK,5,20251016,073000,0.455,0.455,0.45,0.45,45000,0
243.HK,5,20251016,084500,0.455,0.455,0.455,0.455,18000,0
243.HK,5,20251016,090500,0.45,0.45,0.45,0.45,135000,0
243.HK,5,20251016,091500,0.45,0.45,0.45,0.45,9000,0
243.HK,5,20251016,095000,0.45,0.45,0.45,0.45,9000,0
243.HK,5,20251016,095500,0.455,0.455,0.455,0.455,9000,0
243.HK,5,20251017,035000,0.45,0.45,0.45,0.45,27000,0
243.HK,5,20251017,071500,0.435,0.435,0.43,0.43,45000,0
243.HK,5,20251017,083000,0.43,0.43,0.43,0.43,36000,0
243.HK,5,20251017,091000,0.43,0.43,0.43,0.43,36000,0
243.HK,5,20251020,033000,0.435,0.435,0.43,0.43,9000,0
243.HK,5,20251020,034000,0.425,0.43,0.425,0.43,18000,0
243.HK,5,20251020,034500,0.425,0.425,0.425,0.425,18000,0
243.HK,5,20251020,070000,0.425,0.425,0.425,0.425,18000,0
243.HK,5,20251021,034500,0.465,0.465,0.455,0.455,9000,0
243.HK,5,20251021,035500,0.455,0.455,0.455,0.455,18000,0
243.HK,5,20251021,040000,0.465,0.465,0.465,0.465,9000,0
243.HK,5,20251021,050500,0.44,0.44,0.44,0.44,9000,0
243.HK,5,20251021,055000,0.43,0.43,0.43,0.43,9000,0
243.HK,5,20251021,075500,0.43,0.43,0.43,0.43,36000,0
243.HK,5,20251021,095500,0.46,0.46,0.46,0.46,9000,0
243.HK,5,20251022,044000,0.455,0.46,0.455,0.46,27000,0
243.HK,5,20251023,070000,0.43,0.45,0.43,0.45,18000,0
243.HK,5,20251024,044000,0.425,0.425,0.42,0.42,27000,0
243.HK,5,20251024,054000,0.42,0.42,0.42,0.42,54000,0
243.HK,5,20251024,070500,0.42,0.425,0.42,0.425,18000,0
243.HK,5,20251024,080000,0.42,0.42,0.42,0.42,9000,0
243.HK,5,20251024,095500,0.445,0.445,0.445,0.445,9000,0
243.HK,5,20251028,062000,0.41,0.41,0.41,0.41,18000,0
243.HK,5,20251028,064000,0.40,0.40,0.40,0.40,27000,0
243.HK,5,20251028,075500,0.385,0.385,0.375,0.375,135000,0
243.HK,5,20251028,083500,0.38,0.38,0.38,0.38,9000,0
243.HK,5,20251028,084000,0.40,0.40,0.38,0.38,54000,0
243.HK,5,20251028,084500,0.375,0.375,0.375,0.375,9000,0
243.HK,5,20251028,085000,0.385,0.385,0.385,0.385,9000,0
243.HK,5,20251028,085500,0.39,0.40,0.39,0.40,18000,0
243.HK,5,20251030,025500,0.40,0.40,0.40,0.40,18000,0
243.HK,5,20251030,030500,0.40,0.40,0.40,0.40,18000,0
243.HK,5,20251030,045000,0.405,0.405,0.405,0.405,9000,0
243.HK,5,20251030,045500,0.40,0.40,0.40,0.40,18000,0
243.HK,5,20251030,075500,0.395,0.395,0.39,0.39,63000,0
243.HK,5,20251031,085500,0.39,0.39,0.39,0.39,9000,0
243.HK,5,20251106,065500,0.375,0.375,0.375,0.375,36000,0
243.HK,5,20251106,071500,0.38,0.38,0.38,0.38,18000,0
243.HK,5,20251106,080000,0.38,0.38,0.38,0.38,9000,0
243.HK,5,20251106,084500,0.39,0.39,0.39,0.39,144000,0
243.HK,5,20251106,085500,0.415,0.415,0.415,0.415,9000,0
243.HK,5,20251110,085500,0.38,0.405,0.38,0.405,36000,0
243.HK,5,20251112,041000,0.38,0.38,0.38,0.38,45000,0
243.HK,5,20251112,044000,0.38,0.38,0.38,0.38,18000,0
243.HK,5,20251112,060500,0.38,0.38,0.38,0.38,36000,0
243.HK,5,20251112,084000,0.38,0.38,0.38,0.38,54000,0
243.HK,5,20251113,045000,0.375,0.375,0.375,0.375,18000,0
243.HK,5,20251113,060000,0.375,0.375,0.375,0.375,9000,0
243.HK,5,20251113,085000,0.37,0.37,0.37,0.37,9000,0
243.HK,5,20251118,074000,0.37,0.37,0.37,0.37,9000,0
243.HK,5,20251119,083500,0.36,0.365,0.36,0.365,18000,0
243.HK,5,20251121,043500,0.305,0.305,0.305,0.305,9000,0
243.HK,5,20251121,044000,0.305,0.305,0.305,0.305,9000,0
243.HK,5,20251121,045500,0.33,0.33,0.33,0.33,9000,0
243.HK,5,20251121,071500,0.34,0.34,0.34,0.34,9000,0
243.HK,5,20251121,084000,0.34,0.34,0.34,0.34,9000,0
243.HK,5,20251121,084500,0.34,0.34,0.34,0.34,9000,0
243.HK,5,20251125,023000,0.385,0.385,0.385,0.385,9000,0
243.HK,5,20251125,024000,0.375,0.375,0.375,0.375,9000,0
243.HK,5,20251125,085500,0.36,0.36,0.36,0.36,9000,0
243.HK,5,20251127,083000,0.34,0.34,0.34,0.34,9000,0
243.HK,5,20251202,023000,0.34,0.34,0.34,0.34,18000,0
243.HK,5,20251203,073500,0.375,0.375,0.325,0.325,18000,0
243.HK,5,20251203,074000,0.325,0.325,0.32,0.325,27000,0
