<TICKER>,<PER>,<DATE>,<TIME>,<OPEN>,<HIGH>,<LOW>,<CLOSE>,<VOL>,<OPENINT>
2597.HK,5,20250709,033000,14.52,14.52,13.60,13.68,98500,0
2597.HK,5,20250709,033500,13.70,13.72,13.60,13.60,52000,0
2597.HK,5,20250709,034000,13.60,13.60,12.20,12.80,66000,0
2597.HK,5,20250709,034500,12.94,13.40,12.94,13.12,23500,0
2597.HK,5,20250709,035000,13.12,13.12,12.84,13.12,29500,0
2597.HK,5,20250709,035500,13.00,13.30,13.00,13.22,17500,0
2597.HK,5,20250709,040000,13.22,13.40,13.18,13.40,19000,0
2597.HK,5,20250709,040500,13.30,13.50,13.20,13.48,14000,0
2597.HK,5,20250709,041000,13.42,13.42,13.32,13.32,7000,0
2597.HK,5,20250709,041500,13.32,13.42,13.30,13.42,8500,0
2597.HK,5,20250709,042000,13.38,13.44,13.30,13.40,7000,0
2597.HK,5,20250709,042500,13.40,13.46,13.38,13.46,4000,0
2597.HK,5,20250709,043000,13.46,13.50,13.46,13.50,14000,0
2597.HK,5,20250709,043500,13.50,13.50,13.48,13.48,4000,0
2597.HK,5,20250709,044000,13.48,13.50,13.48,13.50,3500,0
2597.HK,5,20250709,044500,13.50,13.58,13.50,13.56,35000,0
2597.HK,5,20250709,045000,13.56,13.58,13.52,13.52,5500,0
2597.HK,5,20250709,045500,13.52,13.56,13.52,13.56,8000,0
2597.HK,5,20250709,050000,13.56,13.58,13.56,13.58,34500,0
2597.HK,5,20250709,050500,13.56,13.58,13.56,13.56,3000,0
2597.HK,5,20250709,051000,13.58,13.58,13.56,13.56,19000,0
2597.HK,5,20250709,051500,13.58,13.58,13.56,13.56,3500,0
2597.HK,5,20250709,052000,13.56,13.56,13.54,13.54,9500,0
2597.HK,5,20250709,052500,13.54,13.54,13.38,13.38,15000,0
2597.HK,5,20250709,053000,13.38,13.38,13.02,13.04,10500,0
2597.HK,5,20250709,053500,13.10,13.28,13.10,13.28,2500,0
2597.HK,5,20250709,054000,13.28,13.28,13.16,13.16,5000,0
2597.HK,5,20250709,054500,13.16,13.28,13.16,13.28,1500,0
2597.HK,5,20250709,055000,13.36,13.36,13.34,13.34,2000,0
2597.HK,5,20250709,055500,13.32,13.46,13.32,13.46,9000,0
2597.HK,5,20250709,070000,13.46,13.58,13.32,13.56,37500,0
2597.HK,5,20250709,070500,13.56,13.56,13.56,13.56,500,0
2597.HK,5,20250709,071000,13.52,13.54,13.52,13.54,11000,0
2597.HK,5,20250709,071500,13.54,13.54,13.52,13.54,3000,0
2597.HK,5,20250709,072000,13.34,13.34,13.34,13.34,7000,0
2597.HK,5,20250709,072500,13.32,13.36,13.32,13.36,1000,0
2597.HK,5,20250709,073000,13.34,13.34,13.34,13.34,5000,0
2597.HK,5,20250709,073500,13.34,13.34,13.26,13.26,8000,0
2597.HK,5,20250709,074000,13.26,13.26,13.18,13.20,13500,0
2597.HK,5,20250709,074500,13.20,13.22,13.16,13.20,5000,0
2597.HK,5,20250709,075000,13.20,13.22,13.20,13.22,4000,0
2597.HK,5,20250709,075500,13.22,13.22,13.16,13.16,7500,0
2597.HK,5,20250709,080000,13.16,13.32,13.16,13.16,8000,0
2597.HK,5,20250709,080500,13.20,13.20,13.12,13.12,7000,0
2597.HK,5,20250709,081000,13.12,13.16,13.08,13.08,12000,0
2597.HK,5,20250709,081500,13.10,13.10,13.10,13.10,5000,0
2597.HK,5,20250709,082000,13.10,13.14,13.10,13.14,24000,0
2597.HK,5,20250709,082500,13.12,13.12,13.06,13.06,3500,0
2597.HK,5,20250709,083000,13.06,13.06,13.00,13.00,26000,0
2597.HK,5,20250709,083500,13.00,13.10,13.00,13.02,8000,0
2597.HK,5,20250709,084000,13.02,13.04,13.02,13.04,5500,0
2597.HK,5,20250709,084500,13.04,13.06,13.04,13.06,2500,0
2597.HK,5,20250709,085000,13.06,13.06,13.04,13.04,2500,0
2597.HK,5,20250709,085500,13.10,13.10,13.04,13.06,4000,0
2597.HK,5,20250709,090000,13.10,13.20,13.10,13.20,9000,0
2597.HK,5,20250709,090500,13.26,13.50,13.26,13.50,45000,0
2597.HK,5,20250709,091000,13.48,13.48,13.36,13.36,3000,0
2597.HK,5,20250709,091500,13.36,13.36,13.32,13.32,2500,0
2597.HK,5,20250709,092000,13.30,13.30,13.30,13.30,3500,0
2597.HK,5,20250709,092500,13.30,13.36,13.30,13.36,3000,0
2597.HK,5,20250709,093000,13.32,13.40,13.32,13.36,4500,0
2597.HK,5,20250709,093500,13.36,13.40,13.36,13.40,2000,0
2597.HK,5,20250709,094000,13.28,13.40,13.24,13.36,21500,0
2597.HK,5,20250709,094500,13.44,13.50,13.44,13.50,31000,0
2597.HK,5,20250709,095000,13.48,13.58,13.48,13.56,54500,0
2597.HK,5,20250709,095500,13.54,13.60,13.50,13.58,64000,0
2597.HK,5,20250710,033000,13.58,13.60,13.40,13.40,4500,0
2597.HK,5,20250710,034000,13.36,13.40,13.36,13.40,2000,0
2597.HK,5,20250710,034500,13.40,13.48,13.40,13.48,4500,0
2597.HK,5,20250710,035000,13.42,14.48,13.42,14.30,102500,0
2597.HK,5,20250710,035500,14.32,14.68,14.22,14.22,86000,0
2597.HK,5,20250710,040000,14.14,14.22,14.10,14.10,17500,0
2597.HK,5,20250710,040500,14.10,14.20,13.90,13.90,28500,0
2597.HK,5,20250710,041000,13.90,13.90,13.82,13.82,14500,0
2597.HK,5,20250710,041500,13.80,14.20,13.78,14.20,35000,0
2597.HK,5,20250710,042000,14.20,14.20,13.80,13.82,31000,0
2597.HK,5,20250710,042500,13.90,13.92,13.90,13.92,3000,0
2597.HK,5,20250710,043000,13.90,13.90,13.82,13.88,8000,0
2597.HK,5,20250710,043500,13.82,13.86,13.82,13.86,2000,0
2597.HK,5,20250710,044000,13.86,13.86,13.82,13.86,3500,0
2597.HK,5,20250710,044500,13.86,13.86,13.80,13.80,2500,0
2597.HK,5,20250710,045000,13.76,13.76,13.70,13.70,4500,0
2597.HK,5,20250710,045500,13.80,13.86,13.80,13.86,2500,0
2597.HK,5,20250710,050000,13.86,13.86,13.86,13.86,2500,0
2597.HK,5,20250710,050500,13.86,13.86,13.72,13.72,14000,0
2597.HK,5,20250710,051000,13.70,13.70,13.70,13.70,1500,0
2597.HK,5,20250710,051500,13.70,13.70,13.70,13.70,1000,0
2597.HK,5,20250710,052000,13.70,13.76,13.70,13.76,2000,0
2597.HK,5,20250710,052500,13.70,13.72,13.68,13.72,24000,0
2597.HK,5,20250710,053500,13.74,13.84,13.74,13.84,5000,0
2597.HK,5,20250710,054000,13.86,13.90,13.86,13.90,45500,0
2597.HK,5,20250710,054500,13.98,14.20,13.90,14.20,17000,0
2597.HK,5,20250710,055000,14.20,14.24,14.14,14.16,6000,0
2597.HK,5,20250710,055500,14.14,14.16,14.14,14.14,6500,0
2597.HK,5,20250710,070000,14.14,14.16,14.14,14.16,9500,0
2597.HK,5,20250710,070500,14.16,14.16,14.14,14.14,4000,0
2597.HK,5,20250710,071000,14.14,14.14,14.14,14.14,4000,0
2597.HK,5,20250710,071500,14.14,14.16,14.12,14.16,15500,0
2597.HK,5,20250710,072000,14.18,14.38,14.16,14.38,21000,0
2597.HK,5,20250710,072500,14.40,14.50,14.22,14.30,45500,0
2597.HK,5,20250710,073000,14.30,14.34,14.30,14.34,8500,0
2597.HK,5,20250710,073500,14.34,14.74,14.34,14.74,53000,0
2597.HK,5,20250710,074000,14.74,15.10,14.74,14.94,174000,0
2597.HK,5,20250710,074500,14.98,14.98,14.88,14.88,13500,0
2597.HK,5,20250710,075000,14.84,14.84,14.74,14.82,9500,0
2597.HK,5,20250710,075500,14.80,14.80,14.74,14.74,7500,0
2597.HK,5,20250710,080000,14.70,14.70,14.60,14.60,3500,0
2597.HK,5,20250710,080500,14.60,14.62,14.60,14.60,6000,0
2597.HK,5,20250710,081000,14.60,14.92,14.60,14.90,20000,0
2597.HK,5,20250710,081500,14.92,14.98,14.92,14.96,9500,0
2597.HK,5,20250710,082000,14.94,14.94,14.78,14.78,11000,0
2597.HK,5,20250710,082500,14.78,14.80,14.78,14.78,5000,0
2597.HK,5,20250710,083000,14.78,14.90,14.78,14.88,9000,0
2597.HK,5,20250710,083500,14.88,14.88,14.84,14.84,2000,0
2597.HK,5,20250710,084000,14.78,14.82,14.78,14.82,7000,0
2597.HK,5,20250710,084500,14.82,14.82,14.80,14.80,5500,0
2597.HK,5,20250710,085000,14.80,14.80,14.78,14.78,3500,0
2597.HK,5,20250710,085500,14.76,14.76,14.76,14.76,2500,0
2597.HK,5,20250710,090000,14.76,14.76,14.76,14.76,1000,0
2597.HK,5,20250710,090500,14.74,14.74,14.70,14.74,20000,0
2597.HK,5,20250710,091000,14.74,14.88,14.74,14.88,15500,0
2597.HK,5,20250710,091500,14.84,14.84,14.72,14.84,7000,0
2597.HK,5,20250710,092000,14.82,14.82,14.82,14.82,3000,0
2597.HK,5,20250710,092500,14.86,14.94,14.86,14.94,9000,0
2597.HK,5,20250710,093000,14.96,14.96,14.94,14.94,21000,0
2597.HK,5,20250710,093500,14.92,14.92,14.86,14.86,5000,0
2597.HK,5,20250710,094000,14.84,14.86,14.80,14.80,7500,0
2597.HK,5,20250710,094500,14.78,14.80,14.78,14.80,3500,0
2597.HK,5,20250710,095000,14.76,14.76,14.28,14.50,36000,0
2597.HK,5,20250710,095500,14.50,14.90,14.50,14.90,44500,0
2597.HK,5,20250714,033000,13.00,13.00,12.72,13.00,7500,0
2597.HK,5,20250714,033500,13.00,13.32,13.00,13.32,5000,0
2597.HK,5,20250714,034000,13.36,13.36,13.36,13.36,1500,0
2597.HK,5,20250714,035000,13.36,13.36,13.32,13.32,7500,0
2597.HK,5,20250714,040000,13.16,13.16,13.12,13.12,5500,0
2597.HK,5,20250714,040500,13.10,13.12,13.10,13.12,4500,0
2597.HK,5,20250714,041000,13.18,13.18,13.18,13.18,500,0
2597.HK,5,20250714,041500,13.26,13.28,13.26,13.28,2000,0
2597.HK,5,20250714,042000,13.28,13.28,13.28,13.28,500,0
2597.HK,5,20250714,043000,13.30,13.30,13.30,13.30,1000,0
2597.HK,5,20250714,044000,13.30,13.30,13.30,13.30,500,0
2597.HK,5,20250714,045000,13.30,13.30,13.30,13.30,500,0
2597.HK,5,20250714,045500,13.32,13.32,13.30,13.30,1000,0
2597.HK,5,20250714,050000,13.28,13.28,13.26,13.26,3000,0
2597.HK,5,20250714,050500,13.28,13.30,13.28,13.30,23000,0
2597.HK,5,20250714,051000,13.28,13.36,13.28,13.36,1500,0
2597.HK,5,20250714,052000,13.34,13.34,13.28,13.28,2500,0
2597.HK,5,20250714,052500,13.26,13.26,13.22,13.22,3000,0
2597.HK,5,20250714,053000,13.24,13.24,13.24,13.24,500,0
2597.HK,5,20250714,053500,13.22,13.22,13.22,13.22,500,0
2597.HK,5,20250714,054000,13.34,13.34,13.34,13.34,1500,0
2597.HK,5,20250714,054500,13.36,13.36,13.36,13.36,500,0
2597.HK,5,20250714,055000,13.36,13.38,13.30,13.30,2500,0
2597.HK,5,20250714,070500,13.28,13.30,13.26,13.28,84000,0
2597.HK,5,20250714,071000,13.26,13.26,13.24,13.24,9000,0
2597.HK,5,20250714,071500,13.28,13.30,13.28,13.30,5500,0
2597.HK,5,20250714,072500,13.32,13.32,13.28,13.28,93000,0
2597.HK,5,20250714,073500,13.28,13.28,13.28,13.28,8500,0
2597.HK,5,20250714,074000,13.28,13.28,13.26,13.26,35500,0
2597.HK,5,20250714,075000,13.30,13.30,13.30,13.30,500,0
2597.HK,5,20250714,081000,13.32,13.32,13.30,13.30,3500,0
2597.HK,5,20250714,081500,13.26,13.26,13.26,13.26,1000,0
2597.HK,5,20250714,082000,13.30,13.30,13.30,13.30,1000,0
2597.HK,5,20250714,090500,13.26,13.30,13.26,13.30,53000,0
2597.HK,5,20250714,091500,13.38,13.40,13.38,13.40,1500,0
2597.HK,5,20250714,092000,13.40,13.44,13.40,13.44,2000,0
2597.HK,5,20250714,092500,13.44,13.44,13.44,13.44,500,0
2597.HK,5,20250714,093000,13.42,13.42,13.40,13.40,3500,0
2597.HK,5,20250714,093500,13.34,13.34,13.34,13.34,2000,0
2597.HK,5,20250714,094000,13.30,13.30,13.30,13.30,2000,0
2597.HK,5,20250714,094500,13.30,13.30,13.30,13.30,4500,0
2597.HK,5,20250714,095000,13.30,13.30,13.28,13.30,8500,0
2597.HK,5,20250714,095500,13.28,13.28,13.22,13.22,38500,0
2597.HK,5,20250715,033000,13.32,13.32,13.32,13.32,1500,0
2597.HK,5,20250715,033500,13.38,13.38,13.38,13.38,500,0
2597.HK,5,20250715,034000,13.38,13.50,13.38,13.42,3500,0
2597.HK,5,20250715,034500,13.52,13.52,13.40,13.40,1000,0
2597.HK,5,20250715,035000,13.40,13.40,13.40,13.40,3000,0
2597.HK,5,20250715,035500,13.40,13.40,13.40,13.40,500,0
2597.HK,5,20250715,040000,13.40,13.40,13.40,13.40,1000,0
2597.HK,5,20250715,040500,13.50,14.00,13.50,13.54,19000,0
2597.HK,5,20250715,041000,13.66,13.80,13.66,13.70,14500,0
2597.HK,5,20250715,041500,13.56,13.56,13.48,13.54,7500,0
2597.HK,5,20250715,042000,13.54,13.56,13.42,13.56,14000,0
2597.HK,5,20250715,044000,13.52,13.52,13.52,13.52,1000,0
2597.HK,5,20250715,044500,13.46,13.46,13.46,13.46,500,0
2597.HK,5,20250715,045000,13.42,13.42,13.40,13.40,2500,0
2597.HK,5,20250715,045500,13.40,13.40,13.30,13.30,11500,0
2597.HK,5,20250715,050000,13.30,13.36,13.30,13.36,1500,0
2597.HK,5,20250715,050500,13.42,13.42,13.42,13.42,500,0
2597.HK,5,20250715,051000,13.44,13.44,13.44,13.44,1000,0
2597.HK,5,20250715,052500,13.42,13.42,13.38,13.38,47000,0
2597.HK,5,20250715,053000,13.38,13.38,13.38,13.38,4000,0
2597.HK,5,20250715,053500,13.38,13.44,13.38,13.44,5000,0
2597.HK,5,20250715,054000,13.38,13.44,13.38,13.38,51000,0
2597.HK,5,20250715,055500,13.44,13.44,13.44,13.44,1000,0
2597.HK,5,20250715,070000,13.42,13.42,13.42,13.42,1000,0
2597.HK,5,20250715,070500,13.46,13.46,13.46,13.46,500,0
2597.HK,5,20250715,071000,13.52,13.56,13.52,13.56,5000,0
2597.HK,5,20250715,071500,13.58,13.60,13.58,13.60,2500,0
2597.HK,5,20250715,072000,13.60,13.60,13.58,13.60,3500,0
2597.HK,5,20250715,072500,13.62,13.62,13.62,13.62,1000,0
2597.HK,5,20250715,073000,13.62,13.68,13.62,13.68,5500,0
2597.HK,5,20250715,073500,13.62,13.62,13.62,13.62,78500,0
2597.HK,5,20250715,074000,13.60,13.62,13.60,13.60,2000,0
2597.HK,5,20250715,074500,13.60,13.60,13.60,13.60,1000,0
2597.HK,5,20250715,075500,13.60,13.66,13.60,13.66,4500,0
2597.HK,5,20250715,080000,13.68,13.68,13.68,13.68,2500,0
2597.HK,5,20250715,080500,13.68,13.70,13.68,13.70,1500,0
2597.HK,5,20250715,081000,13.70,13.70,13.68,13.68,3500,0
2597.HK,5,20250715,081500,13.66,13.68,13.66,13.68,1000,0
2597.HK,5,20250715,082000,13.66,13.66,13.66,13.66,57500,0
2597.HK,5,20250715,082500,13.66,13.66,13.66,13.66,1000,0
2597.HK,5,20250715,083500,13.64,13.64,13.62,13.62,3500,0
2597.HK,5,20250715,084000,13.66,13.66,13.66,13.66,500,0
2597.HK,5,20250715,090000,13.58,13.58,13.52,13.52,3500,0
2597.HK,5,20250715,090500,13.52,13.62,13.52,13.62,12000,0
2597.HK,5,20250715,091000,13.58,13.62,13.52,13.62,6500,0
2597.HK,5,20250715,091500,13.64,13.66,13.60,13.60,9500,0
2597.HK,5,20250715,093000,13.60,13.60,13.60,13.60,11500,0
2597.HK,5,20250715,093500,13.54,13.54,13.50,13.50,1500,0
2597.HK,5,20250715,094000,13.48,13.48,13.46,13.48,7500,0
2597.HK,5,20250715,094500,13.48,13.48,13.48,13.48,1000,0
2597.HK,5,20250715,095000,13.48,13.50,13.48,13.50,6000,0
2597.HK,5,20250715,095500,13.58,13.58,13.44,13.44,3000,0
2597.HK,5,20250716,033000,13.80,13.88,13.80,13.88,1500,0
2597.HK,5,20250716,034000,13.66,13.66,13.62,13.62,3000,0
2597.HK,5,20250716,034500,13.54,13.54,13.54,13.54,1500,0
2597.HK,5,20250716,035000,13.54,13.54,13.52,13.54,2500,0
2597.HK,5,20250716,040000,13.60,13.60,13.58,13.58,4000,0
2597.HK,5,20250716,042000,13.52,13.54,13.52,13.54,1000,0
2597.HK,5,20250716,042500,13.52,13.52,13.52,13.52,1000,0
2597.HK,5,20250716,043000,13.52,13.52,13.50,13.50,2500,0
2597.HK,5,20250716,043500,13.48,13.48,13.48,13.48,500,0
2597.HK,5,20250716,044000,13.48,13.48,13.48,13.48,500,0
2597.HK,5,20250716,045500,13.48,13.48,13.48,13.48,500,0
2597.HK,5,20250716,050000,13.54,13.54,13.54,13.54,1000,0
2597.HK,5,20250716,050500,13.50,13.50,13.50,13.50,500,0
2597.HK,5,20250716,051000,13.50,13.50,13.50,13.50,1000,0
2597.HK,5,20250716,051500,13.54,13.62,13.54,13.62,5000,0
2597.HK,5,20250716,053000,13.56,13.56,13.56,13.56,500,0
2597.HK,5,20250716,053500,13.52,13.52,13.50,13.50,2500,0
2597.HK,5,20250716,054000,13.50,13.50,13.50,13.50,1500,0
2597.HK,5,20250716,054500,13.48,13.48,13.48,13.48,1500,0
2597.HK,5,20250716,055000,13.48,13.48,13.48,13.48,3000,0
2597.HK,5,20250716,070000,13.48,13.48,13.48,13.48,500,0
2597.HK,5,20250716,072500,13.54,13.64,13.54,13.54,2000,0
2597.HK,5,20250716,073000,13.60,13.60,13.60,13.60,500,0
2597.HK,5,20250716,073500,13.60,13.60,13.60,13.60,500,0
2597.HK,5,20250716,074000,13.66,13.66,13.60,13.60,1500,0
2597.HK,5,20250716,074500,13.60,13.64,13.60,13.64,2500,0
2597.HK,5,20250716,080500,13.58,13.58,13.58,13.58,500,0
2597.HK,5,20250716,083000,13.64,13.64,13.60,13.60,2500,0
2597.HK,5,20250716,083500,13.58,13.70,13.58,13.70,7500,0
2597.HK,5,20250716,085500,13.58,13.58,13.58,13.58,4500,0
2597.HK,5,20250716,090000,13.58,13.58,13.58,13.58,2500,0
2597.HK,5,20250716,090500,13.58,13.58,13.58,13.58,3500,0
2597.HK,5,20250716,092500,13.50,13.50,13.50,13.50,1500,0
2597.HK,5,20250716,093000,13.52,13.52,13.52,13.52,500,0
2597.HK,5,20250716,095000,13.48,13.48,13.46,13.46,3000,0
2597.HK,5,20250716,095500,13.52,13.52,13.50,13.50,1500,0
2597.HK,5,20250717,035000,13.56,13.56,13.56,13.56,500,0
2597.HK,5,20250717,035500,13.56,13.56,13.56,13.56,1500,0
2597.HK,5,20250717,040000,13.56,13.56,13.56,13.56,500,0
2597.HK,5,20250717,040500,13.56,13.56,13.56,13.56,500,0
2597.HK,5,20250717,041000,13.56,13.56,13.50,13.50,1500,0
2597.HK,5,20250717,041500,13.42,13.42,13.40,13.40,10000,0
2597.HK,5,20250717,042000,13.22,13.22,13.22,13.22,3500,0
2597.HK,5,20250717,043000,13.50,13.50,13.50,13.50,6500,0
2597.HK,5,20250717,045500,13.42,13.42,13.40,13.42,3000,0
2597.HK,5,20250717,050000,13.46,13.46,13.46,13.46,500,0
2597.HK,5,20250717,051500,13.42,13.42,13.42,13.42,500,0
2597.HK,5,20250717,052000,13.42,13.42,13.38,13.38,2000,0
2597.HK,5,20250717,052500,13.42,13.42,13.42,13.42,5500,0
2597.HK,5,20250717,054000,13.42,13.42,13.40,13.40,3000,0
2597.HK,5,20250717,070500,13.40,13.40,13.40,13.40,500,0
2597.HK,5,20250717,071500,13.40,13.40,13.40,13.40,1000,0
2597.HK,5,20250717,072000,13.38,13.38,13.38,13.38,1000,0
2597.HK,5,20250717,072500,13.38,13.40,13.38,13.40,1500,0
2597.HK,5,20250717,073500,13.40,13.40,13.40,13.40,500,0
2597.HK,5,20250717,074000,13.40,13.40,13.38,13.38,5000,0
2597.HK,5,20250717,074500,13.36,13.36,13.30,13.30,7000,0
2597.HK,5,20250717,075000,13.32,13.38,13.30,13.30,17500,0
2597.HK,5,20250717,080000,13.34,13.34,13.34,13.34,500,0
2597.HK,5,20250717,080500,13.28,13.28,13.18,13.20,19500,0
2597.HK,5,20250717,081000,13.20,13.20,13.04,13.04,4500,0
2597.HK,5,20250717,082000,13.12,13.26,13.12,13.26,4000,0
2597.HK,5,20250717,082500,13.28,13.30,13.28,13.30,3000,0
2597.HK,5,20250717,085000,13.24,13.24,13.14,13.22,3000,0
2597.HK,5,20250717,085500,13.20,13.20,13.20,13.20,2000,0
2597.HK,5,20250717,090000,13.18,13.18,13.18,13.18,1000,0
2597.HK,5,20250717,090500,13.22,13.24,13.22,13.24,1000,0
2597.HK,5,20250717,091000,13.26,13.28,13.26,13.28,3500,0
2597.HK,5,20250717,092500,13.26,13.28,13.24,13.24,3500,0
2597.HK,5,20250717,093000,13.28,13.28,13.28,13.28,2000,0
2597.HK,5,20250717,093500,13.30,13.30,13.30,13.30,1000,0
2597.HK,5,20250717,094000,13.30,13.30,13.30,13.30,500,0
2597.HK,5,20250717,094500,13.28,13.28,13.28,13.28,500,0
2597.HK,5,20250717,095000,13.24,13.24,13.22,13.22,4500,0
2597.HK,5,20250717,095500,13.22,13.22,13.06,13.06,35000,0
2597.HK,5,20250718,033000,13.06,13.12,13.06,13.12,1000,0
2597.HK,5,20250718,034000,13.20,13.20,13.20,13.20,4000,0
2597.HK,5,20250718,034500,13.22,13.24,13.22,13.24,3000,0
2597.HK,5,20250718,035000,13.22,13.38,13.22,13.38,4500,0
2597.HK,5,20250718,035500,13.32,13.48,13.30,13.36,18500,0
2597.HK,5,20250718,040000,13.42,13.46,13.42,13.44,2000,0
2597.HK,5,20250718,040500,13.44,13.44,13.32,13.34,15500,0
2597.HK,5,20250718,041500,13.38,13.38,13.38,13.38,500,0
2597.HK,5,20250718,042000,13.36,13.36,13.32,13.32,4000,0
2597.HK,5,20250718,043000,13.28,13.28,13.28,13.28,1000,0
2597.HK,5,20250718,043500,13.30,13.30,13.30,13.30,500,0
2597.HK,5,20250718,045500,13.30,13.30,13.30,13.30,500,0
2597.HK,5,20250718,052000,13.30,13.30,13.30,13.30,500,0
2597.HK,5,20250718,052500,13.30,13.30,13.30,13.30,1000,0
2597.HK,5,20250718,054000,13.34,13.34,13.34,13.34,500,0
2597.HK,5,20250718,055000,13.34,13.34,13.32,13.32,1000,0
2597.HK,5,20250718,055500,13.30,13.30,13.30,13.30,1500,0
2597.HK,5,20250718,071000,13.26,13.26,13.26,13.26,500,0
2597.HK,5,20250718,072500,13.26,13.26,13.26,13.26,500,0
2597.HK,5,20250718,073000,13.26,13.26,13.26,13.26,1500,0
2597.HK,5,20250718,074500,13.26,13.26,13.26,13.26,1000,0
2597.HK,5,20250718,075000,13.26,13.26,13.26,13.26,1000,0
2597.HK,5,20250718,082500,13.26,13.26,13.26,13.26,1500,0
2597.HK,5,20250718,083500,13.26,13.26,13.26,13.26,500,0
2597.HK,5,20250718,090500,13.26,13.26,13.20,13.20,2500,0
2597.HK,5,20250718,092000,13.26,13.30,13.26,13.30,4500,0
2597.HK,5,20250718,092500,13.28,13.28,13.26,13.26,5000,0
2597.HK,5,20250718,093000,13.26,13.26,13.26,13.26,500,0
2597.HK,5,20250718,093500,13.22,13.22,13.20,13.20,2000,0
2597.HK,5,20250718,094000,13.20,13.20,13.20,13.20,1500,0
2597.HK,5,20250718,095500,13.20,13.22,13.18,13.22,4000,0
2597.HK,5,20250721,033000,13.22,13.22,13.14,13.14,1500,0
2597.HK,5,20250721,033500,13.14,13.16,13.14,13.16,1500,0
2597.HK,5,20250721,034000,13.16,13.16,13.16,13.16,2500,0
2597.HK,5,20250721,034500,13.20,13.20,13.16,13.16,1000,0
2597.HK,5,20250721,035500,13.16,13.16,13.16,13.16,5000,0
2597.HK,5,20250721,040000,13.16,13.16,13.16,13.16,500,0
2597.HK,5,20250721,041500,13.18,13.18,13.18,13.18,2500,0
2597.HK,5,20250721,042000,13.20,13.20,13.20,13.20,500,0
2597.HK,5,20250721,043000,13.20,13.20,13.20,13.20,500,0
2597.HK,5,20250721,045000,13.20,13.20,13.20,13.20,500,0
2597.HK,5,20250721,050000,13.22,13.22,13.20,13.20,2500,0
2597.HK,5,20250721,050500,13.20,13.20,13.20,13.20,3000,0
2597.HK,5,20250721,051500,13.22,13.22,13.22,13.22,500,0
2597.HK,5,20250721,053000,13.18,13.18,13.12,13.12,6500,0
2597.HK,5,20250721,053500,13.12,13.12,13.12,13.12,500,0
2597.HK,5,20250721,054000,13.22,13.22,13.22,13.22,3500,0
2597.HK,5,20250721,070000,13.20,13.20,13.20,13.20,500,0
2597.HK,5,20250721,070500,13.22,13.22,13.22,13.22,1000,0
2597.HK,5,20250721,071000,13.22,13.22,13.22,13.22,500,0
2597.HK,5,20250721,073500,13.20,13.22,13.20,13.22,3000,0
2597.HK,5,20250721,074000,13.18,13.18,13.18,13.18,500,0
2597.HK,5,20250721,074500,13.20,13.20,13.20,13.20,500,0
2597.HK,5,20250721,075000,13.18,13.18,13.18,13.18,1000,0
2597.HK,5,20250721,075500,13.16,13.18,13.16,13.18,1500,0
2597.HK,5,20250721,081000,13.22,13.22,13.22,13.22,500,0
2597.HK,5,20250721,082500,13.22,13.22,13.22,13.22,1000,0
2597.HK,5,20250721,084000,13.20,13.20,13.20,13.20,500,0
2597.HK,5,20250721,084500,13.20,13.20,13.16,13.16,2500,0
2597.HK,5,20250721,085000,13.18,13.22,13.18,13.22,3500,0
2597.HK,5,20250721,090000,13.22,13.22,13.22,13.22,4000,0
2597.HK,5,20250721,090500,13.22,13.22,13.22,13.22,2000,0
2597.HK,5,20250721,091000,13.22,13.22,13.22,13.22,500,0
2597.HK,5,20250721,091500,13.26,13.26,13.26,13.26,6500,0
2597.HK,5,20250721,092000,13.28,13.34,13.28,13.34,3500,0
2597.HK,5,20250721,093500,13.30,13.30,13.30,13.30,1000,0
2597.HK,5,20250721,095000,13.24,13.24,13.24,13.24,1000,0
2597.HK,5,20250721,095500,13.22,13.22,13.22,13.22,4000,0
2597.HK,5,20250722,033000,13.22,13.22,13.22,13.22,500,0
2597.HK,5,20250722,033500,13.24,13.30,13.24,13.30,12000,0
2597.HK,5,20250722,034000,13.26,13.26,13.22,13.22,3000,0
2597.HK,5,20250722,034500,13.22,13.22,13.22,13.22,1500,0
2597.HK,5,20250722,040000,13.22,13.22,13.22,13.22,1500,0
2597.HK,5,20250722,041000,13.38,13.40,13.38,13.40,3000,0
2597.HK,5,20250722,041500,13.34,13.34,13.34,13.34,500,0
2597.HK,5,20250722,044500,13.30,13.30,13.22,13.22,14500,0
2597.HK,5,20250722,052000,13.26,13.26,13.26,13.26,500,0
2597.HK,5,20250722,052500,13.24,13.24,13.22,13.22,1500,0
2597.HK,5,20250722,054500,13.34,13.34,13.34,13.34,500,0
2597.HK,5,20250722,070000,13.24,13.24,13.24,13.24,500,0
2597.HK,5,20250722,073000,13.24,13.24,13.24,13.24,500,0
2597.HK,5,20250722,074000,13.24,13.24,13.24,13.24,500,0
2597.HK,5,20250722,074500,13.22,13.22,13.22,13.22,500,0
2597.HK,5,20250722,075000,13.22,13.22,13.22,13.22,1000,0
2597.HK,5,20250722,082000,13.22,13.22,13.22,13.22,500,0
2597.HK,5,20250722,082500,13.22,13.22,13.22,13.22,500,0
2597.HK,5,20250722,083000,13.20,13.20,13.20,13.20,500,0
2597.HK,5,20250722,084500,13.20,13.20,13.20,13.20,1500,0
2597.HK,5,20250722,085000,13.18,13.18,13.18,13.18,500,0
2597.HK,5,20250722,090000,13.20,13.20,13.20,13.20,500,0
2597.HK,5,20250722,091000,13.22,13.22,13.18,13.18,5500,0
2597.HK,5,20250722,092000,13.18,13.18,13.18,13.18,1500,0
2597.HK,5,20250722,094000,13.20,13.20,13.20,13.20,500,0
2597.HK,5,20250722,094500,13.20,13.50,13.20,13.46,18500,0
2597.HK,5,20250722,095000,13.48,13.50,13.38,13.38,8000,0
2597.HK,5,20250722,095500,13.50,13.50,13.50,13.50,5500,0
2597.HK,5,20250723,033000,13.50,13.56,13.50,13.56,4000,0
2597.HK,5,20250723,033500,13.58,13.58,13.58,13.58,1000,0
2597.HK,5,20250723,034000,13.58,13.58,13.58,13.58,500,0
2597.HK,5,20250723,034500,13.52,13.52,13.52,13.52,500,0
2597.HK,5,20250723,035000,13.50,13.50,13.50,13.50,5000,0
2597.HK,5,20250723,035500,13.48,13.48,13.34,13.34,3500,0
2597.HK,5,20250723,041000,13.36,13.36,13.36,13.36,500,0
2597.HK,5,20250723,041500,13.36,13.36,13.36,13.36,1000,0
2597.HK,5,20250723,043500,13.38,13.38,13.38,13.38,500,0
2597.HK,5,20250723,044500,13.48,13.48,13.48,13.48,7500,0
2597.HK,5,20250723,050500,13.48,13.48,13.48,13.48,1000,0
2597.HK,5,20250723,051000,13.50,13.50,13.50,13.50,500,0
2597.HK,5,20250723,052500,13.46,13.46,13.46,13.46,2500,0
2597.HK,5,20250723,054500,13.46,13.46,13.46,13.46,500,0
2597.HK,5,20250723,055000,13.44,13.44,13.44,13.44,500,0
2597.HK,5,20250723,070000,13.44,13.44,13.44,13.44,500,0
2597.HK,5,20250723,071000,13.44,13.44,13.44,13.44,1000,0
2597.HK,5,20250723,073000,13.44,13.44,13.44,13.44,500,0
2597.HK,5,20250723,073500,13.44,13.44,13.44,13.44,1000,0
2597.HK,5,20250723,074500,13.44,13.44,13.44,13.44,500,0
2597.HK,5,20250723,075000,13.44,13.44,13.44,13.44,1500,0
2597.HK,5,20250723,081000,13.46,13.46,13.46,13.46,1000,0
2597.HK,5,20250723,081500,13.46,13.46,13.46,13.46,1000,0
2597.HK,5,20250723,083500,13.52,13.52,13.52,13.52,500,0
2597.HK,5,20250723,091000,13.46,13.46,13.46,13.46,500,0
2597.HK,5,20250723,091500,13.46,13.46,13.46,13.46,2500,0
2597.HK,5,20250723,092000,13.44,13.44,13.32,13.32,3000,0
2597.HK,5,20250723,093000,13.28,13.36,13.28,13.36,19000,0
2597.HK,5,20250723,093500,13.34,13.36,13.34,13.36,2000,0
2597.HK,5,20250723,094000,13.34,13.48,13.34,13.48,2500,0
2597.HK,5,20250723,094500,13.48,13.48,13.48,13.48,1000,0
2597.HK,5,20250723,095500,13.38,13.38,13.30,13.30,1500,0
2597.HK,5,20250724,034000,13.26,13.26,13.26,13.26,2500,0
2597.HK,5,20250724,035500,13.34,13.34,13.34,13.34,500,0
2597.HK,5,20250724,042000,13.32,13.32,13.30,13.30,1500,0
2597.HK,5,20250724,043000,13.32,13.32,13.32,13.32,500,0
2597.HK,5,20250724,044000,13.32,13.32,13.32,13.32,500,0
2597.HK,5,20250724,051000,13.36,13.36,13.36,13.36,500,0
2597.HK,5,20250724,052500,13.38,13.38,13.38,13.38,500,0
2597.HK,5,20250724,053000,13.46,13.46,13.46,13.46,2000,0
2597.HK,5,20250724,053500,13.48,13.48,13.48,13.48,3000,0
2597.HK,5,20250724,055000,13.44,13.44,13.44,13.44,1000,0
2597.HK,5,20250724,070500,13.42,13.42,13.42,13.42,1000,0
2597.HK,5,20250724,071500,13.44,13.46,13.44,13.46,6000,0
2597.HK,5,20250724,073000,13.46,13.46,13.46,13.46,1500,0
2597.HK,5,20250724,073500,13.46,13.46,13.46,13.46,500,0
2597.HK,5,20250724,074000,13.42,13.42,13.42,13.42,500,0
2597.HK,5,20250724,074500,13.44,13.44,13.44,13.44,1000,0
2597.HK,5,20250724,075000,13.44,13.44,13.44,13.44,500,0
2597.HK,5,20250724,080000,13.48,13.50,13.48,13.50,2500,0
2597.HK,5,20250724,082000,13.50,13.50,13.50,13.50,500,0
2597.HK,5,20250724,082500,13.48,13.48,13.44,13.44,4000,0
2597.HK,5,20250724,083500,13.50,13.50,13.50,13.50,1000,0
2597.HK,5,20250724,085000,13.48,13.48,13.48,13.48,2500,0
2597.HK,5,20250724,090500,13.50,13.50,13.50,13.50,67500,0
2597.HK,5,20250724,091000,13.52,13.58,13.52,13.58,8000,0
2597.HK,5,20250724,091500,13.60,13.70,13.56,13.68,17000,0
2597.HK,5,20250724,092000,13.64,13.64,13.62,13.62,2000,0
2597.HK,5,20250724,092500,13.62,13.70,13.62,13.66,4500,0
2597.HK,5,20250724,093000,13.64,13.64,13.64,13.64,1000,0
2597.HK,5,20250724,094000,13.66,13.66,13.66,13.66,500,0
2597.HK,5,20250724,094500,13.62,13.62,13.60,13.60,1500,0
2597.HK,5,20250724,095000,13.64,13.64,13.64,13.64,3000,0
2597.HK,5,20250724,095500,13.62,13.62,13.62,13.62,500,0
2597.HK,5,20250725,033000,13.62,13.62,13.62,13.62,2000,0
2597.HK,5,20250725,033500,13.66,13.66,13.66,13.66,500,0
2597.HK,5,20250725,034000,13.76,14.00,13.76,14.00,14000,0
2597.HK,5,20250725,034500,14.00,14.20,14.00,14.20,10500,0
2597.HK,5,20250725,035000,14.24,14.60,14.24,14.38,21000,0
2597.HK,5,20250725,035500,14.08,14.36,14.08,14.30,6000,0
2597.HK,5,20250725,041000,14.26,14.26,14.26,14.26,2000,0
2597.HK,5,20250725,042500,14.06,14.06,14.02,14.02,3000,0
2597.HK,5,20250725,043000,14.04,14.06,14.00,14.00,5000,0
2597.HK,5,20250725,050500,13.80,13.80,13.80,13.80,500,0
2597.HK,5,20250725,051000,13.82,13.82,13.82,13.82,500,0
2597.HK,5,20250725,052000,13.94,13.94,13.94,13.94,1500,0
2597.HK,5,20250725,054500,13.92,14.00,13.92,14.00,2000,0
2597.HK,5,20250725,055000,14.10,14.10,14.10,14.10,1000,0
2597.HK,5,20250725,070000,14.08,14.08,14.08,14.08,500,0
2597.HK,5,20250725,070500,14.08,14.10,14.08,14.10,3000,0
2597.HK,5,20250725,074500,14.04,14.04,14.04,14.04,500,0
2597.HK,5,20250725,075500,14.00,14.00,14.00,14.00,1000,0
2597.HK,5,20250725,081000,14.00,14.00,14.00,14.00,1500,0
2597.HK,5,20250725,083500,13.98,14.02,13.98,14.02,2000,0
2597.HK,5,20250725,084000,14.02,14.10,14.02,14.10,34000,0
2597.HK,5,20250725,084500,14.08,14.08,14.02,14.02,2500,0
2597.HK,5,20250725,085000,14.02,14.02,14.02,14.02,1000,0
2597.HK,5,20250725,092000,14.02,14.02,14.02,14.02,1000,0
2597.HK,5,20250725,092500,14.08,14.10,14.08,14.10,1000,0
2597.HK,5,20250725,093000,14.02,14.02,14.02,14.02,500,0
2597.HK,5,20250725,093500,14.02,14.02,14.02,14.02,1000,0
2597.HK,5,20250725,094000,14.00,14.00,14.00,14.00,1000,0
2597.HK,5,20250725,095500,14.06,14.06,14.00,14.00,4500,0
2597.HK,5,20250728,033000,14.14,14.14,14.14,14.14,500,0
2597.HK,5,20250728,033500,14.14,14.14,14.14,14.14,1000,0
2597.HK,5,20250728,034500,14.00,14.00,14.00,14.00,2000,0
2597.HK,5,20250728,035500,13.82,13.82,13.80,13.80,3000,0
2597.HK,5,20250728,040000,13.62,13.62,13.62,13.62,500,0
2597.HK,5,20250728,040500,13.94,14.00,13.94,14.00,10000,0
2597.HK,5,20250728,041000,13.96,13.96,13.96,13.96,500,0
2597.HK,5,20250728,043000,13.80,13.80,13.66,13.66,252000,0
2597.HK,5,20250728,043500,13.80,13.80,13.60,13.60,348500,0
2597.HK,5,20250728,044500,13.68,13.68,13.68,13.68,500,0
2597.HK,5,20250728,045000,13.56,13.56,13.56,13.56,500,0
2597.HK,5,20250728,052000,13.74,13.74,13.74,13.74,500,0
2597.HK,5,20250728,052500,13.80,13.80,13.80,13.80,1500,0
2597.HK,5,20250728,053500,13.88,13.90,13.88,13.90,4500,0
2597.HK,5,20250728,070500,13.84,13.84,13.84,13.84,500,0
2597.HK,5,20250728,071500,13.86,13.96,13.86,13.96,9500,0
2597.HK,5,20250728,072000,14.00,14.10,14.00,14.10,13500,0
2597.HK,5,20250728,073000,14.08,14.08,14.02,14.02,2500,0
2597.HK,5,20250728,073500,13.98,13.98,13.98,13.98,500,0
2597.HK,5,20250728,074500,13.88,13.90,13.88,13.90,2000,0
2597.HK,5,20250728,081500,13.98,14.00,13.98,14.00,1500,0
2597.HK,5,20250728,082000,14.00,14.00,14.00,14.00,500,0
2597.HK,5,20250728,083500,13.94,13.94,13.94,13.94,500,0
2597.HK,5,20250728,085000,13.94,13.96,13.94,13.96,1500,0
2597.HK,5,20250728,090000,13.96,13.96,13.96,13.96,1000,0
2597.HK,5,20250728,093000,13.96,13.96,13.96,13.96,500,0
2597.HK,5,20250729,035000,13.60,13.96,13.60,13.96,500,0
2597.HK,5,20250729,040000,13.96,13.96,13.96,13.96,500,0
2597.HK,5,20250729,044500,13.76,13.76,13.76,13.76,500,0
2597.HK,5,20250729,045000,13.80,13.80,13.78,13.78,2000,0
2597.HK,5,20250729,050500,13.80,13.80,13.80,13.80,1000,0
2597.HK,5,20250729,051000,13.76,13.76,13.76,13.76,3000,0
2597.HK,5,20250729,052000,13.76,13.76,13.74,13.74,1000,0
2597.HK,5,20250729,052500,13.74,13.74,13.74,13.74,500,0
2597.HK,5,20250729,054500,13.74,13.74,13.74,13.74,1000,0
2597.HK,5,20250729,070000,13.72,13.72,13.72,13.72,500,0
2597.HK,5,20250729,073000,13.68,13.68,13.66,13.66,2000,0
2597.HK,5,20250729,074500,13.66,13.66,13.66,13.66,500,0
2597.HK,5,20250729,080000,13.72,13.74,13.72,13.74,1000,0
2597.HK,5,20250729,082000,13.74,13.74,13.74,13.74,500,0
2597.HK,5,20250729,083000,13.68,13.68,13.68,13.68,500,0
2597.HK,5,20250729,084500,13.68,13.68,13.68,13.68,1000,0
2597.HK,5,20250729,090000,13.68,13.68,13.68,13.68,1000,0
2597.HK,5,20250729,090500,13.68,13.74,13.68,13.74,1000,0
2597.HK,5,20250730,035500,13.72,13.72,13.72,13.72,500,0
2597.HK,5,20250730,040500,13.72,13.72,13.72,13.72,1500,0
2597.HK,5,20250730,043000,13.72,13.72,13.72,13.72,500,0
2597.HK,5,20250730,044000,13.68,13.68,13.68,13.68,500,0
2597.HK,5,20250730,045500,13.68,13.68,13.68,13.68,1000,0
2597.HK,5,20250730,052500,13.68,13.68,13.68,13.68,500,0
2597.HK,5,20250730,055500,13.68,13.68,13.68,13.68,500,0
2597.HK,5,20250730,070000,13.66,13.66,13.66,13.66,1000,0
2597.HK,5,20250730,070500,13.60,13.60,13.50,13.50,7000,0
2597.HK,5,20250730,071500,13.52,13.52,13.50,13.52,3000,0
2597.HK,5,20250730,074000,13.68,13.68,13.68,13.68,3000,0
2597.HK,5,20250730,081000,13.52,13.52,13.48,13.48,17000,0
2597.HK,5,20250730,081500,13.50,13.50,13.40,13.44,8000,0
2597.HK,5,20250730,082000,13.42,13.46,13.42,13.46,3000,0
2597.HK,5,20250730,082500,13.38,13.38,13.36,13.38,3500,0
2597.HK,5,20250730,083000,13.42,13.42,13.38,13.42,2500,0
2597.HK,5,20250730,085500,13.38,13.42,13.38,13.42,2000,0
2597.HK,5,20250730,092500,13.50,13.50,13.44,13.44,1000,0
2597.HK,5,20250730,093000,13.46,13.46,13.46,13.46,500,0
2597.HK,5,20250730,094500,13.46,13.46,13.46,13.46,4500,0
2597.HK,5,20250730,095000,13.40,13.44,13.34,13.42,5500,0
2597.HK,5,20250730,095500,13.48,13.50,13.48,13.50,16500,0
2597.HK,5,20250731,033500,13.50,13.50,13.50,13.50,500,0
2597.HK,5,20250731,042000,13.50,13.50,13.50,13.50,500,0
2597.HK,5,20250731,044500,13.50,13.50,13.50,13.50,500,0
2597.HK,5,20250731,050000,13.50,13.50,13.50,13.50,2000,0
2597.HK,5,20250731,053000,13.48,13.48,13.48,13.48,1000,0
2597.HK,5,20250731,070000,13.40,13.40,13.40,13.40,1500,0
2597.HK,5,20250731,075500,13.44,13.50,13.44,13.50,3500,0
2597.HK,5,20250731,080000,13.50,13.50,13.50,13.50,3500,0
2597.HK,5,20250731,083500,13.42,13.42,13.42,13.42,500,0
2597.HK,5,20250731,085500,13.50,13.50,13.50,13.50,17000,0
2597.HK,5,20250731,090000,13.50,13.52,13.50,13.52,3000,0
2597.HK,5,20250731,094500,13.52,13.52,13.52,13.52,500,0
2597.HK,5,20250801,033500,13.52,13.52,13.52,13.52,1000,0
2597.HK,5,20250801,040500,13.52,13.52,13.52,13.52,500,0
2597.HK,5,20250801,042000,13.42,13.42,13.42,13.42,1000,0
2597.HK,5,20250801,044000,13.42,13.42,13.42,13.42,2500,0
2597.HK,5,20250801,044500,13.42,13.42,13.42,13.42,500,0
2597.HK,5,20250801,051500,13.42,13.42,13.42,13.42,500,0
2597.HK,5,20250801,052000,13.42,13.42,13.42,13.42,500,0
2597.HK,5,20250801,070000,13.40,13.40,13.40,13.40,500,0
2597.HK,5,20250801,072500,13.40,13.40,13.36,13.38,3500,0
2597.HK,5,20250801,074000,13.36,13.36,13.34,13.36,24000,0
2597.HK,5,20250801,075000,13.36,13.36,13.36,13.36,500,0
2597.HK,5,20250801,075500,13.40,13.40,13.36,13.36,2000,0
2597.HK,5,20250801,085500,13.38,13.38,13.36,13.36,8000,0
2597.HK,5,20250801,091500,13.36,13.36,13.36,13.36,1000,0
2597.HK,5,20250801,092000,13.36,13.38,13.36,13.38,1000,0
2597.HK,5,20250801,093000,13.38,13.38,13.38,13.38,1000,0
2597.HK,5,20250801,093500,13.36,13.36,13.32,13.32,8500,0
2597.HK,5,20250801,094000,13.36,13.36,13.30,13.34,6000,0
2597.HK,5,20250801,094500,13.36,13.36,13.36,13.36,2500,0
2597.HK,5,20250801,095000,13.34,13.36,13.34,13.36,6500,0
2597.HK,5,20250801,095500,13.28,13.36,13.28,13.36,4500,0
2597.HK,5,20250804,033500,13.34,13.34,13.24,13.24,26000,0
2597.HK,5,20250804,034500,13.30,13.30,13.28,13.29,15000,0
2597.HK,5,20250804,035000,13.29,13.29,13.29,13.29,2000,0
2597.HK,5,20250804,042500,13.34,13.34,13.34,13.34,1000,0
2597.HK,5,20250804,043500,13.32,13.32,13.32,13.32,500,0
2597.HK,5,20250804,045500,13.33,13.33,13.33,13.33,1000,0
2597.HK,5,20250804,050500,13.36,13.36,13.36,13.36,500,0
2597.HK,5,20250804,052500,13.36,13.36,13.36,13.36,500,0
2597.HK,5,20250804,053500,13.36,13.36,13.36,13.36,1000,0
2597.HK,5,20250804,054000,13.36,13.36,13.36,13.36,1000,0
2597.HK,5,20250804,082000,13.34,13.34,13.34,13.34,500,0
2597.HK,5,20250804,083500,13.34,13.34,13.34,13.34,500,0
2597.HK,5,20250804,090000,13.34,13.34,13.34,13.34,500,0
2597.HK,5,20250804,091000,13.34,13.36,13.34,13.36,1000,0
2597.HK,5,20250804,091500,13.33,13.39,13.33,13.39,2500,0
2597.HK,5,20250804,092000,13.40,13.40,13.40,13.40,500,0
2597.HK,5,20250804,095000,13.42,13.44,13.42,13.44,8000,0
2597.HK,5,20250804,095500,13.40,13.40,13.40,13.40,1000,0
2597.HK,5,20250805,050000,13.52,13.52,13.52,13.52,2500,0
2597.HK,5,20250805,051500,13.60,13.60,13.60,13.60,500,0
2597.HK,5,20250805,052500,13.60,13.60,13.60,13.60,1000,0
2597.HK,5,20250805,053500,13.57,13.57,13.57,13.57,500,0
2597.HK,5,20250805,071000,13.55,13.55,13.55,13.55,500,0
2597.HK,5,20250805,072000,13.53,13.53,13.53,13.53,500,0
2597.HK,5,20250805,073000,13.51,13.51,13.51,13.51,500,0
2597.HK,5,20250805,073500,13.50,13.50,13.50,13.50,500,0
2597.HK,5,20250805,094000,13.50,13.50,13.50,13.50,8000,0
2597.HK,5,20250805,094500,13.43,13.43,13.43,13.43,1500,0
2597.HK,5,20250806,041500,13.38,13.38,13.38,13.38,500,0
2597.HK,5,20250806,043500,13.56,13.56,13.56,13.56,500,0
2597.HK,5,20250806,050500,13.56,13.56,13.56,13.56,1000,0
2597.HK,5,20250806,054500,13.56,13.56,13.56,13.56,500,0
2597.HK,5,20250806,070500,13.46,13.46,13.46,13.46,500,0
2597.HK,5,20250806,074500,13.46,13.46,13.46,13.46,500,0
2597.HK,5,20250806,081500,13.41,13.41,13.41,13.41,500,0
2597.HK,5,20250806,083500,13.50,13.50,13.50,13.50,1000,0
2597.HK,5,20250806,084500,13.50,13.55,13.50,13.55,3000,0
2597.HK,5,20250806,085000,13.44,13.44,13.44,13.44,1000,0
2597.HK,5,20250806,091000,13.52,13.52,13.52,13.52,2000,0
2597.HK,5,20250806,095500,13.59,13.62,13.44,13.62,3000,0
2597.HK,5,20250807,041500,13.52,13.52,13.52,13.52,1500,0
2597.HK,5,20250807,043000,13.52,13.52,13.52,13.52,500,0
2597.HK,5,20250807,050500,13.52,13.52,13.52,13.52,1000,0
2597.HK,5,20250807,051000,13.40,13.40,13.40,13.40,1000,0
2597.HK,5,20250807,052500,13.39,13.40,13.39,13.40,1500,0
2597.HK,5,20250807,071000,13.42,13.42,13.38,13.38,4000,0
2597.HK,5,20250807,073000,13.38,13.38,13.38,13.38,5000,0
2597.HK,5,20250807,084000,13.37,13.37,13.37,13.37,500,0
2597.HK,5,20250807,085500,13.38,13.38,13.38,13.38,2500,0
2597.HK,5,20250807,091000,13.52,13.52,13.52,13.52,500,0
2597.HK,5,20250807,091500,13.50,13.50,13.41,13.41,2000,0
2597.HK,5,20250807,092000,13.38,13.38,13.38,13.38,500,0
2597.HK,5,20250807,093000,13.51,13.51,13.50,13.50,500,0
2597.HK,5,20250808,033000,13.50,13.50,13.50,13.50,500,0
2597.HK,5,20250808,033500,13.38,13.38,13.38,13.38,1000,0
2597.HK,5,20250808,035000,13.40,13.40,13.40,13.40,500,0
2597.HK,5,20250808,035500,13.40,13.40,13.40,13.40,500,0
2597.HK,5,20250808,050500,13.38,13.40,13.32,13.40,129000,0
2597.HK,5,20250808,051500,13.40,13.40,13.40,13.40,500,0
2597.HK,5,20250808,052000,13.50,13.50,13.50,13.50,14000,0
2597.HK,5,20250808,055000,13.50,13.50,13.50,13.50,3500,0
2597.HK,5,20250808,070000,13.50,13.50,13.50,13.50,500,0
2597.HK,5,20250808,070500,13.51,13.51,13.51,13.51,500,0
2597.HK,5,20250808,071000,13.51,13.51,13.51,13.51,500,0
2597.HK,5,20250808,074500,13.51,13.51,13.51,13.51,500,0
2597.HK,5,20250808,081000,13.51,13.51,13.45,13.45,4000,0
2597.HK,5,20250808,082500,13.45,13.51,13.45,13.50,87500,0
2597.HK,5,20250808,083000,13.50,13.50,13.50,13.50,1500,0
2597.HK,5,20250808,083500,13.51,13.51,13.51,13.51,1000,0
2597.HK,5,20250808,084500,13.41,13.41,13.41,13.41,6500,0
2597.HK,5,20250808,085000,13.41,13.41,13.41,13.41,2000,0
2597.HK,5,20250808,085500,13.46,13.46,13.46,13.46,2000,0
2597.HK,5,20250808,090000,13.51,13.51,13.50,13.50,90500,0
2597.HK,5,20250808,090500,13.51,13.51,13.51,13.51,500,0
2597.HK,5,20250808,091500,13.65,13.65,13.63,13.63,3500,0
2597.HK,5,20250808,092500,13.63,13.63,13.63,13.63,500,0
2597.HK,5,20250808,093500,13.55,13.55,13.55,13.55,92000,0
2597.HK,5,20250808,094000,13.65,13.92,13.65,13.92,6500,0
2597.HK,5,20250808,094500,13.80,13.80,13.78,13.78,1000,0
2597.HK,5,20250808,095000,13.78,13.78,13.55,13.56,96000,0
2597.HK,5,20250808,095500,13.59,13.84,13.55,13.64,41000,0
2597.HK,5,20250815,033000,13.55,13.55,13.51,13.51,2500,0
2597.HK,5,20250815,034500,13.50,13.55,13.50,13.55,1000,0
2597.HK,5,20250815,043000,13.55,13.55,13.55,13.55,500,0
2597.HK,5,20250815,043500,13.50,13.50,13.40,13.40,4500,0
2597.HK,5,20250815,053500,13.40,13.40,13.40,13.40,500,0
2597.HK,5,20250815,070000,13.40,13.40,13.40,13.40,1000,0
2597.HK,5,20250815,070500,13.40,13.40,13.40,13.40,1500,0
2597.HK,5,20250815,072500,13.40,13.40,13.40,13.40,500,0
2597.HK,5,20250815,080500,13.40,13.40,13.40,13.40,2000,0
2597.HK,5,20250815,081000,13.54,13.54,13.54,13.54,500,0
2597.HK,5,20250815,082000,13.40,13.40,13.40,13.40,1000,0
2597.HK,5,20250815,095500,13.51,13.54,13.51,13.54,2000,0
2597.HK,5,20250818,033500,13.54,13.54,13.54,13.54,1500,0
2597.HK,5,20250818,035000,13.54,13.54,13.54,13.54,500,0
2597.HK,5,20250818,035500,13.50,13.50,13.46,13.46,39500,0
2597.HK,5,20250818,042000,13.47,13.47,13.46,13.46,2000,0
2597.HK,5,20250818,042500,13.46,13.46,13.46,13.46,2000,0
2597.HK,5,20250818,045500,13.46,13.46,13.46,13.46,2000,0
2597.HK,5,20250818,051000,13.46,13.46,13.46,13.46,500,0
2597.HK,5,20250818,055000,13.47,13.47,13.46,13.46,10000,0
2597.HK,5,20250818,070000,13.46,13.46,13.45,13.45,1000,0
2597.HK,5,20250818,070500,13.46,13.46,13.46,13.46,500,0
2597.HK,5,20250818,072500,13.41,13.41,13.41,13.41,500,0
2597.HK,5,20250818,073000,13.41,13.41,13.41,13.41,1500,0
2597.HK,5,20250818,080000,13.41,13.41,13.41,13.41,1000,0
2597.HK,5,20250818,081500,13.41,13.41,13.41,13.41,1000,0
2597.HK,5,20250818,091000,13.41,13.41,13.41,13.41,500,0
2597.HK,5,20250819,033500,13.41,13.41,13.41,13.41,500,0
2597.HK,5,20250819,035500,13.41,13.41,13.41,13.41,500,0
2597.HK,5,20250819,040000,13.41,13.41,13.41,13.41,2000,0
2597.HK,5,20250819,070000,13.41,13.41,13.41,13.41,500,0
2597.HK,5,20250820,035500,13.40,13.40,13.40,13.40,500,0
2597.HK,5,20250820,040000,13.40,13.40,13.40,13.40,2000,0
2597.HK,5,20250820,040500,13.40,13.40,13.40,13.40,1000,0
2597.HK,5,20250820,042000,13.40,13.40,13.40,13.40,500,0
2597.HK,5,20250820,042500,13.38,13.38,13.38,13.38,5000,0
2597.HK,5,20250820,043000,13.38,13.38,13.38,13.38,5500,0
2597.HK,5,20250820,045500,13.39,13.39,13.38,13.38,2500,0
2597.HK,5,20250820,071000,13.40,13.40,13.40,13.40,1500,0
2597.HK,5,20250820,073000,13.40,13.40,13.40,13.40,500,0
2597.HK,5,20250820,080000,13.40,13.40,13.39,13.39,2500,0
2597.HK,5,20250820,082500,13.39,13.39,13.39,13.39,500,0
2597.HK,5,20250820,084500,13.39,13.39,13.38,13.38,7500,0
2597.HK,5,20250820,085000,13.38,13.38,13.38,13.38,500,0
2597.HK,5,20250820,085500,13.38,13.38,13.38,13.38,6000,0
2597.HK,5,20250820,092000,13.18,13.18,13.18,13.18,500,0
2597.HK,5,20250820,092500,13.18,13.20,13.18,13.20,500,0
2597.HK,5,20250821,035000,13.20,13.20,13.20,13.20,1000,0
2597.HK,5,20250821,040000,13.21,13.21,13.21,13.21,1000,0
2597.HK,5,20250821,043500,13.21,13.21,13.21,13.21,3500,0
2597.HK,5,20250821,045500,13.21,13.21,13.21,13.21,8000,0
2597.HK,5,20250821,051000,13.21,13.21,13.21,13.21,1000,0
2597.HK,5,20250821,052500,13.21,13.21,13.20,13.20,1000,0
2597.HK,5,20250821,071000,13.10,13.10,13.04,13.04,5000,0
2597.HK,5,20250821,072500,13.04,13.04,13.04,13.04,4000,0
2597.HK,5,20250821,093500,13.02,13.02,13.02,13.02,500,0
2597.HK,5,20250821,094000,13.02,13.02,13.02,13.02,500,0
2597.HK,5,20250822,043000,12.82,12.82,12.82,12.82,1000,0
2597.HK,5,20250822,094000,12.90,12.91,12.90,12.91,1000,0
2597.HK,5,20250822,094500,12.90,13.00,12.90,13.00,1500,0
2597.HK,5,20250822,095500,13.00,13.00,13.00,13.00,3500,0
2597.HK,5,20250825,033000,13.02,13.02,13.02,13.02,1000,0
2597.HK,5,20250825,040000,13.00,13.00,13.00,13.00,1000,0
2597.HK,5,20250825,040500,13.00,13.00,13.00,13.00,500,0
2597.HK,5,20250825,041500,13.00,13.00,13.00,13.00,500,0
2597.HK,5,20250825,084000,12.97,12.97,12.97,12.97,1500,0
2597.HK,5,20250825,090500,12.97,12.97,12.97,12.97,500,0
2597.HK,5,20250825,091500,13.00,13.00,13.00,13.00,500,0
2597.HK,5,20250825,093000,13.00,13.00,13.00,13.00,500,0
2597.HK,5,20250825,095000,13.00,13.00,13.00,13.00,500,0
2597.HK,5,20250825,095500,13.00,13.13,13.00,13.00,4000,0
2597.HK,5,20250826,045000,13.01,13.01,13.01,13.01,500,0
2597.HK,5,20250826,050500,13.01,13.01,13.01,13.01,500,0
2597.HK,5,20250826,053000,13.01,13.01,13.00,13.00,10500,0
2597.HK,5,20250826,073000,13.23,13.25,13.23,13.25,2500,0
2597.HK,5,20250826,074000,12.94,12.94,12.94,12.94,26000,0
2597.HK,5,20250826,081000,12.94,12.94,12.94,12.94,1500,0
2597.HK,5,20250826,084000,12.95,12.95,12.95,12.95,1000,0
2597.HK,5,20250826,084500,12.95,12.95,12.94,12.94,5000,0
2597.HK,5,20250827,051000,12.91,12.91,12.91,12.91,1000,0
2597.HK,5,20250827,054500,12.92,12.92,12.92,12.92,2000,0
2597.HK,5,20250827,071000,13.10,13.18,13.10,13.18,10500,0
2597.HK,5,20250827,071500,13.30,13.30,13.18,13.18,2000,0
2597.HK,5,20250827,075500,13.30,13.30,13.30,13.30,500,0
2597.HK,5,20250827,080000,13.38,13.38,13.38,13.38,10000,0
2597.HK,5,20250827,082000,13.44,13.44,13.44,13.44,500,0
2597.HK,5,20250827,082500,13.44,13.50,13.44,13.48,23500,0
2597.HK,5,20250827,083000,13.49,13.50,13.49,13.50,1500,0
2597.HK,5,20250827,083500,13.78,14.00,13.78,14.00,7500,0
2597.HK,5,20250827,084000,14.01,14.30,14.01,14.10,43000,0
2597.HK,5,20250827,084500,14.10,14.22,14.10,14.10,12000,0
2597.HK,5,20250827,085000,14.03,14.05,14.01,14.01,33000,0
2597.HK,5,20250827,090000,13.90,13.90,13.90,13.90,2000,0
2597.HK,5,20250827,091500,13.70,13.70,13.70,13.70,4500,0
2597.HK,5,20250827,092000,13.69,13.70,13.69,13.70,1500,0
2597.HK,5,20250827,093000,13.68,13.68,13.55,13.55,290500,0
2597.HK,5,20250827,093500,13.55,13.87,13.55,13.55,122000,0
2597.HK,5,20250827,094000,13.53,13.53,13.53,13.53,500,0
2597.HK,5,20250827,094500,13.55,13.55,13.54,13.54,230500,0
2597.HK,5,20250827,095000,13.70,13.71,13.70,13.70,1500,0
2597.HK,5,20250827,095500,13.55,13.55,13.55,13.55,1000,0
2597.HK,5,20250828,041000,13.30,13.30,13.30,13.30,83000,0
2597.HK,5,20250828,042000,13.52,13.55,13.52,13.55,3000,0
2597.HK,5,20250828,050000,13.36,13.36,13.36,13.36,500,0
2597.HK,5,20250828,050500,13.36,13.36,13.36,13.36,2500,0
2597.HK,5,20250828,051500,13.40,13.40,13.40,13.40,135000,0
2597.HK,5,20250828,052500,13.40,13.40,13.40,13.40,1000,0
2597.HK,5,20250828,053000,13.36,13.36,13.36,13.36,3000,0
2597.HK,5,20250828,054500,13.36,13.36,13.36,13.36,500,0
2597.HK,5,20250828,072000,13.34,13.34,13.34,13.34,3000,0
2597.HK,5,20250828,073000,13.32,13.32,13.31,13.31,2500,0
2597.HK,5,20250828,073500,13.14,13.14,13.14,13.14,2000,0
2597.HK,5,20250828,075000,13.31,13.31,13.31,13.31,500,0
2597.HK,5,20250828,081500,13.37,13.37,13.37,13.37,1000,0
2597.HK,5,20250828,083000,13.37,13.37,13.20,13.20,93000,0
2597.HK,5,20250828,083500,13.20,13.20,13.20,13.20,139500,0
2597.HK,5,20250828,084000,13.36,13.36,13.36,13.36,1500,0
2597.HK,5,20250828,092500,13.28,13.28,13.28,13.28,500,0
2597.HK,5,20250828,093000,13.32,13.36,13.32,13.36,6000,0
2597.HK,5,20250828,095500,13.37,13.37,13.37,13.37,1500,0
2597.HK,5,20250829,040500,13.10,13.10,13.10,13.10,500,0
2597.HK,5,20250829,041000,13.08,13.10,13.08,13.10,3500,0
2597.HK,5,20250829,043000,13.25,13.28,13.25,13.27,24000,0
2597.HK,5,20250829,043500,13.28,13.30,13.28,13.30,1500,0
2597.HK,5,20250829,044500,13.34,13.34,13.32,13.32,106500,0
2597.HK,5,20250829,045500,13.35,13.35,13.35,13.35,1500,0
2597.HK,5,20250829,050000,13.35,13.35,13.35,13.35,350000,0
2597.HK,5,20250829,052500,13.38,13.38,13.32,13.32,81500,0
2597.HK,5,20250829,070000,13.32,13.32,13.32,13.32,2000,0
2597.HK,5,20250829,070500,13.38,13.38,13.38,13.38,83500,0
2597.HK,5,20250829,071500,13.38,13.38,13.38,13.38,81000,0
2597.HK,5,20250829,081000,13.48,13.50,13.48,13.50,1000,0
2597.HK,5,20250829,081500,13.50,13.50,13.50,13.50,2000,0
2597.HK,5,20250829,083000,13.50,13.55,13.50,13.55,2000,0
2597.HK,5,20250829,091000,13.55,13.60,13.55,13.60,5500,0
2597.HK,5,20250829,092500,13.60,13.60,13.60,13.60,500,0
2597.HK,5,20250829,093000,13.60,13.60,13.60,13.60,500,0
2597.HK,5,20250829,094000,13.69,13.70,13.69,13.70,3500,0
2597.HK,5,20250829,094500,13.70,13.70,13.61,13.61,7000,0
2597.HK,5,20250829,095500,13.71,13.71,13.71,13.71,1000,0
2597.HK,5,20250901,040500,13.70,13.71,13.70,13.71,1500,0
2597.HK,5,20250901,041000,13.75,13.76,13.75,13.76,1500,0
2597.HK,5,20250901,043000,13.78,13.78,13.78,13.78,500,0
2597.HK,5,20250901,043500,13.78,13.78,13.78,13.78,1500,0
2597.HK,5,20250901,044000,13.78,13.78,13.78,13.78,1500,0
2597.HK,5,20250901,055000,13.50,13.50,13.50,13.50,2000,0
2597.HK,5,20250901,073000,13.74,13.74,13.74,13.74,2000,0
2597.HK,5,20250901,073500,13.74,13.74,13.74,13.74,1500,0
2597.HK,5,20250901,090500,13.50,13.60,13.50,13.60,4500,0
2597.HK,5,20250901,094000,13.51,13.51,13.51,13.51,2500,0
2597.HK,5,20250902,040500,13.60,13.60,13.60,13.60,500,0
2597.HK,5,20250902,041000,13.70,13.70,13.70,13.70,500,0
2597.HK,5,20250902,042500,13.70,13.70,13.70,13.70,1000,0
2597.HK,5,20250902,043000,13.70,13.70,13.70,13.70,2000,0
2597.HK,5,20250902,043500,13.70,13.70,13.70,13.70,1000,0
2597.HK,5,20250902,044000,13.70,13.70,13.70,13.70,500,0
2597.HK,5,20250902,053000,13.65,13.65,13.65,13.65,3000,0
2597.HK,5,20250902,071500,13.65,13.70,13.65,13.70,15000,0
2597.HK,5,20250902,072000,13.75,13.75,13.75,13.75,5500,0
2597.HK,5,20250902,072500,13.76,14.00,13.76,14.00,5000,0
2597.HK,5,20250902,073000,14.00,14.00,14.00,14.00,1500,0
2597.HK,5,20250902,073500,14.00,14.00,14.00,14.00,500,0
2597.HK,5,20250902,074000,14.00,14.02,14.00,14.02,1500,0
2597.HK,5,20250902,074500,14.02,14.02,14.02,14.02,500,0
2597.HK,5,20250902,075000,14.02,14.02,14.02,14.02,500,0
2597.HK,5,20250902,082000,13.96,13.96,13.96,13.96,2500,0
2597.HK,5,20250902,084000,13.88,13.88,13.88,13.88,500,0
2597.HK,5,20250902,094500,13.88,13.88,13.88,13.88,500,0
2597.HK,5,20250902,095500,13.87,13.88,13.80,13.80,4000,0
2597.HK,5,20250903,034000,13.80,13.80,13.80,13.80,1500,0
2597.HK,5,20250903,035500,13.76,13.76,13.76,13.76,1500,0
2597.HK,5,20250903,044000,13.52,13.52,13.52,13.52,1000,0
2597.HK,5,20250903,075500,13.71,13.71,13.71,13.71,3500,0
2597.HK,5,20250903,082000,13.71,13.76,13.71,13.76,4500,0
2597.HK,5,20250903,095500,13.57,13.57,13.56,13.56,1000,0
2597.HK,5,20250904,040500,13.74,13.74,13.74,13.74,500,0
2597.HK,5,20250904,041000,13.74,13.74,13.56,13.56,1000,0
2597.HK,5,20250904,042000,13.57,13.57,13.57,13.57,1000,0
2597.HK,5,20250904,045000,13.57,13.57,13.56,13.56,2000,0
2597.HK,5,20250904,053500,13.56,13.56,13.56,13.56,3000,0
2597.HK,5,20250904,055500,13.56,13.56,13.56,13.56,500,0
2597.HK,5,20250904,070000,13.50,13.50,13.50,13.50,1500,0
2597.HK,5,20250904,071500,13.50,13.50,13.50,13.50,500,0
2597.HK,5,20250904,084500,13.50,13.50,13.50,13.50,4000,0
2597.HK,5,20250904,092500,13.47,13.47,13.46,13.46,3000,0
2597.HK,5,20250904,095000,13.60,13.62,13.60,13.62,24000,0
2597.HK,5,20250905,042500,13.43,13.43,13.42,13.42,3000,0
2597.HK,5,20250905,045500,13.48,13.48,13.48,13.48,2000,0
2597.HK,5,20250905,050000,13.42,13.42,13.42,13.42,1000,0
2597.HK,5,20250905,051500,13.42,13.42,13.42,13.42,1000,0
2597.HK,5,20250905,054000,13.43,13.43,13.43,13.43,2000,0
2597.HK,5,20250905,070000,13.44,13.44,13.42,13.42,5500,0
2597.HK,5,20250905,070500,13.40,13.40,13.40,13.40,1000,0
2597.HK,5,20250905,073500,13.41,13.41,13.41,13.41,1500,0
2597.HK,5,20250905,082500,13.41,13.41,13.40,13.40,2500,0
2597.HK,5,20250905,093500,13.58,13.58,13.37,13.37,370000,0
2597.HK,5,20250905,094000,13.40,13.75,13.40,13.75,165000,0
2597.HK,5,20250905,094500,13.74,13.74,13.54,13.54,5500,0
2597.HK,5,20250905,095000,14.00,14.00,14.00,14.00,1500,0
2597.HK,5,20250905,095500,13.98,14.00,13.98,14.00,6000,0
2597.HK,5,20250908,033000,13.78,13.78,13.78,13.78,500,0
2597.HK,5,20250908,040000,13.78,13.78,13.78,13.78,500,0
2597.HK,5,20250908,042000,13.73,13.80,13.73,13.73,6500,0
2597.HK,5,20250908,042500,13.77,13.77,13.77,13.77,1500,0
2597.HK,5,20250908,043500,13.78,13.78,13.74,13.74,3500,0
2597.HK,5,20250908,044000,13.96,14.02,13.96,14.02,4000,0
2597.HK,5,20250908,045000,13.98,14.00,13.98,14.00,1500,0
2597.HK,5,20250908,050000,14.14,14.30,14.00,14.00,9000,0
2597.HK,5,20250908,050500,14.02,14.02,14.02,14.02,500,0
2597.HK,5,20250908,051500,14.10,14.31,14.10,14.31,2000,0
2597.HK,5,20250908,052000,14.31,14.32,14.30,14.32,3500,0
2597.HK,5,20250908,052500,14.32,14.65,14.32,14.65,24500,0
2597.HK,5,20250908,053000,14.65,14.68,14.65,14.68,2500,0
2597.HK,5,20250908,053500,14.68,14.97,14.68,14.97,7000,0
2597.HK,5,20250908,054000,14.90,15.21,14.90,15.21,11000,0
2597.HK,5,20250908,054500,15.44,15.44,15.44,15.44,500,0
2597.HK,5,20250908,055000,15.39,15.39,14.99,14.99,8500,0
2597.HK,5,20250908,055500,14.71,15.00,14.70,15.00,7000,0
2597.HK,5,20250908,070000,14.99,14.99,14.75,14.75,4000,0
2597.HK,5,20250908,070500,14.75,14.75,14.75,14.75,1000,0
2597.HK,5,20250908,071000,14.75,14.75,14.66,14.66,153500,0
2597.HK,5,20250908,071500,14.66,15.00,14.66,14.70,9000,0
2597.HK,5,20250908,072000,14.99,15.00,14.99,15.00,10000,0
2597.HK,5,20250908,072500,15.00,15.00,15.00,15.00,500,0
2597.HK,5,20250908,073000,15.00,15.01,15.00,15.01,4000,0
2597.HK,5,20250908,073500,15.01,15.05,15.01,15.05,3500,0
2597.HK,5,20250908,074000,15.05,15.10,15.05,15.10,6500,0
2597.HK,5,20250908,074500,15.10,15.10,15.01,15.01,1500,0
2597.HK,5,20250908,075000,15.04,15.30,15.04,15.30,11000,0
2597.HK,5,20250908,080000,15.30,15.30,15.20,15.20,2500,0
2597.HK,5,20250908,080500,15.32,15.32,15.32,15.32,500,0
2597.HK,5,20250908,081000,15.30,15.35,15.28,15.28,5000,0
2597.HK,5,20250908,083000,15.28,15.30,15.28,15.30,4500,0
2597.HK,5,20250908,084000,15.23,15.23,15.22,15.22,1000,0
2597.HK,5,20250908,090000,15.21,15.22,15.21,15.22,3500,0
2597.HK,5,20250908,090500,15.18,15.18,15.18,15.18,2000,0
2597.HK,5,20250908,092000,15.14,15.14,15.14,15.14,1500,0
2597.HK,5,20250908,092500,15.15,15.15,15.15,15.15,500,0
2597.HK,5,20250908,093500,15.15,15.15,15.15,15.15,1000,0
2597.HK,5,20250908,094000,15.18,15.22,15.18,15.22,1500,0
2597.HK,5,20250908,094500,15.28,15.30,15.27,15.30,4500,0
2597.HK,5,20250908,095000,15.30,15.35,15.28,15.35,10000,0
2597.HK,5,20250908,095500,15.35,15.53,15.35,15.53,16000,0
2597.HK,5,20250909,033000,16.00,16.00,16.00,16.00,2000,0
2597.HK,5,20250909,033500,16.00,16.00,16.00,16.00,1500,0
2597.HK,5,20250909,034000,16.00,16.10,16.00,16.00,8000,0
2597.HK,5,20250909,034500,16.10,16.31,16.10,16.31,5500,0
2597.HK,5,20250909,035000,16.30,16.60,16.30,16.60,3500,0
2597.HK,5,20250909,035500,16.62,16.62,16.62,16.62,500,0
2597.HK,5,20250909,040000,16.63,16.63,16.60,16.60,3000,0
2597.HK,5,20250909,041000,16.30,16.30,16.15,16.15,4500,0
2597.HK,5,20250909,041500,16.06,16.06,16.06,16.06,8500,0
2597.HK,5,20250909,042000,16.16,16.16,16.16,16.16,500,0
2597.HK,5,20250909,042500,16.16,16.50,16.16,16.50,2000,0
2597.HK,5,20250909,043000,16.51,16.60,16.51,16.60,6500,0
2597.HK,5,20250909,043500,16.60,16.60,16.60,16.60,1500,0
2597.HK,5,20250909,044000,16.60,16.60,16.60,16.60,12000,0
2597.HK,5,20250909,044500,16.60,16.60,16.50,16.50,2500,0
2597.HK,5,20250909,045000,16.50,16.50,16.50,16.50,1500,0
2597.HK,5,20250909,045500,16.60,16.60,16.60,16.60,1500,0
2597.HK,5,20250909,051000,16.61,16.64,16.61,16.64,6000,0
2597.HK,5,20250909,051500,16.65,16.69,16.65,16.69,6500,0
2597.HK,5,20250909,052000,16.69,17.25,16.69,17.25,19500,0
2597.HK,5,20250909,052500,17.44,17.49,17.35,17.37,2500,0
2597.HK,5,20250909,053000,17.37,17.37,17.37,17.37,500,0
2597.HK,5,20250909,053500,17.37,17.50,17.37,17.50,5000,0
2597.HK,5,20250909,054000,17.55,17.72,17.55,17.72,4000,0
2597.HK,5,20250909,054500,17.66,17.76,17.66,17.66,4000,0
2597.HK,5,20250909,055000,17.70,17.90,17.70,17.90,1000,0
2597.HK,5,20250909,055500,17.90,18.10,17.90,18.10,8000,0
2597.HK,5,20250909,070000,17.99,18.00,17.80,17.80,8500,0
2597.HK,5,20250909,070500,17.72,17.72,17.61,17.61,24000,0
2597.HK,5,20250909,071000,17.54,17.54,17.50,17.50,4500,0
2597.HK,5,20250909,071500,17.40,17.40,17.31,17.31,5000,0
2597.HK,5,20250909,072000,17.31,17.56,17.30,17.52,14500,0
2597.HK,5,20250909,072500,17.52,17.52,17.52,17.52,1000,0
2597.HK,5,20250909,073000,17.43,17.43,17.43,17.43,500,0
2597.HK,5,20250909,073500,17.29,17.29,17.25,17.25,3500,0
2597.HK,5,20250909,074000,17.26,17.39,17.26,17.39,3000,0
2597.HK,5,20250909,074500,17.39,17.80,17.39,17.80,18500,0
2597.HK,5,20250909,075000,17.81,18.06,17.81,18.01,7500,0
2597.HK,5,20250909,075500,18.00,18.20,18.00,18.20,6500,0
2597.HK,5,20250909,080000,18.20,18.20,18.20,18.20,500,0
2597.HK,5,20250909,080500,18.20,18.20,18.20,18.20,5000,0
2597.HK,5,20250909,081000,18.19,18.20,18.19,18.20,5000,0
2597.HK,5,20250909,082000,18.30,18.38,18.20,18.20,3500,0
2597.HK,5,20250909,083000,18.12,18.12,18.12,18.12,500,0
2597.HK,5,20250909,084000,18.00,18.10,18.00,18.10,3500,0
2597.HK,5,20250909,084500,18.01,18.05,18.01,18.05,1000,0
2597.HK,5,20250909,085000,17.91,17.91,17.91,17.91,1000,0
2597.HK,5,20250909,090000,18.00,18.00,18.00,18.00,500,0
2597.HK,5,20250909,090500,17.91,17.91,17.82,17.82,1500,0
2597.HK,5,20250909,092000,17.60,17.61,17.60,17.60,5500,0
2597.HK,5,20250909,092500,17.60,17.69,17.60,17.69,1000,0
2597.HK,5,20250909,093000,17.64,17.64,17.64,17.64,500,0
2597.HK,5,20250909,093500,17.62,18.10,17.62,18.10,12000,0
2597.HK,5,20250909,094000,18.10,18.38,18.02,18.20,9000,0
2597.HK,5,20250909,094500,18.19,18.19,17.62,17.62,6500,0
2597.HK,5,20250909,095000,17.68,17.68,17.68,17.68,500,0
2597.HK,5,20250909,095500,17.78,18.18,17.77,18.18,4000,0
2597.HK,5,20250910,033000,18.18,18.18,18.18,18.18,500,0
2597.HK,5,20250910,033500,18.18,18.18,18.18,18.18,3000,0
2597.HK,5,20250910,035500,18.09,18.09,17.69,17.69,3500,0
2597.HK,5,20250910,040000,17.68,17.75,17.66,17.75,3000,0
2597.HK,5,20250910,040500,17.73,17.73,17.71,17.71,2500,0
2597.HK,5,20250910,041000,17.75,17.82,17.75,17.82,1000,0
2597.HK,5,20250910,041500,17.82,18.00,17.82,18.00,3500,0
2597.HK,5,20250910,042000,17.98,17.98,17.98,17.98,500,0
2597.HK,5,20250910,043000,17.98,18.20,17.98,18.20,4500,0
2597.HK,5,20250910,043500,18.30,18.35,18.30,18.35,1000,0
2597.HK,5,20250910,044000,18.50,18.96,18.50,18.86,19500,0
2597.HK,5,20250910,044500,18.68,18.68,18.50,18.50,8000,0
2597.HK,5,20250910,045000,18.39,18.40,18.01,18.01,2000,0
2597.HK,5,20250910,045500,18.20,18.20,18.20,18.20,1000,0
2597.HK,5,20250910,050000,18.20,18.20,18.20,18.20,500,0
2597.HK,5,20250910,050500,18.10,18.15,18.08,18.15,3500,0
2597.HK,5,20250910,051500,18.11,18.11,17.98,17.98,5500,0
2597.HK,5,20250910,052000,18.00,18.00,18.00,18.00,500,0
2597.HK,5,20250910,053000,18.08,18.08,18.08,18.08,1000,0
2597.HK,5,20250910,055500,18.07,18.07,18.07,18.07,500,0
2597.HK,5,20250910,070500,18.00,18.00,18.00,18.00,1000,0
2597.HK,5,20250910,073000,18.00,18.00,18.00,18.00,500,0
2597.HK,5,20250910,080500,17.90,17.99,17.80,17.99,2500,0
2597.HK,5,20250910,081500,17.75,17.75,17.75,17.75,1000,0
2597.HK,5,20250910,082000,17.75,17.90,17.75,17.90,2000,0
2597.HK,5,20250910,085000,17.89,17.94,17.89,17.94,2000,0
2597.HK,5,20250910,085500,17.77,18.00,17.75,18.00,9500,0
2597.HK,5,20250910,090000,18.01,18.01,18.01,18.01,2000,0
2597.HK,5,20250910,090500,18.01,18.15,18.01,18.15,5000,0
2597.HK,5,20250910,092000,18.14,18.14,18.14,18.14,1000,0
2597.HK,5,20250910,094500,18.14,18.14,18.14,18.14,500,0
2597.HK,5,20250910,095000,18.14,18.14,18.14,18.14,500,0
2597.HK,5,20250910,095500,18.18,18.42,18.18,18.18,2000,0
2597.HK,5,20250911,033000,17.17,17.50,17.17,17.50,1500,0
2597.HK,5,20250911,034000,17.51,17.51,17.51,17.51,500,0
2597.HK,5,20250911,035000,17.60,17.60,17.60,17.60,5000,0
2597.HK,5,20250911,035500,17.76,17.76,17.76,17.76,1500,0
2597.HK,5,20250911,040000,17.74,17.76,17.74,17.76,1500,0
2597.HK,5,20250911,043500,17.60,17.60,17.60,17.60,500,0
2597.HK,5,20250911,044000,17.94,17.99,17.94,17.99,3500,0
2597.HK,5,20250911,044500,17.99,18.00,17.99,18.00,7500,0
2597.HK,5,20250911,053000,18.15,18.15,18.15,18.15,1000,0
2597.HK,5,20250911,070000,18.00,18.00,18.00,18.00,1000,0
2597.HK,5,20250911,070500,18.11,18.11,18.11,18.11,500,0
2597.HK,5,20250911,075000,17.90,17.90,17.90,17.90,500,0
2597.HK,5,20250911,075500,18.02,18.05,18.02,18.05,1500,0
2597.HK,5,20250911,080000,18.12,18.12,18.12,18.12,500,0
2597.HK,5,20250911,080500,18.12,18.15,18.12,18.15,2500,0
2597.HK,5,20250911,084000,18.19,18.19,18.19,18.19,500,0
2597.HK,5,20250911,084500,18.20,18.20,18.20,18.20,1500,0
2597.HK,5,20250911,085000,18.30,18.30,18.30,18.30,1000,0
2597.HK,5,20250911,092500,18.29,18.39,18.28,18.39,11500,0
2597.HK,5,20250911,093000,18.50,18.55,18.50,18.55,3500,0
2597.HK,5,20250912,033500,17.89,17.89,17.89,17.89,1000,0
2597.HK,5,20250912,034500,18.11,18.11,18.11,18.11,500,0
2597.HK,5,20250912,035000,18.25,18.25,18.25,18.25,500,0
2597.HK,5,20250912,035500,18.40,18.40,18.40,18.40,500,0
2597.HK,5,20250912,040000,18.40,18.40,18.20,18.20,1500,0
2597.HK,5,20250912,040500,18.27,18.27,18.27,18.27,500,0
2597.HK,5,20250912,041000,18.43,18.43,18.43,18.43,500,0
2597.HK,5,20250912,041500,18.45,18.45,18.45,18.45,500,0
2597.HK,5,20250912,042000,18.27,18.27,18.27,18.27,500,0
2597.HK,5,20250912,042500,18.30,18.30,18.28,18.30,4000,0
2597.HK,5,20250912,044000,18.55,18.55,18.55,18.55,500,0
2597.HK,5,20250912,045000,18.36,18.36,18.22,18.22,3000,0
2597.HK,5,20250912,045500,18.21,18.21,18.17,18.17,4000,0
2597.HK,5,20250912,050000,18.15,18.15,18.15,18.15,1500,0
2597.HK,5,20250912,051500,18.15,18.15,18.00,18.00,3000,0
2597.HK,5,20250912,053500,18.10,18.10,18.10,18.10,500,0
2597.HK,5,20250912,070000,18.00,18.00,18.00,18.00,500,0
2597.HK,5,20250912,070500,18.00,18.00,17.98,17.99,10500,0
2597.HK,5,20250912,071000,18.12,18.12,18.12,18.12,1500,0
2597.HK,5,20250912,071500,17.98,18.11,17.98,17.98,5500,0
2597.HK,5,20250912,074000,17.99,18.10,17.99,18.10,1000,0
2597.HK,5,20250912,074500,18.10,18.10,18.10,18.10,1500,0
2597.HK,5,20250912,080000,18.08,18.08,18.08,18.08,500,0
2597.HK,5,20250912,082000,18.09,18.10,18.09,18.09,2500,0
2597.HK,5,20250912,083000,18.09,18.09,18.09,18.09,500,0
2597.HK,5,20250912,083500,18.10,18.11,18.10,18.11,1500,0
2597.HK,5,20250912,084000,18.11,18.11,18.11,18.11,500,0
2597.HK,5,20250912,090000,18.09,18.09,18.09,18.09,500,0
2597.HK,5,20250912,091000,18.03,18.03,18.03,18.03,500,0
2597.HK,5,20250912,095500,18.08,18.08,18.08,18.08,1000,0
2597.HK,5,20250915,033000,18.08,18.08,18.00,18.00,1000,0
2597.HK,5,20250915,034500,18.00,18.00,17.99,17.99,1500,0
2597.HK,5,20250915,035500,17.89,17.89,17.89,17.89,1000,0
2597.HK,5,20250915,040000,17.80,17.80,17.80,17.80,500,0
2597.HK,5,20250915,040500,17.75,17.80,17.75,17.80,4500,0
2597.HK,5,20250915,041000,17.70,17.70,17.70,17.70,3500,0
2597.HK,5,20250915,042000,17.44,17.44,17.36,17.38,8000,0
2597.HK,5,20250915,042500,17.38,17.70,17.32,17.65,11500,0
2597.HK,5,20250915,043000,17.66,17.70,17.66,17.67,5000,0
2597.HK,5,20250915,043500,17.67,17.67,17.67,17.67,1500,0
2597.HK,5,20250915,044000,17.66,17.66,17.66,17.66,500,0
2597.HK,5,20250915,044500,17.67,17.67,17.67,17.67,500,0
2597.HK,5,20250915,045500,17.44,17.44,17.44,17.44,500,0
2597.HK,5,20250915,053000,17.49,17.49,17.49,17.49,500,0
2597.HK,5,20250915,054000,17.49,17.49,17.49,17.49,500,0
2597.HK,5,20250915,054500,17.44,17.44,17.44,17.44,500,0
2597.HK,5,20250915,070000,17.44,17.44,17.42,17.42,1000,0
2597.HK,5,20250915,073000,17.43,17.43,17.43,17.43,1000,0
2597.HK,5,20250915,075000,17.42,17.42,17.42,17.42,500,0
2597.HK,5,20250915,084000,17.45,17.45,17.45,17.45,1500,0
2597.HK,5,20250915,085000,17.45,17.45,17.45,17.45,1500,0
2597.HK,5,20250915,092500,17.43,17.43,17.43,17.43,500,0
2597.HK,5,20250915,093000,17.42,17.42,17.17,17.17,6500,0
2597.HK,5,20250915,095000,17.40,17.40,17.40,17.40,500,0
2597.HK,5,20250915,095500,17.38,17.38,17.25,17.25,5500,0
2597.HK,5,20250916,034000,17.24,17.25,17.24,17.25,1000,0
2597.HK,5,20250916,041000,17.18,17.18,17.18,17.18,2000,0
2597.HK,5,20250916,042000,17.18,17.18,17.18,17.18,2000,0
2597.HK,5,20250916,042500,17.19,17.19,17.19,17.19,500,0
2597.HK,5,20250916,045000,17.17,17.17,17.17,17.17,6500,0
2597.HK,5,20250916,045500,17.17,17.17,17.17,17.17,500,0
2597.HK,5,20250916,050000,17.17,17.17,17.17,17.17,5500,0
2597.HK,5,20250916,051000,17.17,17.17,17.17,17.17,10500,0
2597.HK,5,20250916,051500,17.17,17.20,17.17,17.20,2000,0
2597.HK,5,20250916,052500,17.19,17.19,17.19,17.19,500,0
2597.HK,5,20250916,054000,17.19,17.19,17.19,17.19,500,0
2597.HK,5,20250916,072500,17.19,17.19,17.19,17.19,4500,0
2597.HK,5,20250916,081000,17.17,17.17,17.17,17.17,35000,0
2597.HK,5,20250916,081500,17.00,17.00,16.90,16.90,3500,0
2597.HK,5,20250916,083000,16.79,16.79,16.79,16.79,3000,0
2597.HK,5,20250916,084000,16.78,16.78,16.78,16.78,1000,0
2597.HK,5,20250916,085000,16.70,16.70,16.70,16.70,1000,0
2597.HK,5,20250916,091000,16.47,16.70,16.47,16.70,5500,0
2597.HK,5,20250916,094500,16.70,16.70,16.50,16.50,1500,0
2597.HK,5,20250916,095500,16.52,16.54,16.52,16.54,1000,0
2597.HK,5,20250917,033000,16.52,16.52,16.51,16.51,1500,0
2597.HK,5,20250917,034500,16.53,16.54,16.53,16.53,13500,0
2597.HK,5,20250917,035000,16.59,16.59,16.59,16.59,500,0
2597.HK,5,20250917,040000,16.51,16.58,16.51,16.58,1500,0
2597.HK,5,20250917,040500,16.61,16.61,16.60,16.60,1000,0
2597.HK,5,20250917,041500,16.90,16.90,16.90,16.90,500,0
2597.HK,5,20250917,042500,17.30,17.31,17.30,17.31,2500,0
2597.HK,5,20250917,043500,17.31,17.31,17.31,17.31,5000,0
2597.HK,5,20250917,050500,17.16,17.16,17.16,17.16,500,0
2597.HK,5,20250917,051000,17.12,17.12,17.12,17.12,500,0
2597.HK,5,20250917,052000,17.28,17.30,17.28,17.30,2500,0
2597.HK,5,20250917,052500,17.31,17.45,17.31,17.45,1500,0
2597.HK,5,20250917,053500,17.65,17.65,17.65,17.65,3500,0
2597.HK,5,20250917,055500,17.70,17.70,17.70,17.70,500,0
2597.HK,5,20250917,070000,17.64,17.64,17.64,17.64,1000,0
2597.HK,5,20250917,070500,17.70,17.80,17.69,17.80,8500,0
2597.HK,5,20250917,071000,17.85,17.93,17.85,17.93,1000,0
2597.HK,5,20250917,071500,18.10,18.10,18.10,18.10,1500,0
2597.HK,5,20250917,073000,18.20,18.20,18.00,18.00,4000,0
2597.HK,5,20250917,073500,18.00,18.00,18.00,18.00,10500,0
2597.HK,5,20250917,074000,18.04,18.04,18.04,18.04,500,0
2597.HK,5,20250917,074500,18.04,18.40,18.04,18.40,1000,0
2597.HK,5,20250917,080000,18.38,18.38,18.38,18.38,500,0
2597.HK,5,20250917,080500,18.11,18.11,18.11,18.11,1000,0
2597.HK,5,20250917,081000,18.11,18.11,18.11,18.11,2000,0
2597.HK,5,20250917,081500,18.11,18.11,18.10,18.10,1500,0
2597.HK,5,20250917,082000,18.09,18.09,18.09,18.09,500,0
2597.HK,5,20250917,082500,18.30,18.30,18.30,18.30,1000,0
2597.HK,5,20250917,084000,18.34,18.80,18.34,18.80,15000,0
2597.HK,5,20250917,084500,18.80,18.80,18.71,18.71,1000,0
2597.HK,5,20250917,085000,18.80,18.90,18.80,18.90,4500,0
2597.HK,5,20250917,085500,18.73,18.97,18.70,18.75,12000,0
2597.HK,5,20250917,090000,18.74,18.75,18.66,18.75,6000,0
2597.HK,5,20250917,091000,18.75,18.80,18.75,18.80,7500,0
2597.HK,5,20250917,092000,18.84,19.20,18.84,19.20,8000,0
2597.HK,5,20250917,092500,19.20,19.64,19.20,19.33,4500,0
2597.HK,5,20250917,093000,19.33,19.33,19.33,19.33,500,0
2597.HK,5,20250917,093500,19.35,19.35,19.32,19.32,5000,0
2597.HK,5,20250917,094000,19.24,19.97,19.24,19.97,18000,0
2597.HK,5,20250917,094500,19.84,20.00,19.80,20.00,12000,0
2597.HK,5,20250917,095000,19.99,20.78,19.99,20.78,10000,0
2597.HK,5,20250917,095500,20.60,20.80,20.60,20.60,39500,0
2597.HK,5,20250918,033000,22.04,22.10,21.80,21.80,17500,0
2597.HK,5,20250918,033500,21.60,21.60,20.60,21.00,19000,0
2597.HK,5,20250918,034000,21.00,21.00,20.02,20.10,5000,0
2597.HK,5,20250918,034500,20.00,20.00,19.86,19.88,2500,0
2597.HK,5,20250918,035000,19.35,20.02,19.29,20.02,16000,0
2597.HK,5,20250918,035500,20.04,20.04,20.00,20.00,6000,0
2597.HK,5,20250918,040000,19.81,19.81,19.80,19.80,1500,0
2597.HK,5,20250918,040500,19.97,19.97,19.97,19.97,1000,0
2597.HK,5,20250918,041500,20.00,20.00,20.00,20.00,1000,0
2597.HK,5,20250918,042000,19.84,19.84,19.84,19.84,1000,0
2597.HK,5,20250918,042500,19.83,19.83,19.83,19.83,500,0
2597.HK,5,20250918,043000,19.83,19.83,19.82,19.82,1000,0
2597.HK,5,20250918,043500,19.82,19.82,19.82,19.82,1000,0
2597.HK,5,20250918,044000,20.00,20.10,20.00,20.10,1500,0
2597.HK,5,20250918,044500,20.14,20.28,20.14,20.28,2000,0
2597.HK,5,20250918,045500,19.95,19.95,19.95,19.95,1000,0
2597.HK,5,20250918,050500,19.91,19.91,19.90,19.90,3000,0
2597.HK,5,20250918,051000,20.12,20.12,20.12,20.12,1500,0
2597.HK,5,20250918,051500,19.82,19.82,19.75,19.75,9000,0
2597.HK,5,20250918,052500,19.80,19.80,19.80,19.80,4000,0
2597.HK,5,20250918,053000,19.84,19.84,19.84,19.84,1500,0
2597.HK,5,20250918,053500,19.65,19.65,19.65,19.65,1000,0
2597.HK,5,20250918,054000,19.65,19.65,19.65,19.65,500,0
2597.HK,5,20250918,055000,19.65,19.65,19.65,19.65,500,0
2597.HK,5,20250918,070000,19.80,19.80,19.65,19.65,3000,0
2597.HK,5,20250918,075500,19.72,19.73,19.72,19.73,2000,0
2597.HK,5,20250918,080500,19.50,19.62,19.40,19.62,5500,0
2597.HK,5,20250918,084000,19.35,19.35,19.30,19.30,6000,0
2597.HK,5,20250918,090500,19.44,19.44,19.44,19.44,500,0
2597.HK,5,20250918,095000,19.25,19.25,19.25,19.25,1000,0
2597.HK,5,20250918,095500,19.28,19.30,19.28,19.30,4500,0
2597.HK,5,20250919,035000,19.20,19.20,18.94,18.94,3000,0
2597.HK,5,20250919,035500,19.49,19.49,19.49,19.49,1000,0
2597.HK,5,20250919,040500,19.30,19.30,19.30,19.30,1000,0
2597.HK,5,20250919,044000,19.22,19.65,19.22,19.65,6500,0
2597.HK,5,20250919,044500,19.88,19.88,19.88,19.88,1000,0
2597.HK,5,20250919,045000,19.88,19.88,19.88,19.88,1000,0
2597.HK,5,20250919,045500,19.87,19.87,19.87,19.87,1500,0
2597.HK,5,20250919,050000,19.88,19.88,19.88,19.88,1000,0
2597.HK,5,20250919,050500,19.97,19.97,19.97,19.97,500,0
2597.HK,5,20250919,051500,19.90,19.90,19.90,19.90,2000,0
2597.HK,5,20250919,052000,19.71,19.71,19.70,19.70,1500,0
2597.HK,5,20250919,052500,19.90,19.91,19.90,19.91,1000,0
2597.HK,5,20250919,054500,19.90,20.00,19.90,20.00,6000,0
2597.HK,5,20250919,055500,20.30,20.30,20.30,20.30,500,0
2597.HK,5,20250919,070000,20.30,20.30,20.30,20.30,500,0
2597.HK,5,20250919,070500,20.30,20.30,20.30,20.30,500,0
2597.HK,5,20250919,072500,20.30,20.30,20.30,20.30,500,0
2597.HK,5,20250919,073000,20.30,20.30,20.30,20.30,2000,0
2597.HK,5,20250919,073500,20.28,20.28,20.28,20.28,2000,0
2597.HK,5,20250919,074000,20.30,20.30,20.30,20.30,500,0
2597.HK,5,20250919,075500,20.30,20.30,20.30,20.30,500,0
2597.HK,5,20250919,080000,20.30,20.30,20.30,20.30,500,0
2597.HK,5,20250919,080500,20.46,20.46,20.46,20.46,1000,0
2597.HK,5,20250919,081000,20.50,20.80,20.50,20.80,11000,0
2597.HK,5,20250919,081500,20.80,21.00,20.76,21.00,4500,0
2597.HK,5,20250919,082000,21.18,21.18,21.18,21.18,1000,0
2597.HK,5,20250919,082500,21.12,21.12,21.12,21.12,1500,0
2597.HK,5,20250919,083000,21.18,21.20,21.18,21.20,3000,0
2597.HK,5,20250919,084000,21.20,21.20,21.20,21.20,500,0
2597.HK,5,20250919,085500,21.48,21.48,21.48,21.48,500,0
2597.HK,5,20250919,090500,21.50,21.50,21.50,21.50,1500,0
2597.HK,5,20250919,091000,21.50,21.60,21.50,21.60,1000,0
2597.HK,5,20250919,091500,21.70,21.70,21.70,21.70,1000,0
2597.HK,5,20250919,093500,21.70,21.80,21.70,21.80,2500,0
2597.HK,5,20250919,094000,21.80,21.80,21.80,21.80,500,0
2597.HK,5,20250919,095000,21.62,21.62,21.40,21.40,5000,0
2597.HK,5,20250919,095500,21.24,21.24,21.24,21.24,500,0
2597.HK,5,20250922,033500,21.26,21.26,21.26,21.26,500,0
2597.HK,5,20250922,035500,21.26,21.26,21.26,21.26,1000,0
2597.HK,5,20250922,044000,21.20,21.20,21.20,21.20,500,0
2597.HK,5,20250922,050000,20.60,20.60,20.20,20.20,2000,0
2597.HK,5,20250922,050500,20.14,20.14,20.08,20.08,3000,0
2597.HK,5,20250922,052500,20.04,20.04,20.04,20.04,500,0
2597.HK,5,20250922,053000,20.00,20.00,20.00,20.00,500,0
2597.HK,5,20250922,053500,19.98,19.98,19.98,19.98,1000,0
2597.HK,5,20250922,054500,19.98,19.98,19.98,19.98,500,0
2597.HK,5,20250922,070000,19.90,19.90,19.90,19.90,1000,0
2597.HK,5,20250922,070500,19.92,19.92,19.40,19.40,2500,0
2597.HK,5,20250922,071000,19.50,19.50,19.50,19.50,1500,0
2597.HK,5,20250922,072000,19.75,19.90,19.75,19.90,3500,0
2597.HK,5,20250922,081000,20.22,20.22,20.22,20.22,1000,0
2597.HK,5,20250922,081500,20.22,20.22,20.22,20.22,1000,0
2597.HK,5,20250922,083000,20.22,20.22,20.22,20.22,2000,0
2597.HK,5,20250922,090500,20.70,20.88,20.62,20.62,7000,0
2597.HK,5,20250922,091500,20.18,20.18,20.18,20.18,500,0
2597.HK,5,20250922,092500,20.18,20.18,20.18,20.18,500,0
2597.HK,5,20250922,094000,20.20,20.20,20.20,20.20,500,0
2597.HK,5,20250922,094500,20.40,20.40,20.20,20.20,2000,0
2597.HK,5,20250922,095000,20.40,20.40,20.22,20.22,1500,0
2597.HK,5,20250922,095500,20.40,20.42,20.40,20.42,2500,0
2597.HK,5,20250923,033500,18.98,20.30,18.98,20.30,1500,0
2597.HK,5,20250923,040500,20.10,20.10,20.10,20.10,1000,0
2597.HK,5,20250923,042500,20.04,20.04,20.00,20.00,1500,0
2597.HK,5,20250923,045500,20.00,20.00,20.00,20.00,500,0
2597.HK,5,20250923,050000,20.00,20.00,20.00,20.00,500,0
2597.HK,5,20250923,055000,19.96,19.96,19.96,19.96,500,0
2597.HK,5,20250923,070500,20.20,20.22,20.20,20.22,1500,0
2597.HK,5,20250923,072000,19.96,19.96,19.79,19.79,2500,0
2597.HK,5,20250923,072500,19.57,19.99,19.57,19.99,2500,0
2597.HK,5,20250923,073500,19.98,20.04,19.97,20.04,4500,0
2597.HK,5,20250923,074000,19.83,19.83,19.83,19.83,1500,0
2597.HK,5,20250923,074500,20.02,20.02,20.02,20.02,1000,0
2597.HK,5,20250923,082500,20.12,20.12,20.12,20.12,500,0
2597.HK,5,20250923,083500,19.94,19.94,19.90,19.90,3000,0
2597.HK,5,20250923,084000,19.97,19.97,19.91,19.91,1000,0
2597.HK,5,20250923,090500,19.91,19.91,19.91,19.91,500,0
2597.HK,5,20250923,092000,20.10,20.30,20.10,20.30,1500,0
2597.HK,5,20250923,095000,20.30,20.30,20.30,20.30,10000,0
2597.HK,5,20250924,054500,20.30,20.30,20.30,20.30,5000,0
2597.HK,5,20250924,071500,20.00,20.00,19.96,19.96,4500,0
2597.HK,5,20250924,075500,19.95,19.95,19.94,19.94,2000,0
2597.HK,5,20250924,080000,19.73,19.73,19.67,19.67,4000,0
2597.HK,5,20250924,081500,19.67,19.67,19.67,19.67,500,0
2597.HK,5,20250924,082500,19.67,19.67,19.67,19.67,500,0
2597.HK,5,20250924,090500,19.90,19.90,19.90,19.90,500,0
2597.HK,5,20250924,091500,20.06,20.06,20.06,20.06,4500,0
2597.HK,5,20250924,092500,20.10,20.10,20.10,20.10,500,0
2597.HK,5,20250924,094000,20.10,20.10,20.04,20.04,1000,0
2597.HK,5,20250924,095000,20.00,20.00,20.00,20.00,500,0
2597.HK,5,20250924,095500,20.00,20.00,19.75,20.00,1500,0
2597.HK,5,20250925,050500,20.02,20.02,20.02,20.02,500,0
2597.HK,5,20250925,052000,19.67,19.67,19.66,19.66,3000,0
2597.HK,5,20250925,070000,19.66,19.66,19.66,19.66,500,0
2597.HK,5,20250925,075500,19.89,19.89,19.89,19.89,500,0
2597.HK,5,20250925,081000,19.89,19.89,19.89,19.89,500,0
2597.HK,5,20250925,084500,19.56,19.56,19.56,19.56,500,0
2597.HK,5,20250925,085000,19.56,19.56,19.55,19.55,2000,0
2597.HK,5,20250925,085500,19.55,19.55,19.55,19.55,2000,0
2597.HK,5,20250925,090000,19.55,19.55,19.55,19.55,4500,0
2597.HK,5,20250925,090500,19.55,19.55,19.55,19.55,1000,0
2597.HK,5,20250925,093500,19.79,19.88,19.79,19.88,2500,0
2597.HK,5,20250925,094500,19.59,19.59,19.56,19.56,2000,0
2597.HK,5,20250925,095000,19.84,19.84,19.84,19.84,500,0
2597.HK,5,20250926,035500,19.84,19.84,19.84,19.84,500,0
2597.HK,5,20250926,045500,19.83,19.83,19.83,19.83,500,0
2597.HK,5,20250926,050000,19.90,19.90,19.90,19.90,500,0
2597.HK,5,20250926,072000,19.88,19.88,19.88,19.88,500,0
2597.HK,5,20250926,072500,19.99,19.99,19.99,19.99,500,0
2597.HK,5,20250926,084000,20.00,20.00,20.00,20.00,500,0
2597.HK,5,20250926,084500,20.00,20.00,20.00,20.00,1500,0
2597.HK,5,20250926,093500,20.00,20.00,20.00,20.00,500,0
2597.HK,5,20250926,094500,19.81,19.81,19.81,19.81,1000,0
2597.HK,5,20250926,095000,19.99,19.99,19.85,19.85,2000,0
2597.HK,5,20250926,095500,20.00,20.00,20.00,20.00,2000,0
2597.HK,5,20250929,045000,20.00,20.00,20.00,20.00,2000,0
2597.HK,5,20250930,033000,19.50,19.50,19.50,19.50,500,0
2597.HK,5,20250930,035500,19.50,19.50,19.50,19.50,5500,0
2597.HK,5,20250930,043000,19.50,19.50,19.50,19.50,1500,0
2597.HK,5,20250930,054500,19.48,19.48,19.48,19.48,2000,0
2597.HK,5,20250930,070500,19.52,19.52,19.52,19.52,500,0
2597.HK,5,20250930,071000,19.48,19.66,19.48,19.66,1000,0
2597.HK,5,20250930,075000,19.71,19.71,19.71,19.71,500,0
2597.HK,5,20250930,081500,19.73,19.73,19.73,19.73,500,0
2597.HK,5,20250930,082000,19.77,19.90,19.77,19.90,4500,0
2597.HK,5,20250930,090000,20.10,20.10,20.10,20.10,500,0
2597.HK,5,20250930,091500,20.48,20.50,20.48,20.50,2000,0
2597.HK,5,20250930,092500,20.50,21.48,20.50,21.48,8500,0
2597.HK,5,20250930,093000,21.80,21.80,21.00,21.00,11000,0
2597.HK,5,20250930,095500,21.00,21.00,21.00,21.00,7500,0
2597.HK,5,20251002,042000,19.23,19.23,19.23,19.23,500,0
2597.HK,5,20251002,044000,19.31,19.31,19.31,19.31,500,0
2597.HK,5,20251002,050000,19.38,19.38,19.35,19.35,5000,0
2597.HK,5,20251002,081500,20.22,20.22,20.22,20.22,1000,0
2597.HK,5,20251002,082500,20.22,20.22,20.22,20.22,500,0
2597.HK,5,20251002,083000,20.56,20.56,20.48,20.48,1000,0
2597.HK,5,20251002,084000,20.48,20.48,20.48,20.48,500,0
2597.HK,5,20251002,085000,20.60,20.60,20.60,20.60,500,0
2597.HK,5,20251002,092000,20.84,20.84,20.84,20.84,500,0
2597.HK,5,20251002,095500,20.80,20.80,20.80,20.80,2500,0
2597.HK,5,20251003,033000,20.80,20.80,20.80,20.80,500,0
2597.HK,5,20251006,070000,20.50,20.80,20.50,20.80,3000,0
2597.HK,5,20251006,071000,20.56,20.56,20.56,20.56,500,0
2597.HK,5,20251006,072500,20.80,20.80,20.80,20.80,2000,0
2597.HK,5,20251009,035000,20.00,20.00,20.00,20.00,500,0
2597.HK,5,20251009,042500,20.00,20.00,20.00,20.00,500,0
2597.HK,5,20251010,045500,19.40,19.40,19.40,19.40,2000,0
2597.HK,5,20251010,050500,19.30,19.40,19.30,19.40,2000,0
2597.HK,5,20251010,052000,19.40,19.40,19.40,19.40,500,0
2597.HK,5,20251010,053000,19.40,19.40,19.40,19.40,500,0
2597.HK,5,20251010,054500,19.59,19.60,19.59,19.60,1500,0
2597.HK,5,20251010,072000,19.40,19.40,19.40,19.40,4000,0
2597.HK,5,20251010,073000,19.40,19.40,19.31,19.40,6500,0
2597.HK,5,20251010,075500,19.31,19.40,19.31,19.40,6500,0
2597.HK,5,20251010,095000,19.40,19.40,19.40,19.40,1500,0
2597.HK,5,20251010,095500,19.60,19.60,19.60,19.60,1500,0
2597.HK,5,20251013,033000,19.60,19.60,19.00,19.00,3000,0
2597.HK,5,20251013,033500,19.00,19.00,19.00,19.00,500,0
2597.HK,5,20251013,035500,19.01,19.01,19.00,19.00,2500,0
2597.HK,5,20251013,043000,19.00,19.00,19.00,19.00,1000,0
2597.HK,5,20251013,043500,19.20,19.20,19.20,19.20,500,0
2597.HK,5,20251013,052500,19.20,19.20,18.86,18.86,5500,0
2597.HK,5,20251013,053000,18.86,18.86,18.80,18.80,2500,0
2597.HK,5,20251013,072500,18.50,18.50,18.50,18.50,500,0
2597.HK,5,20251013,073000,18.50,18.50,18.50,18.50,1000,0
2597.HK,5,20251013,075500,18.30,18.30,18.30,18.30,500,0
2597.HK,5,20251013,084500,18.31,18.31,18.31,18.31,500,0
2597.HK,5,20251014,033000,18.32,18.32,18.32,18.32,500,0
2597.HK,5,20251014,034500,18.33,18.79,18.33,18.79,1000,0
2597.HK,5,20251014,035000,18.80,18.80,18.80,18.80,500,0
2597.HK,5,20251014,045000,19.10,19.10,19.10,19.10,1000,0
2597.HK,5,20251014,051000,19.17,19.18,19.17,19.18,1000,0
2597.HK,5,20251014,070500,19.17,19.17,19.16,19.16,2000,0
2597.HK,5,20251014,071500,19.16,19.16,19.16,19.16,500,0
2597.HK,5,20251014,081000,19.14,19.15,19.14,19.15,3000,0
2597.HK,5,20251014,083500,19.20,19.20,19.20,19.20,500,0
2597.HK,5,20251014,084500,19.00,19.00,18.80,18.80,3500,0
2597.HK,5,20251014,085000,18.80,18.80,18.80,18.80,500,0
2597.HK,5,20251014,093500,18.80,18.80,18.80,18.80,500,0
2597.HK,5,20251015,054000,19.79,19.79,19.70,19.70,500,0
2597.HK,5,20251016,055500,19.42,19.42,19.42,19.42,500,0
2597.HK,5,20251016,073000,19.23,19.23,19.23,19.23,1000,0
2597.HK,5,20251017,033500,18.41,18.41,18.41,18.41,500,0
2597.HK,5,20251017,041000,18.45,18.45,18.45,18.45,500,0
2597.HK,5,20251017,070000,18.60,18.60,18.60,18.60,500,0
2597.HK,5,20251017,082500,18.44,18.44,18.41,18.41,2000,0
2597.HK,5,20251017,083000,18.40,18.40,18.40,18.40,500,0
2597.HK,5,20251017,083500,18.20,18.20,18.20,18.20,2500,0
2597.HK,5,20251017,092000,17.98,17.98,17.98,17.98,500,0
2597.HK,5,20251020,045000,17.46,17.46,17.46,17.46,500,0
2597.HK,5,20251020,045500,17.48,17.48,17.48,17.48,500,0
2597.HK,5,20251020,072000,17.59,17.60,17.59,17.60,1000,0
2597.HK,5,20251020,090000,17.66,17.66,17.65,17.65,1500,0
2597.HK,5,20251021,043000,17.69,17.69,17.69,17.69,500,0
2597.HK,5,20251021,094500,17.61,18.99,17.61,18.05,1000,0
2597.HK,5,20251023,034500,18.48,18.48,18.48,18.48,3000,0
2597.HK,5,20251023,041500,18.48,18.48,18.48,18.48,500,0
2597.HK,5,20251023,045500,18.48,18.48,18.48,18.48,1000,0
2597.HK,5,20251023,054000,18.48,18.48,18.48,18.48,500,0
2597.HK,5,20251027,032500,18.46,18.46,18.46,18.46,500,0
2597.HK,5,20251027,033000,18.52,18.52,18.52,18.52,5000,0
2597.HK,5,20251027,034000,17.97,17.97,17.97,17.97,500,0
2597.HK,5,20251027,034500,17.98,17.98,17.98,17.98,1000,0
2597.HK,5,20251027,040500,18.82,18.82,18.82,18.82,500,0
2597.HK,5,20251027,042000,18.82,18.82,18.82,18.82,2000,0
2597.HK,5,20251027,060000,18.11,18.11,18.11,18.11,1500,0
2597.HK,5,20251027,072000,18.15,18.15,18.10,18.10,1500,0
2597.HK,5,20251027,073000,18.14,18.14,18.10,18.10,2500,0
2597.HK,5,20251027,074500,18.09,18.09,18.09,18.09,10000,0
2597.HK,5,20251027,075500,17.66,17.70,17.66,17.70,1000,0
2597.HK,5,20251028,023500,18.18,18.20,18.17,18.20,10000,0
2597.HK,5,20251028,030000,18.20,18.20,18.20,18.20,500,0
2597.HK,5,20251028,040500,18.20,18.20,18.20,18.20,8000,0
2597.HK,5,20251028,041500,18.20,18.20,18.20,18.20,2000,0
2597.HK,5,20251028,043000,18.20,18.20,18.20,18.20,1000,0
2597.HK,5,20251028,061500,18.20,18.20,18.20,18.20,1000,0
2597.HK,5,20251028,064500,18.20,18.20,18.14,18.14,500,0
2597.HK,5,20251030,023000,18.14,18.14,18.14,18.14,1000,0
2597.HK,5,20251030,025500,18.14,18.14,18.14,18.14,1000,0
2597.HK,5,20251030,030000,17.56,17.56,17.56,17.56,500,0
2597.HK,5,20251030,045000,18.08,18.08,18.08,18.08,1000,0
2597.HK,5,20251030,060000,18.10,18.10,18.10,18.10,6000,0
2597.HK,5,20251030,085000,17.58,17.58,17.56,17.56,2500,0
2597.HK,5,20251031,040000,17.14,17.14,17.14,17.14,500,0
2597.HK,5,20251103,044000,16.90,17.01,16.90,17.01,1000,0
2597.HK,5,20251103,044500,17.10,17.20,17.10,17.20,9500,0
2597.HK,5,20251103,060500,17.07,17.07,17.01,17.01,1000,0
2597.HK,5,20251103,063500,16.91,16.91,16.91,16.91,1500,0
2597.HK,5,20251103,064000,16.91,16.91,16.91,16.91,2500,0
2597.HK,5,20251103,072000,16.91,16.91,16.91,16.91,500,0
2597.HK,5,20251103,082000,16.91,16.91,16.89,16.89,3000,0
2597.HK,5,20251104,071000,16.85,16.85,16.30,16.30,3500,0
2597.HK,5,20251104,074500,16.29,16.29,16.29,16.29,500,0
2597.HK,5,20251104,081500,16.28,16.28,16.28,16.28,500,0
2597.HK,5,20251105,032000,15.58,16.01,15.58,16.01,1000,0
2597.HK,5,20251105,033000,14.73,14.73,14.73,14.73,500,0
2597.HK,5,20251105,033500,14.91,16.26,14.91,16.26,1500,0
2597.HK,5,20251105,061000,15.60,15.60,15.60,15.60,1500,0
2597.HK,5,20251105,061500,15.45,15.45,15.45,15.45,500,0
2597.HK,5,20251105,062000,15.45,15.45,15.45,15.45,500,0
2597.HK,5,20251105,062500,15.79,15.79,15.79,15.79,500,0
2597.HK,5,20251105,071000,15.79,15.79,15.79,15.79,500,0
2597.HK,5,20251105,071500,15.57,15.57,15.56,15.56,4500,0
2597.HK,5,20251105,072000,15.56,15.56,15.56,15.56,500,0
2597.HK,5,20251105,080000,15.01,15.01,14.90,14.90,3000,0
2597.HK,5,20251105,080500,14.75,14.75,14.66,14.66,2500,0
2597.HK,5,20251105,081500,14.67,14.67,14.67,14.67,1000,0
2597.HK,5,20251105,082000,15.17,15.17,15.17,15.17,500,0
2597.HK,5,20251105,084000,15.22,15.22,14.88,14.88,1000,0
2597.HK,5,20251105,085000,14.89,14.89,14.88,14.88,1500,0
2597.HK,5,20251105,085500,15.10,15.10,15.10,15.10,3000,0
2597.HK,5,20251106,024500,14.40,14.41,14.40,14.40,1500,0
2597.HK,5,20251106,035500,14.59,14.59,14.59,14.59,500,0
2597.HK,5,20251106,044500,14.55,14.55,14.55,14.55,500,0
2597.HK,5,20251106,060000,14.55,14.92,14.55,14.92,1000,0
2597.HK,5,20251106,062000,15.03,15.04,15.03,15.04,4000,0
2597.HK,5,20251106,082500,14.81,14.81,14.81,14.81,500,0
2597.HK,5,20251106,084500,14.58,14.58,14.36,14.40,4500,0
2597.HK,5,20251106,085000,14.36,14.36,14.36,14.36,500,0
2597.HK,5,20251107,024000,14.30,14.30,14.30,14.30,500,0
2597.HK,5,20251107,032500,14.29,14.30,14.29,14.30,1000,0
2597.HK,5,20251107,035000,14.31,14.31,14.31,14.31,1000,0
2597.HK,5,20251107,060500,14.44,14.44,14.44,14.44,500,0
2597.HK,5,20251107,062500,14.70,14.70,14.70,14.70,500,0
2597.HK,5,20251107,063000,14.74,14.80,14.61,14.61,2000,0
2597.HK,5,20251107,071500,14.56,14.56,14.55,14.55,1000,0
2597.HK,5,20251107,073000,14.55,14.55,14.41,14.41,6000,0
2597.HK,5,20251107,075000,14.42,14.42,14.41,14.41,1000,0
2597.HK,5,20251107,080500,14.35,14.35,14.35,14.35,500,0
2597.HK,5,20251107,081000,14.31,14.31,14.19,14.19,4000,0
2597.HK,5,20251107,081500,13.70,13.79,13.70,13.79,1000,0
2597.HK,5,20251107,083000,13.70,13.70,13.70,13.70,500,0
2597.HK,5,20251107,083500,13.72,13.72,13.70,13.70,3000,0
2597.HK,5,20251110,024500,13.68,13.68,13.68,13.68,500,0
2597.HK,5,20251110,061000,13.82,13.82,13.82,13.82,500,0
2597.HK,5,20251110,070500,14.20,14.20,14.20,14.20,500,0
2597.HK,5,20251110,075000,14.20,14.20,14.20,14.20,500,0
2597.HK,5,20251110,080500,15.00,15.00,15.00,15.00,500,0
2597.HK,5,20251110,082000,14.30,15.30,14.20,15.30,4500,0
2597.HK,5,20251110,084000,14.23,14.23,14.20,14.20,4000,0
2597.HK,5,20251110,085000,14.13,15.30,13.85,15.30,1500,0
2597.HK,5,20251110,085500,14.12,14.12,13.90,14.10,5000,0
2597.HK,5,20251111,023500,14.11,14.11,14.11,14.11,1000,0
2597.HK,5,20251111,024000,14.11,14.15,14.11,14.15,1000,0
2597.HK,5,20251111,024500,14.11,14.11,14.10,14.10,1500,0
2597.HK,5,20251111,030000,13.90,14.00,13.90,14.00,2000,0
2597.HK,5,20251111,031500,14.00,14.00,14.00,14.00,500,0
2597.HK,5,20251111,034500,13.97,13.97,13.97,13.97,500,0
2597.HK,5,20251111,071000,14.00,14.93,14.00,14.93,1000,0
2597.HK,5,20251111,072000,14.17,14.17,14.17,14.17,1000,0
2597.HK,5,20251111,074500,13.82,14.01,13.82,14.01,2500,0
2597.HK,5,20251111,080000,14.14,14.15,14.14,14.15,4500,0
2597.HK,5,20251111,085500,14.57,14.57,14.57,14.57,500,0
2597.HK,5,20251112,023000,14.57,14.57,14.57,14.57,500,0
2597.HK,5,20251112,030500,14.21,14.21,14.00,14.00,6500,0
2597.HK,5,20251112,031000,14.00,14.00,14.00,14.00,500,0
2597.HK,5,20251112,031500,13.95,13.95,13.90,13.90,3500,0
2597.HK,5,20251112,032500,13.90,13.90,13.70,13.70,2500,0
2597.HK,5,20251112,035000,13.72,13.72,13.72,13.72,500,0
2597.HK,5,20251112,035500,13.72,13.72,13.65,13.65,6000,0
2597.HK,5,20251112,040000,13.61,13.61,13.60,13.60,1000,0
2597.HK,5,20251112,040500,13.61,13.61,13.60,13.60,1500,0
2597.HK,5,20251112,041000,13.61,13.61,13.60,13.60,4000,0
2597.HK,5,20251112,042000,13.67,13.67,13.67,13.67,500,0
2597.HK,5,20251112,061000,13.70,13.70,13.61,13.61,14000,0
2597.HK,5,20251112,062500,13.55,13.60,13.50,13.50,1500,0
2597.HK,5,20251112,064000,13.51,13.51,13.50,13.50,1000,0
2597.HK,5,20251112,064500,13.68,13.68,13.68,13.68,1000,0
2597.HK,5,20251112,065000,14.09,14.09,14.06,14.06,9000,0
2597.HK,5,20251112,065500,13.98,13.98,13.98,13.98,500,0
2597.HK,5,20251112,070000,13.79,13.79,13.79,13.79,2000,0
2597.HK,5,20251112,072500,13.71,13.71,13.71,13.71,1000,0
2597.HK,5,20251112,080500,13.74,13.74,13.64,13.64,8000,0
2597.HK,5,20251112,082000,13.76,13.77,13.76,13.77,1000,0
2597.HK,5,20251112,084000,13.83,13.83,13.82,13.83,1500,0
2597.HK,5,20251112,084500,13.84,13.84,13.65,13.66,1500,0
2597.HK,5,20251113,025500,13.88,13.88,13.88,13.88,500,0
2597.HK,5,20251113,063500,13.86,13.86,13.86,13.86,500,0
2597.HK,5,20251113,064000,13.84,13.84,13.84,13.84,1500,0
2597.HK,5,20251113,083500,13.71,13.71,13.71,13.71,500,0
2597.HK,5,20251114,041500,13.65,13.65,13.65,13.65,1500,0
2597.HK,5,20251114,072000,13.58,13.58,13.58,13.58,500,0
2597.HK,5,20251114,073000,13.50,13.50,13.50,13.50,500,0
2597.HK,5,20251114,073500,13.44,13.44,13.44,13.44,500,0
2597.HK,5,20251114,074000,13.41,13.41,13.30,13.40,4500,0
2597.HK,5,20251114,074500,13.40,13.40,13.40,13.40,500,0
2597.HK,5,20251114,075000,13.07,13.07,13.07,13.07,1500,0
2597.HK,5,20251114,075500,13.06,13.06,13.00,13.00,4000,0
2597.HK,5,20251114,080500,13.07,13.07,13.07,13.07,500,0
2597.HK,5,20251114,081000,13.01,13.01,13.01,13.01,1500,0
2597.HK,5,20251114,082000,13.01,13.01,13.01,13.01,3500,0
2597.HK,5,20251114,083500,13.06,13.06,13.06,13.06,500,0
2597.HK,5,20251114,084000,13.04,13.04,13.04,13.04,3000,0
2597.HK,5,20251117,033000,12.98,13.00,12.98,13.00,4000,0
2597.HK,5,20251117,033500,14.71,14.71,14.71,14.71,500,0
2597.HK,5,20251117,034500,13.99,13.99,13.99,13.99,500,0
2597.HK,5,20251117,044500,13.90,14.00,13.90,14.00,1000,0
2597.HK,5,20251117,063000,13.26,13.26,13.25,13.25,6000,0
2597.HK,5,20251117,063500,13.44,13.44,13.44,13.44,500,0
2597.HK,5,20251117,070500,13.68,13.68,13.68,13.68,500,0
2597.HK,5,20251117,074500,13.26,13.50,13.26,13.50,2500,0
2597.HK,5,20251118,031000,13.60,13.60,13.60,13.60,500,0
2597.HK,5,20251119,034500,13.40,13.40,13.40,13.40,500,0
2597.HK,5,20251119,044000,13.39,13.39,13.39,13.39,500,0
2597.HK,5,20251119,062000,13.31,13.31,13.25,13.25,4000,0
2597.HK,5,20251119,070000,13.25,13.30,13.25,13.30,1500,0
2597.HK,5,20251119,070500,13.15,13.15,13.07,13.07,7000,0
2597.HK,5,20251119,071000,13.07,13.28,13.02,13.22,9500,0
2597.HK,5,20251119,071500,13.10,13.49,13.10,13.49,14000,0
2597.HK,5,20251119,072000,13.11,13.11,13.10,13.10,1500,0
2597.HK,5,20251119,072500,13.19,13.20,13.19,13.20,1000,0
2597.HK,5,20251119,074000,13.11,13.11,13.04,13.04,8000,0
2597.HK,5,20251119,074500,13.07,13.08,13.04,13.04,3500,0
2597.HK,5,20251119,081000,13.16,13.16,13.16,13.16,500,0
2597.HK,5,20251119,084500,13.08,13.08,13.08,13.08,3500,0
2597.HK,5,20251119,085000,13.26,13.26,13.26,13.26,2500,0
2597.HK,5,20251119,085500,13.15,13.15,13.15,13.15,1500,0
2597.HK,5,20251120,041000,13.11,13.11,13.00,13.00,4500,0
2597.HK,5,20251120,041500,12.98,12.98,12.92,12.93,14500,0
2597.HK,5,20251120,042000,12.92,12.92,12.92,12.92,4000,0
2597.HK,5,20251120,060500,13.01,13.01,13.00,13.00,1000,0
2597.HK,5,20251120,064000,13.00,13.00,13.00,13.00,9500,0
2597.HK,5,20251120,064500,12.96,12.96,12.96,12.96,500,0
2597.HK,5,20251120,065000,13.00,13.00,13.00,13.00,1000,0
2597.HK,5,20251121,085000,13.01,13.01,13.01,13.01,500,0
2597.HK,5,20251124,031000,13.46,13.46,13.46,13.46,500,0
2597.HK,5,20251124,031500,13.48,13.49,13.48,13.49,2000,0
2597.HK,5,20251124,035000,13.65,13.65,13.65,13.65,500,0
2597.HK,5,20251124,042500,13.79,13.80,13.79,13.80,1500,0
2597.HK,5,20251124,043500,13.80,13.80,13.80,13.80,1000,0
2597.HK,5,20251124,061000,13.80,13.90,13.80,13.90,1500,0
2597.HK,5,20251124,062000,13.90,13.99,13.90,13.99,1500,0
2597.HK,5,20251124,063000,14.09,14.09,14.09,14.09,500,0
2597.HK,5,20251124,063500,14.02,14.02,13.95,13.95,2000,0
2597.HK,5,20251124,065500,13.96,13.96,13.96,13.96,1000,0
2597.HK,5,20251124,072000,14.04,14.04,14.04,14.04,500,0
2597.HK,5,20251124,072500,13.95,13.95,13.95,13.95,500,0
2597.HK,5,20251125,023000,14.01,14.02,14.01,14.02,1000,0
2597.HK,5,20251125,035000,13.95,13.96,13.95,13.96,500,0
2597.HK,5,20251126,024500,13.96,13.96,13.96,13.96,500,0
2597.HK,5,20251126,065000,13.96,13.96,13.96,13.96,1000,0
2597.HK,5,20251128,082500,14.10,14.55,14.10,14.55,4500,0
2597.HK,5,20251128,085500,14.55,14.55,14.55,14.55,1500,0
2597.HK,5,20251201,033500,14.50,14.50,14.50,14.50,2000,0
2597.HK,5,20251201,060000,14.07,14.07,14.07,14.07,500,0
2597.HK,5,20251201,082500,14.10,14.10,14.10,14.10,500,0
2597.HK,5,20251201,085500,14.50,14.50,14.50,14.50,2500,0
2597.HK,5,20251202,043500,14.30,14.30,14.30,14.30,1000,0
2597.HK,5,20251202,061500,14.28,14.28,14.28,14.28,500,0
2597.HK,5,20251202,073000,14.10,14.10,14.09,14.09,1500,0
2597.HK,5,20251202,082000,14.08,14.08,14.08,14.08,500,0
2597.HK,5,20251202,085500,14.49,14.49,14.49,14.49,500,0
2597.HK,5,20251203,033500,13.86,13.86,13.86,13.86,1000,0
2597.HK,5,20251203,040000,13.86,13.86,13.80,13.80,4000,0
2597.HK,5,20251203,070500,14.24,14.24,14.24,14.24,500,0
2597.HK,5,20251203,073500,14.14,14.15,14.14,14.14,15500,0
2597.HK,5,20251204,035000,14.14,14.14,14.14,14.14,1000,0
2597.HK,5,20251204,075500,14.49,14.50,14.49,14.50,2500,0
2597.HK,5,20251204,081000,14.53,14.56,14.53,14.56,2500,0
