<TICKER>,<PER>,<DATE>,<TIME>,<OPEN>,<HIGH>,<LOW>,<CLOSE>,<VOL>,<OPENINT>
28.HK,5,20250709,035500,4.49,4.49,4.49,4.49,11000,0
28.HK,5,20250709,042500,4.49,4.49,4.48,4.49,4000,0
28.HK,5,20250709,052000,4.50,4.50,4.50,4.50,20000,0
28.HK,5,20250709,052500,4.50,4.50,4.50,4.50,2000,0
28.HK,5,20250709,083500,4.50,4.50,4.50,4.50,4000,0
28.HK,5,20250709,085500,4.49,4.49,4.49,4.49,1000,0
28.HK,5,20250709,095500,4.50,4.50,4.50,4.50,1000,0
28.HK,5,20250710,073500,4.45,4.45,4.45,4.45,4000,0
28.HK,5,20250710,081500,4.48,4.48,4.48,4.48,1000,0
28.HK,5,20250710,082000,4.49,4.49,4.49,4.49,5000,0
28.HK,5,20250710,093000,4.49,4.49,4.46,4.46,3000,0
28.HK,5,20250710,095000,4.46,4.46,4.41,4.42,63000,0
28.HK,5,20250711,034500,4.43,4.43,4.43,4.43,10000,0
28.HK,5,20250711,044500,4.54,4.54,4.54,4.54,9000,0
28.HK,5,20250711,045000,4.46,4.46,4.46,4.46,25000,0
28.HK,5,20250711,050000,4.46,4.46,4.46,4.46,5000,0
28.HK,5,20250711,051000,4.48,4.48,4.48,4.48,14000,0
28.HK,5,20250711,055000,4.46,4.46,4.46,4.46,13000,0
28.HK,5,20250711,070000,4.46,4.46,4.46,4.46,7000,0
28.HK,5,20250711,072500,4.44,4.44,4.44,4.44,1000,0
28.HK,5,20250711,075500,4.44,4.44,4.44,4.44,9000,0
28.HK,5,20250711,080500,4.44,4.44,4.44,4.44,2000,0
28.HK,5,20250711,082500,4.48,4.48,4.48,4.48,8000,0
28.HK,5,20250711,092500,4.48,4.48,4.48,4.48,5000,0
28.HK,5,20250711,095000,4.49,4.49,4.49,4.49,23000,0
28.HK,5,20250714,034000,4.54,4.54,4.54,4.54,2000,0
28.HK,5,20250714,035500,4.56,4.56,4.54,4.54,46000,0
28.HK,5,20250714,040000,4.50,4.50,4.50,4.50,1000,0
28.HK,5,20250714,041500,4.50,4.50,4.50,4.50,4000,0
28.HK,5,20250714,044000,4.54,4.54,4.54,4.54,15000,0
28.HK,5,20250714,070000,4.54,4.54,4.54,4.54,19000,0
28.HK,5,20250714,073000,4.54,4.54,4.54,4.54,1000,0
28.HK,5,20250714,074000,4.54,4.54,4.54,4.54,17000,0
28.HK,5,20250714,075000,4.52,4.52,4.52,4.52,3000,0
28.HK,5,20250714,084000,4.54,4.54,4.54,4.54,9000,0
28.HK,5,20250714,091000,4.56,4.56,4.56,4.56,1000,0
28.HK,5,20250714,091500,4.52,4.52,4.52,4.52,2000,0
28.HK,5,20250714,095500,4.54,4.54,4.53,4.53,46000,0
28.HK,5,20250715,042500,4.58,4.59,4.58,4.59,44000,0
28.HK,5,20250715,043500,4.59,4.59,4.59,4.59,1000,0
28.HK,5,20250715,045000,4.59,4.59,4.59,4.59,14000,0
28.HK,5,20250715,050000,4.58,4.58,4.58,4.58,7000,0
28.HK,5,20250715,054500,4.50,4.50,4.50,4.50,2000,0
28.HK,5,20250715,080000,4.50,4.50,4.45,4.45,20000,0
28.HK,5,20250715,095500,4.50,4.50,4.50,4.50,1000,0
28.HK,5,20250716,081500,4.47,4.47,4.46,4.46,11000,0
28.HK,5,20250716,082000,4.46,4.46,4.46,4.46,2000,0
28.HK,5,20250716,091000,4.47,4.47,4.47,4.47,5000,0
28.HK,5,20250716,095500,4.48,4.48,4.48,4.48,3000,0
28.HK,5,20250717,041000,4.49,4.49,4.49,4.49,9000,0
28.HK,5,20250717,054500,4.54,4.54,4.54,4.54,1000,0
28.HK,5,20250717,071500,4.51,4.51,4.51,4.51,3000,0
28.HK,5,20250717,082000,4.51,4.51,4.51,4.51,2000,0
28.HK,5,20250717,082500,4.52,4.52,4.52,4.52,1000,0
28.HK,5,20250717,085500,4.52,4.52,4.52,4.52,9000,0
28.HK,5,20250717,091500,4.51,4.51,4.51,4.51,4000,0
28.HK,5,20250717,092000,4.50,4.53,4.50,4.53,14000,0
28.HK,5,20250717,095500,4.53,4.53,4.53,4.53,2000,0
28.HK,5,20250718,034500,4.50,4.50,4.49,4.49,28000,0
28.HK,5,20250718,040000,4.54,4.54,4.54,4.54,2000,0
28.HK,5,20250718,045500,4.50,4.50,4.50,4.50,10000,0
28.HK,5,20250718,073000,4.50,4.50,4.50,4.50,2000,0
28.HK,5,20250718,093500,4.53,4.53,4.53,4.53,2000,0
28.HK,5,20250718,094000,4.53,4.53,4.53,4.53,28000,0
28.HK,5,20250718,095500,4.54,4.54,4.54,4.54,1000,0
28.HK,5,20250721,033000,4.60,4.60,4.60,4.60,7000,0
28.HK,5,20250721,041500,4.60,4.60,4.60,4.60,31000,0
28.HK,5,20250721,044000,4.60,4.60,4.60,4.60,2000,0
28.HK,5,20250721,050500,4.55,4.55,4.55,4.55,1000,0
28.HK,5,20250721,052000,4.60,4.60,4.60,4.60,31000,0
28.HK,5,20250721,053500,4.55,4.55,4.55,4.55,2000,0
28.HK,5,20250721,054000,4.55,4.55,4.54,4.54,31000,0
28.HK,5,20250721,070000,4.53,4.53,4.51,4.51,11000,0
28.HK,5,20250721,071000,4.59,4.60,4.59,4.60,49000,0
28.HK,5,20250721,071500,4.60,4.60,4.60,4.60,1000,0
28.HK,5,20250721,090500,4.54,4.54,4.54,4.54,20000,0
28.HK,5,20250721,094500,4.54,4.54,4.54,4.54,27000,0
28.HK,5,20250721,095000,4.52,4.52,4.52,4.52,1000,0
28.HK,5,20250721,095500,4.54,4.54,4.54,4.54,4000,0
28.HK,5,20250722,040500,4.51,4.51,4.51,4.51,1000,0
28.HK,5,20250722,041000,4.51,4.51,4.51,4.51,23000,0
28.HK,5,20250722,042500,4.51,4.51,4.51,4.51,1000,0
28.HK,5,20250722,043000,4.51,4.51,4.50,4.50,30000,0
28.HK,5,20250722,044000,4.51,4.51,4.51,4.51,1000,0
28.HK,5,20250722,050000,4.50,4.51,4.49,4.49,40000,0
28.HK,5,20250722,050500,4.49,4.49,4.49,4.49,16000,0
28.HK,5,20250722,052000,4.52,4.52,4.52,4.52,1000,0
28.HK,5,20250722,055000,4.54,4.55,4.54,4.55,10000,0
28.HK,5,20250722,055500,4.58,4.58,4.58,4.58,12000,0
28.HK,5,20250722,070000,4.58,4.58,4.58,4.58,7000,0
28.HK,5,20250722,070500,4.56,4.56,4.56,4.56,30000,0
28.HK,5,20250722,071500,4.51,4.51,4.51,4.51,4000,0
28.HK,5,20250722,073500,4.49,4.49,4.49,4.49,3000,0
28.HK,5,20250722,075000,4.51,4.51,4.51,4.51,6000,0
28.HK,5,20250722,090000,4.55,4.57,4.55,4.57,34000,0
28.HK,5,20250722,091500,4.52,4.52,4.52,4.52,2000,0
28.HK,5,20250722,094500,4.58,4.58,4.58,4.58,1000,0
28.HK,5,20250722,095500,4.58,4.58,4.57,4.57,1000,0
28.HK,5,20250723,035500,4.55,4.55,4.55,4.55,2000,0
28.HK,5,20250723,041000,4.55,4.55,4.55,4.55,2000,0
28.HK,5,20250723,042000,4.55,4.55,4.55,4.55,5000,0
28.HK,5,20250723,043500,4.51,4.51,4.47,4.47,5000,0
28.HK,5,20250723,051000,4.44,4.55,4.44,4.48,77000,0
28.HK,5,20250723,052500,4.48,4.48,4.48,4.48,10000,0
28.HK,5,20250723,053500,4.52,4.55,4.52,4.55,25000,0
28.HK,5,20250723,070000,4.55,4.55,4.55,4.55,18000,0
28.HK,5,20250723,090000,4.53,4.53,4.53,4.53,11000,0
28.HK,5,20250723,093500,4.51,4.51,4.51,4.51,2000,0
28.HK,5,20250724,055000,4.52,4.52,4.52,4.52,2000,0
28.HK,5,20250724,091500,4.53,4.53,4.52,4.52,69000,0
28.HK,5,20250724,092500,4.52,4.52,4.52,4.52,50000,0
28.HK,5,20250724,095500,4.56,4.56,4.56,4.56,1000,0
28.HK,5,20250725,083000,4.57,4.57,4.57,4.57,5000,0
28.HK,5,20250725,085500,4.54,4.54,4.54,4.54,5000,0
28.HK,5,20250725,092500,4.54,4.54,4.54,4.54,34000,0
28.HK,5,20250728,033000,4.50,4.50,4.50,4.50,11000,0
28.HK,5,20250728,034000,4.48,4.48,4.48,4.48,1000,0
28.HK,5,20250728,035000,4.50,4.50,4.50,4.50,43000,0
28.HK,5,20250728,040500,4.54,4.54,4.54,4.54,19000,0
28.HK,5,20250728,050000,4.54,4.54,4.54,4.54,3000,0
28.HK,5,20250728,053500,4.54,4.54,4.54,4.54,2000,0
28.HK,5,20250728,054000,4.53,4.53,4.53,4.53,4000,0
28.HK,5,20250728,055500,4.52,4.52,4.52,4.52,5000,0
28.HK,5,20250728,072500,4.57,4.60,4.57,4.60,10000,0
28.HK,5,20250728,073500,4.56,4.56,4.55,4.55,4000,0
28.HK,5,20250728,080500,4.53,4.53,4.53,4.53,1000,0
28.HK,5,20250728,083000,4.53,4.53,4.52,4.52,11000,0
28.HK,5,20250728,084500,4.52,4.52,4.52,4.52,2000,0
28.HK,5,20250728,090500,4.52,4.52,4.51,4.51,30000,0
28.HK,5,20250728,092500,4.56,4.60,4.55,4.60,9000,0
28.HK,5,20250728,093000,4.62,4.65,4.62,4.63,16000,0
28.HK,5,20250728,094000,4.64,4.65,4.64,4.65,22000,0
28.HK,5,20250728,094500,4.65,4.65,4.65,4.65,2000,0
28.HK,5,20250728,095000,4.64,4.64,4.64,4.64,4000,0
28.HK,5,20250728,095500,4.64,4.64,4.64,4.64,11000,0
28.HK,5,20250729,043500,4.64,4.64,4.64,4.64,5000,0
28.HK,5,20250729,044500,4.65,4.65,4.64,4.64,16000,0
28.HK,5,20250729,045000,4.64,4.64,4.57,4.57,17000,0
28.HK,5,20250729,073000,4.65,4.65,4.65,4.65,1000,0
28.HK,5,20250729,074500,4.61,4.61,4.59,4.59,20000,0
28.HK,5,20250729,075500,4.60,4.60,4.60,4.60,20000,0
28.HK,5,20250729,081500,4.64,4.64,4.64,4.64,10000,0
28.HK,5,20250729,083000,4.62,4.62,4.62,4.62,6000,0
28.HK,5,20250729,091500,4.62,4.64,4.62,4.64,17000,0
28.HK,5,20250729,093500,4.64,4.64,4.64,4.64,13000,0
28.HK,5,20250729,094500,4.64,4.64,4.64,4.64,1000,0
28.HK,5,20250729,095500,4.64,4.64,4.64,4.64,20000,0
28.HK,5,20250730,044000,4.64,4.64,4.64,4.64,1000,0
28.HK,5,20250730,045000,4.60,4.60,4.60,4.60,2000,0
28.HK,5,20250730,070000,4.62,4.64,4.62,4.64,22000,0
28.HK,5,20250730,073000,4.64,4.64,4.64,4.64,1000,0
28.HK,5,20250730,073500,4.64,4.64,4.64,4.64,29000,0
28.HK,5,20250730,074000,4.64,4.64,4.64,4.64,30000,0
28.HK,5,20250730,080500,4.64,4.64,4.64,4.64,4000,0
28.HK,5,20250730,092500,4.62,4.62,4.61,4.61,4000,0
28.HK,5,20250730,094500,4.64,4.65,4.64,4.65,20000,0
28.HK,5,20250731,033500,4.65,4.65,4.65,4.65,3000,0
28.HK,5,20250731,034000,4.65,4.65,4.65,4.65,1000,0
28.HK,5,20250731,044500,4.62,4.62,4.62,4.62,20000,0
28.HK,5,20250731,050000,4.61,4.61,4.58,4.58,7000,0
28.HK,5,20250731,052000,4.62,4.62,4.62,4.62,6000,0
28.HK,5,20250731,054500,4.61,4.61,4.61,4.61,3000,0
28.HK,5,20250731,072500,4.63,4.63,4.63,4.63,1000,0
28.HK,5,20250731,074500,4.62,4.62,4.60,4.60,14000,0
28.HK,5,20250731,075000,4.59,4.59,4.57,4.57,18000,0
28.HK,5,20250731,075500,4.60,4.60,4.60,4.60,24000,0
28.HK,5,20250731,084500,4.58,4.58,4.57,4.57,25000,0
28.HK,5,20250731,090000,4.60,4.60,4.60,4.60,32000,0
28.HK,5,20250801,041500,4.65,4.70,4.65,4.70,76000,0
28.HK,5,20250801,042000,4.68,4.68,4.68,4.68,10000,0
28.HK,5,20250801,042500,4.68,4.68,4.67,4.67,22000,0
28.HK,5,20250801,043500,4.68,4.71,4.68,4.71,66000,0
28.HK,5,20250801,044500,4.71,4.71,4.71,4.71,6000,0
28.HK,5,20250801,050000,4.71,4.71,4.68,4.68,79000,0
28.HK,5,20250801,050500,4.70,4.70,4.70,4.70,25000,0
28.HK,5,20250801,051000,4.70,4.70,4.70,4.70,1000,0
28.HK,5,20250801,053500,4.70,4.70,4.70,4.70,1000,0
28.HK,5,20250801,054000,4.70,4.70,4.70,4.70,1000,0
28.HK,5,20250801,070000,4.70,4.70,4.70,4.70,10000,0
28.HK,5,20250801,070500,4.70,4.72,4.68,4.72,17000,0
28.HK,5,20250801,071000,4.72,4.72,4.71,4.71,3000,0
28.HK,5,20250801,072000,4.71,4.71,4.71,4.71,1000,0
28.HK,5,20250801,073000,4.72,4.72,4.70,4.70,6000,0
28.HK,5,20250801,074000,4.70,4.70,4.70,4.70,1000,0
28.HK,5,20250801,075000,4.70,4.70,4.70,4.70,24000,0
28.HK,5,20250801,080000,4.70,4.70,4.68,4.68,28000,0
28.HK,5,20250801,081500,4.68,4.69,4.68,4.69,19000,0
28.HK,5,20250801,082000,4.70,4.70,4.70,4.70,30000,0
28.HK,5,20250801,084000,4.70,4.70,4.70,4.70,2000,0
28.HK,5,20250801,085000,4.71,4.71,4.71,4.71,14000,0
28.HK,5,20250801,090000,4.71,4.71,4.70,4.70,9000,0
28.HK,5,20250801,090500,4.70,4.70,4.70,4.70,5000,0
28.HK,5,20250801,092500,4.72,4.72,4.72,4.72,3000,0
28.HK,5,20250801,093500,4.72,4.72,4.72,4.72,5000,0
28.HK,5,20250801,094000,4.72,4.72,4.72,4.72,63000,0
28.HK,5,20250801,095000,4.70,4.70,4.68,4.68,17000,0
28.HK,5,20250801,095500,4.68,4.68,4.68,4.68,7000,0
28.HK,5,20250804,034000,4.63,4.69,4.63,4.69,2000,0
28.HK,5,20250804,035000,4.68,4.68,4.68,4.68,3000,0
28.HK,5,20250804,040500,4.68,4.68,4.68,4.68,6000,0
28.HK,5,20250804,041000,4.68,4.68,4.68,4.68,1000,0
28.HK,5,20250804,045000,4.68,4.68,4.68,4.68,4000,0
28.HK,5,20250804,052000,4.67,4.67,4.66,4.66,7000,0
28.HK,5,20250804,053000,4.65,4.65,4.65,4.65,9000,0
28.HK,5,20250804,070500,4.65,4.65,4.65,4.65,4000,0
28.HK,5,20250804,095500,4.68,4.68,4.65,4.65,5000,0
28.HK,5,20250805,033500,4.62,4.62,4.61,4.61,18000,0
28.HK,5,20250805,041000,4.61,4.61,4.61,4.61,3000,0
28.HK,5,20250805,042500,4.65,4.65,4.65,4.65,5000,0
28.HK,5,20250805,044000,4.70,4.70,4.70,4.70,1000,0
28.HK,5,20250805,051000,4.69,4.69,4.69,4.69,1000,0
28.HK,5,20250805,053500,4.69,4.69,4.69,4.69,2000,0
28.HK,5,20250805,054500,4.69,4.69,4.69,4.69,1000,0
28.HK,5,20250805,070000,4.69,4.69,4.69,4.69,14000,0
28.HK,5,20250805,070500,4.70,4.74,4.70,4.74,41000,0
28.HK,5,20250805,073500,4.75,4.75,4.75,4.75,20000,0
28.HK,5,20250805,074500,4.74,4.75,4.74,4.75,20000,0
28.HK,5,20250805,082000,4.75,4.75,4.75,4.75,2000,0
28.HK,5,20250805,082500,4.70,4.70,4.70,4.70,31000,0
28.HK,5,20250805,092500,4.70,4.70,4.70,4.70,4000,0
28.HK,5,20250805,093500,4.70,4.70,4.70,4.70,7000,0
28.HK,5,20250805,095000,4.70,4.70,4.70,4.70,10000,0
28.HK,5,20250805,095500,4.70,4.70,4.70,4.70,20000,0
28.HK,5,20250806,042500,4.69,4.70,4.69,4.70,4000,0
28.HK,5,20250806,043000,4.70,4.70,4.70,4.70,26000,0
28.HK,5,20250806,052500,4.70,4.70,4.70,4.70,24000,0
28.HK,5,20250806,055500,4.70,4.70,4.70,4.70,10000,0
28.HK,5,20250806,073000,4.69,4.69,4.69,4.69,3000,0
28.HK,5,20250806,075000,4.69,4.69,4.69,4.69,2000,0
28.HK,5,20250806,080500,4.69,4.69,4.69,4.69,14000,0
28.HK,5,20250806,090500,4.69,4.69,4.69,4.69,1000,0
28.HK,5,20250806,092500,4.69,4.69,4.69,4.69,1000,0
28.HK,5,20250807,054500,4.70,4.70,4.70,4.70,5000,0
28.HK,5,20250807,070000,4.70,4.70,4.70,4.70,13000,0
28.HK,5,20250807,070500,4.70,4.70,4.70,4.70,2000,0
28.HK,5,20250807,081500,4.69,4.69,4.69,4.69,5000,0
28.HK,5,20250808,034500,4.66,4.66,4.66,4.66,2000,0
28.HK,5,20250808,041500,4.66,4.66,4.66,4.66,1000,0
28.HK,5,20250808,042000,4.66,4.66,4.66,4.66,27000,0
28.HK,5,20250808,070500,4.67,4.67,4.67,4.67,10000,0
28.HK,5,20250808,084000,4.67,4.67,4.67,4.67,1000,0
28.HK,5,20250808,090500,4.70,4.70,4.70,4.70,20000,0
28.HK,5,20250808,091000,4.70,4.70,4.70,4.70,10000,0
28.HK,5,20250815,033000,5.10,5.35,5.10,5.26,209000,0
28.HK,5,20250815,033500,5.26,5.26,5.15,5.16,47000,0
28.HK,5,20250815,034000,5.16,5.16,5.15,5.15,92000,0
28.HK,5,20250815,034500,5.16,5.20,5.10,5.10,86000,0
28.HK,5,20250815,035000,5.10,5.17,5.08,5.08,45000,0
28.HK,5,20250815,040000,5.16,5.16,5.12,5.12,81000,0
28.HK,5,20250815,040500,5.12,5.12,5.10,5.10,15000,0
28.HK,5,20250815,042000,5.12,5.12,5.05,5.05,60000,0
28.HK,5,20250815,042500,5.04,5.04,5.04,5.04,2000,0
28.HK,5,20250815,043000,5.08,5.09,5.08,5.09,16000,0
28.HK,5,20250815,043500,5.10,5.17,5.10,5.11,194000,0
28.HK,5,20250815,044000,5.08,5.09,5.08,5.09,14000,0
28.HK,5,20250815,044500,5.10,5.10,5.10,5.10,6000,0
28.HK,5,20250815,050000,5.11,5.11,5.10,5.10,16000,0
28.HK,5,20250815,050500,5.10,5.10,5.10,5.10,5000,0
28.HK,5,20250815,051500,5.12,5.17,5.12,5.13,74000,0
28.HK,5,20250815,052000,5.12,5.12,5.09,5.09,20000,0
28.HK,5,20250815,052500,5.10,5.10,5.10,5.10,1000,0
28.HK,5,20250815,053500,5.10,5.10,5.10,5.10,4000,0
28.HK,5,20250815,055500,5.10,5.11,5.08,5.08,19000,0
28.HK,5,20250815,070000,5.12,5.18,5.12,5.18,20000,0
28.HK,5,20250815,070500,5.11,5.11,5.10,5.10,21000,0
28.HK,5,20250815,071000,5.10,5.10,5.08,5.10,21000,0
28.HK,5,20250815,071500,5.10,5.10,5.08,5.09,10000,0
28.HK,5,20250815,072000,5.09,5.09,5.09,5.09,5000,0
28.HK,5,20250815,072500,5.09,5.09,5.08,5.09,48000,0
28.HK,5,20250815,073000,5.10,5.10,5.10,5.10,1000,0
28.HK,5,20250815,073500,5.10,5.10,5.08,5.08,42000,0
28.HK,5,20250815,074000,5.08,5.08,5.08,5.08,1000,0
28.HK,5,20250815,074500,5.08,5.14,5.07,5.14,111000,0
28.HK,5,20250815,075000,5.15,5.16,5.10,5.15,7000,0
28.HK,5,20250815,075500,5.15,5.15,5.15,5.15,3000,0
28.HK,5,20250815,080000,5.12,5.12,5.11,5.11,4000,0
28.HK,5,20250815,080500,5.12,5.12,5.12,5.12,1000,0
28.HK,5,20250815,081500,5.11,5.12,5.10,5.11,23000,0
28.HK,5,20250815,082000,5.13,5.13,5.12,5.13,64000,0
28.HK,5,20250815,082500,5.14,5.14,5.12,5.12,32000,0
28.HK,5,20250815,083000,5.11,5.11,5.11,5.11,3000,0
28.HK,5,20250815,083500,5.13,5.13,5.12,5.12,9000,0
28.HK,5,20250815,084000,5.11,5.11,5.10,5.10,11000,0
28.HK,5,20250815,084500,5.10,5.10,5.08,5.08,9000,0
28.HK,5,20250815,085000,5.08,5.10,5.08,5.10,11000,0
28.HK,5,20250815,090000,5.10,5.10,5.10,5.10,1000,0
28.HK,5,20250815,090500,5.10,5.11,5.10,5.10,15000,0
28.HK,5,20250815,091000,5.10,5.10,5.10,5.10,1000,0
28.HK,5,20250815,091500,5.10,5.10,5.10,5.10,2000,0
28.HK,5,20250815,092000,5.10,5.12,5.10,5.12,18000,0
28.HK,5,20250815,092500,5.12,5.12,5.12,5.12,1000,0
28.HK,5,20250815,093000,5.13,5.13,5.12,5.12,10000,0
28.HK,5,20250815,093500,5.13,5.13,5.12,5.12,3000,0
28.HK,5,20250815,094000,5.12,5.13,5.12,5.13,25000,0
28.HK,5,20250815,094500,5.13,5.18,5.13,5.18,123000,0
28.HK,5,20250815,095000,5.18,5.21,5.18,5.21,52000,0
28.HK,5,20250815,095500,5.14,5.15,5.14,5.14,10000,0
28.HK,5,20250818,033000,5.16,5.16,5.09,5.14,51000,0
28.HK,5,20250818,033500,5.18,5.19,5.18,5.19,16000,0
28.HK,5,20250818,034000,5.19,5.19,5.19,5.19,4000,0
28.HK,5,20250818,034500,5.19,5.19,5.19,5.19,1000,0
28.HK,5,20250818,035000,5.19,5.20,5.19,5.20,107000,0
28.HK,5,20250818,035500,5.21,5.37,5.21,5.37,56000,0
28.HK,5,20250818,040000,5.35,5.37,5.35,5.37,23000,0
28.HK,5,20250818,041000,5.37,5.37,5.36,5.36,10000,0
28.HK,5,20250818,041500,5.38,5.38,5.38,5.38,1000,0
28.HK,5,20250818,042000,5.38,5.38,5.38,5.38,8000,0
28.HK,5,20250818,042500,5.36,5.37,5.36,5.37,6000,0
28.HK,5,20250818,043000,5.36,5.36,5.34,5.34,17000,0
28.HK,5,20250818,043500,5.33,5.33,5.30,5.30,20000,0
28.HK,5,20250818,044000,5.26,5.26,5.26,5.26,11000,0
28.HK,5,20250818,044500,5.25,5.26,5.25,5.25,10000,0
28.HK,5,20250818,045000,5.25,5.25,5.14,5.14,57000,0
28.HK,5,20250818,045500,5.18,5.18,5.18,5.18,6000,0
28.HK,5,20250818,050000,5.20,5.20,5.19,5.19,8000,0
28.HK,5,20250818,050500,5.21,5.25,5.21,5.25,5000,0
28.HK,5,20250818,051500,5.25,5.25,5.25,5.25,10000,0
28.HK,5,20250818,052500,5.24,5.25,5.24,5.25,46000,0
28.HK,5,20250818,053500,5.24,5.24,5.24,5.24,2000,0
28.HK,5,20250818,054000,5.24,5.25,5.24,5.25,45000,0
28.HK,5,20250818,055500,5.29,5.31,5.26,5.26,5000,0
28.HK,5,20250818,070000,5.26,5.26,5.26,5.26,3000,0
28.HK,5,20250818,071000,5.26,5.26,5.26,5.26,1000,0
28.HK,5,20250818,071500,5.25,5.25,5.25,5.25,7000,0
28.HK,5,20250818,072000,5.25,5.25,5.25,5.25,10000,0
28.HK,5,20250818,072500,5.22,5.22,5.22,5.22,5000,0
28.HK,5,20250818,073000,5.22,5.26,5.22,5.26,46000,0
28.HK,5,20250818,074000,5.27,5.29,5.27,5.29,2000,0
28.HK,5,20250818,075000,5.29,5.29,5.29,5.29,10000,0
28.HK,5,20250818,075500,5.28,5.28,5.28,5.28,1000,0
28.HK,5,20250818,080000,5.27,5.27,5.27,5.27,1000,0
28.HK,5,20250818,081000,5.27,5.27,5.26,5.26,41000,0
28.HK,5,20250818,081500,5.26,5.26,5.26,5.26,9000,0
28.HK,5,20250818,082000,5.26,5.28,5.26,5.28,3000,0
28.HK,5,20250818,083000,5.28,5.28,5.28,5.28,9000,0
28.HK,5,20250818,083500,5.29,5.29,5.29,5.29,15000,0
28.HK,5,20250818,084000,5.29,5.29,5.29,5.29,8000,0
28.HK,5,20250818,084500,5.28,5.28,5.28,5.28,6000,0
28.HK,5,20250818,085500,5.28,5.30,5.28,5.30,86000,0
28.HK,5,20250818,091000,5.31,5.33,5.31,5.33,111000,0
28.HK,5,20250818,091500,5.33,5.33,5.32,5.32,26000,0
28.HK,5,20250818,092500,5.32,5.32,5.32,5.32,10000,0
28.HK,5,20250818,093000,5.34,5.34,5.34,5.34,14000,0
28.HK,5,20250818,093500,5.33,5.33,5.33,5.33,1000,0
28.HK,5,20250818,094000,5.33,5.33,5.33,5.33,11000,0
28.HK,5,20250818,094500,5.33,5.33,5.33,5.33,12000,0
28.HK,5,20250818,095000,5.33,5.33,5.33,5.33,16000,0
28.HK,5,20250818,095500,5.33,5.34,5.28,5.33,26000,0
28.HK,5,20250819,033000,5.34,5.36,5.33,5.35,13000,0
28.HK,5,20250819,033500,5.34,5.34,5.34,5.34,6000,0
28.HK,5,20250819,034000,5.32,5.32,5.32,5.32,1000,0
28.HK,5,20250819,034500,5.39,5.39,5.39,5.39,1000,0
28.HK,5,20250819,035000,5.39,5.39,5.27,5.27,21000,0
28.HK,5,20250819,035500,5.27,5.27,5.27,5.27,2000,0
28.HK,5,20250819,040000,5.27,5.30,5.17,5.30,30000,0
28.HK,5,20250819,041500,5.28,5.28,5.28,5.28,10000,0
28.HK,5,20250819,042000,5.28,5.30,5.28,5.30,14000,0
28.HK,5,20250819,042500,5.28,5.28,5.28,5.28,18000,0
28.HK,5,20250819,043000,5.28,5.28,5.28,5.28,8000,0
28.HK,5,20250819,044000,5.26,5.29,5.26,5.29,11000,0
28.HK,5,20250819,044500,5.29,5.33,5.28,5.29,7000,0
28.HK,5,20250819,045000,5.34,5.34,5.34,5.34,5000,0
28.HK,5,20250819,045500,5.35,5.35,5.30,5.30,12000,0
28.HK,5,20250819,050500,5.36,5.36,5.36,5.36,1000,0
28.HK,5,20250819,051000,5.36,5.36,5.31,5.31,61000,0
28.HK,5,20250819,052000,5.34,5.34,5.34,5.34,1000,0
28.HK,5,20250819,053000,5.30,5.30,5.30,5.30,1000,0
28.HK,5,20250819,054000,5.34,5.34,5.34,5.34,1000,0
28.HK,5,20250819,055000,5.34,5.35,5.34,5.35,35000,0
28.HK,5,20250819,070000,5.30,5.30,5.30,5.30,18000,0
28.HK,5,20250819,070500,5.31,5.35,5.31,5.32,17000,0
28.HK,5,20250819,071000,5.30,5.30,5.30,5.30,2000,0
28.HK,5,20250819,073000,5.31,5.35,5.30,5.30,8000,0
28.HK,5,20250819,073500,5.30,5.34,5.30,5.34,13000,0
28.HK,5,20250819,074000,5.30,5.34,5.30,5.31,4000,0
28.HK,5,20250819,075000,5.30,5.30,5.30,5.30,1000,0
28.HK,5,20250819,075500,5.30,5.31,5.30,5.31,5000,0
28.HK,5,20250819,080500,5.34,5.34,5.33,5.33,11000,0
28.HK,5,20250819,083500,5.35,5.35,5.35,5.35,1000,0
28.HK,5,20250819,084000,5.35,5.35,5.35,5.35,1000,0
28.HK,5,20250819,090000,5.32,5.32,5.30,5.30,34000,0
28.HK,5,20250819,090500,5.33,5.35,5.33,5.35,30000,0
28.HK,5,20250819,091000,5.35,5.35,5.31,5.31,28000,0
28.HK,5,20250819,091500,5.35,5.35,5.35,5.35,16000,0
28.HK,5,20250819,092500,5.33,5.33,5.27,5.27,71000,0
28.HK,5,20250819,093000,5.28,5.30,5.28,5.30,16000,0
28.HK,5,20250819,093500,5.31,5.31,5.31,5.31,1000,0
28.HK,5,20250819,094000,5.31,5.31,5.31,5.31,1000,0
28.HK,5,20250819,094500,5.31,5.31,5.31,5.31,4000,0
28.HK,5,20250819,095000,5.34,5.34,5.34,5.34,1000,0
28.HK,5,20250819,095500,5.34,5.37,5.34,5.37,2000,0
28.HK,5,20250820,034000,5.36,5.36,5.36,5.36,1000,0
28.HK,5,20250820,034500,5.36,5.36,5.36,5.36,1000,0
28.HK,5,20250820,035000,5.34,5.34,5.32,5.33,5000,0
28.HK,5,20250820,040000,5.33,5.34,5.33,5.34,3000,0
28.HK,5,20250820,042000,5.32,5.36,5.32,5.35,9000,0
28.HK,5,20250820,043000,5.36,5.37,5.36,5.37,18000,0
28.HK,5,20250820,043500,5.38,5.41,5.38,5.41,59000,0
28.HK,5,20250820,044000,5.41,5.41,5.37,5.38,21000,0
28.HK,5,20250820,044500,5.39,5.43,5.39,5.41,58000,0
28.HK,5,20250820,045000,5.45,5.45,5.45,5.45,1000,0
28.HK,5,20250820,045500,5.43,5.43,5.41,5.43,4000,0
28.HK,5,20250820,050500,5.43,5.43,5.40,5.40,11000,0
28.HK,5,20250820,051000,5.38,5.41,5.38,5.41,3000,0
28.HK,5,20250820,051500,5.38,5.38,5.38,5.38,1000,0
28.HK,5,20250820,052000,5.38,5.40,5.38,5.38,12000,0
28.HK,5,20250820,053500,5.37,5.38,5.37,5.38,13000,0
28.HK,5,20250820,054000,5.38,5.40,5.38,5.40,6000,0
28.HK,5,20250820,054500,5.37,5.40,5.37,5.40,19000,0
28.HK,5,20250820,055500,5.39,5.39,5.39,5.39,1000,0
28.HK,5,20250820,070500,5.38,5.38,5.38,5.38,3000,0
28.HK,5,20250820,071500,5.35,5.35,5.35,5.35,2000,0
28.HK,5,20250820,073500,5.35,5.35,5.35,5.35,12000,0
28.HK,5,20250820,074000,5.36,5.36,5.36,5.36,5000,0
28.HK,5,20250820,074500,5.37,5.37,5.37,5.37,1000,0
28.HK,5,20250820,075500,5.37,5.37,5.37,5.37,14000,0
28.HK,5,20250820,080000,5.36,5.36,5.36,5.36,11000,0
28.HK,5,20250820,080500,5.38,5.39,5.38,5.39,12000,0
28.HK,5,20250820,081000,5.40,5.40,5.40,5.40,1000,0
28.HK,5,20250820,081500,5.40,5.40,5.40,5.40,2000,0
28.HK,5,20250820,082000,5.42,5.42,5.42,5.42,3000,0
28.HK,5,20250820,082500,5.42,5.42,5.39,5.42,11000,0
28.HK,5,20250820,083000,5.42,5.43,5.42,5.43,5000,0
28.HK,5,20250820,083500,5.40,5.40,5.40,5.40,1000,0
28.HK,5,20250820,084000,5.43,5.45,5.42,5.43,46000,0
28.HK,5,20250820,085000,5.46,5.46,5.46,5.46,2000,0
28.HK,5,20250820,085500,5.47,5.48,5.47,5.48,3000,0
28.HK,5,20250820,090000,5.48,5.52,5.46,5.52,50000,0
28.HK,5,20250820,090500,5.51,5.55,5.50,5.55,13000,0
28.HK,5,20250820,091500,5.54,5.54,5.50,5.50,36000,0
28.HK,5,20250820,092000,5.54,5.54,5.54,5.54,5000,0
28.HK,5,20250820,092500,5.51,5.51,5.45,5.48,22000,0
28.HK,5,20250820,093000,5.49,5.49,5.49,5.49,1000,0
28.HK,5,20250820,094000,5.47,5.47,5.45,5.46,43000,0
28.HK,5,20250820,095000,5.45,5.45,5.44,5.44,5000,0
28.HK,5,20250820,095500,5.46,5.46,5.38,5.41,52000,0
28.HK,5,20250821,034000,5.42,5.42,5.36,5.36,1000,0
28.HK,5,20250821,034500,5.42,5.42,5.39,5.39,3000,0
28.HK,5,20250821,035500,5.39,5.39,5.35,5.35,19000,0
28.HK,5,20250821,040000,5.40,5.40,5.40,5.40,1000,0
28.HK,5,20250821,041500,5.38,5.38,5.38,5.38,10000,0
28.HK,5,20250821,042000,5.39,5.39,5.39,5.39,9000,0
28.HK,5,20250821,043500,5.39,5.40,5.37,5.40,96000,0
28.HK,5,20250821,044000,5.40,5.40,5.40,5.40,8000,0
28.HK,5,20250821,045000,5.44,5.44,5.44,5.44,4000,0
28.HK,5,20250821,050500,5.45,5.47,5.45,5.47,5000,0
28.HK,5,20250821,052500,5.44,5.44,5.41,5.41,22000,0
28.HK,5,20250821,054000,5.47,5.48,5.47,5.48,2000,0
28.HK,5,20250821,055500,5.43,5.47,5.43,5.47,13000,0
28.HK,5,20250821,070000,5.47,5.47,5.47,5.47,1000,0
28.HK,5,20250821,070500,5.48,5.48,5.48,5.48,1000,0
28.HK,5,20250821,073000,5.46,5.48,5.46,5.48,8000,0
28.HK,5,20250821,074500,5.48,5.48,5.46,5.46,18000,0
28.HK,5,20250821,075000,5.46,5.46,5.46,5.46,28000,0
28.HK,5,20250821,080500,5.49,5.49,5.49,5.49,1000,0
28.HK,5,20250821,082500,5.49,5.50,5.46,5.46,32000,0
28.HK,5,20250821,085000,5.50,5.50,5.50,5.50,1000,0
28.HK,5,20250821,090000,5.46,5.46,5.42,5.46,76000,0
28.HK,5,20250821,091500,5.45,5.45,5.41,5.41,42000,0
28.HK,5,20250821,093000,5.42,5.42,5.42,5.42,13000,0
28.HK,5,20250821,093500,5.44,5.44,5.44,5.44,1000,0
28.HK,5,20250821,094500,5.43,5.43,5.43,5.43,6000,0
28.HK,5,20250821,095000,5.42,5.42,5.41,5.41,14000,0
28.HK,5,20250821,095500,5.44,5.46,5.39,5.46,37000,0
28.HK,5,20250822,033000,5.49,5.49,5.49,5.49,1000,0
28.HK,5,20250822,034500,5.36,5.36,5.36,5.36,2000,0
28.HK,5,20250822,035000,5.43,5.43,5.43,5.43,1000,0
28.HK,5,20250822,040500,5.35,5.35,5.31,5.31,5000,0
28.HK,5,20250822,041000,5.32,5.32,5.28,5.31,24000,0
28.HK,5,20250822,041500,5.31,5.37,5.31,5.34,7000,0
28.HK,5,20250822,042000,5.34,5.34,5.31,5.33,10000,0
28.HK,5,20250822,042500,5.33,5.33,5.33,5.33,2000,0
28.HK,5,20250822,043000,5.35,5.37,5.33,5.37,16000,0
28.HK,5,20250822,044500,5.31,5.31,5.29,5.30,26000,0
28.HK,5,20250822,045000,5.34,5.35,5.30,5.31,35000,0
28.HK,5,20250822,045500,5.31,5.35,5.31,5.31,13000,0
28.HK,5,20250822,050000,5.31,5.31,5.31,5.31,2000,0
28.HK,5,20250822,052000,5.31,5.31,5.31,5.31,5000,0
28.HK,5,20250822,052500,5.31,5.31,5.31,5.31,7000,0
28.HK,5,20250822,053000,5.31,5.31,5.31,5.31,3000,0
28.HK,5,20250822,070000,5.34,5.34,5.31,5.33,9000,0
28.HK,5,20250822,072000,5.34,5.35,5.33,5.33,11000,0
28.HK,5,20250822,072500,5.33,5.33,5.33,5.33,1000,0
28.HK,5,20250822,075000,5.33,5.33,5.33,5.33,1000,0
28.HK,5,20250822,075500,5.35,5.35,5.35,5.35,5000,0
28.HK,5,20250822,080000,5.33,5.36,5.33,5.35,6000,0
28.HK,5,20250822,080500,5.37,5.37,5.37,5.37,1000,0
28.HK,5,20250822,083000,5.35,5.35,5.35,5.35,2000,0
28.HK,5,20250822,083500,5.35,5.35,5.29,5.31,93000,0
28.HK,5,20250822,084000,5.32,5.32,5.32,5.32,3000,0
28.HK,5,20250822,085000,5.32,5.32,5.32,5.32,3000,0
28.HK,5,20250822,085500,5.31,5.31,5.31,5.31,6000,0
28.HK,5,20250822,090000,5.31,5.31,5.31,5.31,1000,0
28.HK,5,20250822,092000,5.32,5.32,5.32,5.32,3000,0
28.HK,5,20250822,092500,5.32,5.32,5.32,5.32,3000,0
28.HK,5,20250822,093000,5.32,5.32,5.31,5.31,4000,0
28.HK,5,20250822,094000,5.32,5.32,5.32,5.32,17000,0
28.HK,5,20250822,094500,5.32,5.32,5.32,5.32,11000,0
28.HK,5,20250822,095000,5.32,5.33,5.31,5.33,4000,0
28.HK,5,20250822,095500,5.36,5.40,5.36,5.40,6000,0
28.HK,5,20250825,033500,5.40,5.40,5.40,5.40,4000,0
28.HK,5,20250825,034000,5.38,5.38,5.36,5.36,11000,0
28.HK,5,20250825,034500,5.36,5.36,5.25,5.25,56000,0
28.HK,5,20250825,035000,5.26,5.30,5.26,5.30,8000,0
28.HK,5,20250825,035500,5.29,5.30,5.25,5.26,19000,0
28.HK,5,20250825,040000,5.26,5.26,5.25,5.25,20000,0
28.HK,5,20250825,040500,5.26,5.27,5.26,5.27,3000,0
28.HK,5,20250825,041500,5.27,5.27,5.27,5.27,8000,0
28.HK,5,20250825,042000,5.26,5.26,5.26,5.26,2000,0
28.HK,5,20250825,042500,5.26,5.27,5.26,5.27,2000,0
28.HK,5,20250825,043000,5.26,5.26,5.20,5.23,34000,0
28.HK,5,20250825,043500,5.23,5.23,5.23,5.23,4000,0
28.HK,5,20250825,044000,5.23,5.23,5.23,5.23,1000,0
28.HK,5,20250825,045000,5.23,5.25,5.23,5.25,39000,0
28.HK,5,20250825,045500,5.28,5.32,5.28,5.32,18000,0
28.HK,5,20250825,050000,5.32,5.34,5.32,5.34,10000,0
28.HK,5,20250825,050500,5.34,5.36,5.34,5.36,27000,0
28.HK,5,20250825,051500,5.38,5.40,5.38,5.40,39000,0
28.HK,5,20250825,053000,5.37,5.37,5.37,5.37,1000,0
28.HK,5,20250825,053500,5.36,5.36,5.36,5.36,2000,0
28.HK,5,20250825,054000,5.35,5.35,5.34,5.35,36000,0
28.HK,5,20250825,055500,5.36,5.40,5.36,5.40,17000,0
28.HK,5,20250825,070000,5.46,5.46,5.46,5.46,1000,0
28.HK,5,20250825,072000,5.41,5.41,5.40,5.40,26000,0
28.HK,5,20250825,075000,5.35,5.35,5.35,5.35,6000,0
28.HK,5,20250825,075500,5.35,5.35,5.35,5.35,15000,0
28.HK,5,20250825,080000,5.33,5.33,5.31,5.31,44000,0
28.HK,5,20250825,081000,5.31,5.31,5.30,5.30,13000,0
28.HK,5,20250825,081500,5.30,5.30,5.30,5.30,1000,0
28.HK,5,20250825,082000,5.30,5.31,5.30,5.31,18000,0
28.HK,5,20250825,083500,5.32,5.32,5.32,5.32,1000,0
28.HK,5,20250825,084000,5.32,5.32,5.31,5.31,4000,0
28.HK,5,20250825,084500,5.30,5.30,5.30,5.30,6000,0
28.HK,5,20250825,085500,5.29,5.29,5.29,5.29,1000,0
28.HK,5,20250825,093000,5.29,5.29,5.29,5.29,6000,0
28.HK,5,20250825,094000,5.29,5.29,5.29,5.29,50000,0
28.HK,5,20250825,095000,5.29,5.29,5.29,5.29,2000,0
28.HK,5,20250825,095500,5.30,5.30,5.29,5.29,6000,0
28.HK,5,20250826,043000,5.29,5.30,5.24,5.30,9000,0
28.HK,5,20250826,044000,5.23,5.23,5.23,5.23,3000,0
28.HK,5,20250826,044500,5.24,5.26,5.24,5.26,9000,0
28.HK,5,20250826,051000,5.24,5.26,5.18,5.26,21000,0
28.HK,5,20250826,053500,5.23,5.23,5.23,5.23,3000,0
28.HK,5,20250826,054500,5.23,5.24,5.23,5.24,8000,0
28.HK,5,20250826,070000,5.23,5.23,5.23,5.23,2000,0
28.HK,5,20250826,071500,5.22,5.22,5.22,5.22,5000,0
28.HK,5,20250826,072000,5.22,5.22,5.22,5.22,1000,0
28.HK,5,20250826,081000,5.23,5.24,5.23,5.24,9000,0
28.HK,5,20250826,082000,5.24,5.24,5.24,5.24,1000,0
28.HK,5,20250826,082500,5.23,5.23,5.22,5.22,7000,0
28.HK,5,20250826,083000,5.22,5.23,5.22,5.23,4000,0
28.HK,5,20250826,085500,5.23,5.23,5.23,5.23,2000,0
28.HK,5,20250826,090000,5.23,5.26,5.22,5.26,36000,0
28.HK,5,20250826,091000,5.22,5.24,5.22,5.24,6000,0
28.HK,5,20250826,095000,5.23,5.24,5.23,5.24,3000,0
28.HK,5,20250826,095500,5.24,5.26,5.23,5.26,5000,0
28.HK,5,20250827,033000,5.35,5.35,5.35,5.35,3000,0
28.HK,5,20250827,035500,5.29,5.29,5.29,5.29,10000,0
28.HK,5,20250827,040000,5.29,5.29,5.27,5.27,2000,0
28.HK,5,20250827,042500,5.29,5.29,5.28,5.28,3000,0
28.HK,5,20250827,044500,5.25,5.25,5.25,5.25,3000,0
28.HK,5,20250827,050000,5.24,5.24,5.21,5.21,18000,0
28.HK,5,20250827,050500,5.22,5.22,5.22,5.22,10000,0
28.HK,5,20250827,051000,5.22,5.22,5.20,5.20,6000,0
28.HK,5,20250827,052000,5.23,5.23,5.23,5.23,2000,0
28.HK,5,20250827,054000,5.23,5.23,5.23,5.23,1000,0
28.HK,5,20250827,071500,5.22,5.22,5.22,5.22,1000,0
28.HK,5,20250827,072000,5.24,5.27,5.24,5.27,9000,0
28.HK,5,20250827,072500,5.27,5.27,5.24,5.24,7000,0
28.HK,5,20250827,075500,5.24,5.25,5.24,5.25,37000,0
28.HK,5,20250827,080500,5.26,5.26,5.26,5.26,3000,0
28.HK,5,20250827,081500,5.25,5.25,5.21,5.21,13000,0
28.HK,5,20250827,082000,5.24,5.25,5.20,5.20,31000,0
28.HK,5,20250827,082500,5.20,5.25,5.20,5.22,42000,0
28.HK,5,20250827,084000,5.18,5.18,5.18,5.18,1000,0
28.HK,5,20250827,085000,5.18,5.18,5.18,5.18,2000,0
28.HK,5,20250827,085500,5.18,5.18,5.18,5.18,10000,0
28.HK,5,20250827,090500,5.19,5.19,5.19,5.19,11000,0
28.HK,5,20250827,091500,5.22,5.22,5.22,5.22,1000,0
28.HK,5,20250827,092500,5.20,5.20,5.20,5.20,2000,0
28.HK,5,20250827,093000,5.19,5.19,5.18,5.18,3000,0
28.HK,5,20250827,093500,5.19,5.19,5.19,5.19,1000,0
28.HK,5,20250827,094000,5.22,5.22,5.22,5.22,1000,0
28.HK,5,20250827,094500,5.21,5.21,5.21,5.21,2000,0
28.HK,5,20250827,095000,5.18,5.18,5.18,5.18,2000,0
28.HK,5,20250827,095500,5.20,5.20,5.20,5.20,1000,0
28.HK,5,20250828,033000,5.18,5.18,5.16,5.16,23000,0
28.HK,5,20250828,033500,5.15,5.15,5.14,5.14,35000,0
28.HK,5,20250828,035500,5.15,5.15,5.15,5.15,5000,0
28.HK,5,20250828,040000,5.15,5.15,5.10,5.10,12000,0
28.HK,5,20250828,040500,5.10,5.11,5.10,5.11,27000,0
28.HK,5,20250828,041000,5.11,5.11,5.09,5.09,8000,0
28.HK,5,20250828,041500,5.13,5.13,5.13,5.13,1000,0
28.HK,5,20250828,052500,5.14,5.14,5.14,5.14,1000,0
28.HK,5,20250828,070000,5.14,5.14,5.14,5.14,3000,0
28.HK,5,20250828,072000,5.15,5.15,5.11,5.11,12000,0
28.HK,5,20250828,072500,5.10,5.10,5.10,5.10,8000,0
28.HK,5,20250828,073000,5.09,5.09,5.06,5.06,15000,0
28.HK,5,20250828,073500,5.04,5.04,5.03,5.03,4000,0
28.HK,5,20250828,074000,5.04,5.04,4.98,5.00,20000,0
28.HK,5,20250828,075000,5.04,5.04,5.04,5.04,7000,0
28.HK,5,20250828,080000,5.05,5.05,5.05,5.05,2000,0
28.HK,5,20250828,080500,5.04,5.05,5.04,5.05,14000,0
28.HK,5,20250828,081500,5.08,5.08,5.08,5.08,1000,0
28.HK,5,20250828,083000,5.08,5.08,5.04,5.04,33000,0
28.HK,5,20250828,084500,5.04,5.04,5.04,5.04,3000,0
28.HK,5,20250828,085000,5.07,5.07,5.07,5.07,10000,0
28.HK,5,20250828,090000,5.10,5.11,5.10,5.11,13000,0
28.HK,5,20250828,093000,5.11,5.11,5.11,5.11,2000,0
28.HK,5,20250828,094000,5.13,5.15,5.13,5.15,29000,0
28.HK,5,20250828,094500,5.13,5.13,5.11,5.11,6000,0
28.HK,5,20250828,095500,5.15,5.15,5.15,5.15,1000,0
28.HK,5,20250829,043500,5.15,5.15,5.15,5.15,5000,0
28.HK,5,20250829,044500,5.22,5.22,5.22,5.22,5000,0
28.HK,5,20250829,051000,5.22,5.22,5.22,5.22,3000,0
28.HK,5,20250829,053000,5.26,5.26,5.26,5.26,1000,0
28.HK,5,20250829,053500,5.25,5.25,5.25,5.25,7000,0
28.HK,5,20250829,070500,5.21,5.21,5.21,5.21,3000,0
28.HK,5,20250829,072000,5.25,5.25,5.25,5.25,2000,0
28.HK,5,20250829,073000,5.25,5.25,5.25,5.25,1000,0
28.HK,5,20250829,074000,5.22,5.22,5.22,5.22,4000,0
28.HK,5,20250829,074500,5.22,5.25,5.22,5.25,19000,0
28.HK,5,20250829,081500,5.25,5.26,5.25,5.26,13000,0
28.HK,5,20250829,082500,5.26,5.26,5.26,5.26,1000,0
28.HK,5,20250829,090000,5.23,5.23,5.23,5.23,4000,0
28.HK,5,20250829,092000,5.23,5.23,5.23,5.23,8000,0
28.HK,5,20250829,095000,5.22,5.22,5.22,5.22,6000,0
28.HK,5,20250829,095500,5.25,5.25,5.25,5.25,1000,0
28.HK,5,20250901,034000,5.30,5.30,5.27,5.27,1000,0
28.HK,5,20250901,035000,5.25,5.25,5.25,5.25,1000,0
28.HK,5,20250901,035500,5.17,5.17,5.17,5.17,3000,0
28.HK,5,20250901,040500,5.20,5.20,5.19,5.19,5000,0
28.HK,5,20250901,041000,5.19,5.20,5.19,5.20,7000,0
28.HK,5,20250901,041500,5.20,5.20,5.17,5.17,3000,0
28.HK,5,20250901,042500,5.19,5.19,5.19,5.19,1000,0
28.HK,5,20250901,044000,5.20,5.20,5.20,5.20,3000,0
28.HK,5,20250901,044500,5.20,5.20,5.20,5.20,2000,0
28.HK,5,20250901,050500,5.21,5.21,5.21,5.21,7000,0
28.HK,5,20250901,055000,5.22,5.23,5.22,5.23,4000,0
28.HK,5,20250901,075500,5.20,5.20,5.20,5.20,5000,0
28.HK,5,20250901,080500,5.20,5.20,5.20,5.20,2000,0
28.HK,5,20250901,081000,5.22,5.22,5.22,5.22,1000,0
28.HK,5,20250901,083500,5.22,5.22,5.22,5.22,25000,0
28.HK,5,20250901,092000,5.22,5.22,5.22,5.22,1000,0
28.HK,5,20250901,094000,5.22,5.22,5.22,5.22,13000,0
28.HK,5,20250901,095000,5.20,5.20,5.20,5.20,5000,0
28.HK,5,20250901,095500,5.23,5.23,5.23,5.23,1000,0
28.HK,5,20250902,035000,5.23,5.23,5.23,5.23,1000,0
28.HK,5,20250902,040500,5.21,5.21,5.21,5.21,1000,0
28.HK,5,20250902,041500,5.21,5.22,5.21,5.22,22000,0
28.HK,5,20250902,045000,5.20,5.20,5.20,5.20,3000,0
28.HK,5,20250902,050000,5.20,5.20,5.20,5.20,3000,0
28.HK,5,20250902,051000,5.12,5.12,5.12,5.12,2000,0
28.HK,5,20250902,054000,5.12,5.12,5.12,5.12,1000,0
28.HK,5,20250902,055000,5.12,5.12,5.12,5.12,1000,0
28.HK,5,20250902,071000,5.17,5.19,5.17,5.19,35000,0
28.HK,5,20250902,072000,5.22,5.22,5.22,5.22,32000,0
28.HK,5,20250902,073000,5.15,5.15,5.13,5.13,4000,0
28.HK,5,20250902,080000,5.22,5.22,5.20,5.20,10000,0
28.HK,5,20250902,081000,5.15,5.15,5.15,5.15,1000,0
28.HK,5,20250902,094000,5.20,5.20,5.20,5.20,1000,0
28.HK,5,20250902,095500,5.16,5.16,5.12,5.12,15000,0
28.HK,5,20250903,034000,5.12,5.12,5.12,5.12,1000,0
28.HK,5,20250903,043000,5.21,5.22,5.21,5.22,16000,0
28.HK,5,20250903,053000,5.22,5.28,5.22,5.28,38000,0
28.HK,5,20250903,055500,5.30,5.30,5.30,5.30,1000,0
28.HK,5,20250903,070500,5.33,5.33,5.30,5.30,40000,0
28.HK,5,20250903,071000,5.28,5.28,5.28,5.28,1000,0
28.HK,5,20250903,073500,5.27,5.27,5.27,5.27,5000,0
28.HK,5,20250903,074500,5.27,5.27,5.27,5.27,2000,0
28.HK,5,20250903,075000,5.22,5.28,5.22,5.28,2000,0
28.HK,5,20250903,080000,5.31,5.31,5.31,5.31,1000,0
28.HK,5,20250903,081500,5.32,5.32,5.32,5.32,1000,0
28.HK,5,20250903,082000,5.32,5.34,5.32,5.33,14000,0
28.HK,5,20250903,082500,5.32,5.32,5.32,5.32,8000,0
28.HK,5,20250903,083000,5.27,5.27,5.27,5.27,5000,0
28.HK,5,20250903,090000,5.29,5.29,5.29,5.29,2000,0
28.HK,5,20250903,091000,5.29,5.29,5.29,5.29,2000,0
28.HK,5,20250903,091500,5.29,5.29,5.29,5.29,2000,0
28.HK,5,20250903,093000,5.29,5.29,5.29,5.29,4000,0
28.HK,5,20250903,094000,5.29,5.29,5.29,5.29,2000,0
28.HK,5,20250903,094500,5.29,5.29,5.29,5.29,1000,0
28.HK,5,20250903,095500,5.29,5.29,5.29,5.29,1000,0
28.HK,5,20250904,033500,5.32,5.32,5.32,5.32,3000,0
28.HK,5,20250904,034000,5.30,5.30,5.29,5.29,4000,0
28.HK,5,20250904,034500,5.29,5.29,5.29,5.29,1000,0
28.HK,5,20250904,035000,5.29,5.29,5.29,5.29,8000,0
28.HK,5,20250904,035500,5.28,5.28,5.28,5.28,1000,0
28.HK,5,20250904,040000,5.18,5.21,5.18,5.20,6000,0
28.HK,5,20250904,040500,5.21,5.21,5.21,5.21,1000,0
28.HK,5,20250904,041000,5.18,5.20,5.18,5.20,2000,0
28.HK,5,20250904,042500,5.20,5.20,5.20,5.20,3000,0
28.HK,5,20250904,045000,5.20,5.20,5.20,5.20,1000,0
28.HK,5,20250904,045500,5.19,5.20,5.19,5.20,2000,0
28.HK,5,20250904,051500,5.21,5.22,5.21,5.22,11000,0
28.HK,5,20250904,052000,5.19,5.19,5.19,5.19,1000,0
28.HK,5,20250904,092000,5.18,5.23,5.18,5.23,50000,0
28.HK,5,20250904,095000,5.23,5.23,5.23,5.23,1000,0
28.HK,5,20250905,043500,5.23,5.23,5.12,5.12,46000,0
28.HK,5,20250905,044000,5.17,5.17,5.17,5.17,1000,0
28.HK,5,20250905,044500,5.17,5.17,5.12,5.16,52000,0
28.HK,5,20250905,045000,5.15,5.16,5.15,5.16,12000,0
28.HK,5,20250905,045500,5.19,5.19,5.19,5.19,1000,0
28.HK,5,20250905,051500,5.18,5.18,5.09,5.10,62000,0
28.HK,5,20250905,052500,5.14,5.15,5.14,5.15,12000,0
28.HK,5,20250905,053500,5.16,5.22,5.16,5.22,18000,0
28.HK,5,20250905,055500,5.20,5.20,5.20,5.20,1000,0
28.HK,5,20250905,070000,5.20,5.20,5.19,5.19,4000,0
28.HK,5,20250905,070500,5.20,5.22,5.20,5.22,3000,0
28.HK,5,20250905,071000,5.23,5.23,5.23,5.23,3000,0
28.HK,5,20250905,071500,5.23,5.23,5.23,5.23,2000,0
28.HK,5,20250905,072000,5.23,5.23,5.23,5.23,3000,0
28.HK,5,20250905,072500,5.23,5.25,5.23,5.24,3000,0
28.HK,5,20250905,073000,5.25,5.27,5.25,5.27,8000,0
28.HK,5,20250905,073500,5.27,5.28,5.27,5.28,2000,0
28.HK,5,20250905,074000,5.28,5.28,5.28,5.28,1000,0
28.HK,5,20250905,074500,5.29,5.29,5.29,5.29,6000,0
28.HK,5,20250905,075000,5.30,5.30,5.29,5.29,3000,0
28.HK,5,20250905,075500,5.30,5.30,5.29,5.29,2000,0
28.HK,5,20250905,080000,5.30,5.30,5.29,5.29,3000,0
28.HK,5,20250905,080500,5.27,5.27,5.27,5.27,2000,0
28.HK,5,20250905,081000,5.28,5.28,5.27,5.27,3000,0
28.HK,5,20250905,081500,5.28,5.28,5.25,5.25,3000,0
28.HK,5,20250905,082000,5.27,5.27,5.27,5.27,1000,0
28.HK,5,20250905,082500,5.28,5.28,5.27,5.27,4000,0
28.HK,5,20250905,083000,5.28,5.28,5.28,5.28,1000,0
28.HK,5,20250905,083500,5.27,5.27,5.27,5.27,2000,0
28.HK,5,20250905,084000,5.26,5.26,5.25,5.25,3000,0
28.HK,5,20250905,084500,5.25,5.25,5.25,5.25,1000,0
28.HK,5,20250905,085000,5.26,5.26,5.26,5.26,1000,0
28.HK,5,20250905,085500,5.26,5.26,5.26,5.26,3000,0
28.HK,5,20250905,090000,5.27,5.27,5.26,5.26,3000,0
28.HK,5,20250905,090500,5.27,5.27,5.26,5.26,5000,0
28.HK,5,20250905,091000,5.27,5.27,5.26,5.26,2000,0
28.HK,5,20250905,091500,5.27,5.27,5.27,5.27,4000,0
28.HK,5,20250905,092000,5.27,5.27,5.27,5.27,1000,0
28.HK,5,20250905,092500,5.28,5.28,5.25,5.25,15000,0
28.HK,5,20250905,093000,5.26,5.26,5.26,5.26,1000,0
28.HK,5,20250905,093500,5.27,5.27,5.26,5.26,3000,0
28.HK,5,20250905,094000,5.27,5.27,5.27,5.27,1000,0
28.HK,5,20250905,094500,5.26,5.26,5.26,5.26,3000,0
28.HK,5,20250905,095000,5.24,5.24,5.19,5.21,5000,0
28.HK,5,20250905,095500,5.19,5.25,5.18,5.25,8000,0
28.HK,5,20250908,033000,5.25,5.25,5.25,5.25,1000,0
28.HK,5,20250908,035000,5.25,5.25,5.25,5.25,4000,0
28.HK,5,20250908,040000,5.19,5.19,5.19,5.19,1000,0
28.HK,5,20250908,042500,5.13,5.17,5.13,5.17,12000,0
28.HK,5,20250908,043000,5.17,5.19,5.17,5.19,5000,0
28.HK,5,20250908,053000,5.19,5.19,5.19,5.19,1000,0
28.HK,5,20250908,075500,5.17,5.17,5.17,5.17,1000,0
28.HK,5,20250908,082500,5.18,5.21,5.18,5.21,10000,0
28.HK,5,20250908,083000,5.22,5.22,5.22,5.22,11000,0
28.HK,5,20250908,091000,5.24,5.24,5.24,5.24,1000,0
28.HK,5,20250908,091500,5.20,5.20,5.20,5.20,2000,0
28.HK,5,20250908,092500,5.20,5.20,5.20,5.20,1000,0
28.HK,5,20250908,095000,5.23,5.25,5.23,5.25,16000,0
28.HK,5,20250908,095500,5.20,5.20,5.18,5.18,10000,0
28.HK,5,20250909,050000,5.13,5.13,5.13,5.13,5000,0
28.HK,5,20250909,050500,5.13,5.13,5.13,5.13,3000,0
28.HK,5,20250909,051000,5.13,5.13,5.13,5.13,3000,0
28.HK,5,20250909,053000,5.13,5.17,5.13,5.17,7000,0
28.HK,5,20250909,055500,5.17,5.25,5.10,5.24,46000,0
28.HK,5,20250909,071500,5.23,5.23,5.23,5.23,1000,0
28.HK,5,20250909,072000,5.23,5.23,5.23,5.23,2000,0
28.HK,5,20250909,073000,5.23,5.23,5.16,5.16,19000,0
28.HK,5,20250909,080500,5.25,5.25,5.25,5.25,1000,0
28.HK,5,20250909,081000,5.25,5.25,5.25,5.25,2000,0
28.HK,5,20250909,082500,5.25,5.25,5.25,5.25,1000,0
28.HK,5,20250909,084000,5.16,5.16,5.16,5.16,1000,0
28.HK,5,20250909,090500,5.16,5.16,5.16,5.16,1000,0
28.HK,5,20250909,091500,5.16,5.16,5.16,5.16,3000,0
28.HK,5,20250909,092000,5.15,5.15,5.15,5.15,3000,0
28.HK,5,20250909,093000,5.15,5.15,5.15,5.15,1000,0
28.HK,5,20250909,095500,5.20,5.21,5.20,5.21,21000,0
28.HK,5,20250910,091500,5.23,5.30,5.23,5.30,23000,0
28.HK,5,20250910,095500,5.39,5.39,5.39,5.39,1000,0
28.HK,5,20250911,033000,5.39,5.39,5.39,5.39,1000,0
28.HK,5,20250911,035000,5.39,5.39,5.39,5.39,11000,0
28.HK,5,20250911,040000,5.26,5.33,5.26,5.33,3000,0
28.HK,5,20250911,053500,5.30,5.30,5.30,5.30,2000,0
28.HK,5,20250911,055000,5.30,5.30,5.30,5.30,5000,0
28.HK,5,20250911,055500,5.42,5.42,5.42,5.42,4000,0
28.HK,5,20250911,071000,5.38,5.38,5.37,5.37,2000,0
28.HK,5,20250911,090500,5.28,5.28,5.28,5.28,2000,0
28.HK,5,20250911,095500,5.38,5.38,5.38,5.38,1000,0
28.HK,5,20250912,070500,5.25,5.25,5.25,5.25,1000,0
28.HK,5,20250912,072000,5.25,5.25,5.25,5.25,5000,0
28.HK,5,20250912,075000,5.33,5.33,5.33,5.33,1000,0
28.HK,5,20250912,082500,5.33,5.33,5.33,5.33,1000,0
28.HK,5,20250912,083500,5.33,5.37,5.33,5.37,3000,0
28.HK,5,20250912,093500,5.29,5.35,5.29,5.35,5000,0
28.HK,5,20250912,095500,5.29,5.36,5.29,5.36,3000,0
28.HK,5,20250915,035500,5.30,5.30,5.30,5.30,1000,0
28.HK,5,20250915,043500,5.30,5.30,5.30,5.30,1000,0
28.HK,5,20250915,054500,5.25,5.25,5.25,5.25,1000,0
28.HK,5,20250915,070500,5.26,5.26,5.26,5.26,2000,0
28.HK,5,20250915,071000,5.28,5.28,5.28,5.28,2000,0
28.HK,5,20250915,071500,5.28,5.30,5.28,5.30,14000,0
28.HK,5,20250915,074500,5.30,5.30,5.30,5.30,2000,0
28.HK,5,20250915,082000,5.25,5.25,5.25,5.25,4000,0
28.HK,5,20250915,090000,5.29,5.30,5.29,5.30,15000,0
28.HK,5,20250915,091500,5.30,5.30,5.30,5.30,5000,0
28.HK,5,20250915,095500,5.33,5.36,5.24,5.36,14000,0
28.HK,5,20250916,033000,5.36,5.36,5.35,5.36,3000,0
28.HK,5,20250916,040000,5.27,5.27,5.27,5.27,1000,0
28.HK,5,20250916,052000,5.30,5.30,5.30,5.30,1000,0
28.HK,5,20250916,081500,5.35,5.35,5.35,5.35,1000,0
28.HK,5,20250916,091000,5.30,5.30,5.30,5.30,1000,0
28.HK,5,20250916,091500,5.30,5.30,5.30,5.30,13000,0
28.HK,5,20250916,093500,5.29,5.29,5.29,5.29,1000,0
28.HK,5,20250916,095500,5.35,5.35,5.35,5.35,2000,0
28.HK,5,20250917,035500,5.33,5.33,5.33,5.33,1000,0
28.HK,5,20250917,071000,5.28,5.33,5.28,5.29,5000,0
28.HK,5,20250917,090000,5.31,5.36,5.31,5.36,17000,0
28.HK,5,20250917,091000,5.35,5.36,5.35,5.36,8000,0
28.HK,5,20250917,092000,5.32,5.32,5.32,5.32,2000,0
28.HK,5,20250917,095500,5.32,5.32,5.32,5.32,53000,0
28.HK,5,20250918,033000,5.42,5.42,5.42,5.42,4000,0
28.HK,5,20250918,050000,5.41,5.41,5.41,5.41,1000,0
28.HK,5,20250918,051000,5.25,5.25,5.25,5.25,1000,0
28.HK,5,20250918,080500,5.25,5.25,5.25,5.25,1000,0
28.HK,5,20250918,084500,5.22,5.22,5.22,5.22,1000,0
28.HK,5,20250919,035000,5.16,5.16,5.16,5.16,4000,0
28.HK,5,20250919,040000,5.12,5.12,5.10,5.10,24000,0
28.HK,5,20250919,042500,5.11,5.11,5.11,5.11,1000,0
28.HK,5,20250919,043000,5.13,5.13,5.11,5.11,2000,0
28.HK,5,20250919,044000,5.10,5.10,5.10,5.10,19000,0
28.HK,5,20250919,045000,5.10,5.10,5.10,5.10,1000,0
28.HK,5,20250919,052000,5.10,5.10,5.10,5.10,3000,0
28.HK,5,20250919,053500,5.10,5.10,5.10,5.10,11000,0
28.HK,5,20250919,054000,5.10,5.10,5.10,5.10,49000,0
28.HK,5,20250919,070000,5.10,5.10,5.07,5.07,17000,0
28.HK,5,20250919,072000,5.08,5.08,5.07,5.07,9000,0
28.HK,5,20250919,080500,5.07,5.07,5.07,5.07,1000,0
28.HK,5,20250919,094500,5.07,5.07,5.07,5.07,1000,0
28.HK,5,20250919,095000,5.07,5.07,5.07,5.07,3000,0
28.HK,5,20250919,095500,5.07,5.07,5.07,5.07,6000,0
28.HK,5,20250922,033000,5.07,5.07,5.07,5.07,9000,0
28.HK,5,20250922,035000,4.98,4.98,4.98,4.98,3000,0
28.HK,5,20250922,043000,5.00,5.00,5.00,5.00,1000,0
28.HK,5,20250922,044000,5.00,5.00,5.00,5.00,1000,0
28.HK,5,20250922,051000,5.03,5.03,5.03,5.03,5000,0
28.HK,5,20250922,072000,5.03,5.03,5.03,5.03,1000,0
28.HK,5,20250922,072500,5.03,5.03,5.03,5.03,3000,0
28.HK,5,20250922,080000,5.00,5.00,5.00,5.00,26000,0
28.HK,5,20250922,090000,5.00,5.00,5.00,5.00,2000,0
28.HK,5,20250922,091500,4.99,4.99,4.99,4.99,1000,0
28.HK,5,20250922,092500,4.99,4.99,4.98,4.99,45000,0
28.HK,5,20250922,095500,5.02,5.02,5.02,5.02,1000,0
28.HK,5,20250923,041500,5.00,5.00,4.92,4.92,4000,0
28.HK,5,20250923,042500,4.96,4.96,4.96,4.96,8000,0
28.HK,5,20250923,044500,4.96,4.96,4.95,4.95,14000,0
28.HK,5,20250923,051000,4.94,4.99,4.94,4.99,15000,0
28.HK,5,20250923,053000,4.99,4.99,4.99,4.99,1000,0
28.HK,5,20250923,053500,4.94,4.99,4.94,4.99,11000,0
28.HK,5,20250923,054500,4.99,4.99,4.99,4.99,1000,0
28.HK,5,20250923,081500,4.94,4.94,4.93,4.93,5000,0
28.HK,5,20250923,083500,4.93,4.93,4.93,4.93,2000,0
28.HK,5,20250923,084000,4.92,4.94,4.92,4.94,4000,0
28.HK,5,20250923,084500,4.90,4.90,4.89,4.89,15000,0
28.HK,5,20250923,090000,4.90,4.95,4.90,4.95,25000,0
28.HK,5,20250923,091000,4.97,4.97,4.97,4.97,1000,0
28.HK,5,20250923,093500,4.96,4.96,4.96,4.96,2000,0
28.HK,5,20250923,094500,4.95,4.96,4.95,4.96,2000,0
28.HK,5,20250923,095000,4.95,4.95,4.95,4.95,1000,0
28.HK,5,20250923,095500,4.95,4.95,4.95,4.95,1000,0
28.HK,5,20250924,040000,5.00,5.00,5.00,5.00,16000,0
28.HK,5,20250924,042000,5.00,5.00,5.00,5.00,2000,0
28.HK,5,20250924,044500,5.00,5.00,5.00,5.00,1000,0
28.HK,5,20250924,050500,5.00,5.00,5.00,5.00,1000,0
28.HK,5,20250924,073000,4.92,4.92,4.92,4.92,3000,0
28.HK,5,20250924,074000,4.90,4.90,4.90,4.90,3000,0
28.HK,5,20250924,074500,4.89,4.92,4.89,4.92,8000,0
28.HK,5,20250924,092000,4.93,4.93,4.93,4.93,2000,0
28.HK,5,20250924,093000,4.99,5.00,4.99,5.00,37000,0
28.HK,5,20250924,094000,5.03,5.04,5.03,5.04,2000,0
28.HK,5,20250924,095500,5.06,5.06,5.06,5.06,1000,0
28.HK,5,20250925,033500,4.96,4.96,4.92,4.92,9000,0
28.HK,5,20250925,034000,4.91,4.91,4.91,4.91,4000,0
28.HK,5,20250925,040500,4.92,4.92,4.92,4.92,2000,0
28.HK,5,20250925,042500,4.99,5.00,4.93,5.00,5000,0
28.HK,5,20250925,045000,5.04,5.04,5.04,5.04,1000,0
28.HK,5,20250925,051000,4.96,4.96,4.94,4.94,2000,0
28.HK,5,20250925,053000,4.95,4.95,4.95,4.95,2000,0
28.HK,5,20250925,054000,4.95,4.95,4.93,4.94,6000,0
28.HK,5,20250925,071000,4.92,4.92,4.92,4.92,1000,0
28.HK,5,20250925,073500,4.93,4.93,4.90,4.90,2000,0
28.HK,5,20250925,075000,4.90,4.90,4.88,4.90,44000,0
28.HK,5,20250925,075500,4.88,4.88,4.86,4.86,24000,0
28.HK,5,20250925,081500,4.86,4.86,4.86,4.86,4000,0
28.HK,5,20250925,091500,4.86,4.89,4.86,4.89,26000,0
28.HK,5,20250925,093000,4.86,4.86,4.86,4.86,1000,0
28.HK,5,20250925,093500,4.86,4.86,4.86,4.86,1000,0
28.HK,5,20250925,095000,4.89,4.96,4.89,4.96,6000,0
28.HK,5,20250925,095500,4.90,4.94,4.90,4.94,12000,0
28.HK,5,20250926,045000,4.94,4.94,4.94,4.94,25000,0
28.HK,5,20250926,071000,4.82,4.82,4.82,4.82,3000,0
28.HK,5,20250926,073000,4.87,4.87,4.87,4.87,3000,0
28.HK,5,20250926,073500,4.87,4.88,4.87,4.88,10000,0
28.HK,5,20250926,083000,4.88,4.88,4.88,4.88,3000,0
28.HK,5,20250926,090500,4.88,4.88,4.88,4.88,6000,0
28.HK,5,20250926,095500,4.85,4.96,4.81,4.96,17000,0
28.HK,5,20250929,034000,4.96,4.96,4.96,4.96,1000,0
28.HK,5,20250929,034500,4.98,4.98,4.98,4.98,6000,0
28.HK,5,20250929,035500,4.92,4.92,4.92,4.92,1000,0
28.HK,5,20250929,054500,4.93,4.93,4.93,4.93,5000,0
28.HK,5,20250929,070500,4.93,4.93,4.93,4.93,5000,0
28.HK,5,20250929,071000,4.94,4.94,4.94,4.94,1000,0
28.HK,5,20250929,071500,4.94,4.94,4.94,4.94,5000,0
28.HK,5,20250929,072000,4.93,4.93,4.93,4.93,1000,0
28.HK,5,20250929,073500,4.95,4.99,4.95,4.99,18000,0
28.HK,5,20250929,074500,4.99,4.99,4.98,4.98,3000,0
28.HK,5,20250929,095500,4.92,4.92,4.92,4.92,6000,0
28.HK,5,20250930,033500,5.04,5.05,5.04,5.05,20000,0
28.HK,5,20250930,034000,5.04,5.04,5.04,5.04,30000,0
28.HK,5,20250930,043500,4.98,4.99,4.98,4.99,17000,0
28.HK,5,20250930,044000,5.02,5.03,4.99,5.03,16000,0
28.HK,5,20250930,044500,4.97,4.97,4.97,4.97,3000,0
28.HK,5,20250930,055000,4.97,4.97,4.97,4.97,1000,0
28.HK,5,20250930,075000,4.92,4.92,4.92,4.92,1000,0
28.HK,5,20250930,075500,4.92,4.92,4.92,4.92,2000,0
28.HK,5,20250930,082000,4.92,4.92,4.92,4.92,1000,0
28.HK,5,20250930,083500,4.97,5.00,4.97,5.00,23000,0
28.HK,5,20250930,084000,5.00,5.00,5.00,5.00,1000,0
28.HK,5,20250930,090000,4.98,4.98,4.98,4.98,5000,0
28.HK,5,20250930,093000,4.96,4.96,4.95,4.95,2000,0
28.HK,5,20250930,093500,4.98,4.98,4.91,4.91,22000,0
28.HK,5,20250930,095500,5.00,5.03,4.92,5.03,4000,0
28.HK,5,20251002,035000,5.03,5.04,5.00,5.00,13000,0
28.HK,5,20251002,040500,4.95,4.95,4.95,4.95,15000,0
28.HK,5,20251002,041500,5.00,5.03,5.00,5.03,22000,0
28.HK,5,20251002,042000,5.00,5.00,5.00,5.00,10000,0
28.HK,5,20251002,043500,5.01,5.03,5.00,5.03,33000,0
28.HK,5,20251002,053500,4.97,4.97,4.97,4.97,8000,0
28.HK,5,20251002,055000,5.00,5.03,5.00,5.03,38000,0
28.HK,5,20251002,080000,5.00,5.00,5.00,5.00,14000,0
28.HK,5,20251002,095500,4.91,4.91,4.91,4.91,1000,0
28.HK,5,20251003,083000,4.94,4.94,4.86,4.90,31000,0
28.HK,5,20251003,085500,4.90,4.99,4.90,4.99,10000,0
28.HK,5,20251003,091000,4.83,4.83,4.83,4.83,1000,0
28.HK,5,20251003,095500,4.88,5.00,4.88,5.00,5000,0
28.HK,5,20251008,044000,4.99,4.99,4.99,4.99,38000,0
28.HK,5,20251008,044500,4.91,4.91,4.91,4.91,2000,0
28.HK,5,20251008,045000,5.00,5.00,5.00,5.00,2000,0
28.HK,5,20251008,070500,5.02,5.02,5.02,5.02,1000,0
28.HK,5,20251008,073000,4.98,4.98,4.93,4.93,16000,0
28.HK,5,20251008,074500,4.93,4.93,4.93,4.93,10000,0
28.HK,5,20251008,075000,4.99,4.99,4.99,4.99,3000,0
28.HK,5,20251008,091000,4.99,4.99,4.99,4.99,6000,0
28.HK,5,20251008,092000,4.99,4.99,4.99,4.99,5000,0
28.HK,5,20251008,095000,4.96,4.96,4.96,4.96,1000,0
28.HK,5,20251008,095500,4.99,4.99,4.99,4.99,1000,0
28.HK,5,20251009,044000,4.97,4.97,4.97,4.97,50000,0
28.HK,5,20251009,045000,4.91,4.91,4.91,4.91,2000,0
28.HK,5,20251009,050500,4.93,4.93,4.92,4.92,7000,0
28.HK,5,20251009,053000,4.88,4.88,4.88,4.88,1000,0
28.HK,5,20251009,055500,4.97,4.97,4.94,4.97,4000,0
28.HK,5,20251009,070000,4.94,4.94,4.93,4.93,3000,0
28.HK,5,20251009,070500,4.98,4.98,4.98,4.98,2000,0
28.HK,5,20251009,071500,4.94,4.94,4.94,4.94,1000,0
28.HK,5,20251009,074000,4.93,4.93,4.93,4.93,4000,0
28.HK,5,20251009,081000,4.91,4.91,4.90,4.90,33000,0
28.HK,5,20251009,095500,4.95,4.95,4.95,4.95,1000,0
28.HK,5,20251010,074500,4.86,4.86,4.86,4.86,1000,0
28.HK,5,20251010,075500,4.86,4.86,4.86,4.86,1000,0
28.HK,5,20251010,080000,4.85,4.85,4.85,4.85,3000,0
28.HK,5,20251010,082000,4.84,4.84,4.83,4.83,7000,0
28.HK,5,20251010,084000,4.83,4.83,4.83,4.83,1000,0
28.HK,5,20251010,091500,4.83,4.83,4.83,4.83,3000,0
28.HK,5,20251010,092500,4.83,4.83,4.83,4.83,1000,0
28.HK,5,20251010,094500,4.78,4.78,4.78,4.78,1000,0
28.HK,5,20251010,095500,4.80,4.80,4.80,4.80,1000,0
28.HK,5,20251013,034500,4.70,4.70,4.70,4.70,1000,0
28.HK,5,20251013,041000,4.72,4.72,4.72,4.72,1000,0
28.HK,5,20251013,044000,4.73,4.73,4.73,4.73,2000,0
28.HK,5,20251013,054500,4.71,4.71,4.71,4.71,5000,0
28.HK,5,20251013,055000,4.71,4.71,4.71,4.71,3000,0
28.HK,5,20251013,055500,4.70,4.70,4.70,4.70,4000,0
28.HK,5,20251013,070000,4.70,4.70,4.70,4.70,15000,0
28.HK,5,20251013,071000,4.70,4.70,4.70,4.70,4000,0
28.HK,5,20251013,074500,4.70,4.70,4.70,4.70,8000,0
28.HK,5,20251013,075500,4.70,4.70,4.70,4.70,3000,0
28.HK,5,20251013,080500,4.70,4.70,4.63,4.69,14000,0
28.HK,5,20251013,081000,4.68,4.68,4.68,4.68,3000,0
28.HK,5,20251013,082500,4.71,4.71,4.71,4.71,4000,0
28.HK,5,20251013,090000,4.70,4.70,4.70,4.70,2000,0
28.HK,5,20251013,090500,4.71,4.71,4.71,4.71,2000,0
28.HK,5,20251013,093000,4.71,4.71,4.71,4.71,1000,0
28.HK,5,20251013,095000,4.70,4.70,4.70,4.70,1000,0
28.HK,5,20251013,095500,4.70,4.72,4.70,4.72,10000,0
28.HK,5,20251014,042000,4.79,4.80,4.79,4.80,6000,0
28.HK,5,20251014,075500,4.73,4.73,4.73,4.73,1000,0
28.HK,5,20251014,082500,4.73,4.73,4.73,4.73,13000,0
28.HK,5,20251014,084000,4.73,4.73,4.73,4.73,3000,0
28.HK,5,20251014,085000,4.73,4.73,4.73,4.73,1000,0
28.HK,5,20251014,090000,4.73,4.73,4.73,4.73,1000,0
28.HK,5,20251014,094000,4.73,4.73,4.73,4.73,5000,0
28.HK,5,20251015,053000,4.70,4.70,4.70,4.70,3000,0
28.HK,5,20251015,070000,4.71,4.71,4.71,4.71,3000,0
28.HK,5,20251015,081000,4.70,4.70,4.70,4.70,3000,0
28.HK,5,20251015,095500,4.70,4.70,4.70,4.70,2000,0
28.HK,5,20251016,033000,4.67,4.67,4.64,4.67,56000,0
28.HK,5,20251016,040500,4.70,4.70,4.70,4.70,2000,0
28.HK,5,20251016,073000,4.70,4.70,4.70,4.70,1000,0
28.HK,5,20251016,074000,4.70,4.70,4.70,4.70,2000,0
28.HK,5,20251016,084500,4.70,4.70,4.70,4.70,10000,0
28.HK,5,20251016,093500,4.70,4.70,4.70,4.70,3000,0
28.HK,5,20251016,095000,4.70,4.70,4.70,4.70,4000,0
28.HK,5,20251016,095500,4.90,4.90,4.90,4.90,1000,0
28.HK,5,20251017,033000,4.70,4.70,4.70,4.70,2000,0
28.HK,5,20251017,035500,4.70,4.70,4.70,4.70,3000,0
28.HK,5,20251017,041500,4.70,4.70,4.70,4.70,1000,0
28.HK,5,20251017,042500,4.67,4.70,4.67,4.70,6000,0
28.HK,5,20251017,045500,4.70,4.70,4.70,4.70,1000,0
28.HK,5,20251017,050500,4.70,4.70,4.70,4.70,2000,0
28.HK,5,20251017,053000,4.71,4.71,4.71,4.71,1000,0
28.HK,5,20251017,055000,4.73,4.73,4.73,4.73,2000,0
28.HK,5,20251017,070000,4.74,4.74,4.74,4.74,5000,0
28.HK,5,20251017,080000,4.70,4.70,4.70,4.70,3000,0
28.HK,5,20251017,090500,4.68,4.68,4.68,4.68,19000,0
28.HK,5,20251017,093500,4.70,4.70,4.70,4.70,2000,0
28.HK,5,20251017,095500,4.70,4.70,4.67,4.67,2000,0
28.HK,5,20251020,081000,4.68,4.68,4.68,4.68,23000,0
28.HK,5,20251020,084500,4.72,4.72,4.72,4.72,1000,0
28.HK,5,20251020,085000,4.63,4.72,4.63,4.72,5000,0
28.HK,5,20251021,040000,4.72,4.72,4.63,4.63,10000,0
28.HK,5,20251021,042500,4.70,4.70,4.67,4.67,46000,0
28.HK,5,20251021,043500,4.73,4.74,4.73,4.74,14000,0
28.HK,5,20251021,045000,4.74,4.74,4.74,4.74,7000,0
28.HK,5,20251021,045500,4.64,4.64,4.64,4.64,15000,0
28.HK,5,20251021,052000,4.80,4.80,4.80,4.80,1000,0
28.HK,5,20251021,053500,4.79,4.79,4.79,4.79,1000,0
28.HK,5,20251021,054000,4.80,4.80,4.80,4.80,1000,0
28.HK,5,20251021,055000,4.80,4.80,4.79,4.79,1000,0
28.HK,5,20251022,051000,4.65,4.65,4.65,4.65,1000,0
28.HK,5,20251022,052000,4.65,4.65,4.65,4.65,2000,0
28.HK,5,20251022,071500,4.65,4.65,4.65,4.65,3000,0
28.HK,5,20251022,092500,4.68,4.68,4.68,4.68,2000,0
28.HK,5,20251022,094500,4.68,4.68,4.68,4.68,5000,0
28.HK,5,20251023,033500,4.62,4.62,4.62,4.62,1000,0
28.HK,5,20251023,035000,4.62,4.62,4.61,4.61,12000,0
28.HK,5,20251023,043000,4.61,4.61,4.60,4.60,11000,0
28.HK,5,20251023,043500,4.60,4.60,4.60,4.60,5000,0
28.HK,5,20251023,070000,4.59,4.59,4.59,4.59,4000,0
28.HK,5,20251023,070500,4.58,4.58,4.57,4.57,15000,0
28.HK,5,20251023,071000,4.58,4.60,4.58,4.60,24000,0
28.HK,5,20251023,071500,4.61,4.61,4.61,4.61,10000,0
28.HK,5,20251023,082000,4.58,4.58,4.58,4.58,2000,0
28.HK,5,20251023,083500,4.62,4.62,4.62,4.62,13000,0
28.HK,5,20251023,085000,4.63,4.63,4.63,4.63,8000,0
28.HK,5,20251023,085500,4.62,4.62,4.62,4.62,1000,0
28.HK,5,20251023,094000,4.65,4.65,4.65,4.65,1000,0
28.HK,5,20251024,033000,4.60,4.60,4.60,4.60,10000,0
28.HK,5,20251024,043500,4.58,4.60,4.58,4.59,5000,0
28.HK,5,20251024,083000,4.60,4.60,4.60,4.60,11000,0
28.HK,5,20251024,084000,4.61,4.61,4.61,4.61,5000,0
28.HK,5,20251024,095000,4.60,4.60,4.60,4.60,2000,0
28.HK,5,20251024,095500,4.63,4.63,4.60,4.60,6000,0
28.HK,5,20251027,032000,4.61,4.61,4.61,4.61,2000,0
28.HK,5,20251027,040000,4.61,4.61,4.61,4.61,10000,0
28.HK,5,20251027,084000,4.61,4.61,4.61,4.61,1000,0
28.HK,5,20251028,060000,4.55,4.60,4.55,4.57,9000,0
28.HK,5,20251028,085500,4.56,4.56,4.56,4.56,1000,0
28.HK,5,20251030,025000,4.56,4.57,4.56,4.57,3000,0
28.HK,5,20251030,075500,4.56,4.60,4.56,4.60,11000,0
28.HK,5,20251031,035000,4.52,4.52,4.52,4.52,3000,0
28.HK,5,20251031,041500,4.52,4.52,4.52,4.52,7000,0
28.HK,5,20251031,060000,4.51,4.60,4.51,4.59,18000,0
28.HK,5,20251031,074500,4.60,4.60,4.60,4.60,1000,0
28.HK,5,20251031,075000,4.61,4.61,4.61,4.61,2000,0
28.HK,5,20251031,075500,4.61,4.61,4.55,4.55,2000,0
28.HK,5,20251031,080000,4.61,4.61,4.61,4.61,1000,0
28.HK,5,20251031,080500,4.60,4.60,4.60,4.60,1000,0
28.HK,5,20251031,081000,4.60,4.60,4.60,4.60,1000,0
28.HK,5,20251031,082000,4.60,4.60,4.60,4.60,1000,0
28.HK,5,20251031,082500,4.60,4.60,4.60,4.60,1000,0
28.HK,5,20251031,083000,4.61,4.61,4.61,4.61,1000,0
28.HK,5,20251031,083500,4.61,4.61,4.61,4.61,5000,0
28.HK,5,20251031,084000,4.62,4.62,4.62,4.62,3000,0
28.HK,5,20251031,085000,4.62,4.62,4.62,4.62,8000,0
28.HK,5,20251031,085500,4.63,4.63,4.54,4.54,4000,0
28.HK,5,20251103,064000,4.60,4.60,4.60,4.60,5000,0
28.HK,5,20251103,065000,4.60,4.60,4.60,4.60,1000,0
28.HK,5,20251103,075000,4.58,4.58,4.58,4.58,1000,0
28.HK,5,20251103,085500,4.57,4.58,4.57,4.58,1000,0
28.HK,5,20251104,031500,4.60,4.60,4.60,4.60,2000,0
28.HK,5,20251104,044000,4.59,4.65,4.59,4.65,39000,0
28.HK,5,20251104,061000,4.60,4.60,4.60,4.60,1000,0
28.HK,5,20251104,085000,4.62,4.62,4.62,4.62,12000,0
28.HK,5,20251104,085500,4.60,4.60,4.54,4.54,6000,0
28.HK,5,20251105,025500,4.55,4.55,4.55,4.55,2000,0
28.HK,5,20251105,031000,4.55,4.55,4.55,4.55,2000,0
28.HK,5,20251105,033000,4.54,4.54,4.54,4.54,8000,0
28.HK,5,20251105,034500,4.57,4.57,4.57,4.57,1000,0
28.HK,5,20251105,071000,4.53,4.53,4.53,4.53,1000,0
28.HK,5,20251105,080500,4.54,4.54,4.50,4.52,95000,0
28.HK,5,20251105,081500,4.54,4.55,4.54,4.55,9000,0
28.HK,5,20251105,082000,4.56,4.57,4.56,4.57,12000,0
28.HK,5,20251105,082500,4.61,4.61,4.61,4.61,1000,0
28.HK,5,20251106,023000,4.61,4.61,4.61,4.61,1000,0
28.HK,5,20251106,034000,4.63,4.63,4.63,4.63,5000,0
28.HK,5,20251106,072000,4.58,4.58,4.58,4.58,1000,0
28.HK,5,20251106,075500,4.63,4.63,4.63,4.63,29000,0
28.HK,5,20251106,084000,4.63,4.63,4.63,4.63,2000,0
28.HK,5,20251106,085500,4.58,4.58,4.58,4.58,2000,0
28.HK,5,20251107,060500,4.57,4.57,4.57,4.57,3000,0
28.HK,5,20251107,073000,4.54,4.54,4.51,4.51,11000,0
28.HK,5,20251107,085500,4.51,4.51,4.51,4.51,2000,0
28.HK,5,20251110,030000,4.52,4.52,4.52,4.52,1000,0
28.HK,5,20251110,031000,4.51,4.51,4.51,4.51,1000,0
28.HK,5,20251110,040500,4.51,4.51,4.50,4.50,39000,0
28.HK,5,20251110,041000,4.50,4.50,4.50,4.50,6000,0
28.HK,5,20251110,060000,4.49,4.51,4.49,4.51,4000,0
28.HK,5,20251110,061500,4.50,4.50,4.50,4.50,11000,0
28.HK,5,20251110,062500,4.45,4.49,4.44,4.44,37000,0
28.HK,5,20251110,063000,4.45,4.45,4.44,4.44,25000,0
28.HK,5,20251110,072500,4.46,4.46,4.43,4.43,8000,0
28.HK,5,20251110,073000,4.43,4.43,4.43,4.43,2000,0
28.HK,5,20251110,074500,4.43,4.43,4.43,4.43,1000,0
28.HK,5,20251110,075500,4.48,4.48,4.48,4.48,3000,0
28.HK,5,20251110,080000,4.45,4.45,4.45,4.45,10000,0
28.HK,5,20251110,082000,4.45,4.45,4.43,4.43,20000,0
28.HK,5,20251110,083000,4.46,4.46,4.46,4.46,3000,0
28.HK,5,20251110,085000,4.48,4.51,4.48,4.49,31000,0
28.HK,5,20251110,085500,4.49,4.49,4.47,4.47,5000,0
28.HK,5,20251111,025000,4.43,4.43,4.43,4.43,16000,0
28.HK,5,20251111,032500,4.43,4.47,4.43,4.47,22000,0
28.HK,5,20251111,041500,4.45,4.49,4.45,4.49,3000,0
28.HK,5,20251111,060000,4.48,4.48,4.48,4.48,2000,0
28.HK,5,20251111,060500,4.48,4.48,4.48,4.48,2000,0
28.HK,5,20251111,070500,4.50,4.50,4.50,4.50,8000,0
28.HK,5,20251111,080000,4.48,4.48,4.48,4.48,7000,0
28.HK,5,20251111,081000,4.46,4.46,4.46,4.46,2000,0
28.HK,5,20251111,081500,4.46,4.46,4.46,4.46,1000,0
28.HK,5,20251111,085500,4.43,4.45,4.42,4.43,15000,0
28.HK,5,20251112,024500,4.43,4.50,4.43,4.50,23000,0
28.HK,5,20251112,044500,4.43,4.46,4.43,4.46,15000,0
28.HK,5,20251112,045500,4.46,4.46,4.46,4.46,3000,0
28.HK,5,20251112,061500,4.44,4.44,4.43,4.43,11000,0
28.HK,5,20251112,080500,4.44,4.48,4.44,4.48,9000,0
28.HK,5,20251112,081500,4.44,4.48,4.43,4.48,51000,0
28.HK,5,20251112,085500,4.43,4.43,4.41,4.43,18000,0
28.HK,5,20251113,024000,4.45,4.45,4.45,4.45,2000,0
28.HK,5,20251113,025500,4.42,4.47,4.42,4.47,16000,0
28.HK,5,20251113,035500,4.43,4.47,4.43,4.47,20000,0
28.HK,5,20251113,041000,4.45,4.46,4.45,4.46,9000,0
28.HK,5,20251113,071000,4.48,4.52,4.48,4.50,26000,0
28.HK,5,20251113,071500,4.46,4.46,4.46,4.46,1000,0
28.HK,5,20251113,081000,4.45,4.45,4.45,4.45,1000,0
28.HK,5,20251113,084000,4.46,4.46,4.46,4.46,4000,0
28.HK,5,20251113,084500,4.47,4.49,4.47,4.48,5000,0
28.HK,5,20251113,085500,4.46,4.46,4.46,4.46,1000,0
28.HK,5,20251114,043000,4.60,4.60,4.60,4.60,6000,0
28.HK,5,20251114,044000,4.56,4.56,4.56,4.56,1000,0
28.HK,5,20251114,045500,4.59,4.59,4.59,4.59,2000,0
28.HK,5,20251114,063500,4.55,4.55,4.55,4.55,1000,0
28.HK,5,20251114,065000,4.58,4.58,4.58,4.58,4000,0
28.HK,5,20251114,082000,4.55,4.55,4.55,4.55,11000,0
28.HK,5,20251114,085000,4.58,4.59,4.58,4.58,26000,0
28.HK,5,20251114,085500,4.55,4.55,4.55,4.55,1000,0
28.HK,5,20251117,033500,4.55,4.55,4.55,4.55,1000,0
28.HK,5,20251117,034000,4.60,4.60,4.60,4.60,2000,0
28.HK,5,20251117,034500,4.56,4.56,4.56,4.56,3000,0
28.HK,5,20251117,035000,4.60,4.60,4.60,4.60,2000,0
28.HK,5,20251117,040500,4.59,4.63,4.59,4.63,9000,0
28.HK,5,20251117,045000,4.60,4.60,4.60,4.60,1000,0
28.HK,5,20251117,045500,4.63,4.63,4.63,4.63,1000,0
28.HK,5,20251117,064500,4.63,4.63,4.63,4.63,1000,0
28.HK,5,20251117,074500,4.63,4.63,4.63,4.63,1000,0
28.HK,5,20251117,080000,4.65,4.65,4.65,4.65,1000,0
28.HK,5,20251117,081500,4.63,4.63,4.63,4.63,1000,0
28.HK,5,20251117,085500,4.63,4.63,4.60,4.60,4000,0
28.HK,5,20251118,030000,4.53,4.53,4.53,4.53,11000,0
28.HK,5,20251118,032000,4.49,4.55,4.49,4.55,15000,0
28.HK,5,20251118,033000,4.54,4.54,4.54,4.54,5000,0
28.HK,5,20251118,033500,4.54,4.54,4.54,4.54,3000,0
28.HK,5,20251118,035000,4.54,4.54,4.54,4.54,7000,0
28.HK,5,20251118,041000,4.54,4.54,4.53,4.53,7000,0
28.HK,5,20251118,044000,4.51,4.51,4.51,4.51,2000,0
28.HK,5,20251118,060000,4.54,4.54,4.54,4.54,18000,0
28.HK,5,20251118,065000,4.54,4.54,4.54,4.54,23000,0
28.HK,5,20251118,073000,4.55,4.55,4.55,4.55,3000,0
28.HK,5,20251118,084000,4.57,4.57,4.57,4.57,4000,0
28.HK,5,20251118,085500,4.60,4.60,4.60,4.60,18000,0
28.HK,5,20251119,023000,4.66,4.66,4.66,4.66,1000,0
28.HK,5,20251119,024500,4.62,4.62,4.62,4.62,2000,0
28.HK,5,20251119,031500,4.63,4.66,4.63,4.66,7000,0
28.HK,5,20251119,044500,4.62,4.62,4.62,4.62,2000,0
28.HK,5,20251119,084500,4.62,4.62,4.62,4.62,3000,0
28.HK,5,20251119,085500,4.61,4.61,4.61,4.61,1000,0
28.HK,5,20251120,035000,4.72,4.72,4.72,4.72,9000,0
28.HK,5,20251120,040000,4.72,4.72,4.72,4.72,13000,0
28.HK,5,20251120,040500,4.72,4.72,4.72,4.72,20000,0
28.HK,5,20251120,042500,4.73,4.73,4.72,4.72,58000,0
28.HK,5,20251120,043000,4.72,4.72,4.72,4.72,38000,0
28.HK,5,20251120,045000,4.75,4.75,4.75,4.75,4000,0
28.HK,5,20251120,045500,4.75,4.75,4.75,4.75,6000,0
28.HK,5,20251120,073000,4.75,4.75,4.75,4.75,1000,0
28.HK,5,20251120,074000,4.75,4.75,4.75,4.75,6000,0
28.HK,5,20251120,081000,4.76,4.76,4.76,4.76,2000,0
28.HK,5,20251120,085000,4.76,4.76,4.76,4.76,21000,0
28.HK,5,20251120,085500,4.78,4.78,4.75,4.75,2000,0
28.HK,5,20251121,031000,4.66,4.66,4.66,4.66,2000,0
28.HK,5,20251121,031500,4.67,4.67,4.66,4.66,10000,0
28.HK,5,20251121,034000,4.66,4.66,4.66,4.66,1000,0
28.HK,5,20251121,041500,4.65,4.65,4.65,4.65,3000,0
28.HK,5,20251121,044000,4.65,4.65,4.65,4.65,10000,0
28.HK,5,20251121,081500,4.68,4.68,4.65,4.65,5000,0
28.HK,5,20251121,082000,4.66,4.66,4.65,4.65,15000,0
28.HK,5,20251121,085500,4.65,4.65,4.63,4.63,9000,0
28.HK,5,20251124,031000,4.63,4.63,4.61,4.61,4000,0
28.HK,5,20251124,035000,4.62,4.62,4.60,4.60,34000,0
28.HK,5,20251124,040000,4.60,4.60,4.60,4.60,20000,0
28.HK,5,20251124,060500,4.55,4.55,4.55,4.55,3000,0
28.HK,5,20251124,063500,4.60,4.60,4.60,4.60,3000,0
28.HK,5,20251124,073500,4.56,4.56,4.56,4.56,5000,0
28.HK,5,20251124,075500,4.55,4.55,4.55,4.55,19000,0
28.HK,5,20251124,080500,4.55,4.55,4.55,4.55,52000,0
28.HK,5,20251124,082000,4.54,4.54,4.54,4.54,1000,0
28.HK,5,20251124,085500,4.53,4.53,4.53,4.53,1000,0
28.HK,5,20251125,030500,4.53,4.53,4.53,4.53,29000,0
28.HK,5,20251125,031500,4.53,4.53,4.53,4.53,24000,0
28.HK,5,20251125,032500,4.58,4.66,4.58,4.66,109000,0
28.HK,5,20251125,041000,4.65,4.66,4.65,4.66,4000,0
28.HK,5,20251125,044000,4.68,4.68,4.68,4.68,1000,0
28.HK,5,20251125,063500,4.72,4.72,4.72,4.72,7000,0
28.HK,5,20251125,071500,4.69,4.69,4.69,4.69,1000,0
28.HK,5,20251125,072000,4.69,4.69,4.69,4.69,14000,0
28.HK,5,20251125,085500,4.69,4.69,4.68,4.68,2000,0
28.HK,5,20251126,042500,4.66,4.66,4.65,4.65,9000,0
28.HK,5,20251126,043500,4.68,4.68,4.68,4.68,2000,0
28.HK,5,20251126,062000,4.68,4.68,4.68,4.68,1000,0
28.HK,5,20251126,073000,4.66,4.67,4.66,4.67,39000,0
28.HK,5,20251127,030500,4.71,4.71,4.71,4.71,3000,0
28.HK,5,20251127,031000,4.71,4.71,4.71,4.71,2000,0
28.HK,5,20251127,031500,4.71,4.71,4.71,4.71,3000,0
28.HK,5,20251127,040000,4.64,4.64,4.64,4.64,1000,0
28.HK,5,20251127,061500,4.61,4.61,4.60,4.60,20000,0
28.HK,5,20251127,062000,4.60,4.60,4.60,4.60,2000,0
28.HK,5,20251127,070000,4.57,4.57,4.57,4.57,8000,0
28.HK,5,20251128,034500,4.55,4.55,4.55,4.55,1000,0
28.HK,5,20251128,071000,4.55,4.55,4.55,4.55,2000,0
28.HK,5,20251201,034000,4.60,4.64,4.60,4.64,5000,0
28.HK,5,20251201,072000,4.54,4.55,4.54,4.55,2000,0
28.HK,5,20251202,042000,4.60,4.60,4.60,4.60,1000,0
28.HK,5,20251202,060000,4.85,4.85,4.85,4.85,1000,0
28.HK,5,20251202,061000,4.67,4.67,4.67,4.67,3000,0
28.HK,5,20251202,061500,4.65,4.65,4.58,4.58,15000,0
28.HK,5,20251202,062000,4.57,4.57,4.57,4.57,5000,0
28.HK,5,20251202,072500,4.57,4.57,4.57,4.57,2000,0
28.HK,5,20251202,074000,4.57,4.57,4.57,4.57,1000,0
28.HK,5,20251202,085000,4.61,4.61,4.57,4.57,23000,0
28.HK,5,20251202,085500,4.57,4.57,4.57,4.57,1000,0
28.HK,5,20251203,024000,4.56,4.56,4.56,4.56,15000,0
28.HK,5,20251203,024500,4.56,4.56,4.55,4.55,4000,0
28.HK,5,20251203,031000,4.55,4.55,4.55,4.55,2000,0
28.HK,5,20251203,085500,4.64,4.64,4.64,4.64,1000,0
