<TICKER>,<PER>,<DATE>,<TIME>,<OPEN>,<HIGH>,<LOW>,<CLOSE>,<VOL>,<OPENINT>
280.HK,5,20250709,040500,0.44,0.44,0.44,0.44,250000,0
280.HK,5,20250709,041000,0.44,0.44,0.44,0.44,340000,0
280.HK,5,20250709,043000,0.44,0.44,0.44,0.44,48000,0
280.HK,5,20250709,043500,0.435,0.435,0.435,0.435,66000,0
280.HK,5,20250709,044000,0.435,0.435,0.435,0.435,40000,0
280.HK,5,20250709,044500,0.44,0.44,0.44,0.44,192000,0
280.HK,5,20250709,045000,0.44,0.44,0.44,0.44,10000,0
280.HK,5,20250709,054000,0.44,0.44,0.44,0.44,150000,0
280.HK,5,20250709,055500,0.435,0.435,0.435,0.435,2000,0
280.HK,5,20250709,070000,0.44,0.44,0.44,0.44,2000,0
280.HK,5,20250709,070500,0.435,0.435,0.435,0.435,30000,0
280.HK,5,20250709,071000,0.435,0.435,0.435,0.435,6000,0
280.HK,5,20250709,081500,0.435,0.435,0.435,0.435,138000,0
280.HK,5,20250709,091500,0.435,0.435,0.435,0.435,20000,0
280.HK,5,20250709,094000,0.435,0.435,0.435,0.435,42000,0
280.HK,5,20250709,095000,0.435,0.435,0.435,0.435,468000,0
280.HK,5,20250709,095500,0.435,0.435,0.435,0.435,2000,0
280.HK,5,20250710,034000,0.435,0.435,0.435,0.435,66000,0
280.HK,5,20250710,035000,0.435,0.435,0.435,0.435,74000,0
280.HK,5,20250710,043500,0.435,0.435,0.435,0.435,12000,0
280.HK,5,20250710,050000,0.435,0.435,0.435,0.435,20000,0
280.HK,5,20250710,071500,0.435,0.435,0.435,0.435,38000,0
280.HK,5,20250710,074000,0.435,0.435,0.435,0.435,90000,0
280.HK,5,20250710,082000,0.435,0.435,0.435,0.435,16000,0
280.HK,5,20250710,085500,0.435,0.435,0.435,0.435,2000,0
280.HK,5,20250711,041000,0.44,0.44,0.44,0.44,6000,0
280.HK,5,20250711,051000,0.435,0.435,0.435,0.435,30000,0
280.HK,5,20250711,053500,0.435,0.435,0.435,0.435,100000,0
280.HK,5,20250711,070000,0.435,0.435,0.435,0.435,22000,0
280.HK,5,20250711,080000,0.435,0.435,0.435,0.435,10000,0
280.HK,5,20250711,082000,0.435,0.435,0.435,0.435,22000,0
280.HK,5,20250714,034500,0.435,0.435,0.435,0.435,130000,0
280.HK,5,20250714,043000,0.435,0.435,0.435,0.435,70000,0
280.HK,5,20250714,071000,0.435,0.435,0.435,0.435,30000,0
280.HK,5,20250715,041000,0.44,0.44,0.44,0.44,200000,0
280.HK,5,20250715,043000,0.44,0.44,0.44,0.44,38000,0
280.HK,5,20250715,043500,0.44,0.44,0.44,0.44,4000,0
280.HK,5,20250715,045000,0.435,0.435,0.435,0.435,38000,0
280.HK,5,20250715,051000,0.435,0.435,0.435,0.435,78000,0
280.HK,5,20250715,052500,0.435,0.435,0.435,0.435,12000,0
280.HK,5,20250715,070000,0.435,0.435,0.435,0.435,12000,0
280.HK,5,20250715,073500,0.44,0.44,0.44,0.44,2000,0
280.HK,5,20250715,075500,0.435,0.435,0.435,0.435,4000,0
280.HK,5,20250715,082000,0.435,0.435,0.435,0.435,40000,0
280.HK,5,20250715,085500,0.44,0.44,0.44,0.44,4000,0
280.HK,5,20250715,090500,0.435,0.435,0.435,0.435,2000,0
280.HK,5,20250715,093000,0.435,0.435,0.435,0.435,20000,0
280.HK,5,20250715,093500,0.435,0.435,0.435,0.435,2000,0
280.HK,5,20250716,054000,0.435,0.435,0.435,0.435,12000,0
280.HK,5,20250716,081000,0.435,0.435,0.435,0.435,2000,0
280.HK,5,20250716,081500,0.435,0.435,0.435,0.435,46000,0
280.HK,5,20250716,085000,0.435,0.435,0.435,0.435,8000,0
280.HK,5,20250716,092000,0.44,0.44,0.44,0.44,4000,0
280.HK,5,20250717,041000,0.43,0.435,0.43,0.435,70000,0
280.HK,5,20250717,073000,0.43,0.43,0.43,0.43,112000,0
280.HK,5,20250717,081000,0.43,0.43,0.43,0.43,256000,0
280.HK,5,20250717,082500,0.43,0.43,0.43,0.43,2000,0
280.HK,5,20250717,091000,0.43,0.43,0.43,0.43,42000,0
280.HK,5,20250717,093000,0.43,0.435,0.43,0.435,100000,0
280.HK,5,20250718,070500,0.44,0.44,0.44,0.44,200000,0
280.HK,5,20250718,074000,0.44,0.44,0.44,0.44,68000,0
280.HK,5,20250718,080000,0.44,0.44,0.44,0.44,10000,0
280.HK,5,20250718,082500,0.44,0.44,0.44,0.44,38000,0
280.HK,5,20250718,090000,0.44,0.44,0.44,0.44,10000,0
280.HK,5,20250718,092000,0.44,0.44,0.44,0.44,120000,0
280.HK,5,20250718,093500,0.44,0.44,0.44,0.44,14000,0
280.HK,5,20250718,094000,0.44,0.44,0.44,0.44,36000,0
280.HK,5,20250718,095000,0.44,0.44,0.44,0.44,4000,0
280.HK,5,20250721,071000,0.44,0.44,0.44,0.44,100000,0
280.HK,5,20250721,072000,0.44,0.44,0.44,0.44,100000,0
280.HK,5,20250721,073000,0.44,0.44,0.44,0.44,200000,0
280.HK,5,20250721,083000,0.44,0.44,0.44,0.44,10000,0
280.HK,5,20250721,091500,0.44,0.44,0.44,0.44,2000,0
280.HK,5,20250721,093000,0.44,0.44,0.44,0.44,50000,0
280.HK,5,20250721,095000,0.44,0.44,0.44,0.44,4000,0
280.HK,5,20250721,095500,0.44,0.44,0.44,0.44,114000,0
280.HK,5,20250722,035000,0.44,0.44,0.44,0.44,6000,0
280.HK,5,20250722,040500,0.44,0.44,0.44,0.44,96000,0
280.HK,5,20250722,043000,0.44,0.44,0.44,0.44,8000,0
280.HK,5,20250722,045000,0.44,0.44,0.44,0.44,2000,0
280.HK,5,20250722,073000,0.44,0.44,0.44,0.44,2000,0
280.HK,5,20250722,073500,0.44,0.44,0.44,0.44,30000,0
280.HK,5,20250722,083500,0.44,0.44,0.44,0.44,50000,0
280.HK,5,20250722,090000,0.44,0.44,0.44,0.44,16000,0
280.HK,5,20250722,094500,0.44,0.44,0.44,0.44,2000,0
280.HK,5,20250722,095000,0.44,0.445,0.44,0.445,592000,0
280.HK,5,20250723,033000,0.445,0.445,0.445,0.445,188000,0
280.HK,5,20250723,044000,0.445,0.445,0.445,0.445,88000,0
280.HK,5,20250723,053000,0.445,0.445,0.445,0.445,2000,0
280.HK,5,20250723,054000,0.445,0.445,0.445,0.445,30000,0
280.HK,5,20250723,070000,0.445,0.445,0.445,0.445,440000,0
280.HK,5,20250723,070500,0.445,0.445,0.445,0.445,38000,0
280.HK,5,20250723,071500,0.445,0.445,0.445,0.445,2000,0
280.HK,5,20250723,073500,0.45,0.45,0.45,0.45,8000,0
280.HK,5,20250723,075000,0.445,0.445,0.445,0.445,2000,0
280.HK,5,20250723,080000,0.445,0.445,0.445,0.445,200000,0
280.HK,5,20250723,093000,0.445,0.445,0.445,0.445,2000,0
280.HK,5,20250723,095500,0.44,0.45,0.44,0.445,32000,0
280.HK,5,20250724,033000,0.445,0.445,0.445,0.445,6000,0
280.HK,5,20250724,050000,0.445,0.445,0.445,0.445,2000,0
280.HK,5,20250724,051000,0.445,0.445,0.445,0.445,34000,0
280.HK,5,20250724,051500,0.445,0.445,0.445,0.445,8000,0
280.HK,5,20250724,052000,0.445,0.445,0.445,0.445,50000,0
280.HK,5,20250724,053500,0.45,0.45,0.45,0.45,16000,0
280.HK,5,20250724,074000,0.45,0.45,0.45,0.45,10000,0
280.HK,5,20250724,075000,0.45,0.45,0.45,0.45,12000,0
280.HK,5,20250724,075500,0.45,0.45,0.45,0.45,4000,0
280.HK,5,20250724,080000,0.45,0.45,0.45,0.45,6000,0
280.HK,5,20250724,084500,0.445,0.445,0.445,0.445,24000,0
280.HK,5,20250724,090500,0.45,0.45,0.45,0.45,8000,0
280.HK,5,20250724,091000,0.45,0.45,0.45,0.45,22000,0
280.HK,5,20250724,094000,0.445,0.445,0.445,0.445,20000,0
280.HK,5,20250724,094500,0.45,0.45,0.45,0.45,12000,0
280.HK,5,20250725,033000,0.44,0.445,0.44,0.445,54000,0
280.HK,5,20250725,034500,0.445,0.445,0.445,0.445,2000,0
280.HK,5,20250725,041000,0.44,0.44,0.44,0.44,78000,0
280.HK,5,20250725,054500,0.44,0.44,0.44,0.44,2000,0
280.HK,5,20250725,071500,0.44,0.44,0.44,0.44,8000,0
280.HK,5,20250725,072000,0.435,0.44,0.435,0.44,6000,0
280.HK,5,20250725,080000,0.44,0.44,0.44,0.44,90000,0
280.HK,5,20250725,085000,0.44,0.44,0.44,0.44,30000,0
280.HK,5,20250725,090000,0.44,0.44,0.44,0.44,2000,0
280.HK,5,20250725,094500,0.44,0.44,0.44,0.44,10000,0
280.HK,5,20250725,095500,0.44,0.44,0.44,0.44,66000,0
280.HK,5,20250728,042000,0.44,0.44,0.44,0.44,20000,0
280.HK,5,20250728,054000,0.44,0.44,0.44,0.44,14000,0
280.HK,5,20250728,054500,0.44,0.45,0.44,0.45,100000,0
280.HK,5,20250728,072500,0.44,0.44,0.44,0.44,2000,0
280.HK,5,20250728,080000,0.44,0.44,0.44,0.44,24000,0
280.HK,5,20250728,085000,0.44,0.44,0.44,0.44,4000,0
280.HK,5,20250728,085500,0.44,0.44,0.44,0.44,4000,0
280.HK,5,20250728,091500,0.44,0.44,0.44,0.44,14000,0
280.HK,5,20250728,093000,0.44,0.44,0.44,0.44,2000,0
280.HK,5,20250728,094000,0.44,0.44,0.44,0.44,10000,0
280.HK,5,20250729,041000,0.445,0.445,0.445,0.445,2000,0
280.HK,5,20250729,043500,0.445,0.445,0.445,0.445,150000,0
280.HK,5,20250729,054000,0.445,0.445,0.445,0.445,2000,0
280.HK,5,20250729,075500,0.445,0.445,0.445,0.445,100000,0
280.HK,5,20250729,083500,0.45,0.45,0.445,0.445,4000,0
280.HK,5,20250729,094000,0.445,0.445,0.445,0.445,2000,0
280.HK,5,20250729,094500,0.445,0.445,0.445,0.445,2000,0
280.HK,5,20250729,095500,0.445,0.445,0.445,0.445,52000,0
280.HK,5,20250730,034000,0.445,0.445,0.445,0.445,2000,0
280.HK,5,20250730,055000,0.445,0.445,0.445,0.445,2000,0
280.HK,5,20250730,074500,0.445,0.445,0.445,0.445,2000,0
280.HK,5,20250730,090500,0.445,0.445,0.445,0.445,62000,0
280.HK,5,20250730,092500,0.45,0.45,0.45,0.45,2000,0
280.HK,5,20250730,095500,0.445,0.445,0.445,0.445,58000,0
280.HK,5,20250731,043500,0.44,0.44,0.435,0.435,224000,0
280.HK,5,20250731,044500,0.435,0.435,0.435,0.435,2000,0
280.HK,5,20250731,051000,0.435,0.435,0.435,0.435,30000,0
280.HK,5,20250731,053500,0.435,0.435,0.435,0.435,286000,0
280.HK,5,20250731,054500,0.435,0.435,0.435,0.435,36000,0
280.HK,5,20250731,055000,0.44,0.44,0.44,0.44,2000,0
280.HK,5,20250731,071500,0.44,0.44,0.44,0.44,2000,0
280.HK,5,20250731,083500,0.435,0.435,0.435,0.435,2000,0
280.HK,5,20250731,091000,0.44,0.44,0.44,0.44,70000,0
280.HK,5,20250731,095000,0.445,0.445,0.445,0.445,2000,0
280.HK,5,20250731,095500,0.435,0.44,0.435,0.44,2000,0
280.HK,5,20250801,034000,0.44,0.44,0.44,0.44,50000,0
280.HK,5,20250801,044500,0.44,0.44,0.44,0.44,100000,0
280.HK,5,20250801,051500,0.44,0.44,0.44,0.44,90000,0
280.HK,5,20250801,055000,0.44,0.44,0.44,0.44,2000,0
280.HK,5,20250801,055500,0.44,0.44,0.44,0.44,28000,0
280.HK,5,20250801,070500,0.44,0.44,0.44,0.44,2000,0
280.HK,5,20250801,090500,0.44,0.44,0.44,0.44,2000,0
280.HK,5,20250801,095000,0.44,0.44,0.44,0.44,52000,0
280.HK,5,20250801,095500,0.435,0.445,0.435,0.44,4000,0
280.HK,5,20250804,034500,0.44,0.44,0.44,0.44,92000,0
280.HK,5,20250804,054000,0.44,0.44,0.44,0.44,2000,0
280.HK,5,20250804,055500,0.44,0.44,0.44,0.44,100000,0
280.HK,5,20250804,071500,0.44,0.44,0.44,0.44,2000,0
280.HK,5,20250804,084500,0.44,0.44,0.44,0.44,132000,0
280.HK,5,20250804,095500,0.44,0.44,0.44,0.44,2000,0
280.HK,5,20250805,043500,0.44,0.44,0.44,0.44,100000,0
280.HK,5,20250805,070000,0.44,0.44,0.44,0.44,42000,0
280.HK,5,20250805,091000,0.44,0.44,0.44,0.44,150000,0
280.HK,5,20250805,093000,0.445,0.445,0.445,0.445,100000,0
280.HK,5,20250806,043000,0.445,0.445,0.445,0.445,38000,0
280.HK,5,20250806,043500,0.445,0.445,0.445,0.445,58000,0
280.HK,5,20250806,091000,0.445,0.445,0.445,0.445,16000,0
280.HK,5,20250806,094500,0.44,0.445,0.44,0.445,2000,0
280.HK,5,20250807,034500,0.445,0.445,0.445,0.445,6000,0
280.HK,5,20250807,040000,0.45,0.45,0.45,0.45,30000,0
280.HK,5,20250807,074000,0.445,0.445,0.445,0.445,6000,0
280.HK,5,20250808,082500,0.445,0.445,0.445,0.445,46000,0
280.HK,5,20250808,094000,0.45,0.45,0.45,0.45,2000,0
280.HK,5,20250808,094500,0.45,0.45,0.45,0.45,90000,0
280.HK,5,20250808,095000,0.45,0.45,0.45,0.45,238000,0
280.HK,5,20250808,095500,0.455,0.455,0.455,0.455,42000,0
280.HK,5,20250815,085500,0.465,0.465,0.465,0.465,2000,0
280.HK,5,20250818,035500,0.465,0.475,0.465,0.475,16000,0
280.HK,5,20250818,041000,0.47,0.47,0.47,0.47,70000,0
280.HK,5,20250818,042500,0.475,0.475,0.475,0.475,2000,0
280.HK,5,20250818,043000,0.475,0.475,0.475,0.475,50000,0
280.HK,5,20250818,043500,0.47,0.47,0.47,0.47,10000,0
280.HK,5,20250818,051500,0.47,0.47,0.47,0.47,44000,0
280.HK,5,20250818,071000,0.47,0.47,0.47,0.47,50000,0
280.HK,5,20250818,083500,0.465,0.465,0.465,0.465,2000,0
280.HK,5,20250818,094500,0.465,0.465,0.465,0.465,14000,0
280.HK,5,20250818,095500,0.47,0.47,0.465,0.465,116000,0
280.HK,5,20250819,033000,0.475,0.475,0.475,0.475,20000,0
280.HK,5,20250819,033500,0.475,0.475,0.47,0.47,6000,0
280.HK,5,20250819,042000,0.47,0.47,0.47,0.47,42000,0
280.HK,5,20250819,042500,0.47,0.47,0.47,0.47,40000,0
280.HK,5,20250819,045000,0.47,0.47,0.465,0.465,6000,0
280.HK,5,20250819,051000,0.47,0.47,0.47,0.47,6000,0
280.HK,5,20250819,051500,0.47,0.47,0.47,0.47,10000,0
280.HK,5,20250819,054500,0.47,0.47,0.47,0.47,42000,0
280.HK,5,20250819,070000,0.47,0.47,0.47,0.47,94000,0
280.HK,5,20250819,083000,0.465,0.465,0.465,0.465,204000,0
280.HK,5,20250819,090500,0.465,0.465,0.465,0.465,100000,0
280.HK,5,20250820,035000,0.465,0.465,0.465,0.465,80000,0
280.HK,5,20250820,040000,0.465,0.465,0.465,0.465,20000,0
280.HK,5,20250820,043000,0.47,0.475,0.47,0.475,92000,0
280.HK,5,20250820,043500,0.475,0.475,0.475,0.475,14000,0
280.HK,5,20250820,044500,0.48,0.48,0.48,0.48,2000,0
280.HK,5,20250820,045000,0.475,0.48,0.475,0.475,32000,0
280.HK,5,20250820,045500,0.48,0.48,0.48,0.48,4000,0
280.HK,5,20250820,050000,0.48,0.48,0.48,0.48,90000,0
280.HK,5,20250820,050500,0.48,0.485,0.48,0.485,368000,0
280.HK,5,20250820,051000,0.485,0.485,0.485,0.485,4000,0
280.HK,5,20250820,051500,0.48,0.485,0.48,0.485,102000,0
280.HK,5,20250820,052000,0.485,0.485,0.485,0.485,314000,0
280.HK,5,20250820,052500,0.49,0.495,0.485,0.495,516000,0
280.HK,5,20250820,053000,0.49,0.495,0.49,0.49,254000,0
280.HK,5,20250820,053500,0.49,0.49,0.49,0.49,20000,0
280.HK,5,20250820,054000,0.49,0.51,0.49,0.51,1614000,0
280.HK,5,20250820,054500,0.49,0.51,0.49,0.50,2002000,0
280.HK,5,20250820,055000,0.50,0.50,0.49,0.495,60000,0
280.HK,5,20250820,055500,0.49,0.49,0.485,0.485,210000,0
280.HK,5,20250820,070000,0.49,0.50,0.49,0.49,328000,0
280.HK,5,20250820,070500,0.485,0.485,0.485,0.485,266000,0
280.HK,5,20250820,071000,0.485,0.49,0.485,0.49,42000,0
280.HK,5,20250820,071500,0.49,0.49,0.49,0.49,10000,0
280.HK,5,20250820,072000,0.485,0.49,0.485,0.49,128000,0
280.HK,5,20250820,073000,0.49,0.49,0.485,0.485,70000,0
280.HK,5,20250820,073500,0.485,0.485,0.485,0.485,10000,0
280.HK,5,20250820,074500,0.485,0.485,0.485,0.485,4000,0
280.HK,5,20250820,075000,0.485,0.485,0.485,0.485,60000,0
280.HK,5,20250820,075500,0.485,0.485,0.485,0.485,100000,0
280.HK,5,20250820,080000,0.485,0.49,0.485,0.49,12000,0
280.HK,5,20250820,080500,0.485,0.485,0.485,0.485,20000,0
280.HK,5,20250820,081000,0.485,0.485,0.485,0.485,100000,0
280.HK,5,20250820,081500,0.485,0.485,0.48,0.48,6000,0
280.HK,5,20250820,082000,0.485,0.485,0.485,0.485,2000,0
280.HK,5,20250820,082500,0.48,0.48,0.475,0.475,628000,0
280.HK,5,20250820,083000,0.475,0.475,0.475,0.475,34000,0
280.HK,5,20250820,083500,0.475,0.475,0.475,0.475,66000,0
280.HK,5,20250820,084500,0.48,0.48,0.48,0.48,20000,0
280.HK,5,20250820,085000,0.48,0.48,0.48,0.48,12000,0
280.HK,5,20250820,085500,0.475,0.475,0.475,0.475,96000,0
280.HK,5,20250820,090000,0.475,0.475,0.475,0.475,100000,0
280.HK,5,20250820,092000,0.48,0.485,0.48,0.485,66000,0
280.HK,5,20250820,092500,0.485,0.485,0.485,0.485,44000,0
280.HK,5,20250820,093000,0.485,0.485,0.485,0.485,190000,0
280.HK,5,20250820,094000,0.485,0.485,0.485,0.485,56000,0
280.HK,5,20250820,094500,0.48,0.48,0.48,0.48,276000,0
280.HK,5,20250820,095000,0.48,0.48,0.48,0.48,10000,0
280.HK,5,20250820,095500,0.485,0.485,0.485,0.485,20000,0
280.HK,5,20250821,033500,0.49,0.49,0.49,0.49,50000,0
280.HK,5,20250821,034000,0.495,0.495,0.49,0.495,396000,0
280.HK,5,20250821,035000,0.495,0.495,0.495,0.495,30000,0
280.HK,5,20250821,035500,0.495,0.495,0.495,0.495,62000,0
280.HK,5,20250821,040000,0.495,0.495,0.495,0.495,66000,0
280.HK,5,20250821,040500,0.495,0.495,0.49,0.49,56000,0
280.HK,5,20250821,041000,0.49,0.49,0.49,0.49,50000,0
280.HK,5,20250821,042500,0.495,0.495,0.495,0.495,100000,0
280.HK,5,20250821,043000,0.50,0.50,0.50,0.50,380000,0
280.HK,5,20250821,043500,0.50,0.50,0.50,0.50,270000,0
280.HK,5,20250821,044000,0.50,0.50,0.50,0.50,2000,0
280.HK,5,20250821,044500,0.50,0.50,0.50,0.50,70000,0
280.HK,5,20250821,045000,0.495,0.495,0.495,0.495,6000,0
280.HK,5,20250821,050000,0.495,0.495,0.495,0.495,72000,0
280.HK,5,20250821,050500,0.495,0.495,0.495,0.495,24000,0
280.HK,5,20250821,052000,0.50,0.50,0.50,0.50,2000,0
280.HK,5,20250821,053500,0.495,0.495,0.495,0.495,10000,0
280.HK,5,20250821,070000,0.49,0.49,0.49,0.49,2000,0
280.HK,5,20250821,071000,0.49,0.49,0.49,0.49,224000,0
280.HK,5,20250821,071500,0.49,0.49,0.49,0.49,10000,0
280.HK,5,20250821,080000,0.49,0.49,0.49,0.49,2000,0
280.HK,5,20250821,081000,0.49,0.49,0.49,0.49,2000,0
280.HK,5,20250821,082500,0.49,0.49,0.49,0.49,8000,0
280.HK,5,20250821,084500,0.49,0.49,0.49,0.49,2000,0
280.HK,5,20250821,085000,0.49,0.49,0.49,0.49,14000,0
280.HK,5,20250821,090000,0.49,0.49,0.49,0.49,2000,0
280.HK,5,20250821,091500,0.49,0.49,0.49,0.49,16000,0
280.HK,5,20250821,092000,0.495,0.495,0.495,0.495,70000,0
280.HK,5,20250821,093500,0.495,0.495,0.495,0.495,30000,0
280.HK,5,20250821,094500,0.495,0.495,0.49,0.49,24000,0
280.HK,5,20250821,095000,0.49,0.49,0.49,0.49,188000,0
280.HK,5,20250821,095500,0.495,0.495,0.495,0.495,102000,0
280.HK,5,20250822,033000,0.50,0.51,0.50,0.51,268000,0
280.HK,5,20250822,033500,0.51,0.51,0.51,0.51,50000,0
280.HK,5,20250822,034500,0.51,0.52,0.51,0.52,630000,0
280.HK,5,20250822,035000,0.52,0.52,0.51,0.51,442000,0
280.HK,5,20250822,040000,0.50,0.51,0.50,0.51,70000,0
280.HK,5,20250822,040500,0.51,0.51,0.51,0.51,114000,0
280.HK,5,20250822,041500,0.51,0.51,0.51,0.51,54000,0
280.HK,5,20250822,043000,0.51,0.51,0.50,0.50,132000,0
280.HK,5,20250822,044000,0.50,0.50,0.50,0.50,168000,0
280.HK,5,20250822,044500,0.50,0.50,0.50,0.50,30000,0
280.HK,5,20250822,045000,0.50,0.50,0.50,0.50,34000,0
280.HK,5,20250822,045500,0.50,0.50,0.50,0.50,32000,0
280.HK,5,20250822,051000,0.51,0.51,0.51,0.51,220000,0
280.HK,5,20250822,055000,0.51,0.51,0.51,0.51,22000,0
280.HK,5,20250822,080000,0.51,0.51,0.51,0.51,20000,0
280.HK,5,20250822,080500,0.51,0.51,0.50,0.50,30000,0
280.HK,5,20250822,081000,0.51,0.51,0.51,0.51,122000,0
280.HK,5,20250822,082500,0.51,0.51,0.51,0.51,20000,0
280.HK,5,20250822,084000,0.51,0.51,0.51,0.51,30000,0
280.HK,5,20250822,091500,0.51,0.51,0.51,0.51,2000,0
280.HK,5,20250822,093000,0.50,0.50,0.50,0.50,190000,0
280.HK,5,20250822,094000,0.50,0.50,0.50,0.50,100000,0
280.HK,5,20250822,094500,0.50,0.50,0.50,0.50,50000,0
280.HK,5,20250822,095000,0.50,0.50,0.50,0.50,90000,0
280.HK,5,20250822,095500,0.50,0.51,0.50,0.51,124000,0
280.HK,5,20250825,034500,0.50,0.51,0.50,0.51,80000,0
280.HK,5,20250825,035000,0.51,0.51,0.51,0.51,10000,0
280.HK,5,20250825,040500,0.51,0.51,0.51,0.51,276000,0
280.HK,5,20250825,041500,0.51,0.51,0.51,0.51,30000,0
280.HK,5,20250825,072500,0.51,0.51,0.51,0.51,16000,0
280.HK,5,20250825,073500,0.51,0.51,0.51,0.51,634000,0
280.HK,5,20250825,074000,0.51,0.52,0.51,0.52,4000,0
280.HK,5,20250825,074500,0.52,0.52,0.52,0.52,32000,0
280.HK,5,20250825,075000,0.52,0.52,0.52,0.52,156000,0
280.HK,5,20250825,080000,0.52,0.52,0.52,0.52,94000,0
280.HK,5,20250825,080500,0.52,0.52,0.52,0.52,36000,0
280.HK,5,20250825,084500,0.52,0.52,0.51,0.51,4000,0
280.HK,5,20250825,085500,0.51,0.51,0.51,0.51,2000,0
280.HK,5,20250825,095000,0.52,0.52,0.52,0.52,2000,0
280.HK,5,20250825,095500,0.52,0.52,0.51,0.51,314000,0
280.HK,5,20250826,033500,0.52,0.52,0.52,0.52,62000,0
280.HK,5,20250826,034000,0.51,0.51,0.51,0.51,20000,0
280.HK,5,20250826,040000,0.51,0.51,0.51,0.51,12000,0
280.HK,5,20250826,041500,0.50,0.50,0.495,0.495,698000,0
280.HK,5,20250826,042000,0.495,0.50,0.495,0.495,140000,0
280.HK,5,20250826,042500,0.50,0.50,0.50,0.50,24000,0
280.HK,5,20250826,044000,0.50,0.50,0.50,0.50,120000,0
280.HK,5,20250826,045000,0.50,0.50,0.50,0.50,12000,0
280.HK,5,20250826,050000,0.495,0.495,0.495,0.495,2000,0
280.HK,5,20250826,050500,0.50,0.50,0.50,0.50,6000,0
280.HK,5,20250826,051500,0.50,0.50,0.50,0.50,2000,0
280.HK,5,20250826,070000,0.50,0.50,0.50,0.50,46000,0
280.HK,5,20250826,070500,0.50,0.50,0.50,0.50,100000,0
280.HK,5,20250826,073000,0.50,0.50,0.50,0.50,40000,0
280.HK,5,20250826,082500,0.50,0.50,0.50,0.50,2000,0
280.HK,5,20250826,083500,0.50,0.50,0.50,0.50,20000,0
280.HK,5,20250826,090000,0.50,0.50,0.50,0.50,2000,0
280.HK,5,20250826,091000,0.50,0.50,0.50,0.50,4000,0
280.HK,5,20250826,094000,0.50,0.50,0.50,0.50,6000,0
280.HK,5,20250826,094500,0.50,0.50,0.50,0.50,6000,0
280.HK,5,20250826,095000,0.50,0.51,0.50,0.51,18000,0
280.HK,5,20250826,095500,0.50,0.51,0.50,0.51,126000,0
280.HK,5,20250827,035500,0.51,0.51,0.51,0.51,20000,0
280.HK,5,20250827,042500,0.51,0.51,0.51,0.51,20000,0
280.HK,5,20250827,051500,0.51,0.51,0.51,0.51,16000,0
280.HK,5,20250827,085000,0.51,0.51,0.51,0.51,6000,0
280.HK,5,20250828,034500,0.50,0.50,0.50,0.50,50000,0
280.HK,5,20250828,035000,0.50,0.50,0.50,0.50,10000,0
280.HK,5,20250828,035500,0.50,0.50,0.50,0.50,90000,0
280.HK,5,20250828,040500,0.495,0.495,0.495,0.495,2000,0
280.HK,5,20250828,041000,0.50,0.50,0.50,0.50,6000,0
280.HK,5,20250828,045500,0.50,0.50,0.50,0.50,12000,0
280.HK,5,20250828,050500,0.495,0.495,0.495,0.495,2000,0
280.HK,5,20250828,051000,0.495,0.495,0.495,0.495,12000,0
280.HK,5,20250828,054000,0.495,0.495,0.495,0.495,4000,0
280.HK,5,20250828,071000,0.495,0.495,0.495,0.495,138000,0
280.HK,5,20250828,072000,0.49,0.49,0.49,0.49,24000,0
280.HK,5,20250828,072500,0.49,0.49,0.49,0.49,218000,0
280.HK,5,20250828,080000,0.49,0.49,0.49,0.49,2000,0
280.HK,5,20250828,092500,0.49,0.495,0.49,0.495,72000,0
280.HK,5,20250829,042500,0.50,0.50,0.50,0.50,68000,0
280.HK,5,20250829,052000,0.50,0.50,0.50,0.50,62000,0
280.HK,5,20250829,075500,0.50,0.50,0.50,0.50,180000,0
280.HK,5,20250829,080000,0.51,0.51,0.51,0.51,2000,0
280.HK,5,20250829,080500,0.50,0.51,0.50,0.51,102000,0
280.HK,5,20250829,081500,0.50,0.51,0.50,0.51,22000,0
280.HK,5,20250829,083500,0.51,0.51,0.51,0.51,12000,0
280.HK,5,20250829,084500,0.51,0.51,0.51,0.51,12000,0
280.HK,5,20250829,094000,0.51,0.51,0.51,0.51,190000,0
280.HK,5,20250829,095000,0.51,0.51,0.51,0.51,32000,0
280.HK,5,20250901,041500,0.50,0.50,0.50,0.50,4000,0
280.HK,5,20250901,051500,0.50,0.50,0.495,0.50,238000,0
280.HK,5,20250901,052500,0.495,0.51,0.495,0.51,128000,0
280.HK,5,20250901,055500,0.50,0.50,0.50,0.50,2000,0
280.HK,5,20250901,070000,0.51,0.51,0.51,0.51,2000,0
280.HK,5,20250901,070500,0.51,0.51,0.51,0.51,8000,0
280.HK,5,20250901,071000,0.51,0.51,0.51,0.51,30000,0
280.HK,5,20250901,072500,0.50,0.51,0.50,0.51,30000,0
280.HK,5,20250901,080500,0.50,0.50,0.495,0.495,258000,0
280.HK,5,20250901,083500,0.495,0.495,0.495,0.495,2000,0
280.HK,5,20250901,093500,0.50,0.50,0.50,0.50,130000,0
280.HK,5,20250902,035000,0.51,0.51,0.51,0.51,30000,0
280.HK,5,20250902,045500,0.50,0.50,0.50,0.50,28000,0
280.HK,5,20250902,051500,0.50,0.50,0.50,0.50,164000,0
280.HK,5,20250902,052500,0.50,0.50,0.50,0.50,36000,0
280.HK,5,20250902,070000,0.50,0.50,0.50,0.50,106000,0
280.HK,5,20250902,075000,0.50,0.50,0.50,0.50,2000,0
280.HK,5,20250902,075500,0.50,0.50,0.50,0.50,8000,0
280.HK,5,20250902,080000,0.495,0.50,0.495,0.50,2000,0
280.HK,5,20250903,035000,0.51,0.51,0.51,0.51,30000,0
280.HK,5,20250903,042000,0.51,0.51,0.51,0.51,20000,0
280.HK,5,20250904,044000,0.50,0.50,0.50,0.50,40000,0
280.HK,5,20250904,045000,0.50,0.50,0.50,0.50,424000,0
280.HK,5,20250904,050000,0.495,0.495,0.495,0.495,74000,0
280.HK,5,20250904,051000,0.495,0.495,0.495,0.495,50000,0
280.HK,5,20250904,072500,0.495,0.495,0.495,0.495,40000,0
280.HK,5,20250904,074500,0.495,0.50,0.495,0.50,50000,0
280.HK,5,20250904,094500,0.495,0.495,0.495,0.495,10000,0
280.HK,5,20250905,033000,0.50,0.50,0.50,0.50,4000,0
280.HK,5,20250905,042000,0.51,0.51,0.51,0.51,50000,0
280.HK,5,20250905,050000,0.51,0.51,0.51,0.51,16000,0
280.HK,5,20250905,054000,0.51,0.51,0.51,0.51,102000,0
280.HK,5,20250905,054500,0.51,0.51,0.51,0.51,10000,0
280.HK,5,20250905,070000,0.51,0.52,0.51,0.52,582000,0
280.HK,5,20250905,072000,0.52,0.52,0.52,0.52,10000,0
280.HK,5,20250905,075500,0.52,0.52,0.52,0.52,2000,0
280.HK,5,20250905,082000,0.52,0.52,0.52,0.52,10000,0
280.HK,5,20250905,082500,0.52,0.52,0.52,0.52,16000,0
280.HK,5,20250905,083000,0.51,0.51,0.51,0.51,20000,0
280.HK,5,20250905,083500,0.52,0.52,0.52,0.52,50000,0
280.HK,5,20250905,084500,0.52,0.52,0.52,0.52,2000,0
280.HK,5,20250905,085500,0.52,0.52,0.52,0.52,20000,0
280.HK,5,20250905,090500,0.51,0.51,0.51,0.51,216000,0
280.HK,5,20250905,094000,0.51,0.51,0.51,0.51,2000,0
280.HK,5,20250905,095500,0.51,0.51,0.51,0.51,2000,0
280.HK,5,20250908,033000,0.50,0.50,0.495,0.495,50000,0
280.HK,5,20250908,034000,0.495,0.495,0.495,0.495,18000,0
280.HK,5,20250908,035000,0.495,0.495,0.495,0.495,132000,0
280.HK,5,20250908,035500,0.495,0.495,0.495,0.495,80000,0
280.HK,5,20250908,040500,0.49,0.495,0.49,0.495,212000,0
280.HK,5,20250908,041000,0.50,0.50,0.50,0.50,50000,0
280.HK,5,20250908,044000,0.495,0.495,0.495,0.495,2000,0
280.HK,5,20250908,044500,0.495,0.495,0.495,0.495,42000,0
280.HK,5,20250908,045500,0.50,0.50,0.50,0.50,130000,0
280.HK,5,20250908,050500,0.50,0.50,0.50,0.50,150000,0
280.HK,5,20250908,051000,0.50,0.50,0.50,0.50,130000,0
280.HK,5,20250908,054500,0.50,0.50,0.50,0.50,22000,0
280.HK,5,20250908,070000,0.495,0.495,0.495,0.495,4000,0
280.HK,5,20250908,071000,0.50,0.50,0.50,0.50,50000,0
280.HK,5,20250908,071500,0.495,0.495,0.495,0.495,50000,0
280.HK,5,20250908,073000,0.495,0.495,0.495,0.495,10000,0
280.HK,5,20250908,074000,0.50,0.50,0.50,0.50,20000,0
280.HK,5,20250908,074500,0.50,0.50,0.50,0.50,20000,0
280.HK,5,20250908,080500,0.50,0.50,0.50,0.50,2000,0
280.HK,5,20250908,081500,0.50,0.50,0.50,0.50,10000,0
280.HK,5,20250908,083500,0.50,0.50,0.50,0.50,10000,0
280.HK,5,20250908,084500,0.495,0.495,0.495,0.495,2000,0
280.HK,5,20250908,085000,0.495,0.495,0.495,0.495,20000,0
280.HK,5,20250908,091500,0.50,0.50,0.50,0.50,42000,0
280.HK,5,20250908,093500,0.50,0.50,0.50,0.50,10000,0
280.HK,5,20250908,094500,0.50,0.50,0.50,0.50,20000,0
280.HK,5,20250908,095000,0.50,0.50,0.50,0.50,108000,0
280.HK,5,20250908,095500,0.495,0.495,0.495,0.495,2000,0
280.HK,5,20250909,034000,0.50,0.50,0.50,0.50,12000,0
280.HK,5,20250909,041500,0.50,0.50,0.50,0.50,30000,0
280.HK,5,20250909,042000,0.50,0.50,0.50,0.50,20000,0
280.HK,5,20250909,043000,0.51,0.51,0.51,0.51,8000,0
280.HK,5,20250909,055500,0.50,0.50,0.50,0.50,10000,0
280.HK,5,20250909,085500,0.50,0.50,0.50,0.50,10000,0
280.HK,5,20250909,094500,0.50,0.50,0.50,0.50,20000,0
280.HK,5,20250909,095000,0.50,0.50,0.50,0.50,20000,0
280.HK,5,20250909,095500,0.50,0.50,0.50,0.50,60000,0
280.HK,5,20250910,095500,0.50,0.50,0.50,0.50,140000,0
280.HK,5,20250911,070000,0.51,0.51,0.51,0.51,14000,0
280.HK,5,20250912,093000,0.51,0.51,0.51,0.51,30000,0
280.HK,5,20250912,095500,0.51,0.51,0.51,0.51,200000,0
280.HK,5,20250915,034000,0.51,0.51,0.51,0.51,8000,0
280.HK,5,20250915,034500,0.51,0.51,0.51,0.51,66000,0
280.HK,5,20250915,040500,0.50,0.50,0.50,0.50,28000,0
280.HK,5,20250915,044000,0.50,0.50,0.50,0.50,20000,0
280.HK,5,20250915,072500,0.50,0.50,0.50,0.50,10000,0
280.HK,5,20250915,081000,0.50,0.50,0.50,0.50,442000,0
280.HK,5,20250915,083500,0.50,0.50,0.50,0.50,14000,0
280.HK,5,20250915,090000,0.50,0.50,0.495,0.495,502000,0
280.HK,5,20250915,095500,0.50,0.50,0.50,0.50,38000,0
280.HK,5,20250916,041000,0.51,0.51,0.51,0.51,12000,0
280.HK,5,20250916,091000,0.50,0.50,0.50,0.50,10000,0
280.HK,5,20250916,091500,0.50,0.50,0.50,0.50,100000,0
280.HK,5,20250916,093000,0.50,0.50,0.50,0.50,50000,0
280.HK,5,20250917,045000,0.495,0.495,0.495,0.495,200000,0
280.HK,5,20250917,050500,0.495,0.495,0.495,0.495,96000,0
280.HK,5,20250917,052500,0.495,0.495,0.495,0.495,100000,0
280.HK,5,20250917,053000,0.495,0.495,0.495,0.495,6000,0
280.HK,5,20250917,054500,0.495,0.495,0.495,0.495,26000,0
280.HK,5,20250917,071000,0.495,0.495,0.495,0.495,6000,0
280.HK,5,20250917,075500,0.495,0.495,0.495,0.495,6000,0
280.HK,5,20250917,084000,0.495,0.495,0.495,0.495,24000,0
280.HK,5,20250917,095500,0.495,0.495,0.495,0.495,24000,0
280.HK,5,20250918,034500,0.50,0.50,0.50,0.50,100000,0
280.HK,5,20250918,040500,0.495,0.495,0.495,0.495,10000,0
280.HK,5,20250918,042500,0.50,0.50,0.50,0.50,30000,0
280.HK,5,20250918,043000,0.495,0.495,0.495,0.495,16000,0
280.HK,5,20250918,053500,0.495,0.495,0.495,0.495,16000,0
280.HK,5,20250918,070000,0.49,0.49,0.49,0.49,40000,0
280.HK,5,20250918,070500,0.49,0.49,0.49,0.49,2000,0
280.HK,5,20250918,072000,0.49,0.49,0.49,0.49,50000,0
280.HK,5,20250918,085500,0.49,0.49,0.49,0.49,130000,0
280.HK,5,20250919,080500,0.49,0.49,0.49,0.49,10000,0
280.HK,5,20250922,043000,0.49,0.49,0.49,0.49,30000,0
280.HK,5,20250922,070000,0.49,0.49,0.49,0.49,154000,0
280.HK,5,20250922,071500,0.49,0.49,0.49,0.49,100000,0
280.HK,5,20250922,081500,0.49,0.49,0.49,0.49,138000,0
280.HK,5,20250922,083500,0.49,0.49,0.49,0.49,20000,0
280.HK,5,20250922,091000,0.49,0.49,0.49,0.49,20000,0
280.HK,5,20250922,091500,0.49,0.49,0.49,0.49,2000,0
280.HK,5,20250922,094500,0.49,0.49,0.49,0.49,112000,0
280.HK,5,20250922,095500,0.49,0.49,0.49,0.49,32000,0
280.HK,5,20250923,035000,0.49,0.49,0.49,0.49,2000,0
280.HK,5,20250923,053500,0.49,0.49,0.49,0.49,2000,0
280.HK,5,20250923,074500,0.49,0.49,0.49,0.49,100000,0
280.HK,5,20250923,085500,0.495,0.495,0.495,0.495,2000,0
280.HK,5,20250923,093000,0.495,0.495,0.495,0.495,2000,0
280.HK,5,20250923,095500,0.495,0.495,0.495,0.495,8000,0
280.HK,5,20250924,042000,0.495,0.495,0.495,0.495,100000,0
280.HK,5,20250924,043000,0.49,0.49,0.49,0.49,4000,0
280.HK,5,20250924,075500,0.495,0.495,0.495,0.495,52000,0
280.HK,5,20250924,080000,0.49,0.49,0.49,0.49,20000,0
280.HK,5,20250924,082500,0.49,0.49,0.49,0.49,20000,0
280.HK,5,20250924,084500,0.495,0.495,0.495,0.495,40000,0
280.HK,5,20250924,090000,0.495,0.495,0.495,0.495,106000,0
280.HK,5,20250924,095500,0.50,0.50,0.50,0.50,8000,0
280.HK,5,20250925,083000,0.495,0.495,0.495,0.495,2000,0
280.HK,5,20250925,085500,0.495,0.495,0.495,0.495,36000,0
280.HK,5,20250925,092000,0.50,0.50,0.50,0.50,2000,0
280.HK,5,20250925,094500,0.495,0.495,0.495,0.495,16000,0
280.HK,5,20250925,095000,0.495,0.495,0.495,0.495,2000,0
280.HK,5,20250925,095500,0.50,0.50,0.50,0.50,6000,0
280.HK,5,20250926,041000,0.495,0.495,0.495,0.495,50000,0
280.HK,5,20250926,084000,0.495,0.495,0.495,0.495,180000,0
280.HK,5,20250926,095500,0.495,0.495,0.495,0.495,4000,0
280.HK,5,20250929,041500,0.495,0.495,0.495,0.495,100000,0
280.HK,5,20250929,042500,0.495,0.495,0.495,0.495,32000,0
280.HK,5,20250929,043500,0.495,0.495,0.495,0.495,10000,0
280.HK,5,20250929,050000,0.495,0.495,0.495,0.495,2000,0
280.HK,5,20250929,050500,0.495,0.495,0.495,0.495,2000,0
280.HK,5,20250929,054500,0.495,0.495,0.495,0.495,6000,0
280.HK,5,20250929,070000,0.495,0.495,0.495,0.495,16000,0
280.HK,5,20250929,075000,0.495,0.495,0.495,0.495,2000,0
280.HK,5,20250929,082000,0.495,0.495,0.495,0.495,2000,0
280.HK,5,20250929,085000,0.495,0.495,0.495,0.495,2000,0
280.HK,5,20250929,092000,0.495,0.495,0.495,0.495,2000,0
280.HK,5,20250929,094000,0.495,0.495,0.495,0.495,2000,0
280.HK,5,20250929,095500,0.495,0.495,0.495,0.495,6000,0
280.HK,5,20250930,051500,0.495,0.495,0.495,0.495,2000,0
280.HK,5,20250930,052500,0.495,0.495,0.495,0.495,4000,0
280.HK,5,20250930,092000,0.495,0.495,0.495,0.495,2000,0
280.HK,5,20251002,041000,0.50,0.50,0.50,0.50,10000,0
280.HK,5,20251002,072000,0.50,0.50,0.50,0.50,30000,0
280.HK,5,20251002,084000,0.50,0.50,0.50,0.50,14000,0
280.HK,5,20251003,085500,0.50,0.50,0.50,0.50,50000,0
280.HK,5,20251006,051000,0.50,0.50,0.50,0.50,100000,0
280.HK,5,20251006,051500,0.50,0.50,0.50,0.50,14000,0
280.HK,5,20251006,052500,0.50,0.50,0.50,0.50,10000,0
280.HK,5,20251006,071500,0.50,0.50,0.50,0.50,50000,0
280.HK,5,20251008,033500,0.495,0.495,0.495,0.495,10000,0
280.HK,5,20251008,052500,0.50,0.50,0.50,0.50,6000,0
280.HK,5,20251008,055500,0.50,0.50,0.50,0.50,82000,0
280.HK,5,20251008,070000,0.51,0.54,0.51,0.54,822000,0
280.HK,5,20251008,070500,0.53,0.53,0.53,0.53,22000,0
280.HK,5,20251008,071500,0.53,0.53,0.53,0.53,24000,0
280.HK,5,20251008,072000,0.52,0.52,0.52,0.52,26000,0
280.HK,5,20251008,072500,0.52,0.52,0.52,0.52,10000,0
280.HK,5,20251008,073000,0.52,0.52,0.52,0.52,8000,0
280.HK,5,20251008,073500,0.53,0.53,0.52,0.52,58000,0
280.HK,5,20251008,074000,0.52,0.52,0.52,0.52,2000,0
280.HK,5,20251008,075500,0.52,0.53,0.52,0.53,8000,0
280.HK,5,20251008,080000,0.52,0.53,0.52,0.53,14000,0
280.HK,5,20251008,080500,0.53,0.54,0.53,0.53,108000,0
280.HK,5,20251008,081000,0.54,0.56,0.54,0.55,126000,0
280.HK,5,20251008,081500,0.55,0.55,0.55,0.55,60000,0
280.HK,5,20251008,082000,0.55,0.56,0.55,0.55,354000,0
280.HK,5,20251008,082500,0.55,0.56,0.55,0.56,270000,0
280.HK,5,20251008,083000,0.56,0.56,0.55,0.56,148000,0
280.HK,5,20251008,083500,0.56,0.56,0.55,0.56,28000,0
280.HK,5,20251008,084000,0.55,0.55,0.55,0.55,14000,0
280.HK,5,20251008,084500,0.55,0.55,0.53,0.55,102000,0
280.HK,5,20251008,085000,0.55,0.55,0.55,0.55,8000,0
280.HK,5,20251008,085500,0.55,0.55,0.54,0.54,72000,0
280.HK,5,20251008,090000,0.54,0.54,0.54,0.54,2000,0
280.HK,5,20251008,091500,0.54,0.54,0.53,0.53,24000,0
280.HK,5,20251008,092000,0.53,0.53,0.53,0.53,4000,0
280.HK,5,20251008,093000,0.54,0.54,0.54,0.54,92000,0
280.HK,5,20251008,093500,0.54,0.54,0.54,0.54,100000,0
280.HK,5,20251008,094500,0.54,0.54,0.54,0.54,32000,0
280.HK,5,20251008,095000,0.54,0.54,0.54,0.54,4000,0
280.HK,5,20251008,095500,0.55,0.55,0.54,0.54,6000,0
280.HK,5,20251009,034000,0.56,0.56,0.56,0.56,28000,0
280.HK,5,20251009,034500,0.54,0.54,0.54,0.54,20000,0
280.HK,5,20251009,035500,0.54,0.54,0.54,0.54,10000,0
280.HK,5,20251009,040000,0.55,0.55,0.54,0.54,62000,0
280.HK,5,20251009,040500,0.54,0.54,0.54,0.54,2000,0
280.HK,5,20251009,041000,0.54,0.54,0.54,0.54,20000,0
280.HK,5,20251009,042000,0.54,0.54,0.54,0.54,80000,0
280.HK,5,20251009,042500,0.54,0.54,0.54,0.54,130000,0
280.HK,5,20251009,043000,0.54,0.54,0.54,0.54,8000,0
280.HK,5,20251009,044000,0.55,0.55,0.55,0.55,20000,0
280.HK,5,20251009,044500,0.54,0.55,0.54,0.55,66000,0
280.HK,5,20251009,045500,0.55,0.55,0.54,0.54,110000,0
280.HK,5,20251009,050000,0.54,0.54,0.54,0.54,10000,0
280.HK,5,20251009,051000,0.54,0.54,0.54,0.54,6000,0
280.HK,5,20251009,055000,0.54,0.54,0.54,0.54,90000,0
280.HK,5,20251009,070000,0.54,0.54,0.54,0.54,40000,0
280.HK,5,20251009,071500,0.54,0.54,0.54,0.54,2000,0
280.HK,5,20251010,040500,0.53,0.53,0.53,0.53,30000,0
280.HK,5,20251010,041000,0.53,0.53,0.52,0.52,6000,0
280.HK,5,20251010,042000,0.52,0.53,0.52,0.52,16000,0
280.HK,5,20251010,042500,0.52,0.52,0.52,0.52,164000,0
280.HK,5,20251010,052500,0.52,0.52,0.52,0.52,20000,0
280.HK,5,20251010,053500,0.52,0.52,0.52,0.52,60000,0
280.HK,5,20251010,070500,0.52,0.52,0.52,0.52,12000,0
280.HK,5,20251010,073000,0.52,0.52,0.52,0.52,90000,0
280.HK,5,20251010,074000,0.52,0.52,0.52,0.52,10000,0
280.HK,5,20251010,082000,0.52,0.52,0.52,0.52,100000,0
280.HK,5,20251010,084000,0.52,0.52,0.52,0.52,432000,0
280.HK,5,20251010,090000,0.52,0.52,0.52,0.52,14000,0
280.HK,5,20251013,070500,0.53,0.53,0.53,0.53,48000,0
280.HK,5,20251013,080000,0.53,0.53,0.53,0.53,2000,0
280.HK,5,20251013,090500,0.54,0.54,0.54,0.54,120000,0
280.HK,5,20251013,091500,0.55,0.55,0.55,0.55,230000,0
280.HK,5,20251013,092000,0.55,0.55,0.55,0.55,30000,0
280.HK,5,20251013,092500,0.55,0.55,0.55,0.55,96000,0
280.HK,5,20251013,093500,0.55,0.55,0.55,0.55,4000,0
280.HK,5,20251013,095500,0.54,0.54,0.54,0.54,4000,0
280.HK,5,20251014,033000,0.54,0.54,0.54,0.54,142000,0
280.HK,5,20251014,033500,0.54,0.55,0.54,0.55,164000,0
280.HK,5,20251014,042000,0.55,0.55,0.55,0.55,50000,0
280.HK,5,20251014,043000,0.55,0.55,0.55,0.55,50000,0
280.HK,5,20251014,070000,0.54,0.54,0.54,0.54,84000,0
280.HK,5,20251014,073500,0.54,0.54,0.54,0.54,4000,0
280.HK,5,20251014,080000,0.54,0.54,0.54,0.54,40000,0
280.HK,5,20251014,081000,0.54,0.54,0.54,0.54,4000,0
280.HK,5,20251014,081500,0.54,0.54,0.54,0.54,60000,0
280.HK,5,20251014,082500,0.54,0.54,0.54,0.54,68000,0
280.HK,5,20251014,083000,0.54,0.54,0.54,0.54,68000,0
280.HK,5,20251014,083500,0.54,0.54,0.54,0.54,8000,0
280.HK,5,20251014,084000,0.54,0.54,0.54,0.54,12000,0
280.HK,5,20251014,085500,0.54,0.54,0.54,0.54,384000,0
280.HK,5,20251014,090000,0.54,0.54,0.54,0.54,20000,0
280.HK,5,20251014,090500,0.54,0.54,0.54,0.54,40000,0
280.HK,5,20251014,092000,0.54,0.54,0.54,0.54,10000,0
280.HK,5,20251014,094000,0.54,0.54,0.54,0.54,20000,0
280.HK,5,20251014,095500,0.54,0.54,0.54,0.54,6000,0
280.HK,5,20251015,055500,0.55,0.55,0.55,0.55,80000,0
280.HK,5,20251015,070000,0.55,0.55,0.55,0.55,30000,0
280.HK,5,20251015,072000,0.55,0.55,0.55,0.55,20000,0
280.HK,5,20251015,073000,0.55,0.55,0.55,0.55,4000,0
280.HK,5,20251015,080000,0.55,0.55,0.55,0.55,54000,0
280.HK,5,20251015,080500,0.55,0.55,0.55,0.55,24000,0
280.HK,5,20251015,085500,0.55,0.55,0.55,0.55,20000,0
280.HK,5,20251015,091500,0.54,0.54,0.54,0.54,2000,0
280.HK,5,20251015,094000,0.55,0.55,0.55,0.55,10000,0
280.HK,5,20251016,034500,0.55,0.55,0.55,0.55,38000,0
280.HK,5,20251016,044000,0.55,0.55,0.55,0.55,30000,0
280.HK,5,20251016,045500,0.55,0.55,0.55,0.55,82000,0
280.HK,5,20251016,055500,0.55,0.55,0.55,0.55,12000,0
280.HK,5,20251016,070000,0.56,0.56,0.56,0.56,500000,0
280.HK,5,20251016,070500,0.56,0.56,0.56,0.56,30000,0
280.HK,5,20251016,074500,0.55,0.55,0.55,0.55,28000,0
280.HK,5,20251016,075500,0.55,0.55,0.55,0.55,48000,0
280.HK,5,20251016,080500,0.55,0.55,0.55,0.55,232000,0
280.HK,5,20251016,094500,0.55,0.55,0.55,0.55,10000,0
280.HK,5,20251017,033000,0.56,0.56,0.56,0.56,32000,0
280.HK,5,20251017,033500,0.56,0.56,0.56,0.56,68000,0
280.HK,5,20251017,040000,0.55,0.55,0.55,0.55,20000,0
280.HK,5,20251017,043500,0.55,0.55,0.55,0.55,236000,0
280.HK,5,20251017,050500,0.55,0.55,0.55,0.55,6000,0
280.HK,5,20251017,053000,0.55,0.55,0.55,0.55,336000,0
280.HK,5,20251020,033000,0.56,0.59,0.55,0.59,544000,0
280.HK,5,20251020,033500,0.59,0.59,0.58,0.58,26000,0
280.HK,5,20251020,034000,0.58,0.58,0.58,0.58,88000,0
280.HK,5,20251020,034500,0.57,0.58,0.57,0.58,290000,0
280.HK,5,20251020,035000,0.58,0.59,0.58,0.58,392000,0
280.HK,5,20251020,040000,0.59,0.59,0.59,0.59,18000,0
280.HK,5,20251020,040500,0.59,0.59,0.59,0.59,160000,0
280.HK,5,20251020,041500,0.58,0.59,0.58,0.58,50000,0
280.HK,5,20251020,042000,0.58,0.59,0.58,0.59,144000,0
280.HK,5,20251020,042500,0.59,0.59,0.59,0.59,22000,0
280.HK,5,20251020,043000,0.59,0.59,0.58,0.59,338000,0
280.HK,5,20251020,043500,0.59,0.59,0.58,0.58,114000,0
280.HK,5,20251020,044000,0.58,0.58,0.58,0.58,238000,0
280.HK,5,20251020,044500,0.58,0.58,0.58,0.58,16000,0
280.HK,5,20251020,045000,0.58,0.58,0.58,0.58,4000,0
280.HK,5,20251020,050000,0.58,0.58,0.58,0.58,82000,0
280.HK,5,20251020,050500,0.58,0.59,0.58,0.59,14000,0
280.HK,5,20251020,051000,0.59,0.59,0.59,0.59,20000,0
280.HK,5,20251020,052000,0.58,0.59,0.58,0.59,52000,0
280.HK,5,20251020,052500,0.58,0.58,0.58,0.58,234000,0
280.HK,5,20251020,053000,0.58,0.58,0.58,0.58,24000,0
280.HK,5,20251020,053500,0.59,0.59,0.59,0.59,78000,0
280.HK,5,20251020,054500,0.58,0.59,0.58,0.59,314000,0
280.HK,5,20251020,070000,0.59,0.59,0.59,0.59,128000,0
280.HK,5,20251020,070500,0.59,0.59,0.59,0.59,32000,0
280.HK,5,20251020,071000,0.59,0.59,0.59,0.59,212000,0
280.HK,5,20251020,071500,0.59,0.59,0.59,0.59,4000,0
280.HK,5,20251020,072000,0.59,0.59,0.59,0.59,162000,0
280.HK,5,20251020,072500,0.59,0.59,0.59,0.59,234000,0
280.HK,5,20251020,073000,0.60,0.61,0.59,0.60,612000,0
280.HK,5,20251020,073500,0.61,0.61,0.61,0.61,4000,0
280.HK,5,20251020,074500,0.61,0.61,0.61,0.61,384000,0
280.HK,5,20251020,075000,0.61,0.61,0.61,0.61,40000,0
280.HK,5,20251020,075500,0.61,0.61,0.61,0.61,56000,0
280.HK,5,20251020,081000,0.61,0.61,0.61,0.61,62000,0
280.HK,5,20251020,081500,0.60,0.60,0.60,0.60,252000,0
280.HK,5,20251020,082000,0.60,0.60,0.58,0.58,1844000,0
280.HK,5,20251020,082500,0.58,0.58,0.57,0.57,786000,0
280.HK,5,20251020,083000,0.57,0.57,0.56,0.56,822000,0
280.HK,5,20251020,083500,0.56,0.56,0.56,0.56,70000,0
280.HK,5,20251020,084000,0.57,0.57,0.57,0.57,50000,0
280.HK,5,20251020,085000,0.56,0.57,0.56,0.57,24000,0
280.HK,5,20251020,085500,0.57,0.57,0.57,0.57,100000,0
280.HK,5,20251020,090000,0.57,0.57,0.57,0.57,20000,0
280.HK,5,20251020,090500,0.57,0.57,0.57,0.57,40000,0
280.HK,5,20251020,091000,0.57,0.57,0.57,0.57,4000,0
280.HK,5,20251020,092500,0.57,0.57,0.57,0.57,100000,0
280.HK,5,20251020,093500,0.58,0.58,0.58,0.58,12000,0
280.HK,5,20251020,094000,0.58,0.58,0.57,0.58,14000,0
280.HK,5,20251020,094500,0.58,0.58,0.58,0.58,2000,0
280.HK,5,20251020,095000,0.57,0.58,0.57,0.58,62000,0
280.HK,5,20251020,095500,0.57,0.58,0.56,0.56,894000,0
280.HK,5,20251021,033500,0.58,0.59,0.58,0.58,126000,0
280.HK,5,20251021,034000,0.58,0.58,0.58,0.58,42000,0
280.HK,5,20251021,040000,0.58,0.58,0.58,0.58,6000,0
280.HK,5,20251021,040500,0.58,0.58,0.58,0.58,322000,0
280.HK,5,20251021,042000,0.58,0.58,0.58,0.58,12000,0
280.HK,5,20251021,042500,0.58,0.58,0.58,0.58,56000,0
280.HK,5,20251021,043000,0.58,0.58,0.58,0.58,6000,0
280.HK,5,20251021,044500,0.58,0.58,0.58,0.58,12000,0
280.HK,5,20251021,045000,0.58,0.58,0.58,0.58,10000,0
280.HK,5,20251021,051000,0.57,0.57,0.57,0.57,20000,0
280.HK,5,20251021,052000,0.58,0.58,0.58,0.58,8000,0
280.HK,5,20251021,053000,0.58,0.58,0.58,0.58,6000,0
280.HK,5,20251021,053500,0.58,0.58,0.58,0.58,10000,0
280.HK,5,20251021,054000,0.57,0.57,0.57,0.57,12000,0
280.HK,5,20251021,055000,0.58,0.58,0.58,0.58,52000,0
280.HK,5,20251021,070000,0.58,0.58,0.58,0.58,26000,0
280.HK,5,20251021,071000,0.58,0.58,0.58,0.58,40000,0
280.HK,5,20251021,072000,0.58,0.58,0.58,0.58,20000,0
280.HK,5,20251021,074000,0.58,0.58,0.58,0.58,30000,0
280.HK,5,20251021,075000,0.58,0.58,0.57,0.57,16000,0
280.HK,5,20251021,075500,0.57,0.57,0.57,0.57,20000,0
280.HK,5,20251021,081000,0.59,0.59,0.57,0.57,10000,0
280.HK,5,20251021,081500,0.58,0.58,0.58,0.58,46000,0
280.HK,5,20251021,082000,0.58,0.58,0.58,0.58,38000,0
280.HK,5,20251021,082500,0.58,0.58,0.58,0.58,152000,0
280.HK,5,20251021,083000,0.58,0.58,0.58,0.58,90000,0
280.HK,5,20251021,083500,0.58,0.58,0.58,0.58,28000,0
280.HK,5,20251021,084000,0.58,0.58,0.57,0.57,22000,0
280.HK,5,20251021,085000,0.58,0.59,0.58,0.58,316000,0
280.HK,5,20251021,091500,0.58,0.58,0.58,0.58,2000,0
280.HK,5,20251021,092500,0.59,0.59,0.59,0.59,10000,0
280.HK,5,20251021,093000,0.59,0.59,0.59,0.59,292000,0
280.HK,5,20251021,093500,0.60,0.60,0.60,0.60,12000,0
280.HK,5,20251021,094000,0.59,0.59,0.59,0.59,100000,0
280.HK,5,20251021,094500,0.60,0.60,0.59,0.59,42000,0
280.HK,5,20251021,095000,0.60,0.60,0.60,0.60,4000,0
280.HK,5,20251021,095500,0.60,0.60,0.60,0.60,10000,0
280.HK,5,20251022,033000,0.58,0.58,0.58,0.58,40000,0
280.HK,5,20251022,033500,0.58,0.58,0.58,0.58,58000,0
280.HK,5,20251022,034000,0.58,0.58,0.58,0.58,2000,0
280.HK,5,20251022,040500,0.58,0.58,0.58,0.58,288000,0
280.HK,5,20251022,041000,0.58,0.58,0.58,0.58,38000,0
280.HK,5,20251022,050000,0.57,0.58,0.57,0.58,38000,0
280.HK,5,20251022,050500,0.58,0.58,0.58,0.58,10000,0
280.HK,5,20251022,052000,0.58,0.58,0.58,0.58,8000,0
280.HK,5,20251022,055000,0.58,0.58,0.58,0.58,2000,0
280.HK,5,20251022,074000,0.58,0.58,0.58,0.58,50000,0
280.HK,5,20251022,082000,0.58,0.58,0.58,0.58,98000,0
280.HK,5,20251022,084000,0.58,0.58,0.58,0.58,12000,0
280.HK,5,20251022,085500,0.58,0.59,0.58,0.58,80000,0
280.HK,5,20251022,090500,0.59,0.59,0.58,0.58,44000,0
280.HK,5,20251022,093000,0.58,0.58,0.58,0.58,68000,0
280.HK,5,20251022,093500,0.59,0.59,0.59,0.59,8000,0
280.HK,5,20251022,094000,0.58,0.59,0.58,0.59,40000,0
280.HK,5,20251022,094500,0.59,0.59,0.59,0.59,10000,0
280.HK,5,20251022,095000,0.59,0.59,0.59,0.59,2000,0
280.HK,5,20251022,095500,0.58,0.59,0.58,0.59,40000,0
280.HK,5,20251023,033500,0.58,0.58,0.58,0.58,24000,0
280.HK,5,20251023,034000,0.58,0.58,0.58,0.58,8000,0
280.HK,5,20251023,035500,0.58,0.58,0.57,0.58,94000,0
280.HK,5,20251023,040000,0.58,0.58,0.58,0.58,12000,0
280.HK,5,20251023,042000,0.57,0.57,0.57,0.57,2000,0
280.HK,5,20251023,042500,0.57,0.58,0.57,0.58,106000,0
280.HK,5,20251023,053500,0.57,0.58,0.57,0.58,44000,0
280.HK,5,20251023,070000,0.57,0.57,0.57,0.57,8000,0
280.HK,5,20251023,071000,0.57,0.57,0.57,0.57,4000,0
280.HK,5,20251023,073500,0.57,0.57,0.57,0.57,28000,0
280.HK,5,20251023,074500,0.57,0.57,0.57,0.57,2000,0
280.HK,5,20251023,085500,0.57,0.57,0.57,0.57,48000,0
280.HK,5,20251023,090500,0.58,0.58,0.58,0.58,4000,0
280.HK,5,20251023,091500,0.58,0.58,0.58,0.58,10000,0
280.HK,5,20251023,093000,0.57,0.57,0.57,0.57,10000,0
280.HK,5,20251023,095500,0.58,0.58,0.58,0.58,200000,0
280.HK,5,20251024,034500,0.57,0.57,0.57,0.57,16000,0
280.HK,5,20251024,041000,0.57,0.57,0.57,0.57,98000,0
280.HK,5,20251024,041500,0.58,0.58,0.58,0.58,20000,0
280.HK,5,20251024,043000,0.57,0.57,0.57,0.57,30000,0
280.HK,5,20251024,051000,0.57,0.57,0.57,0.57,2000,0
280.HK,5,20251024,055000,0.57,0.57,0.57,0.57,36000,0
280.HK,5,20251024,072000,0.57,0.57,0.57,0.57,14000,0
280.HK,5,20251024,082500,0.57,0.57,0.57,0.57,10000,0
280.HK,5,20251024,084500,0.57,0.57,0.57,0.57,10000,0
280.HK,5,20251024,085500,0.57,0.57,0.57,0.57,4000,0
280.HK,5,20251024,092500,0.57,0.57,0.57,0.57,10000,0
280.HK,5,20251024,094000,0.57,0.57,0.57,0.57,20000,0
280.HK,5,20251027,025000,0.58,0.58,0.58,0.58,14000,0
280.HK,5,20251027,030000,0.58,0.58,0.58,0.58,64000,0
280.HK,5,20251027,041000,0.58,0.58,0.58,0.58,34000,0
280.HK,5,20251027,041500,0.58,0.58,0.58,0.58,20000,0
280.HK,5,20251027,045000,0.58,0.58,0.58,0.58,62000,0
280.HK,5,20251027,063000,0.58,0.58,0.58,0.58,80000,0
280.HK,5,20251028,023500,0.57,0.57,0.57,0.57,170000,0
280.HK,5,20251028,060500,0.57,0.57,0.57,0.57,36000,0
280.HK,5,20251028,061000,0.57,0.57,0.57,0.57,8000,0
280.HK,5,20251028,073500,0.57,0.57,0.57,0.57,200000,0
280.HK,5,20251030,023000,0.56,0.56,0.55,0.55,30000,0
280.HK,5,20251030,024000,0.56,0.56,0.55,0.56,42000,0
280.HK,5,20251030,031500,0.55,0.55,0.55,0.55,2000,0
280.HK,5,20251030,033000,0.55,0.55,0.55,0.55,60000,0
280.HK,5,20251030,033500,0.55,0.55,0.55,0.55,50000,0
280.HK,5,20251030,035500,0.56,0.56,0.56,0.56,10000,0
280.HK,5,20251030,041000,0.56,0.56,0.56,0.56,176000,0
280.HK,5,20251030,042000,0.56,0.56,0.56,0.56,6000,0
280.HK,5,20251030,043000,0.56,0.56,0.56,0.56,4000,0
280.HK,5,20251030,062500,0.56,0.56,0.56,0.56,10000,0
280.HK,5,20251030,070500,0.56,0.56,0.56,0.56,2000,0
280.HK,5,20251030,071000,0.56,0.56,0.56,0.56,234000,0
280.HK,5,20251030,071500,0.55,0.55,0.55,0.55,100000,0
280.HK,5,20251030,072000,0.55,0.55,0.55,0.55,146000,0
280.HK,5,20251030,074500,0.54,0.54,0.54,0.54,510000,0
280.HK,5,20251030,075000,0.54,0.54,0.54,0.54,196000,0
280.HK,5,20251030,075500,0.54,0.54,0.54,0.54,10000,0
280.HK,5,20251030,080000,0.54,0.54,0.54,0.54,134000,0
280.HK,5,20251030,080500,0.55,0.55,0.55,0.55,26000,0
280.HK,5,20251030,082500,0.55,0.55,0.55,0.55,10000,0
280.HK,5,20251030,083000,0.54,0.55,0.54,0.55,84000,0
280.HK,5,20251030,084000,0.55,0.55,0.54,0.54,40000,0
280.HK,5,20251030,085500,0.54,0.54,0.54,0.54,118000,0
280.HK,5,20251031,025500,0.55,0.55,0.55,0.55,200000,0
280.HK,5,20251031,030000,0.55,0.55,0.55,0.55,2000,0
280.HK,5,20251031,041500,0.55,0.55,0.55,0.55,4000,0
280.HK,5,20251031,062000,0.55,0.55,0.55,0.55,150000,0
280.HK,5,20251031,070000,0.55,0.55,0.55,0.55,4000,0
280.HK,5,20251031,071000,0.55,0.55,0.55,0.55,2000,0
280.HK,5,20251031,071500,0.55,0.55,0.55,0.55,10000,0
280.HK,5,20251031,073500,0.55,0.55,0.55,0.55,2000,0
280.HK,5,20251031,085500,0.55,0.55,0.55,0.55,8000,0
280.HK,5,20251103,025000,0.55,0.55,0.55,0.55,50000,0
280.HK,5,20251103,031000,0.55,0.55,0.55,0.55,2000,0
280.HK,5,20251103,031500,0.55,0.55,0.55,0.55,86000,0
280.HK,5,20251103,033000,0.55,0.55,0.55,0.55,4000,0
280.HK,5,20251103,042500,0.54,0.54,0.54,0.54,32000,0
280.HK,5,20251103,043000,0.54,0.54,0.54,0.54,10000,0
280.HK,5,20251103,044000,0.54,0.54,0.54,0.54,2000,0
280.HK,5,20251103,063500,0.54,0.54,0.54,0.54,10000,0
280.HK,5,20251103,065500,0.54,0.54,0.54,0.54,8000,0
280.HK,5,20251103,071500,0.54,0.54,0.54,0.54,128000,0
280.HK,5,20251103,072000,0.54,0.54,0.54,0.54,52000,0
280.HK,5,20251103,072500,0.55,0.55,0.55,0.55,2000,0
280.HK,5,20251103,074000,0.54,0.54,0.54,0.54,2000,0
280.HK,5,20251103,085000,0.54,0.54,0.54,0.54,28000,0
280.HK,5,20251104,034000,0.54,0.54,0.54,0.54,2000,0
280.HK,5,20251104,043000,0.54,0.54,0.54,0.54,34000,0
280.HK,5,20251104,061500,0.53,0.53,0.53,0.53,8000,0
280.HK,5,20251104,062500,0.53,0.53,0.53,0.53,2000,0
280.HK,5,20251104,071500,0.53,0.53,0.53,0.53,20000,0
280.HK,5,20251104,072500,0.53,0.53,0.53,0.53,38000,0
280.HK,5,20251104,074000,0.53,0.53,0.53,0.53,12000,0
280.HK,5,20251104,083000,0.53,0.53,0.53,0.53,20000,0
280.HK,5,20251104,085000,0.53,0.53,0.53,0.53,112000,0
280.HK,5,20251105,023500,0.53,0.53,0.53,0.53,2000,0
280.HK,5,20251105,024500,0.53,0.53,0.53,0.53,2000,0
280.HK,5,20251105,033000,0.53,0.53,0.53,0.53,10000,0
280.HK,5,20251105,043000,0.53,0.53,0.53,0.53,20000,0
280.HK,5,20251105,060000,0.53,0.53,0.53,0.53,258000,0
280.HK,5,20251105,063000,0.53,0.53,0.53,0.53,6000,0
280.HK,5,20251105,072500,0.53,0.53,0.53,0.53,48000,0
280.HK,5,20251105,080500,0.54,0.54,0.54,0.54,2000,0
280.HK,5,20251105,081500,0.53,0.53,0.53,0.53,4000,0
280.HK,5,20251105,084500,0.53,0.53,0.53,0.53,4000,0
280.HK,5,20251105,085000,0.53,0.53,0.53,0.53,2000,0
280.HK,5,20251106,031000,0.53,0.53,0.53,0.53,76000,0
280.HK,5,20251106,035000,0.52,0.53,0.52,0.53,28000,0
280.HK,5,20251106,040000,0.53,0.53,0.53,0.53,4000,0
280.HK,5,20251106,040500,0.53,0.53,0.53,0.53,4000,0
280.HK,5,20251106,041500,0.53,0.53,0.53,0.53,4000,0
280.HK,5,20251106,043500,0.53,0.53,0.53,0.53,4000,0
280.HK,5,20251106,060500,0.53,0.53,0.53,0.53,96000,0
280.HK,5,20251106,061500,0.53,0.53,0.53,0.53,6000,0
280.HK,5,20251106,062500,0.53,0.53,0.53,0.53,20000,0
280.HK,5,20251107,035000,0.53,0.53,0.53,0.53,2000,0
280.HK,5,20251107,040000,0.53,0.53,0.53,0.53,2000,0
280.HK,5,20251107,040500,0.53,0.53,0.53,0.53,2000,0
280.HK,5,20251107,060500,0.53,0.53,0.53,0.53,8000,0
280.HK,5,20251107,062500,0.53,0.53,0.53,0.53,10000,0
280.HK,5,20251107,080500,0.53,0.53,0.53,0.53,10000,0
280.HK,5,20251107,084500,0.53,0.53,0.53,0.53,2000,0
280.HK,5,20251110,032000,0.54,0.54,0.54,0.54,80000,0
280.HK,5,20251110,033000,0.55,0.55,0.55,0.55,2000,0
280.HK,5,20251110,040500,0.55,0.55,0.55,0.55,2000,0
280.HK,5,20251110,065000,0.54,0.55,0.54,0.55,34000,0
280.HK,5,20251110,080000,0.55,0.55,0.55,0.55,30000,0
280.HK,5,20251110,081000,0.55,0.55,0.55,0.55,30000,0
280.HK,5,20251110,082000,0.55,0.55,0.55,0.55,10000,0
280.HK,5,20251110,083000,0.55,0.55,0.55,0.55,20000,0
280.HK,5,20251111,023000,0.55,0.55,0.55,0.55,24000,0
280.HK,5,20251111,024500,0.55,0.55,0.55,0.55,16000,0
280.HK,5,20251112,023500,0.54,0.54,0.54,0.54,6000,0
280.HK,5,20251112,030500,0.54,0.54,0.54,0.54,8000,0
280.HK,5,20251112,031500,0.54,0.54,0.54,0.54,10000,0
280.HK,5,20251112,032000,0.54,0.54,0.54,0.54,2000,0
280.HK,5,20251112,033000,0.54,0.54,0.54,0.54,2000,0
280.HK,5,20251112,042000,0.54,0.54,0.54,0.54,90000,0
280.HK,5,20251112,083500,0.54,0.54,0.54,0.54,14000,0
280.HK,5,20251113,073000,0.55,0.55,0.55,0.55,20000,0
280.HK,5,20251113,075000,0.55,0.55,0.55,0.55,30000,0
280.HK,5,20251113,075500,0.55,0.55,0.55,0.55,20000,0
280.HK,5,20251114,044000,0.55,0.55,0.55,0.55,66000,0
280.HK,5,20251117,023000,0.55,0.55,0.55,0.55,70000,0
280.HK,5,20251117,023500,0.55,0.56,0.55,0.56,98000,0
280.HK,5,20251117,024500,0.56,0.56,0.56,0.56,16000,0
280.HK,5,20251117,031000,0.55,0.55,0.55,0.55,16000,0
280.HK,5,20251117,061500,0.55,0.55,0.55,0.55,2000,0
280.HK,5,20251117,063000,0.55,0.55,0.55,0.55,50000,0
280.HK,5,20251118,023000,0.54,0.54,0.54,0.54,30000,0
280.HK,5,20251118,033500,0.53,0.53,0.52,0.52,486000,0
280.HK,5,20251118,034000,0.53,0.53,0.52,0.53,18000,0
280.HK,5,20251118,034500,0.53,0.53,0.53,0.53,4000,0
280.HK,5,20251118,035000,0.53,0.53,0.53,0.53,2000,0
280.HK,5,20251118,035500,0.53,0.53,0.53,0.53,1052000,0
280.HK,5,20251118,040500,0.52,0.52,0.52,0.52,8000,0
280.HK,5,20251118,043000,0.53,0.53,0.53,0.53,8000,0
280.HK,5,20251118,060000,0.53,0.53,0.53,0.53,10000,0
280.HK,5,20251118,061500,0.52,0.52,0.52,0.52,18000,0
280.HK,5,20251118,070000,0.52,0.52,0.52,0.52,2000,0
280.HK,5,20251118,071000,0.52,0.52,0.52,0.52,30000,0
280.HK,5,20251118,072000,0.52,0.52,0.52,0.52,8000,0
280.HK,5,20251118,072500,0.52,0.52,0.52,0.52,164000,0
280.HK,5,20251118,073500,0.52,0.52,0.52,0.52,10000,0
280.HK,5,20251118,081500,0.52,0.52,0.52,0.52,120000,0
280.HK,5,20251118,083000,0.52,0.52,0.52,0.52,2000,0
280.HK,5,20251118,083500,0.52,0.52,0.52,0.52,98000,0
280.HK,5,20251118,085500,0.52,0.52,0.52,0.52,2000,0
280.HK,5,20251119,031000,0.52,0.52,0.52,0.52,42000,0
280.HK,5,20251119,035500,0.52,0.52,0.52,0.52,50000,0
280.HK,5,20251119,040500,0.52,0.52,0.52,0.52,10000,0
280.HK,5,20251119,042500,0.52,0.52,0.52,0.52,2000,0
280.HK,5,20251119,044500,0.52,0.52,0.52,0.52,10000,0
280.HK,5,20251119,045000,0.52,0.52,0.52,0.52,12000,0
280.HK,5,20251119,060000,0.52,0.52,0.52,0.52,4000,0
280.HK,5,20251119,072500,0.52,0.52,0.52,0.52,110000,0
280.HK,5,20251119,081000,0.52,0.52,0.52,0.52,100000,0
280.HK,5,20251120,023000,0.51,0.52,0.51,0.52,100000,0
280.HK,5,20251120,030500,0.51,0.51,0.51,0.51,60000,0
280.HK,5,20251120,035000,0.51,0.51,0.51,0.51,4000,0
280.HK,5,20251120,045500,0.51,0.51,0.51,0.51,2000,0
280.HK,5,20251120,075000,0.51,0.51,0.51,0.51,88000,0
280.HK,5,20251120,075500,0.51,0.51,0.51,0.51,42000,0
280.HK,5,20251120,081000,0.51,0.51,0.51,0.51,2000,0
280.HK,5,20251120,084000,0.51,0.51,0.51,0.51,50000,0
280.HK,5,20251120,085500,0.51,0.51,0.51,0.51,200000,0
280.HK,5,20251121,033500,0.50,0.50,0.50,0.50,18000,0
280.HK,5,20251121,034000,0.51,0.51,0.51,0.51,4000,0
280.HK,5,20251121,041000,0.50,0.50,0.50,0.50,2000,0
280.HK,5,20251121,045000,0.50,0.50,0.50,0.50,8000,0
280.HK,5,20251121,062000,0.51,0.51,0.51,0.51,6000,0
280.HK,5,20251121,063000,0.50,0.50,0.50,0.50,146000,0
280.HK,5,20251121,072500,0.50,0.50,0.50,0.50,206000,0
280.HK,5,20251121,081500,0.50,0.50,0.50,0.50,38000,0
280.HK,5,20251121,082000,0.50,0.50,0.50,0.50,8000,0
280.HK,5,20251124,062000,0.51,0.51,0.51,0.51,20000,0
280.HK,5,20251124,062500,0.51,0.52,0.51,0.52,138000,0
280.HK,5,20251124,070500,0.52,0.52,0.52,0.52,20000,0
280.HK,5,20251124,071500,0.52,0.52,0.52,0.52,20000,0
280.HK,5,20251124,072500,0.51,0.51,0.51,0.51,6000,0
280.HK,5,20251124,073000,0.51,0.51,0.51,0.51,42000,0
280.HK,5,20251124,073500,0.51,0.51,0.51,0.51,32000,0
280.HK,5,20251124,075000,0.52,0.52,0.52,0.52,2000,0
280.HK,5,20251124,081500,0.51,0.51,0.51,0.51,2000,0
280.HK,5,20251125,033500,0.51,0.51,0.51,0.51,40000,0
280.HK,5,20251125,043500,0.51,0.51,0.51,0.51,50000,0
280.HK,5,20251125,044000,0.51,0.51,0.51,0.51,66000,0
280.HK,5,20251126,024500,0.51,0.51,0.51,0.51,2000,0
280.HK,5,20251126,042000,0.51,0.51,0.51,0.51,64000,0
280.HK,5,20251126,042500,0.51,0.51,0.51,0.51,34000,0
280.HK,5,20251126,063000,0.52,0.52,0.52,0.52,38000,0
280.HK,5,20251126,075500,0.51,0.51,0.51,0.51,2000,0
280.HK,5,20251126,080000,0.52,0.52,0.52,0.52,150000,0
280.HK,5,20251126,084000,0.51,0.51,0.51,0.51,58000,0
280.HK,5,20251126,085000,0.52,0.52,0.52,0.52,6000,0
280.HK,5,20251127,043500,0.52,0.52,0.52,0.52,22000,0
280.HK,5,20251127,085500,0.52,0.52,0.52,0.52,22000,0
280.HK,5,20251128,060500,0.52,0.52,0.52,0.52,8000,0
280.HK,5,20251128,082000,0.51,0.51,0.51,0.51,12000,0
280.HK,5,20251128,085500,0.51,0.51,0.51,0.51,200000,0
280.HK,5,20251201,085500,0.51,0.51,0.51,0.51,2000,0
280.HK,5,20251202,075500,0.52,0.52,0.52,0.52,2000,0
280.HK,5,20251203,034500,0.51,0.51,0.51,0.51,2000,0
280.HK,5,20251203,060000,0.51,0.51,0.51,0.51,54000,0
280.HK,5,20251203,063000,0.51,0.51,0.51,0.51,2000,0
280.HK,5,20251203,071000,0.51,0.51,0.51,0.51,2000,0
280.HK,5,20251203,072500,0.51,0.51,0.51,0.51,4000,0
280.HK,5,20251203,075000,0.51,0.51,0.51,0.51,2000,0
280.HK,5,20251203,082000,0.51,0.51,0.51,0.51,4000,0
280.HK,5,20251203,085500,0.51,0.51,0.51,0.51,4000,0
280.HK,5,20251204,023000,0.51,0.51,0.51,0.51,18000,0
280.HK,5,20251204,025500,0.51,0.51,0.51,0.51,36000,0
280.HK,5,20251204,035000,0.52,0.52,0.52,0.52,2000,0
280.HK,5,20251204,044000,0.51,0.51,0.51,0.51,2000,0
280.HK,5,20251204,044500,0.51,0.51,0.51,0.51,10000,0
280.HK,5,20251204,062500,0.51,0.51,0.51,0.51,2000,0
280.HK,5,20251204,070500,0.51,0.51,0.51,0.51,2000,0
280.HK,5,20251204,074500,0.51,0.51,0.51,0.51,2000,0
280.HK,5,20251204,082000,0.51,0.51,0.51,0.51,2000,0
280.HK,5,20251204,085500,0.51,0.51,0.51,0.51,4000,0
