<TICKER>,<PER>,<DATE>,<TIME>,<OPEN>,<HIGH>,<LOW>,<CLOSE>,<VOL>,<OPENINT>
3442.HK,5,20250716,045000,8.40,8.40,8.38,8.38,200,0
3442.HK,5,20250725,075000,8.71,8.71,8.71,8.71,700,0
3442.HK,5,20250728,051000,8.76,8.76,8.76,8.76,400,0
3442.HK,5,20250728,082500,8.74,8.74,8.74,8.74,200,0
3442.HK,5,20250729,040500,8.68,8.69,8.68,8.69,100,0
3442.HK,5,20250730,033000,8.69,8.69,8.57,8.57,2800,0
3442.HK,5,20250804,043500,8.41,8.47,8.41,8.47,200,0
3442.HK,5,20250805,074000,8.58,8.58,8.58,8.58,300,0
3442.HK,5,20250818,041500,8.85,8.85,8.83,8.83,300,0
3442.HK,5,20250829,095000,8.86,8.86,8.86,8.86,300,0
3442.HK,5,20250904,043500,8.77,8.77,8.76,8.76,3200,0
3442.HK,5,20250911,041500,8.98,8.99,8.98,8.99,300,0
3442.HK,5,20250912,050000,9.14,9.14,9.14,9.14,1000,0
3442.HK,5,20250919,035500,9.58,9.58,9.58,9.58,42000,0
3442.HK,5,20250923,093500,9.46,9.47,9.46,9.47,700,0
3442.HK,5,20250924,045000,9.56,9.61,9.56,9.61,100,0
3442.HK,5,20250929,044500,9.60,9.60,9.60,9.60,100,0
3442.HK,5,20250929,075000,9.60,9.61,9.59,9.61,42000,0
3442.HK,5,20251003,033500,10.03,10.03,10.03,10.03,400,0
3442.HK,5,20251006,033500,9.96,9.96,9.96,9.96,1500,0
3442.HK,5,20251006,095000,9.96,9.96,9.96,9.96,1300,0
3442.HK,5,20251008,033000,9.89,9.89,9.89,9.89,5000,0
3442.HK,5,20251008,085000,9.85,9.85,9.85,9.85,2000,0
3442.HK,5,20251010,033000,9.83,9.83,9.83,9.83,1500,0
3442.HK,5,20251010,075000,9.68,9.68,9.68,9.68,300,0
3442.HK,5,20251010,091500,9.64,9.64,9.64,9.64,100,0
3442.HK,5,20251013,053500,9.30,9.40,9.28,9.40,4900,0
3442.HK,5,20251023,053000,9.21,9.22,9.21,9.22,100,0
3442.HK,5,20251027,032000,9.53,9.57,9.53,9.57,300,0
3442.HK,5,20251028,080500,9.57,9.57,9.57,9.57,1000,0
3442.HK,5,20251030,032000,9.70,9.70,9.70,9.70,10000,0
3442.HK,5,20251030,075500,9.56,9.58,9.56,9.58,100,0
3442.HK,5,20251104,024500,9.45,9.45,9.45,9.45,900,0
3442.HK,5,20251104,060000,9.39,9.39,9.39,9.39,2000,0
3442.HK,5,20251104,060500,9.39,9.39,9.32,9.32,6000,0
3442.HK,5,20251106,025000,9.26,9.26,9.26,9.26,4900,0
3442.HK,5,20251106,034500,9.35,9.37,9.35,9.37,2000,0
3442.HK,5,20251107,083000,9.24,9.25,9.24,9.25,32800,0
3442.HK,5,20251107,084000,9.24,9.24,9.24,9.24,10900,0
3442.HK,5,20251107,084500,9.24,9.24,9.24,9.24,166300,0
3442.HK,5,20251110,023000,9.32,9.32,9.30,9.30,32200,0
3442.HK,5,20251110,023500,9.30,9.30,9.29,9.29,14800,0
3442.HK,5,20251110,024000,9.28,9.28,9.24,9.26,31300,0
3442.HK,5,20251110,024500,9.26,9.27,9.26,9.27,8100,0
3442.HK,5,20251110,025000,9.27,9.28,9.27,9.28,4900,0
3442.HK,5,20251110,025500,9.28,9.28,9.26,9.26,21500,0
3442.HK,5,20251110,030000,9.26,9.26,9.25,9.25,14300,0
3442.HK,5,20251110,030500,9.24,9.24,9.24,9.24,10700,0
3442.HK,5,20251110,031000,9.23,9.23,9.23,9.23,2500,0
3442.HK,5,20251110,031500,9.25,9.25,9.24,9.24,1200,0
3442.HK,5,20251110,032500,9.27,9.27,9.27,9.27,30100,0
3442.HK,5,20251110,033000,9.26,9.26,9.26,9.26,600,0
3442.HK,5,20251110,033500,9.26,9.26,9.26,9.26,2000,0
3442.HK,5,20251110,035000,9.26,9.26,9.26,9.26,45800,0
3442.HK,5,20251110,035500,9.28,9.28,9.28,9.28,1400,0
3442.HK,5,20251110,041000,9.27,9.27,9.27,9.27,1100,0
3442.HK,5,20251110,042000,9.27,9.27,9.27,9.27,3100,0
3442.HK,5,20251110,043000,9.27,9.27,9.27,9.27,1400,0
3442.HK,5,20251110,043500,9.27,9.28,9.27,9.28,1900,0
3442.HK,5,20251110,044500,9.28,9.28,9.28,9.28,300,0
3442.HK,5,20251110,045000,9.28,9.28,9.28,9.28,14300,0
3442.HK,5,20251110,045500,9.28,9.28,9.28,9.28,1500,0
3442.HK,5,20251110,060000,9.29,9.30,9.29,9.29,56100,0
3442.HK,5,20251110,060500,9.30,9.30,9.30,9.30,50200,0
3442.HK,5,20251110,061000,9.30,9.30,9.30,9.30,4100,0
3442.HK,5,20251110,061500,9.30,9.30,9.30,9.30,4400,0
3442.HK,5,20251110,062000,9.31,9.31,9.31,9.31,38100,0
3442.HK,5,20251110,062500,9.31,9.32,9.31,9.32,89100,0
3442.HK,5,20251110,063000,9.32,9.33,9.32,9.33,42400,0
3442.HK,5,20251110,063500,9.33,9.33,9.32,9.32,13500,0
3442.HK,5,20251110,064000,9.32,9.33,9.32,9.32,9300,0
3442.HK,5,20251110,064500,9.33,9.34,9.33,9.34,321100,0
3442.HK,5,20251110,065000,9.34,9.34,9.33,9.33,26600,0
3442.HK,5,20251110,065500,9.34,9.34,9.33,9.33,2800,0
3442.HK,5,20251110,070000,9.34,9.34,9.33,9.34,17200,0
3442.HK,5,20251110,070500,9.34,9.34,9.34,9.34,1200,0
3442.HK,5,20251110,071000,9.34,9.34,9.33,9.34,9300,0
3442.HK,5,20251110,071500,9.34,9.34,9.34,9.34,104000,0
3442.HK,5,20251110,072000,9.33,9.33,9.33,9.33,3000,0
3442.HK,5,20251110,072500,9.33,9.34,9.33,9.34,104800,0
3442.HK,5,20251110,073000,9.33,9.34,9.33,9.33,8000,0
3442.HK,5,20251110,073500,9.33,9.34,9.33,9.34,11300,0
3442.HK,5,20251110,074000,9.33,9.35,9.33,9.35,18200,0
3442.HK,5,20251110,074500,9.35,9.35,9.35,9.35,35700,0
3442.HK,5,20251110,075000,9.35,9.35,9.34,9.34,17700,0
3442.HK,5,20251110,075500,9.34,9.35,9.34,9.34,28800,0
3442.HK,5,20251110,080000,9.35,9.35,9.33,9.34,4300,0
3442.HK,5,20251110,080500,9.34,9.34,9.34,9.34,5100,0
3442.HK,5,20251110,081000,9.34,9.35,9.34,9.35,2200,0
3442.HK,5,20251110,081500,9.35,9.35,9.35,9.35,5500,0
3442.HK,5,20251110,082000,9.35,9.35,9.35,9.35,1300,0
3442.HK,5,20251110,082500,9.35,9.35,9.34,9.34,18200,0
3442.HK,5,20251110,083000,9.35,9.35,9.35,9.35,7700,0
3442.HK,5,20251110,083500,9.35,9.35,9.35,9.35,300,0
3442.HK,5,20251110,084000,9.35,9.35,9.35,9.35,20100,0
3442.HK,5,20251110,084500,9.35,9.36,9.35,9.36,26800,0
3442.HK,5,20251110,085500,9.36,9.36,9.36,9.36,2000,0
3442.HK,5,20251111,023000,9.72,9.79,9.45,9.47,279200,0
3442.HK,5,20251111,023500,9.47,9.47,9.45,9.46,133800,0
3442.HK,5,20251111,024000,9.46,9.46,9.44,9.44,143000,0
3442.HK,5,20251111,024500,9.45,9.46,9.45,9.46,93700,0
3442.HK,5,20251111,025000,9.46,9.46,9.46,9.46,36700,0
3442.HK,5,20251111,025500,9.46,9.46,9.46,9.46,45900,0
3442.HK,5,20251111,030000,9.46,9.46,9.45,9.45,62600,0
3442.HK,5,20251111,030500,9.45,9.45,9.44,9.45,23900,0
3442.HK,5,20251111,031000,9.45,9.45,9.44,9.45,25400,0
3442.HK,5,20251111,031500,9.45,9.45,9.45,9.45,35400,0
3442.HK,5,20251111,032000,9.45,9.45,9.45,9.45,66400,0
3442.HK,5,20251111,032500,9.44,9.44,9.44,9.44,33400,0
3442.HK,5,20251111,033000,9.43,9.43,9.43,9.43,14200,0
3442.HK,5,20251111,033500,9.43,9.43,9.43,9.43,7800,0
3442.HK,5,20251111,034000,9.43,9.44,9.43,9.43,203600,0
3442.HK,5,20251111,034500,9.43,9.43,9.43,9.43,29100,0
3442.HK,5,20251111,035000,9.43,9.43,9.43,9.43,300,0
3442.HK,5,20251111,035500,9.42,9.42,9.41,9.41,16400,0
3442.HK,5,20251111,040000,9.41,9.41,9.40,9.40,21900,0
3442.HK,5,20251111,040500,9.40,9.40,9.40,9.40,7800,0
3442.HK,5,20251111,041000,9.40,9.40,9.40,9.40,63300,0
3442.HK,5,20251111,041500,9.41,9.41,9.41,9.41,48700,0
3442.HK,5,20251111,042000,9.41,9.41,9.41,9.41,10200,0
3442.HK,5,20251111,042500,9.41,9.41,9.40,9.40,8900,0
3442.HK,5,20251111,043000,9.41,9.41,9.40,9.40,10000,0
3442.HK,5,20251111,043500,9.40,9.40,9.40,9.40,8400,0
3442.HK,5,20251111,044000,9.40,9.40,9.40,9.40,2300,0
3442.HK,5,20251111,045000,9.40,9.40,9.40,9.40,200,0
3442.HK,5,20251111,045500,9.40,9.41,9.40,9.41,4800,0
3442.HK,5,20251111,060000,9.42,9.42,9.40,9.40,70400,0
3442.HK,5,20251111,060500,9.40,9.40,9.40,9.40,15500,0
3442.HK,5,20251111,061000,9.40,9.40,9.38,9.38,90200,0
3442.HK,5,20251111,061500,9.38,9.38,9.38,9.38,11400,0
3442.HK,5,20251111,062000,9.38,9.38,9.37,9.37,21500,0
3442.HK,5,20251111,062500,9.37,9.37,9.37,9.37,5000,0
3442.HK,5,20251111,063000,9.37,9.39,9.37,9.39,88600,0
3442.HK,5,20251111,063500,9.39,9.39,9.39,9.39,21700,0
3442.HK,5,20251111,064000,9.39,9.39,9.39,9.39,1700,0
3442.HK,5,20251111,064500,9.39,9.39,9.38,9.38,6700,0
3442.HK,5,20251111,065000,9.39,9.39,9.39,9.39,2000,0
3442.HK,5,20251111,065500,9.39,9.39,9.38,9.39,46800,0
3442.HK,5,20251111,070000,9.39,9.39,9.39,9.39,4700,0
3442.HK,5,20251111,070500,9.39,9.39,9.39,9.39,57100,0
3442.HK,5,20251111,071000,9.39,9.39,9.39,9.39,8000,0
3442.HK,5,20251111,071500,9.39,9.39,9.39,9.39,4700,0
3442.HK,5,20251111,072000,9.39,9.40,9.39,9.40,35500,0
3442.HK,5,20251111,072500,9.40,9.40,9.40,9.40,6300,0
3442.HK,5,20251111,073000,9.40,9.40,9.39,9.39,45600,0
3442.HK,5,20251111,073500,9.39,9.39,9.39,9.39,15500,0
3442.HK,5,20251111,074000,9.39,9.40,9.39,9.40,113800,0
3442.HK,5,20251111,074500,9.40,9.40,9.39,9.39,40700,0
3442.HK,5,20251111,075000,9.40,9.40,9.40,9.40,300,0
3442.HK,5,20251111,075500,9.40,9.40,9.40,9.40,35200,0
3442.HK,5,20251111,080000,9.40,9.40,9.40,9.40,5300,0
3442.HK,5,20251111,080500,9.39,9.39,9.39,9.39,100,0
3442.HK,5,20251111,081000,9.40,9.40,9.40,9.40,1900,0
3442.HK,5,20251111,082000,9.40,9.42,9.40,9.42,43100,0
3442.HK,5,20251111,082500,9.42,9.42,9.40,9.40,5500,0
3442.HK,5,20251111,083000,9.40,9.40,9.40,9.40,1300,0
3442.HK,5,20251111,083500,9.40,9.40,9.40,9.40,7200,0
3442.HK,5,20251111,084000,9.40,9.40,9.40,9.40,72000,0
3442.HK,5,20251111,085000,9.40,9.40,9.40,9.40,5400,0
3442.HK,5,20251111,085500,9.40,9.40,9.40,9.40,4300,0
3442.HK,5,20251112,023000,9.49,9.50,9.40,9.40,7500,0
3442.HK,5,20251112,024000,9.39,9.40,9.39,9.40,8300,0
3442.HK,5,20251112,024500,9.40,9.40,9.40,9.40,3600,0
3442.HK,5,20251112,025000,9.40,9.40,9.40,9.40,5000,0
3442.HK,5,20251112,025500,9.40,9.42,9.40,9.42,10400,0
3442.HK,5,20251112,030000,9.42,9.43,9.42,9.42,48000,0
3442.HK,5,20251112,030500,9.42,9.43,9.42,9.43,10900,0
3442.HK,5,20251112,031000,9.44,9.44,9.43,9.43,217600,0
3442.HK,5,20251112,031500,9.44,9.44,9.44,9.44,500,0
3442.HK,5,20251112,032000,9.45,9.45,9.44,9.44,3900,0
3442.HK,5,20251112,033000,9.44,9.44,9.43,9.43,95800,0
3442.HK,5,20251112,033500,9.43,9.43,9.43,9.43,5600,0
3442.HK,5,20251112,034000,9.43,9.43,9.43,9.43,12800,0
3442.HK,5,20251112,034500,9.43,9.43,9.40,9.40,58900,0
3442.HK,5,20251112,035000,9.40,9.40,9.40,9.40,1020400,0
3442.HK,5,20251112,035500,9.40,9.40,9.40,9.40,116700,0
3442.HK,5,20251112,040000,9.40,9.40,9.39,9.39,96800,0
3442.HK,5,20251112,040500,9.39,9.39,9.39,9.39,1400,0
3442.HK,5,20251112,041000,9.39,9.39,9.39,9.39,29200,0
3442.HK,5,20251112,041500,9.39,9.39,9.39,9.39,5400,0
3442.HK,5,20251112,042000,9.39,9.39,9.39,9.39,200,0
3442.HK,5,20251112,042500,9.40,9.40,9.40,9.40,200,0
3442.HK,5,20251112,043000,9.39,9.39,9.39,9.39,11100,0
3442.HK,5,20251112,044000,9.40,9.40,9.39,9.39,4600,0
3442.HK,5,20251112,060000,9.39,9.39,9.38,9.39,148600,0
3442.HK,5,20251112,063500,9.39,9.39,9.39,9.39,4400,0
3442.HK,5,20251112,064000,9.39,9.39,9.39,9.39,4000,0
3442.HK,5,20251112,064500,9.39,9.42,9.39,9.42,23000,0
3442.HK,5,20251112,065000,9.41,9.41,9.40,9.40,7500,0
3442.HK,5,20251112,065500,9.40,9.41,9.40,9.41,6000,0
3442.HK,5,20251112,070000,9.41,9.41,9.40,9.41,2600,0
3442.HK,5,20251112,070500,9.41,9.41,9.41,9.41,100,0
3442.HK,5,20251112,071000,9.42,9.42,9.42,9.42,10000,0
3442.HK,5,20251112,071500,9.42,9.42,9.40,9.40,24000,0
3442.HK,5,20251112,072000,9.40,9.41,9.40,9.41,2200,0
3442.HK,5,20251112,072500,9.41,9.41,9.40,9.41,2300,0
3442.HK,5,20251112,073000,9.41,9.41,9.40,9.41,2800,0
3442.HK,5,20251112,073500,9.41,9.42,9.41,9.41,800,0
3442.HK,5,20251112,074000,9.42,9.42,9.42,9.42,3000,0
3442.HK,5,20251112,074500,9.42,9.42,9.41,9.42,5600,0
3442.HK,5,20251112,075000,9.42,9.42,9.40,9.40,8700,0
3442.HK,5,20251112,075500,9.40,9.40,9.40,9.40,900,0
3442.HK,5,20251112,080000,9.40,9.41,9.40,9.41,2500,0
3442.HK,5,20251112,080500,9.41,9.41,9.40,9.41,20200,0
3442.HK,5,20251112,081000,9.42,9.43,9.42,9.43,1700,0
3442.HK,5,20251112,081500,9.43,9.46,9.43,9.46,96400,0
3442.HK,5,20251112,082500,9.50,9.50,9.43,9.43,21500,0
3442.HK,5,20251112,083000,9.43,9.43,9.43,9.43,300,0
3442.HK,5,20251112,083500,9.43,9.43,9.42,9.42,4800,0
3442.HK,5,20251112,084000,9.43,9.43,9.43,9.43,900,0
3442.HK,5,20251112,084500,9.43,9.43,9.43,9.43,13500,0
3442.HK,5,20251112,085500,9.43,9.43,9.43,9.43,7100,0
3442.HK,5,20251113,023000,9.50,9.50,9.31,9.32,49400,0
3442.HK,5,20251113,023500,9.32,9.33,9.31,9.33,214200,0
3442.HK,5,20251113,024000,9.33,9.33,9.32,9.32,31700,0
3442.HK,5,20251113,024500,9.32,9.33,9.32,9.33,16900,0
3442.HK,5,20251113,025000,9.33,9.33,9.31,9.31,73700,0
3442.HK,5,20251113,025500,9.31,9.31,9.31,9.31,19900,0
3442.HK,5,20251113,030000,9.31,9.32,9.31,9.32,11100,0
3442.HK,5,20251113,030500,9.32,9.32,9.31,9.31,289900,0
3442.HK,5,20251113,031000,9.30,9.31,9.30,9.30,3577400,0
3442.HK,5,20251113,031500,9.30,9.32,9.30,9.30,1895800,0
3442.HK,5,20251113,032000,9.30,9.30,9.28,9.30,93700,0
3442.HK,5,20251113,032500,9.30,9.30,9.30,9.30,164700,0
3442.HK,5,20251113,033000,9.30,9.30,9.30,9.30,2200,0
3442.HK,5,20251113,033500,9.30,9.30,9.30,9.30,18200,0
3442.HK,5,20251113,034000,9.30,9.30,9.30,9.30,2900,0
3442.HK,5,20251113,034500,9.30,9.30,9.30,9.30,11900,0
3442.HK,5,20251113,035000,9.31,9.31,9.31,9.31,22600,0
3442.HK,5,20251113,035500,9.31,9.31,9.31,9.31,17000,0
3442.HK,5,20251113,040000,9.31,9.31,9.31,9.31,5300,0
3442.HK,5,20251113,040500,9.31,9.31,9.30,9.30,15300,0
3442.HK,5,20251113,041000,9.31,9.31,9.31,9.31,1400,0
3442.HK,5,20251113,041500,9.31,9.31,9.31,9.31,3500,0
3442.HK,5,20251113,042000,9.31,9.31,9.31,9.31,1500,0
3442.HK,5,20251113,042500,9.31,9.33,9.31,9.33,11000,0
3442.HK,5,20251113,043000,9.33,9.33,9.33,9.33,11400,0
3442.HK,5,20251113,043500,9.33,9.33,9.33,9.33,5600,0
3442.HK,5,20251113,044000,9.33,9.33,9.32,9.32,167900,0
3442.HK,5,20251113,044500,9.32,9.32,9.32,9.32,74500,0
3442.HK,5,20251113,045000,9.32,9.32,9.32,9.32,1100,0
3442.HK,5,20251113,045500,9.32,9.32,9.31,9.31,11200,0
3442.HK,5,20251113,060000,9.32,9.32,9.31,9.31,3400,0
3442.HK,5,20251113,060500,9.31,9.31,9.31,9.31,1500,0
3442.HK,5,20251113,061000,9.32,9.32,9.32,9.32,2000,0
3442.HK,5,20251113,061500,9.32,9.32,9.32,9.32,17500,0
3442.HK,5,20251113,062000,9.32,9.32,9.32,9.32,13500,0
3442.HK,5,20251113,062500,9.32,9.32,9.32,9.32,12100,0
3442.HK,5,20251113,063000,9.32,9.32,9.32,9.32,12800,0
3442.HK,5,20251113,063500,9.32,9.32,9.32,9.32,9400,0
3442.HK,5,20251113,064000,9.33,9.33,9.32,9.32,19200,0
3442.HK,5,20251113,064500,9.32,9.32,9.32,9.32,2300,0
3442.HK,5,20251113,065000,9.32,9.32,9.32,9.32,15400,0
3442.HK,5,20251113,065500,9.32,9.32,9.32,9.32,2700,0
3442.HK,5,20251113,070000,9.32,9.32,9.32,9.32,19100,0
3442.HK,5,20251113,070500,9.32,9.32,9.32,9.32,2500,0
3442.HK,5,20251113,071500,9.33,9.33,9.33,9.33,5700,0
3442.HK,5,20251113,072000,9.33,9.33,9.33,9.33,1500,0
3442.HK,5,20251113,072500,9.34,9.34,9.34,9.34,11700,0
3442.HK,5,20251113,073000,9.34,9.34,9.34,9.34,352300,0
3442.HK,5,20251113,073500,9.34,9.35,9.34,9.35,201000,0
3442.HK,5,20251113,074000,9.38,9.38,9.38,9.38,100,0
3442.HK,5,20251113,074500,9.41,9.42,9.39,9.42,34800,0
3442.HK,5,20251113,075000,9.40,9.44,9.40,9.43,45200,0
3442.HK,5,20251113,075500,9.43,9.43,9.42,9.42,101600,0
3442.HK,5,20251113,080000,9.41,9.41,9.40,9.40,3444900,0
3442.HK,5,20251113,080500,9.39,9.40,9.38,9.38,943600,0
3442.HK,5,20251113,081000,9.38,9.38,9.38,9.38,1082400,0
3442.HK,5,20251113,082000,9.38,9.39,9.38,9.39,400,0
3442.HK,5,20251113,082500,9.39,9.39,9.39,9.39,15800,0
3442.HK,5,20251113,083000,9.39,9.39,9.39,9.39,300,0
3442.HK,5,20251113,083500,9.39,9.39,9.39,9.39,500,0
3442.HK,5,20251113,084000,9.39,9.39,9.39,9.39,700,0
3442.HK,5,20251113,085000,9.40,9.40,9.40,9.40,24300,0
3442.HK,5,20251113,085500,9.40,9.44,9.40,9.44,60500,0
3442.HK,5,20251114,023000,9.24,9.24,9.22,9.22,97600,0
3442.HK,5,20251114,023500,9.22,9.24,9.22,9.24,25200,0
3442.HK,5,20251114,024000,9.24,9.24,9.21,9.21,341500,0
3442.HK,5,20251114,024500,9.21,9.23,9.21,9.23,955700,0
3442.HK,5,20251114,025000,9.23,9.25,9.23,9.24,27300,0
3442.HK,5,20251114,025500,9.24,9.24,9.24,9.24,14000,0
3442.HK,5,20251114,030000,9.24,9.24,9.24,9.24,18600,0
3442.HK,5,20251114,030500,9.24,9.24,9.24,9.24,17100,0
3442.HK,5,20251114,031000,9.24,9.25,9.24,9.25,9400,0
3442.HK,5,20251114,031500,9.24,9.25,9.24,9.24,12900,0
3442.HK,5,20251114,032000,9.24,9.25,9.24,9.25,4200,0
3442.HK,5,20251114,033000,9.26,9.27,9.26,9.27,22200,0
3442.HK,5,20251114,033500,9.27,9.27,9.26,9.26,18700,0
3442.HK,5,20251114,034000,9.26,9.26,9.25,9.25,43700,0
3442.HK,5,20251114,034500,9.25,9.25,9.23,9.23,41300,0
3442.HK,5,20251114,035000,9.24,9.25,9.24,9.24,16100,0
3442.HK,5,20251114,035500,9.24,9.24,9.23,9.23,13400,0
3442.HK,5,20251114,040000,9.22,9.23,9.22,9.23,9600,0
3442.HK,5,20251114,040500,9.23,9.23,9.22,9.22,12500,0
3442.HK,5,20251114,041000,9.22,9.22,9.22,9.22,37700,0
3442.HK,5,20251114,041500,9.22,9.22,9.22,9.22,10100,0
3442.HK,5,20251114,042000,9.23,9.24,9.23,9.24,41200,0
3442.HK,5,20251114,042500,9.24,9.24,9.23,9.23,4600,0
3442.HK,5,20251114,043000,9.22,9.23,9.22,9.22,23200,0
3442.HK,5,20251114,043500,9.22,9.22,9.22,9.22,29100,0
3442.HK,5,20251114,044000,9.22,9.22,9.22,9.22,700,0
3442.HK,5,20251114,044500,9.22,9.22,9.22,9.22,500,0
3442.HK,5,20251114,045500,9.22,9.22,9.22,9.22,1200,0
3442.HK,5,20251114,060000,9.21,9.22,9.19,9.19,98200,0
3442.HK,5,20251114,060500,9.20,9.20,9.20,9.20,5700,0
3442.HK,5,20251114,061000,9.20,9.20,9.19,9.19,60500,0
3442.HK,5,20251114,061500,9.19,9.19,9.18,9.18,20900,0
3442.HK,5,20251114,062000,9.19,9.19,9.18,9.19,6100,0
3442.HK,5,20251114,062500,9.20,9.20,9.19,9.20,31400,0
3442.HK,5,20251114,063000,9.20,9.20,9.19,9.20,32200,0
3442.HK,5,20251114,063500,9.20,9.20,9.20,9.20,6400,0
3442.HK,5,20251114,064000,9.20,9.21,9.20,9.21,7100,0
3442.HK,5,20251114,064500,9.21,9.22,9.21,9.21,7200,0
3442.HK,5,20251114,065000,9.21,9.21,9.21,9.21,4100,0
3442.HK,5,20251114,065500,9.21,9.21,9.20,9.21,22300,0
3442.HK,5,20251114,070000,9.21,9.21,9.21,9.21,500,0
3442.HK,5,20251114,070500,9.20,9.21,9.20,9.21,4000,0
3442.HK,5,20251114,071000,9.21,9.21,9.21,9.21,8400,0
3442.HK,5,20251114,071500,9.21,9.21,9.20,9.20,21600,0
3442.HK,5,20251114,072000,9.19,9.20,9.19,9.19,95500,0
3442.HK,5,20251114,072500,9.19,9.20,9.18,9.19,7300,0
3442.HK,5,20251114,073000,9.19,9.19,9.19,9.19,8400,0
3442.HK,5,20251114,073500,9.19,9.20,9.18,9.19,30100,0
3442.HK,5,20251114,074000,9.18,9.18,9.18,9.18,2000,0
3442.HK,5,20251114,074500,9.18,9.18,9.18,9.18,700,0
3442.HK,5,20251114,075000,9.18,9.18,9.17,9.17,36600,0
3442.HK,5,20251114,075500,9.17,9.17,9.17,9.17,28000,0
3442.HK,5,20251114,080000,9.17,9.17,9.16,9.16,4800,0
3442.HK,5,20251114,080500,9.16,9.16,9.15,9.15,62100,0
3442.HK,5,20251114,081000,9.15,9.15,9.15,9.15,3000,0
3442.HK,5,20251114,081500,9.15,9.15,9.14,9.14,15900,0
3442.HK,5,20251114,082000,9.14,9.14,9.13,9.13,6200,0
3442.HK,5,20251114,082500,9.13,9.13,9.13,9.13,27800,0
3442.HK,5,20251114,083500,9.14,9.14,9.14,9.14,1300,0
3442.HK,5,20251114,084000,9.15,9.15,9.14,9.14,4000,0
3442.HK,5,20251114,084500,9.14,9.14,9.14,9.14,2200,0
3442.HK,5,20251114,085000,9.14,9.14,9.14,9.14,3700,0
3442.HK,5,20251114,085500,9.14,9.18,9.14,9.18,11200,0
3442.HK,5,20251117,023000,9.20,9.21,9.18,9.18,13100,0
3442.HK,5,20251117,023500,9.18,9.23,9.18,9.23,19700,0
3442.HK,5,20251117,024000,9.22,9.22,9.22,9.22,34500,0
3442.HK,5,20251117,024500,9.22,9.22,9.21,9.21,5500,0
3442.HK,5,20251117,025000,9.21,9.21,9.19,9.19,40500,0
3442.HK,5,20251117,025500,9.18,9.18,9.18,9.18,13500,0
3442.HK,5,20251117,030000,9.17,9.18,9.17,9.18,3600,0
3442.HK,5,20251117,030500,9.21,9.21,9.21,9.21,1700,0
3442.HK,5,20251117,031500,9.21,9.22,9.21,9.22,600,0
3442.HK,5,20251117,032000,9.21,9.21,9.20,9.21,2700,0
3442.HK,5,20251117,032500,9.21,9.21,9.20,9.20,20100,0
3442.HK,5,20251117,033000,9.19,9.19,9.19,9.19,100,0
3442.HK,5,20251117,033500,9.19,9.19,9.18,9.18,800,0
3442.HK,5,20251117,034000,9.19,9.19,9.19,9.19,4100,0
3442.HK,5,20251117,034500,9.19,9.19,9.19,9.19,1800,0
3442.HK,5,20251117,035500,9.21,9.21,9.21,9.21,21400,0
3442.HK,5,20251117,040000,9.20,9.21,9.19,9.21,214200,0
3442.HK,5,20251117,040500,9.21,9.21,9.19,9.19,11600,0
3442.HK,5,20251117,041000,9.21,9.21,9.21,9.21,90700,0
3442.HK,5,20251117,041500,9.19,9.19,9.19,9.19,55800,0
3442.HK,5,20251117,042000,9.19,9.19,9.18,9.18,44000,0
3442.HK,5,20251117,042500,9.18,9.18,9.17,9.17,27500,0
3442.HK,5,20251117,043000,9.17,9.17,9.17,9.17,10700,0
3442.HK,5,20251117,043500,9.18,9.18,9.17,9.17,23200,0
3442.HK,5,20251117,044500,9.17,9.17,9.17,9.17,1000,0
3442.HK,5,20251117,060000,9.17,9.18,9.17,9.18,3400,0
3442.HK,5,20251117,060500,9.17,9.17,9.17,9.17,10100,0
3442.HK,5,20251117,061500,9.18,9.19,9.18,9.18,43200,0
3442.HK,5,20251117,062000,9.18,9.18,9.17,9.18,3800,0
3442.HK,5,20251117,062500,9.18,9.18,9.17,9.18,34100,0
3442.HK,5,20251117,063000,9.18,9.18,9.17,9.17,11400,0
3442.HK,5,20251117,063500,9.17,9.17,9.16,9.16,7200,0
3442.HK,5,20251117,064000,9.15,9.17,9.15,9.16,7400,0
3442.HK,5,20251117,064500,9.17,9.17,9.17,9.17,900,0
3442.HK,5,20251117,065000,9.15,9.15,9.15,9.15,13300,0
3442.HK,5,20251117,065500,9.15,9.15,9.14,9.14,17700,0
3442.HK,5,20251117,070000,9.14,9.14,9.14,9.14,1800,0
3442.HK,5,20251117,070500,9.15,9.15,9.13,9.13,3200,0
3442.HK,5,20251117,071000,9.13,9.13,9.11,9.12,11500,0
3442.HK,5,20251117,071500,9.15,9.15,9.15,9.15,5900,0
3442.HK,5,20251117,072000,9.13,9.13,9.13,9.13,400,0
3442.HK,5,20251117,072500,9.13,9.15,9.13,9.15,700,0
3442.HK,5,20251117,073000,9.15,9.15,9.15,9.15,300,0
3442.HK,5,20251117,073500,9.15,9.15,9.15,9.15,200,0
3442.HK,5,20251117,074000,9.13,9.13,9.13,9.13,100,0
3442.HK,5,20251117,075500,9.13,9.13,9.13,9.13,4400,0
3442.HK,5,20251117,080000,9.13,9.13,9.13,9.13,800,0
3442.HK,5,20251117,080500,9.13,9.13,9.12,9.12,300,0
3442.HK,5,20251117,081500,9.13,9.13,9.13,9.13,900,0
3442.HK,5,20251117,082500,9.17,9.17,9.17,9.17,2300,0
3442.HK,5,20251117,083000,9.16,9.17,9.16,9.17,4700,0
3442.HK,5,20251117,083500,9.17,9.17,9.17,9.17,3100,0
3442.HK,5,20251117,084000,9.17,9.17,9.17,9.17,2000,0
3442.HK,5,20251117,084500,9.17,9.17,9.17,9.17,16100,0
3442.HK,5,20251117,085500,9.17,9.19,9.17,9.19,3100,0
3442.HK,5,20251118,023000,9.13,9.13,9.03,9.03,23000,0
3442.HK,5,20251118,023500,9.03,9.03,9.03,9.03,19600,0
3442.HK,5,20251118,024000,9.04,9.05,9.04,9.04,27200,0
3442.HK,5,20251118,024500,9.04,9.05,9.04,9.04,7100,0
3442.HK,5,20251118,025000,9.04,9.05,9.04,9.05,54400,0
3442.HK,5,20251118,025500,9.04,9.04,9.03,9.03,33500,0
3442.HK,5,20251118,030000,9.03,9.03,9.03,9.03,7100,0
3442.HK,5,20251118,030500,9.04,9.04,9.04,9.04,2200,0
3442.HK,5,20251118,031000,9.04,9.04,9.04,9.04,500,0
3442.HK,5,20251118,031500,9.05,9.05,9.04,9.05,9700,0
3442.HK,5,20251118,032000,9.05,9.08,9.05,9.07,37500,0
3442.HK,5,20251118,032500,9.07,9.08,9.07,9.07,1100,0
3442.HK,5,20251118,033000,9.08,9.09,9.07,9.07,36300,0
3442.HK,5,20251118,033500,9.08,9.08,9.06,9.06,8900,0
3442.HK,5,20251118,034000,9.05,9.06,9.05,9.06,2800,0
3442.HK,5,20251118,034500,9.06,9.07,9.06,9.07,2700,0
3442.HK,5,20251118,035000,9.06,9.06,9.05,9.05,4400,0
3442.HK,5,20251118,035500,9.05,9.05,9.04,9.04,47300,0
3442.HK,5,20251118,040000,9.03,9.03,9.03,9.03,11500,0
3442.HK,5,20251118,040500,9.03,9.03,9.03,9.03,100,0
3442.HK,5,20251118,041000,9.03,9.03,9.02,9.02,21400,0
3442.HK,5,20251118,041500,9.03,9.04,9.03,9.04,4900,0
3442.HK,5,20251118,042000,9.04,9.04,9.03,9.03,5500,0
3442.HK,5,20251118,042500,9.02,9.02,9.02,9.02,1500,0
3442.HK,5,20251118,043000,9.02,9.03,9.02,9.02,5300,0
3442.HK,5,20251118,043500,9.01,9.01,9.00,9.00,7300,0
3442.HK,5,20251118,044000,9.01,9.01,9.01,9.01,400,0
3442.HK,5,20251118,044500,9.01,9.01,9.00,9.00,13200,0
3442.HK,5,20251118,045000,9.00,9.00,9.00,9.00,5600,0
3442.HK,5,20251118,045500,9.00,9.00,9.00,9.00,1000,0
3442.HK,5,20251118,060000,8.99,9.00,8.97,8.97,51900,0
3442.HK,5,20251118,060500,8.98,8.98,8.98,8.98,4400,0
3442.HK,5,20251118,061000,8.98,8.98,8.98,8.98,12200,0
3442.HK,5,20251118,061500,8.98,8.98,8.97,8.97,6800,0
3442.HK,5,20251118,062000,8.98,8.98,8.98,8.98,100,0
3442.HK,5,20251118,062500,8.97,8.97,8.97,8.97,17600,0
3442.HK,5,20251118,063000,8.98,8.98,8.98,8.98,600,0
3442.HK,5,20251118,063500,8.98,8.98,8.98,8.98,14700,0
3442.HK,5,20251118,064000,8.98,8.98,8.98,8.98,10900,0
3442.HK,5,20251118,064500,8.98,8.98,8.97,8.98,2900,0
3442.HK,5,20251118,065000,8.98,8.98,8.98,8.98,13600,0
3442.HK,5,20251118,065500,8.98,8.98,8.97,8.97,26100,0
3442.HK,5,20251118,070000,8.97,8.97,8.96,8.96,14300,0
3442.HK,5,20251118,070500,8.96,8.97,8.95,8.96,14300,0
3442.HK,5,20251118,071000,8.95,8.96,8.95,8.95,9400,0
3442.HK,5,20251118,071500,8.95,8.95,8.95,8.95,4100,0
3442.HK,5,20251118,072500,8.94,8.94,8.94,8.94,4800,0
3442.HK,5,20251118,073000,8.95,8.95,8.94,8.94,10900,0
3442.HK,5,20251118,073500,8.94,8.94,8.94,8.94,100,0
3442.HK,5,20251118,074000,8.94,8.94,8.94,8.94,2300,0
3442.HK,5,20251118,074500,8.94,8.94,8.94,8.94,6900,0
3442.HK,5,20251118,075000,8.94,8.94,8.94,8.94,6300,0
3442.HK,5,20251118,075500,8.94,8.94,8.94,8.94,4200,0
3442.HK,5,20251118,080000,8.94,8.94,8.93,8.93,47300,0
3442.HK,5,20251118,080500,8.93,8.94,8.93,8.93,1000,0
3442.HK,5,20251118,082500,8.93,8.93,8.93,8.93,2200,0
3442.HK,5,20251118,083000,8.94,8.94,8.94,8.94,5500,0
3442.HK,5,20251118,084000,8.97,8.97,8.97,8.97,3000,0
3442.HK,5,20251118,084500,8.97,8.97,8.97,8.97,900,0
3442.HK,5,20251118,085000,8.96,8.96,8.94,8.94,1700,0
3442.HK,5,20251118,085500,8.96,8.99,8.96,8.99,1400,0
3442.HK,5,20251119,023000,8.99,8.99,8.95,8.96,7000,0
3442.HK,5,20251119,023500,8.95,8.96,8.93,8.93,28500,0
3442.HK,5,20251119,024000,8.92,8.92,8.92,8.92,9800,0
3442.HK,5,20251119,024500,8.92,8.93,8.92,8.93,25400,0
3442.HK,5,20251119,025000,8.93,8.93,8.90,8.90,19100,0
3442.HK,5,20251119,025500,8.90,8.90,8.89,8.89,16700,0
3442.HK,5,20251119,030000,8.92,8.94,8.92,8.94,9000,0
3442.HK,5,20251119,030500,8.94,8.94,8.94,8.94,2500,0
3442.HK,5,20251119,031000,8.94,8.94,8.93,8.93,50900,0
3442.HK,5,20251119,031500,8.94,8.94,8.94,8.94,3400,0
3442.HK,5,20251119,032000,8.94,8.94,8.94,8.94,1800,0
3442.HK,5,20251119,033000,8.95,8.95,8.95,8.95,200,0
3442.HK,5,20251119,033500,8.96,8.96,8.95,8.95,13400,0
3442.HK,5,20251119,034000,8.94,8.96,8.94,8.96,5500,0
3442.HK,5,20251119,034500,8.96,8.96,8.96,8.96,500,0
3442.HK,5,20251119,035000,8.95,8.95,8.94,8.94,13800,0
3442.HK,5,20251119,035500,8.93,8.93,8.93,8.93,3600,0
3442.HK,5,20251119,040000,8.93,8.93,8.92,8.92,12200,0
3442.HK,5,20251119,040500,8.92,8.92,8.92,8.92,1600,0
3442.HK,5,20251119,041000,8.92,8.92,8.91,8.91,8600,0
3442.HK,5,20251119,041500,8.90,8.91,8.90,8.90,31400,0
3442.HK,5,20251119,042000,8.90,8.90,8.90,8.90,7600,0
3442.HK,5,20251119,042500,8.90,8.90,8.89,8.89,25700,0
3442.HK,5,20251119,043000,8.88,8.88,8.88,8.88,4500,0
3442.HK,5,20251119,043500,8.88,8.89,8.87,8.87,6700,0
3442.HK,5,20251119,044000,8.88,8.88,8.88,8.88,2000,0
3442.HK,5,20251119,044500,8.87,8.87,8.87,8.87,7600,0
3442.HK,5,20251119,045000,8.84,8.86,8.83,8.84,6500,0
3442.HK,5,20251119,045500,8.86,8.86,8.86,8.86,1000,0
3442.HK,5,20251119,060000,8.86,8.89,8.86,8.89,57700,0
3442.HK,5,20251119,060500,8.87,8.89,8.87,8.89,13800,0
3442.HK,5,20251119,061000,8.89,8.89,8.87,8.88,51000,0
3442.HK,5,20251119,061500,8.88,8.89,8.88,8.88,54600,0
3442.HK,5,20251119,062000,8.88,8.88,8.88,8.88,500,0
3442.HK,5,20251119,062500,8.87,8.88,8.87,8.87,21100,0
3442.HK,5,20251119,063000,8.87,8.87,8.86,8.86,26600,0
3442.HK,5,20251119,063500,8.87,8.87,8.86,8.87,6200,0
3442.HK,5,20251119,064000,8.86,8.86,8.85,8.85,22100,0
3442.HK,5,20251119,064500,8.85,8.85,8.85,8.85,2200,0
3442.HK,5,20251119,065000,8.85,8.88,8.85,8.88,5700,0
3442.HK,5,20251119,065500,8.89,8.89,8.89,8.89,2000,0
3442.HK,5,20251119,070000,8.89,8.89,8.89,8.89,5900,0
3442.HK,5,20251119,071000,8.88,8.88,8.88,8.88,1000,0
3442.HK,5,20251119,071500,8.88,8.88,8.87,8.87,6900,0
3442.HK,5,20251119,072000,8.86,8.89,8.86,8.88,3000,0
3442.HK,5,20251119,072500,8.87,8.87,8.87,8.87,1300,0
3442.HK,5,20251119,073000,8.87,8.87,8.87,8.87,9800,0
3442.HK,5,20251119,073500,8.88,8.89,8.88,8.88,3600,0
3442.HK,5,20251119,074000,8.88,8.88,8.87,8.87,7600,0
3442.HK,5,20251119,074500,8.87,8.87,8.86,8.87,12600,0
3442.HK,5,20251119,075000,8.88,8.88,8.86,8.86,1200,0
3442.HK,5,20251119,075500,8.88,8.88,8.85,8.85,10500,0
3442.HK,5,20251119,081500,8.89,8.89,8.86,8.86,3800,0
3442.HK,5,20251119,084000,8.89,8.89,8.89,8.89,800,0
3442.HK,5,20251119,084500,8.89,8.89,8.89,8.89,500,0
3442.HK,5,20251119,085000,8.90,8.90,8.87,8.87,19800,0
3442.HK,5,20251119,085500,8.98,8.98,8.98,8.98,100,0
3442.HK,5,20251120,023000,9.02,9.09,9.02,9.04,242800,0
3442.HK,5,20251120,023500,9.03,9.03,9.02,9.02,50300,0
3442.HK,5,20251120,024000,9.03,9.03,9.00,9.01,56000,0
3442.HK,5,20251120,024500,9.01,9.01,9.00,9.01,18400,0
3442.HK,5,20251120,025000,9.01,9.01,9.00,9.00,49800,0
3442.HK,5,20251120,025500,9.00,9.00,8.99,8.99,9600,0
3442.HK,5,20251120,030000,9.00,9.00,8.99,8.99,16500,0
3442.HK,5,20251120,030500,8.99,9.00,8.98,8.99,14800,0
3442.HK,5,20251120,031000,8.97,8.98,8.94,8.95,29300,0
3442.HK,5,20251120,031500,8.95,8.95,8.94,8.95,3800,0
3442.HK,5,20251120,032000,8.95,8.95,8.95,8.95,1400,0
3442.HK,5,20251120,032500,8.95,8.95,8.95,8.95,2900,0
3442.HK,5,20251120,033000,8.94,8.94,8.93,8.93,103300,0
3442.HK,5,20251120,033500,8.92,8.93,8.92,8.93,1500,0
3442.HK,5,20251120,034500,8.95,8.95,8.95,8.95,3000,0
3442.HK,5,20251120,035000,8.96,8.96,8.95,8.96,7300,0
3442.HK,5,20251120,035500,8.94,8.94,8.93,8.93,23100,0
3442.HK,5,20251120,040000,8.98,8.98,8.96,8.97,7400,0
3442.HK,5,20251120,040500,8.97,8.97,8.95,8.97,32300,0
3442.HK,5,20251120,041000,8.94,8.94,8.92,8.92,6300,0
3442.HK,5,20251120,042000,8.93,8.93,8.93,8.93,4300,0
3442.HK,5,20251120,042500,8.95,8.96,8.95,8.96,15200,0
3442.HK,5,20251120,043000,8.96,8.96,8.96,8.96,8000,0
3442.HK,5,20251120,043500,8.96,8.96,8.96,8.96,1100,0
3442.HK,5,20251120,044000,8.95,8.95,8.95,8.95,700,0
3442.HK,5,20251120,045000,8.95,8.95,8.95,8.95,2000,0
3442.HK,5,20251120,045500,8.95,8.95,8.95,8.95,1000,0
3442.HK,5,20251120,060000,8.95,9.00,8.92,8.95,14800,0
3442.HK,5,20251120,061000,8.96,8.97,8.96,8.97,13600,0
3442.HK,5,20251120,061500,8.96,8.97,8.96,8.97,10800,0
3442.HK,5,20251120,062000,8.97,8.97,8.96,8.96,15900,0
3442.HK,5,20251120,063000,8.94,8.95,8.94,8.94,9700,0
3442.HK,5,20251120,063500,8.93,8.93,8.93,8.93,9500,0
3442.HK,5,20251120,064000,8.94,8.94,8.94,8.94,100,0
3442.HK,5,20251120,064500,8.94,8.94,8.94,8.94,4300,0
3442.HK,5,20251120,065000,8.94,8.94,8.94,8.94,900,0
3442.HK,5,20251120,065500,8.93,8.93,8.93,8.93,2800,0
3442.HK,5,20251120,070000,8.93,8.93,8.93,8.93,300,0
3442.HK,5,20251120,070500,8.93,8.93,8.92,8.93,7300,0
3442.HK,5,20251120,071000,8.92,8.92,8.92,8.92,5100,0
3442.HK,5,20251120,071500,8.92,8.92,8.92,8.92,22500,0
3442.HK,5,20251120,072000,8.92,8.92,8.92,8.92,6000,0
3442.HK,5,20251120,073500,8.92,8.92,8.92,8.92,14400,0
3442.HK,5,20251120,074000,8.92,8.92,8.92,8.92,200,0
3442.HK,5,20251120,074500,8.92,8.92,8.92,8.92,3600,0
3442.HK,5,20251120,075000,8.92,8.92,8.92,8.92,20000,0
3442.HK,5,20251120,075500,8.92,8.92,8.92,8.92,8700,0
3442.HK,5,20251120,080000,8.92,8.92,8.92,8.92,39900,0
3442.HK,5,20251120,081500,8.92,8.92,8.92,8.92,800,0
3442.HK,5,20251120,082500,8.92,8.92,8.92,8.92,2100,0
3442.HK,5,20251120,083000,8.92,8.92,8.92,8.92,3000,0
3442.HK,5,20251120,083500,8.92,8.92,8.92,8.92,2500,0
3442.HK,5,20251120,084000,8.92,8.92,8.92,8.92,3800,0
3442.HK,5,20251120,084500,8.92,8.92,8.92,8.92,6100,0
3442.HK,5,20251120,085500,8.97,8.97,8.97,8.97,3000,0
3442.HK,5,20251121,023000,8.84,8.84,8.68,8.69,60800,0
3442.HK,5,20251121,023500,8.69,8.69,8.65,8.65,111100,0
3442.HK,5,20251121,024000,8.65,8.71,8.65,8.70,20700,0
3442.HK,5,20251121,024500,8.70,8.71,8.70,8.71,10700,0
3442.HK,5,20251121,025000,8.71,8.72,8.69,8.69,20900,0
3442.HK,5,20251121,025500,8.69,8.70,8.67,8.67,18700,0
3442.HK,5,20251121,030000,8.67,8.70,8.67,8.70,8100,0
3442.HK,5,20251121,030500,8.70,8.70,8.68,8.69,12400,0
3442.HK,5,20251121,031000,8.69,8.69,8.69,8.69,4100,0
3442.HK,5,20251121,031500,8.69,8.69,8.68,8.68,2600,0
3442.HK,5,20251121,032000,8.68,8.68,8.66,8.66,10000,0
3442.HK,5,20251121,032500,8.66,8.66,8.65,8.66,5500,0
3442.HK,5,20251121,033000,8.66,8.66,8.65,8.66,11500,0
3442.HK,5,20251121,033500,8.65,8.66,8.65,8.65,30600,0
3442.HK,5,20251121,034000,8.65,8.65,8.63,8.65,10600,0
3442.HK,5,20251121,034500,8.65,8.65,8.63,8.63,3900,0
3442.HK,5,20251121,035000,8.63,8.63,8.62,8.63,7400,0
3442.HK,5,20251121,035500,8.62,8.65,8.62,8.65,2700,0
3442.HK,5,20251121,040000,8.65,8.65,8.64,8.65,3800,0
3442.HK,5,20251121,040500,8.65,8.66,8.65,8.66,5700,0
3442.HK,5,20251121,041000,8.64,8.64,8.63,8.63,6600,0
3442.HK,5,20251121,041500,8.63,8.64,8.63,8.64,600,0
3442.HK,5,20251121,042000,8.65,8.65,8.65,8.65,5300,0
3442.HK,5,20251121,042500,8.65,8.65,8.65,8.65,200,0
3442.HK,5,20251121,043000,8.65,8.65,8.65,8.65,100,0
3442.HK,5,20251121,043500,8.65,8.65,8.65,8.65,13300,0
3442.HK,5,20251121,044000,8.65,8.65,8.65,8.65,2200,0
3442.HK,5,20251121,044500,8.65,8.68,8.65,8.68,7200,0
3442.HK,5,20251121,045000,8.68,8.68,8.68,8.68,1300,0
3442.HK,5,20251121,060000,8.69,8.69,8.65,8.65,21800,0
3442.HK,5,20251121,060500,8.65,8.65,8.65,8.65,800,0
3442.HK,5,20251121,061000,8.65,8.69,8.65,8.69,41100,0
3442.HK,5,20251121,061500,8.69,8.70,8.69,8.69,22100,0
3442.HK,5,20251121,062000,8.69,8.70,8.69,8.70,4200,0
3442.HK,5,20251121,062500,8.70,8.70,8.70,8.70,2600,0
3442.HK,5,20251121,063000,8.70,8.71,8.70,8.71,2000,0
3442.HK,5,20251121,063500,8.70,8.70,8.70,8.70,1600,0
3442.HK,5,20251121,064000,8.71,8.71,8.69,8.69,15500,0
3442.HK,5,20251121,064500,8.70,8.70,8.70,8.70,3200,0
3442.HK,5,20251121,065000,8.70,8.71,8.69,8.71,2800,0
3442.HK,5,20251121,065500,8.69,8.69,8.69,8.69,1400,0
3442.HK,5,20251121,070000,8.70,8.70,8.69,8.69,2900,0
3442.HK,5,20251121,070500,8.70,8.70,8.69,8.69,37800,0
3442.HK,5,20251121,071000,8.69,8.69,8.69,8.69,600,0
3442.HK,5,20251121,071500,8.70,8.70,8.70,8.70,100,0
3442.HK,5,20251121,072500,8.70,8.70,8.70,8.70,3300,0
3442.HK,5,20251121,073000,8.69,8.69,8.69,8.69,3300,0
3442.HK,5,20251121,073500,8.68,8.69,8.68,8.69,6100,0
3442.HK,5,20251121,074000,8.68,8.68,8.68,8.68,100,0
3442.HK,5,20251121,075000,8.68,8.68,8.68,8.68,500,0
3442.HK,5,20251121,075500,8.69,8.69,8.68,8.68,6800,0
3442.HK,5,20251121,080000,8.68,8.68,8.66,8.66,6900,0
3442.HK,5,20251121,080500,8.66,8.66,8.66,8.66,800,0
3442.HK,5,20251121,081000,8.66,8.66,8.66,8.66,1700,0
3442.HK,5,20251121,081500,8.66,8.66,8.66,8.66,2300,0
3442.HK,5,20251121,082500,8.66,8.66,8.66,8.66,600,0
3442.HK,5,20251121,083000,8.65,8.66,8.65,8.66,7500,0
3442.HK,5,20251121,083500,8.65,8.65,8.65,8.65,2600,0
3442.HK,5,20251121,084000,8.65,8.65,8.65,8.65,12900,0
3442.HK,5,20251121,084500,8.64,8.64,8.64,8.64,3400,0
3442.HK,5,20251121,085000,8.64,8.64,8.64,8.64,2300,0
3442.HK,5,20251121,085500,8.64,8.64,8.63,8.63,7500,0
3442.HK,5,20251124,023000,8.77,8.77,8.72,8.74,11000,0
3442.HK,5,20251124,023500,8.74,8.74,8.73,8.73,16400,0
3442.HK,5,20251124,024000,8.72,8.73,8.70,8.73,117000,0
3442.HK,5,20251124,024500,8.73,8.73,8.71,8.71,12800,0
3442.HK,5,20251124,025000,8.69,8.69,8.69,8.69,217700,0
3442.HK,5,20251124,025500,8.69,8.71,8.68,8.71,7000,0
3442.HK,5,20251124,030000,8.70,8.70,8.68,8.69,10600,0
3442.HK,5,20251124,030500,8.67,8.67,8.65,8.65,2500,0
3442.HK,5,20251124,031000,8.66,8.69,8.66,8.69,8300,0
3442.HK,5,20251124,031500,8.69,8.72,8.69,8.72,33100,0
3442.HK,5,20251124,032000,8.73,8.76,8.73,8.76,20500,0
3442.HK,5,20251124,032500,8.76,8.77,8.76,8.76,11300,0
3442.HK,5,20251124,033000,8.76,8.76,8.74,8.74,2300,0
3442.HK,5,20251124,033500,8.74,8.78,8.74,8.78,15100,0
3442.HK,5,20251124,034000,8.78,8.80,8.78,8.80,16900,0
3442.HK,5,20251124,034500,8.80,8.82,8.80,8.80,25200,0
3442.HK,5,20251124,035000,8.80,8.80,8.80,8.80,1800,0
3442.HK,5,20251124,035500,8.78,8.78,8.75,8.75,31900,0
3442.HK,5,20251124,040000,8.75,8.77,8.75,8.76,8700,0
3442.HK,5,20251124,041000,8.78,8.78,8.78,8.78,700,0
3442.HK,5,20251124,041500,8.78,8.78,8.77,8.77,12100,0
3442.HK,5,20251124,042000,8.77,8.77,8.77,8.77,9200,0
3442.HK,5,20251124,043000,8.77,8.77,8.77,8.77,500,0
3442.HK,5,20251124,045000,8.75,8.76,8.75,8.76,500,0
3442.HK,5,20251124,045500,8.77,8.77,8.77,8.77,4200,0
3442.HK,5,20251124,060000,8.77,8.77,8.75,8.75,16900,0
3442.HK,5,20251124,060500,8.76,8.78,8.73,8.78,6900,0
3442.HK,5,20251124,061000,8.78,8.78,8.78,8.78,3700,0
3442.HK,5,20251124,061500,8.79,8.79,8.79,8.79,2100,0
3442.HK,5,20251124,062000,8.80,8.80,8.80,8.80,1600,0
3442.HK,5,20251124,062500,8.82,8.82,8.82,8.82,1900,0
3442.HK,5,20251124,063000,8.82,8.82,8.81,8.81,9400,0
3442.HK,5,20251124,063500,8.81,8.81,8.81,8.81,500,0
3442.HK,5,20251124,064000,8.81,8.83,8.81,8.83,1400,0
3442.HK,5,20251124,065000,8.83,8.83,8.82,8.82,2000,0
3442.HK,5,20251124,070000,8.83,8.85,8.83,8.83,6400,0
3442.HK,5,20251124,070500,8.85,8.85,8.83,8.83,2800,0
3442.HK,5,20251124,071000,8.85,8.85,8.82,8.83,9100,0
3442.HK,5,20251124,071500,8.83,8.83,8.83,8.83,11700,0
3442.HK,5,20251124,072000,8.83,8.83,8.82,8.82,7900,0
3442.HK,5,20251124,073000,8.84,8.84,8.84,8.84,1200,0
3442.HK,5,20251124,073500,8.85,8.85,8.82,8.82,20400,0
3442.HK,5,20251124,074000,8.86,8.86,8.82,8.85,3000,0
3442.HK,5,20251124,074500,8.84,8.84,8.82,8.82,2200,0
3442.HK,5,20251124,075000,8.83,8.83,8.82,8.82,1100,0
3442.HK,5,20251124,075500,8.83,8.84,8.82,8.82,7100,0
3442.HK,5,20251124,080000,8.84,8.84,8.82,8.82,10500,0
3442.HK,5,20251124,080500,8.82,8.82,8.81,8.81,18200,0
3442.HK,5,20251124,081500,8.84,8.84,8.84,8.84,100,0
3442.HK,5,20251124,082000,8.84,8.84,8.84,8.84,800,0
3442.HK,5,20251124,083000,8.85,8.85,8.85,8.85,8100,0
3442.HK,5,20251124,083500,8.85,8.85,8.84,8.84,9800,0
3442.HK,5,20251124,084500,8.85,8.85,8.85,8.85,12900,0
3442.HK,5,20251124,085000,8.85,8.85,8.85,8.85,10700,0
3442.HK,5,20251125,023000,9.09,9.09,8.94,9.03,318700,0
3442.HK,5,20251125,023500,9.04,9.07,9.04,9.06,241800,0
3442.HK,5,20251125,024000,9.06,9.07,9.05,9.06,152300,0
3442.HK,5,20251125,024500,9.05,9.06,9.05,9.05,122000,0
3442.HK,5,20251125,025000,9.05,9.07,9.05,9.06,86300,0
3442.HK,5,20251125,025500,9.06,9.07,9.05,9.05,154700,0
3442.HK,5,20251125,030000,9.05,9.06,9.05,9.06,3300,0
3442.HK,5,20251125,030500,9.06,9.06,9.05,9.05,2600,0
3442.HK,5,20251125,031000,9.05,9.06,9.05,9.06,11400,0
3442.HK,5,20251125,031500,9.05,9.06,9.05,9.06,3200,0
3442.HK,5,20251125,032000,9.06,9.07,9.06,9.07,9600,0
3442.HK,5,20251125,032500,9.07,9.08,9.07,9.08,60700,0
3442.HK,5,20251125,033000,9.08,9.08,9.06,9.08,21300,0
3442.HK,5,20251125,033500,9.08,9.08,9.07,9.07,14500,0
3442.HK,5,20251125,034000,9.07,9.08,9.07,9.08,11200,0
3442.HK,5,20251125,034500,9.08,9.09,9.08,9.08,9100,0
3442.HK,5,20251125,035000,9.08,9.08,9.06,9.07,39300,0
3442.HK,5,20251125,035500,9.07,9.07,9.06,9.06,163800,0
3442.HK,5,20251125,040000,9.06,9.06,9.06,9.06,10200,0
3442.HK,5,20251125,040500,9.05,9.06,9.05,9.06,25100,0
3442.HK,5,20251125,041000,9.06,9.06,9.06,9.06,4800,0
3442.HK,5,20251125,041500,9.07,9.07,9.07,9.07,2200,0
3442.HK,5,20251125,042000,9.07,9.07,9.07,9.07,25000,0
3442.HK,5,20251125,042500,9.07,9.07,9.06,9.06,7200,0
3442.HK,5,20251125,043000,9.06,9.06,9.05,9.05,18700,0
3442.HK,5,20251125,043500,9.05,9.05,9.04,9.04,21300,0
3442.HK,5,20251125,044000,9.03,9.03,9.03,9.03,49000,0
3442.HK,5,20251125,044500,9.02,9.03,9.02,9.02,13800,0
3442.HK,5,20251125,045000,9.02,9.02,9.00,9.00,26700,0
3442.HK,5,20251125,060000,9.01,9.02,9.01,9.01,9200,0
3442.HK,5,20251125,060500,9.00,9.03,9.00,9.02,11400,0
3442.HK,5,20251125,061000,9.02,9.02,9.01,9.01,5700,0
3442.HK,5,20251125,061500,9.01,9.01,9.00,9.00,86200,0
3442.HK,5,20251125,062000,8.99,9.01,8.99,8.99,37900,0
3442.HK,5,20251125,062500,8.99,9.00,8.98,8.98,19400,0
3442.HK,5,20251125,063000,8.98,8.98,8.95,8.97,4600,0
3442.HK,5,20251125,063500,8.99,8.99,8.99,8.99,22100,0
3442.HK,5,20251125,064000,8.99,8.99,8.99,8.99,15900,0
3442.HK,5,20251125,064500,8.99,9.00,8.99,9.00,15200,0
3442.HK,5,20251125,065000,9.00,9.00,8.99,8.99,2800,0
3442.HK,5,20251125,065500,8.99,8.99,8.98,8.98,7000,0
3442.HK,5,20251125,070000,8.98,8.98,8.98,8.98,500,0
3442.HK,5,20251125,070500,8.98,8.98,8.97,8.97,8300,0
3442.HK,5,20251125,071000,8.98,8.98,8.98,8.98,4800,0
3442.HK,5,20251125,071500,8.97,8.97,8.95,8.97,21000,0
3442.HK,5,20251125,072000,8.96,8.96,8.93,8.96,20600,0
3442.HK,5,20251125,072500,8.96,8.96,8.96,8.96,19900,0
3442.HK,5,20251125,073000,8.94,8.97,8.94,8.97,7300,0
3442.HK,5,20251125,073500,8.97,8.97,8.97,8.97,5500,0
3442.HK,5,20251125,074000,8.97,8.97,8.96,8.96,6900,0
3442.HK,5,20251125,074500,8.96,8.96,8.93,8.94,31900,0
3442.HK,5,20251125,075000,8.94,8.96,8.94,8.96,9700,0
3442.HK,5,20251125,075500,8.96,8.96,8.96,8.96,31800,0
3442.HK,5,20251125,080000,8.96,8.96,8.96,8.96,3000,0
3442.HK,5,20251125,080500,8.96,8.96,8.96,8.96,10600,0
3442.HK,5,20251125,081000,8.97,8.97,8.97,8.97,3300,0
3442.HK,5,20251125,082500,8.97,8.97,8.97,8.97,6000,0
3442.HK,5,20251125,083000,8.96,8.96,8.96,8.96,4700,0
3442.HK,5,20251125,083500,8.96,8.96,8.96,8.96,2000,0
3442.HK,5,20251125,084000,8.97,8.97,8.97,8.97,1000,0
3442.HK,5,20251125,084500,8.97,8.99,8.97,8.99,7300,0
3442.HK,5,20251125,085000,8.99,8.99,8.99,8.99,3200,0
3442.HK,5,20251125,085500,8.99,9.08,8.99,9.08,23400,0
3442.HK,5,20251126,023000,9.03,9.08,9.01,9.07,16100,0
3442.HK,5,20251126,023500,9.05,9.07,9.05,9.07,7100,0
3442.HK,5,20251126,024000,9.07,9.09,9.07,9.09,18400,0
3442.HK,5,20251126,024500,9.09,9.09,9.08,9.08,6200,0
3442.HK,5,20251126,025000,9.08,9.09,9.08,9.09,9800,0
3442.HK,5,20251126,025500,9.09,9.09,9.08,9.09,8700,0
3442.HK,5,20251126,030000,9.09,9.09,9.08,9.09,34100,0
3442.HK,5,20251126,030500,9.09,9.09,9.07,9.07,17800,0
3442.HK,5,20251126,031000,9.07,9.07,9.07,9.07,3400,0
3442.HK,5,20251126,032000,9.07,9.08,9.06,9.06,25600,0
3442.HK,5,20251126,032500,9.06,9.06,9.06,9.06,9900,0
3442.HK,5,20251126,033000,9.06,9.06,9.06,9.06,4500,0
3442.HK,5,20251126,033500,9.06,9.06,9.06,9.06,5600,0
3442.HK,5,20251126,034000,9.06,9.06,9.05,9.05,17300,0
3442.HK,5,20251126,035000,9.05,9.05,9.05,9.05,11400,0
3442.HK,5,20251126,035500,9.05,9.05,9.05,9.05,1900,0
3442.HK,5,20251126,040000,9.05,9.05,9.05,9.05,43700,0
3442.HK,5,20251126,040500,9.06,9.07,9.06,9.07,13800,0
3442.HK,5,20251126,041000,9.08,9.08,9.08,9.08,600,0
3442.HK,5,20251126,041500,9.08,9.09,9.08,9.09,9000,0
3442.HK,5,20251126,042000,9.08,9.09,9.08,9.08,14900,0
3442.HK,5,20251126,042500,9.08,9.08,9.08,9.08,7500,0
3442.HK,5,20251126,043000,9.07,9.07,9.07,9.07,10200,0
3442.HK,5,20251126,060000,9.07,9.07,9.07,9.07,4000,0
3442.HK,5,20251126,060500,9.07,9.07,9.07,9.07,1800,0
3442.HK,5,20251126,061000,9.07,9.07,9.07,9.07,16800,0
3442.HK,5,20251126,061500,9.07,9.07,9.07,9.07,13400,0
3442.HK,5,20251126,062000,9.08,9.08,9.08,9.08,4900,0
3442.HK,5,20251126,062500,9.08,9.08,9.08,9.08,100,0
3442.HK,5,20251126,063000,9.08,9.08,9.08,9.08,2900,0
3442.HK,5,20251126,063500,9.08,9.08,9.08,9.08,1600,0
3442.HK,5,20251126,064000,9.07,9.08,9.07,9.08,5300,0
3442.HK,5,20251126,064500,9.08,9.09,9.08,9.08,117600,0
3442.HK,5,20251126,065000,9.08,9.08,9.07,9.07,66200,0
3442.HK,5,20251126,065500,9.07,9.07,9.07,9.07,28700,0
3442.HK,5,20251126,070000,9.07,9.07,9.06,9.06,3400,0
3442.HK,5,20251126,070500,9.07,9.08,9.07,9.08,18500,0
3442.HK,5,20251126,071000,9.08,9.08,9.07,9.07,28900,0
3442.HK,5,20251126,071500,9.07,9.07,9.07,9.07,3000,0
3442.HK,5,20251126,072000,9.07,9.08,9.07,9.08,3500,0
3442.HK,5,20251126,072500,9.07,9.07,9.07,9.07,4000,0
3442.HK,5,20251126,073000,9.07,9.08,9.07,9.08,4900,0
3442.HK,5,20251126,073500,9.08,9.08,9.08,9.08,9200,0
3442.HK,5,20251126,074000,9.08,9.08,9.08,9.08,9600,0
3442.HK,5,20251126,074500,9.08,9.08,9.08,9.08,37000,0
3442.HK,5,20251126,075000,9.08,9.08,9.08,9.08,1100,0
3442.HK,5,20251126,075500,9.08,9.08,9.07,9.08,4600,0
3442.HK,5,20251126,080000,9.08,9.08,9.08,9.08,4000,0
3442.HK,5,20251126,080500,9.08,9.08,9.08,9.08,11400,0
3442.HK,5,20251126,081000,9.08,9.08,9.08,9.08,700,0
3442.HK,5,20251126,081500,9.08,9.08,9.08,9.08,29300,0
3442.HK,5,20251126,082000,9.08,9.08,9.08,9.08,13100,0
3442.HK,5,20251126,082500,9.08,9.08,9.08,9.08,700,0
3442.HK,5,20251126,083000,9.07,9.07,9.07,9.07,400,0
3442.HK,5,20251126,083500,9.07,9.07,9.07,9.07,29700,0
3442.HK,5,20251126,084500,9.07,9.07,9.07,9.07,4100,0
3442.HK,5,20251126,085000,9.07,9.07,9.07,9.07,13500,0
3442.HK,5,20251126,085500,9.07,9.08,9.07,9.08,3200,0
3442.HK,5,20251127,023000,9.12,9.12,9.05,9.05,23600,0
3442.HK,5,20251127,023500,9.05,9.06,9.05,9.05,29900,0
3442.HK,5,20251127,024000,9.05,9.06,9.05,9.06,26900,0
3442.HK,5,20251127,024500,9.06,9.06,9.06,9.06,6500,0
3442.HK,5,20251127,025000,9.08,9.10,9.08,9.10,5600,0
3442.HK,5,20251127,025500,9.10,9.12,9.10,9.12,22600,0
3442.HK,5,20251127,030000,9.12,9.12,9.10,9.10,16400,0
3442.HK,5,20251127,030500,9.10,9.11,9.10,9.11,14300,0
3442.HK,5,20251127,031000,9.11,9.11,9.11,9.11,3500,0
3442.HK,5,20251127,031500,9.09,9.09,9.08,9.09,10800,0
3442.HK,5,20251127,032000,9.09,9.09,9.08,9.09,12400,0
3442.HK,5,20251127,032500,9.08,9.09,9.07,9.07,18600,0
3442.HK,5,20251127,033000,9.07,9.09,9.07,9.09,13500,0
3442.HK,5,20251127,033500,9.09,9.10,9.09,9.10,10300,0
3442.HK,5,20251127,034000,9.09,9.09,9.09,9.09,700,0
3442.HK,5,20251127,034500,9.09,9.09,9.09,9.09,300,0
3442.HK,5,20251127,035000,9.08,9.09,9.08,9.08,1300,0
3442.HK,5,20251127,035500,9.07,9.07,9.06,9.06,14500,0
3442.HK,5,20251127,040000,9.06,9.07,9.06,9.07,57400,0
3442.HK,5,20251127,040500,9.05,9.06,9.04,9.04,22700,0
3442.HK,5,20251127,041000,9.04,9.04,9.04,9.04,65900,0
3442.HK,5,20251127,041500,9.04,9.05,9.04,9.04,11800,0
3442.HK,5,20251127,042000,9.04,9.04,9.04,9.04,1500,0
3442.HK,5,20251127,042500,9.05,9.06,9.05,9.05,7600,0
3442.HK,5,20251127,043500,9.06,9.06,9.06,9.06,200,0
3442.HK,5,20251127,060000,9.06,9.06,9.05,9.05,30100,0
3442.HK,5,20251127,060500,9.05,9.05,9.05,9.05,16400,0
3442.HK,5,20251127,061000,9.06,9.06,9.06,9.06,4100,0
3442.HK,5,20251127,061500,9.06,9.06,9.06,9.06,33500,0
3442.HK,5,20251127,062000,9.06,9.06,9.06,9.06,9900,0
3442.HK,5,20251127,062500,9.07,9.07,9.07,9.07,57700,0
3442.HK,5,20251127,063000,9.07,9.07,9.06,9.06,2400,0
3442.HK,5,20251127,063500,9.07,9.07,9.06,9.06,2000,0
3442.HK,5,20251127,064000,9.06,9.06,9.05,9.06,4800,0
3442.HK,5,20251127,064500,9.06,9.06,9.06,9.06,400,0
3442.HK,5,20251127,065500,9.06,9.06,9.06,9.06,200,0
3442.HK,5,20251127,070000,9.06,9.06,9.06,9.06,1400,0
3442.HK,5,20251127,071500,9.06,9.06,9.05,9.05,21900,0
3442.HK,5,20251127,072000,9.05,9.06,9.05,9.06,1600,0
3442.HK,5,20251127,072500,9.06,9.06,9.06,9.06,1700,0
3442.HK,5,20251127,073000,9.05,9.05,9.05,9.05,59100,0
3442.HK,5,20251127,073500,9.05,9.05,9.04,9.04,23700,0
3442.HK,5,20251127,074000,9.04,9.05,9.04,9.05,5400,0
3442.HK,5,20251127,074500,9.05,9.05,9.04,9.05,11000,0
3442.HK,5,20251127,075000,9.04,9.04,9.03,9.04,47400,0
3442.HK,5,20251127,075500,9.03,9.04,9.03,9.04,6200,0
3442.HK,5,20251127,080000,9.04,9.05,9.04,9.04,5300,0
3442.HK,5,20251127,082000,9.04,9.04,9.04,9.04,7500,0
3442.HK,5,20251127,083500,9.05,9.05,9.04,9.04,10200,0
3442.HK,5,20251127,084000,9.04,9.04,9.04,9.04,4100,0
3442.HK,5,20251127,084500,9.04,9.05,9.04,9.05,4100,0
3442.HK,5,20251127,085000,9.05,9.05,9.03,9.03,7200,0
3442.HK,5,20251127,085500,9.04,9.05,9.04,9.04,3700,0
3442.HK,5,20251128,023000,9.07,9.10,9.07,9.08,5600,0
3442.HK,5,20251128,023500,9.08,9.08,9.08,9.08,1500,0
3442.HK,5,20251128,024000,9.07,9.07,9.07,9.07,2300,0
3442.HK,5,20251128,024500,9.05,9.05,9.03,9.03,11300,0
3442.HK,5,20251128,025000,9.03,9.03,9.00,9.00,17200,0
3442.HK,5,20251128,025500,9.01,9.07,9.00,9.07,1300,0
3442.HK,5,20251128,030000,9.04,9.05,9.00,9.05,13000,0
3442.HK,5,20251128,030500,9.04,9.04,9.04,9.04,700,0
3442.HK,5,20251128,031500,9.03,9.03,9.03,9.03,1400,0
3442.HK,5,20251128,032000,9.05,9.05,9.05,9.05,5200,0
3442.HK,5,20251128,035000,9.05,9.05,9.04,9.05,8100,0
3442.HK,5,20251128,040000,9.05,9.05,9.05,9.05,400,0
3442.HK,5,20251128,040500,9.05,9.05,9.05,9.05,4400,0
3442.HK,5,20251128,041000,9.05,9.05,9.05,9.05,100,0
3442.HK,5,20251128,042000,9.04,9.05,9.04,9.05,1800,0
3442.HK,5,20251128,043000,9.05,9.05,9.05,9.05,800,0
3442.HK,5,20251128,044500,9.05,9.05,9.05,9.05,700,0
3442.HK,5,20251128,045500,9.04,9.04,9.04,9.04,1000,0
3442.HK,5,20251128,060000,9.05,9.05,9.05,9.05,11700,0
3442.HK,5,20251128,060500,9.05,9.05,9.05,9.05,6000,0
3442.HK,5,20251128,061500,9.05,9.05,9.05,9.05,1400,0
3442.HK,5,20251128,062000,9.04,9.05,9.04,9.05,20100,0
3442.HK,5,20251128,062500,9.04,9.04,9.04,9.04,2100,0
3442.HK,5,20251128,063000,9.04,9.04,9.04,9.04,900,0
3442.HK,5,20251128,063500,9.05,9.05,9.05,9.05,4900,0
3442.HK,5,20251128,064000,9.05,9.05,9.04,9.04,2800,0
3442.HK,5,20251128,064500,9.04,9.05,9.04,9.05,2300,0
3442.HK,5,20251128,065500,9.05,9.05,9.05,9.05,1800,0
3442.HK,5,20251128,070000,9.04,9.05,9.04,9.05,7000,0
3442.HK,5,20251128,070500,9.04,9.04,9.04,9.04,3500,0
3442.HK,5,20251128,071500,9.04,9.04,9.04,9.04,600,0
3442.HK,5,20251128,072000,9.04,9.04,9.04,9.04,6000,0
3442.HK,5,20251128,072500,9.04,9.04,9.04,9.04,3900,0
3442.HK,5,20251128,073000,9.04,9.05,9.04,9.05,4700,0
3442.HK,5,20251128,073500,9.04,9.05,9.03,9.05,9200,0
3442.HK,5,20251128,075000,9.06,9.06,9.06,9.06,5300,0
3442.HK,5,20251128,075500,9.06,9.06,9.06,9.06,1000,0
3442.HK,5,20251128,080000,9.05,9.05,9.05,9.05,2500,0
3442.HK,5,20251128,084000,9.06,9.06,9.05,9.05,2500,0
3442.HK,5,20251128,084500,9.06,9.06,9.06,9.06,600,0
3442.HK,5,20251128,085500,9.06,9.06,9.06,9.06,2700,0
3442.HK,5,20251201,023000,9.00,9.12,9.00,9.04,7900,0
3442.HK,5,20251201,023500,9.04,9.04,9.01,9.02,21900,0
3442.HK,5,20251201,024000,9.02,9.05,9.02,9.05,84900,0
3442.HK,5,20251201,024500,9.05,9.05,9.05,9.05,55400,0
3442.HK,5,20251201,025000,9.06,9.06,9.05,9.06,43200,0
3442.HK,5,20251201,025500,9.06,9.06,9.06,9.06,9900,0
3442.HK,5,20251201,030000,9.08,9.08,9.07,9.07,17800,0
3442.HK,5,20251201,030500,9.06,9.06,9.06,9.06,10900,0
3442.HK,5,20251201,031000,9.06,9.06,9.05,9.05,15100,0
3442.HK,5,20251201,031500,9.04,9.05,9.03,9.05,3200,0
3442.HK,5,20251201,032000,9.04,9.04,9.03,9.03,3400,0
3442.HK,5,20251201,032500,9.03,9.03,9.03,9.03,104700,0
3442.HK,5,20251201,033000,9.03,9.03,9.03,9.03,1000,0
3442.HK,5,20251201,034000,9.04,9.04,9.04,9.04,100,0
3442.HK,5,20251201,034500,9.04,9.04,9.04,9.04,100,0
3442.HK,5,20251201,035000,9.04,9.04,9.04,9.04,7000,0
3442.HK,5,20251201,040500,9.03,9.03,9.03,9.03,5900,0
3442.HK,5,20251201,042500,9.05,9.05,9.05,9.05,1500,0
3442.HK,5,20251201,044000,9.04,9.04,9.04,9.04,1500,0
3442.HK,5,20251201,045000,9.04,9.04,9.04,9.04,5300,0
3442.HK,5,20251201,045500,9.05,9.05,9.05,9.05,200,0
3442.HK,5,20251201,060000,9.05,9.05,9.03,9.03,27500,0
3442.HK,5,20251201,060500,9.02,9.02,9.02,9.02,4200,0
3442.HK,5,20251201,061000,9.02,9.03,9.02,9.03,15300,0
3442.HK,5,20251201,061500,9.03,9.03,9.02,9.02,77500,0
3442.HK,5,20251201,062000,9.02,9.02,9.02,9.02,600,0
3442.HK,5,20251201,062500,9.03,9.03,9.03,9.03,36000,0
3442.HK,5,20251201,063000,9.02,9.02,9.01,9.01,6900,0
3442.HK,5,20251201,064500,9.02,9.02,9.01,9.02,4300,0
3442.HK,5,20251201,065000,9.00,9.02,9.00,9.02,6000,0
3442.HK,5,20251201,065500,9.02,9.02,9.02,9.02,3600,0
3442.HK,5,20251201,070000,9.02,9.02,9.02,9.02,13100,0
3442.HK,5,20251201,072000,9.03,9.03,9.03,9.03,3000,0
3442.HK,5,20251201,072500,9.03,9.03,9.03,9.03,1000,0
3442.HK,5,20251201,073500,9.04,9.04,9.03,9.03,2500,0
3442.HK,5,20251201,074000,9.04,9.04,9.04,9.04,10000,0
3442.HK,5,20251201,075000,9.04,9.04,9.04,9.04,4000,0
3442.HK,5,20251201,080000,9.04,9.04,9.04,9.04,5100,0
3442.HK,5,20251201,080500,9.04,9.04,9.04,9.04,22100,0
3442.HK,5,20251201,081000,9.04,9.04,9.04,9.04,4900,0
3442.HK,5,20251201,081500,9.03,9.03,9.03,9.03,200,0
3442.HK,5,20251201,083500,9.04,9.04,9.04,9.04,2500,0
3442.HK,5,20251201,084000,9.04,9.04,9.04,9.04,500,0
3442.HK,5,20251201,085000,9.04,9.04,9.04,9.04,1000,0
3442.HK,5,20251202,023000,9.09,9.09,9.06,9.09,32200,0
3442.HK,5,20251202,023500,9.08,9.09,9.08,9.08,17300,0
3442.HK,5,20251202,024000,9.09,9.09,9.08,9.09,6600,0
3442.HK,5,20251202,024500,9.09,9.09,9.09,9.09,5200,0
3442.HK,5,20251202,025000,9.09,9.09,9.09,9.09,78900,0
3442.HK,5,20251202,025500,9.08,9.08,9.08,9.08,400,0
3442.HK,5,20251202,031000,9.09,9.09,9.08,9.08,5800,0
3442.HK,5,20251202,031500,9.08,9.08,9.08,9.08,9500,0
3442.HK,5,20251202,032000,9.08,9.08,9.08,9.08,5000,0
3442.HK,5,20251202,032500,9.08,9.08,9.08,9.08,10300,0
3442.HK,5,20251202,033000,9.08,9.08,9.06,9.06,57400,0
3442.HK,5,20251202,033500,9.06,9.06,9.06,9.06,300,0
3442.HK,5,20251202,034500,9.08,9.08,9.08,9.08,6800,0
3442.HK,5,20251202,035500,9.07,9.08,9.07,9.08,3100,0
3442.HK,5,20251202,040500,9.05,9.05,9.05,9.05,5000,0
3442.HK,5,20251202,041000,9.06,9.06,9.06,9.06,800,0
3442.HK,5,20251202,041500,9.06,9.06,9.05,9.05,1500,0
3442.HK,5,20251202,042000,9.05,9.05,9.05,9.05,1000,0
3442.HK,5,20251202,042500,9.05,9.05,9.04,9.04,1600,0
3442.HK,5,20251202,043000,9.04,9.04,9.04,9.04,6100,0
3442.HK,5,20251202,043500,9.03,9.03,9.03,9.03,1900,0
3442.HK,5,20251202,044000,9.03,9.03,9.03,9.03,1300,0
3442.HK,5,20251202,045000,9.03,9.03,9.03,9.03,2000,0
3442.HK,5,20251202,061000,9.04,9.04,9.04,9.04,24100,0
3442.HK,5,20251202,062500,9.04,9.04,9.03,9.03,3100,0
3442.HK,5,20251202,063500,9.03,9.03,9.03,9.03,11900,0
3442.HK,5,20251202,070000,9.03,9.03,9.03,9.03,24200,0
3442.HK,5,20251202,070500,9.04,9.04,9.03,9.03,4500,0
3442.HK,5,20251202,071000,9.03,9.03,9.02,9.03,1700,0
3442.HK,5,20251202,071500,9.03,9.03,9.03,9.03,2000,0
3442.HK,5,20251202,072000,9.03,9.03,9.03,9.03,1100,0
3442.HK,5,20251202,073000,9.04,9.04,9.04,9.04,200,0
3442.HK,5,20251202,074000,9.03,9.03,9.03,9.03,100,0
3442.HK,5,20251202,075500,9.03,9.03,9.03,9.03,200,0
3442.HK,5,20251202,080000,9.04,9.04,9.04,9.04,500,0
3442.HK,5,20251202,081000,9.04,9.04,9.04,9.04,28700,0
3442.HK,5,20251202,081500,9.04,9.04,9.04,9.04,300,0
3442.HK,5,20251202,085500,9.05,9.05,9.05,9.05,100,0
3442.HK,5,20251203,023500,9.04,9.04,9.04,9.04,600,0
3442.HK,5,20251203,024000,9.03,9.05,9.03,9.05,6900,0
3442.HK,5,20251203,024500,9.02,9.04,9.02,9.04,4600,0
3442.HK,5,20251203,025000,9.02,9.02,9.02,9.02,654600,0
3442.HK,5,20251203,025500,9.02,9.02,9.01,9.01,352500,0
3442.HK,5,20251203,030000,9.01,9.01,9.01,9.01,200,0
3442.HK,5,20251203,030500,9.01,9.01,9.00,9.01,7000,0
3442.HK,5,20251203,031000,9.01,9.01,9.01,9.01,20900,0
3442.HK,5,20251203,031500,9.04,9.04,9.04,9.04,100,0
3442.HK,5,20251203,032000,9.04,9.04,9.02,9.02,51300,0
3442.HK,5,20251203,032500,9.02,9.02,9.02,9.02,6200,0
3442.HK,5,20251203,033000,9.01,9.01,9.00,9.00,40200,0
3442.HK,5,20251203,033500,9.00,9.00,8.99,8.99,32600,0
3442.HK,5,20251203,034000,9.00,9.00,9.00,9.00,1100,0
3442.HK,5,20251203,034500,9.00,9.00,8.99,8.99,2800,0
3442.HK,5,20251203,035000,8.99,8.99,8.99,8.99,2900,0
3442.HK,5,20251203,035500,9.02,9.02,9.02,9.02,300,0
3442.HK,5,20251203,040500,9.00,9.00,9.00,9.00,500,0
3442.HK,5,20251203,041000,9.00,9.00,9.00,9.00,1600,0
3442.HK,5,20251203,041500,9.00,9.00,9.00,9.00,1200,0
3442.HK,5,20251203,045500,9.00,9.00,9.00,9.00,1100,0
3442.HK,5,20251203,060000,9.00,9.00,9.00,9.00,1500,0
3442.HK,5,20251203,060500,9.00,9.01,9.00,9.01,3300,0
3442.HK,5,20251203,061000,9.01,9.01,9.01,9.01,200,0
3442.HK,5,20251203,061500,9.01,9.01,9.01,9.01,600,0
3442.HK,5,20251203,062000,9.01,9.01,9.01,9.01,6800,0
3442.HK,5,20251203,062500,9.00,9.01,9.00,9.01,59600,0
3442.HK,5,20251203,063000,9.00,9.01,9.00,9.00,3100,0
3442.HK,5,20251203,063500,9.00,9.00,8.99,8.99,55600,0
3442.HK,5,20251203,064000,8.99,8.99,8.99,8.99,20000,0
3442.HK,5,20251203,064500,8.99,8.99,8.98,8.98,18000,0
3442.HK,5,20251203,065000,8.99,8.99,8.99,8.99,5700,0
3442.HK,5,20251203,065500,8.99,8.99,8.98,8.98,14300,0
3442.HK,5,20251203,070000,8.98,8.98,8.98,8.98,5400,0
3442.HK,5,20251203,070500,8.99,8.99,8.98,8.98,800,0
3442.HK,5,20251203,071000,8.99,8.99,8.99,8.99,2200,0
3442.HK,5,20251203,071500,8.98,8.99,8.98,8.98,21300,0
3442.HK,5,20251203,072000,8.99,8.99,8.98,8.98,2800,0
3442.HK,5,20251203,072500,8.98,8.98,8.98,8.98,7000,0
3442.HK,5,20251203,073000,8.98,8.98,8.98,8.98,800,0
3442.HK,5,20251203,074000,8.98,8.98,8.98,8.98,200,0
3442.HK,5,20251203,074500,8.98,8.98,8.98,8.98,3600,0
3442.HK,5,20251203,075000,8.98,8.98,8.98,8.98,1000,0
3442.HK,5,20251203,075500,8.98,8.99,8.98,8.99,600,0
3442.HK,5,20251203,083500,8.98,8.98,8.98,8.98,10000,0
3442.HK,5,20251203,084000,8.98,8.98,8.98,8.98,1200,0
3442.HK,5,20251203,084500,8.98,8.98,8.98,8.98,100,0
3442.HK,5,20251203,085500,8.98,8.98,8.98,8.98,200,0
3442.HK,5,20251204,023000,8.97,8.99,8.96,8.96,14300,0
3442.HK,5,20251204,023500,8.96,8.96,8.96,8.96,600,0
3442.HK,5,20251204,024000,8.96,8.96,8.96,8.96,1000,0
3442.HK,5,20251204,024500,8.96,8.96,8.96,8.96,3400,0
3442.HK,5,20251204,025000,8.95,8.95,8.93,8.93,39200,0
3442.HK,5,20251204,025500,8.94,8.94,8.94,8.94,1800,0
3442.HK,5,20251204,030000,8.94,8.94,8.94,8.94,1200,0
3442.HK,5,20251204,031500,8.95,8.95,8.95,8.95,500,0
3442.HK,5,20251204,032000,8.94,8.96,8.93,8.96,18800,0
3442.HK,5,20251204,032500,8.96,8.98,8.96,8.98,9800,0
3442.HK,5,20251204,033000,8.98,8.99,8.98,8.98,74900,0
3442.HK,5,20251204,033500,8.98,8.99,8.98,8.99,1000,0
3442.HK,5,20251204,034000,9.00,9.00,9.00,9.00,100,0
3442.HK,5,20251204,034500,8.99,9.00,8.99,9.00,22000,0
3442.HK,5,20251204,035000,9.00,9.01,9.00,9.00,31400,0
3442.HK,5,20251204,035500,9.01,9.01,9.01,9.01,1900,0
3442.HK,5,20251204,040500,9.00,9.00,8.99,8.99,7200,0
3442.HK,5,20251204,041000,8.98,9.00,8.98,9.00,12300,0
3442.HK,5,20251204,042000,9.00,9.00,9.00,9.00,10000,0
3442.HK,5,20251204,042500,9.01,9.01,9.01,9.01,600,0
3442.HK,5,20251204,043000,9.01,9.01,9.01,9.01,100,0
3442.HK,5,20251204,060000,9.01,9.01,9.00,9.00,5400,0
3442.HK,5,20251204,060500,9.01,9.01,9.01,9.01,6600,0
3442.HK,5,20251204,061000,9.02,9.02,9.02,9.02,2500,0
3442.HK,5,20251204,061500,9.02,9.02,9.02,9.02,4800,0
3442.HK,5,20251204,062000,9.02,9.02,9.02,9.02,4600,0
3442.HK,5,20251204,062500,9.01,9.01,9.00,9.00,1300,0
3442.HK,5,20251204,064500,9.01,9.01,9.00,9.01,4300,0
3442.HK,5,20251204,071000,9.01,9.01,9.00,9.00,1000,0
3442.HK,5,20251204,072000,9.00,9.00,9.00,9.00,4500,0
3442.HK,5,20251204,072500,9.00,9.02,9.00,9.02,2300,0
3442.HK,5,20251204,073000,9.02,9.02,9.00,9.00,2500,0
3442.HK,5,20251204,074000,9.01,9.01,9.00,9.00,1500,0
3442.HK,5,20251204,074500,9.01,9.02,9.01,9.02,5800,0
3442.HK,5,20251204,075000,9.01,9.03,9.01,9.03,30200,0
3442.HK,5,20251204,080000,9.03,9.08,9.03,9.07,157600,0
3442.HK,5,20251204,080500,9.06,9.06,9.06,9.06,600,0
3442.HK,5,20251204,081000,9.05,9.06,9.05,9.06,5100,0
3442.HK,5,20251204,081500,9.05,9.05,9.05,9.05,4900,0
3442.HK,5,20251204,083500,9.04,9.04,9.04,9.04,800,0
3442.HK,5,20251204,084000,9.05,9.05,9.05,9.05,300,0
3442.HK,5,20251204,085000,9.06,9.06,9.05,9.05,300,0
