<TICKER>,<PER>,<DATE>,<TIME>,<OPEN>,<HIGH>,<LOW>,<CLOSE>,<VOL>,<OPENINT>
381.HK,5,20250709,033500,0.50,0.50,0.50,0.50,20000,0
381.HK,5,20250709,040500,0.50,0.50,0.50,0.50,100000,0
381.HK,5,20250709,041000,0.50,0.50,0.50,0.50,20000,0
381.HK,5,20250709,042000,0.51,0.51,0.51,0.51,200000,0
381.HK,5,20250709,042500,0.51,0.51,0.51,0.51,20000,0
381.HK,5,20250709,044000,0.51,0.51,0.51,0.51,20000,0
381.HK,5,20250709,045500,0.51,0.51,0.51,0.51,40000,0
381.HK,5,20250709,052000,0.51,0.51,0.51,0.51,20000,0
381.HK,5,20250709,072000,0.50,0.50,0.50,0.50,100000,0
381.HK,5,20250709,080000,0.50,0.50,0.50,0.50,100000,0
381.HK,5,20250709,081000,0.50,0.50,0.50,0.50,40000,0
381.HK,5,20250709,084500,0.50,0.50,0.50,0.50,80000,0
381.HK,5,20250709,091000,0.50,0.50,0.50,0.50,80000,0
381.HK,5,20250709,095000,0.50,0.50,0.50,0.50,40000,0
381.HK,5,20250710,040500,0.49,0.49,0.49,0.49,40000,0
381.HK,5,20250710,042500,0.49,0.49,0.49,0.49,20000,0
381.HK,5,20250710,043500,0.49,0.49,0.49,0.49,20000,0
381.HK,5,20250710,052000,0.485,0.485,0.485,0.485,60000,0
381.HK,5,20250710,070000,0.485,0.485,0.48,0.485,200000,0
381.HK,5,20250710,071500,0.485,0.485,0.48,0.48,40000,0
381.HK,5,20250710,073000,0.48,0.48,0.48,0.48,100000,0
381.HK,5,20250710,081500,0.48,0.48,0.48,0.48,100000,0
381.HK,5,20250710,082000,0.48,0.48,0.48,0.48,20000,0
381.HK,5,20250710,084500,0.475,0.49,0.475,0.49,520000,0
381.HK,5,20250710,090500,0.49,0.495,0.49,0.495,120000,0
381.HK,5,20250710,094500,0.48,0.48,0.48,0.48,100000,0
381.HK,5,20250710,095000,0.48,0.48,0.48,0.48,40000,0
381.HK,5,20250710,095500,0.48,0.49,0.48,0.49,80000,0
381.HK,5,20250711,033000,0.56,1.01,0.56,0.80,1340000,0
381.HK,5,20250711,033500,0.82,0.82,0.72,0.72,600000,0
381.HK,5,20250711,034000,0.72,0.84,0.72,0.83,1180000,0
381.HK,5,20250711,034500,0.84,0.89,0.76,0.79,1300000,0
381.HK,5,20250711,035000,0.78,0.79,0.72,0.72,880000,0
381.HK,5,20250711,035500,0.73,0.77,0.73,0.77,920000,0
381.HK,5,20250711,040000,0.77,0.77,0.76,0.76,340000,0
381.HK,5,20250711,040500,0.75,0.75,0.72,0.73,580000,0
381.HK,5,20250711,041000,0.73,0.74,0.73,0.74,200000,0
381.HK,5,20250711,041500,0.74,0.74,0.72,0.72,300000,0
381.HK,5,20250711,042000,0.71,0.71,0.67,0.68,560000,0
381.HK,5,20250711,042500,0.69,0.71,0.68,0.71,440000,0
381.HK,5,20250711,043000,0.71,0.71,0.71,0.71,80000,0
381.HK,5,20250711,043500,0.71,0.71,0.69,0.69,260000,0
381.HK,5,20250711,044000,0.69,0.69,0.69,0.69,20000,0
381.HK,5,20250711,044500,0.69,0.69,0.69,0.69,40000,0
381.HK,5,20250711,045000,0.68,0.68,0.68,0.68,100000,0
381.HK,5,20250711,045500,0.67,0.67,0.67,0.67,120000,0
381.HK,5,20250711,050000,0.67,0.67,0.64,0.64,340000,0
381.HK,5,20250711,050500,0.64,0.64,0.62,0.62,360000,0
381.HK,5,20250711,051000,0.63,0.63,0.61,0.61,260000,0
381.HK,5,20250711,051500,0.63,0.65,0.63,0.64,140000,0
381.HK,5,20250711,052000,0.64,0.64,0.64,0.64,100000,0
381.HK,5,20250711,052500,0.64,0.65,0.64,0.65,120000,0
381.HK,5,20250711,053000,0.65,0.65,0.65,0.65,20000,0
381.HK,5,20250711,053500,0.65,0.65,0.65,0.65,20000,0
381.HK,5,20250711,054000,0.65,0.66,0.65,0.65,160000,0
381.HK,5,20250711,054500,0.65,0.65,0.65,0.65,240000,0
381.HK,5,20250711,055000,0.64,0.64,0.64,0.64,20000,0
381.HK,5,20250711,055500,0.63,0.63,0.63,0.63,60000,0
381.HK,5,20250711,070000,0.63,0.63,0.63,0.63,180000,0
381.HK,5,20250711,070500,0.62,0.62,0.61,0.61,200000,0
381.HK,5,20250711,071000,0.61,0.61,0.61,0.61,100000,0
381.HK,5,20250711,071500,0.63,0.63,0.63,0.63,40000,0
381.HK,5,20250711,072000,0.63,0.63,0.63,0.63,40000,0
381.HK,5,20250711,072500,0.63,0.63,0.63,0.63,20000,0
381.HK,5,20250711,073000,0.62,0.62,0.62,0.62,80000,0
381.HK,5,20250711,073500,0.62,0.62,0.62,0.62,40000,0
381.HK,5,20250711,074000,0.63,0.63,0.62,0.62,180000,0
381.HK,5,20250711,074500,0.63,0.63,0.63,0.63,20000,0
381.HK,5,20250711,075000,0.62,0.62,0.62,0.62,80000,0
381.HK,5,20250711,075500,0.62,0.62,0.61,0.61,240000,0
381.HK,5,20250711,080000,0.61,0.61,0.60,0.60,120000,0
381.HK,5,20250711,080500,0.60,0.60,0.60,0.60,260000,0
381.HK,5,20250711,081000,0.60,0.60,0.60,0.60,80000,0
381.HK,5,20250711,081500,0.61,0.61,0.61,0.61,60000,0
381.HK,5,20250711,082000,0.61,0.61,0.61,0.61,60000,0
381.HK,5,20250711,082500,0.61,0.61,0.61,0.61,40000,0
381.HK,5,20250711,084500,0.61,0.63,0.61,0.63,360000,0
381.HK,5,20250711,085000,0.63,0.64,0.63,0.64,100000,0
381.HK,5,20250711,085500,0.64,0.64,0.64,0.64,20000,0
381.HK,5,20250711,090000,0.63,0.64,0.63,0.64,320000,0
381.HK,5,20250711,090500,0.65,0.65,0.65,0.65,20000,0
381.HK,5,20250711,091000,0.65,0.66,0.63,0.66,420000,0
381.HK,5,20250711,091500,0.66,0.67,0.66,0.66,120000,0
381.HK,5,20250711,092000,0.65,0.65,0.65,0.65,100000,0
381.HK,5,20250711,093000,0.66,0.68,0.66,0.68,260000,0
381.HK,5,20250711,093500,0.68,0.68,0.68,0.68,20000,0
381.HK,5,20250711,094000,0.65,0.66,0.65,0.66,40000,0
381.HK,5,20250711,094500,0.66,0.66,0.66,0.66,20000,0
381.HK,5,20250711,095000,0.65,0.65,0.62,0.64,240000,0
381.HK,5,20250711,095500,0.63,0.65,0.62,0.62,440000,0
381.HK,5,20250714,033000,0.66,0.68,0.65,0.65,340000,0
381.HK,5,20250714,033500,0.63,0.64,0.62,0.62,420000,0
381.HK,5,20250714,034000,0.61,0.61,0.61,0.61,200000,0
381.HK,5,20250714,034500,0.61,0.62,0.61,0.62,60000,0
381.HK,5,20250714,035000,0.62,0.62,0.60,0.62,300000,0
381.HK,5,20250714,035500,0.62,0.62,0.62,0.62,120000,0
381.HK,5,20250714,040000,0.62,0.62,0.62,0.62,40000,0
381.HK,5,20250714,040500,0.64,0.64,0.64,0.64,60000,0
381.HK,5,20250714,041000,0.65,0.68,0.64,0.64,1900000,0
381.HK,5,20250714,041500,0.64,0.65,0.64,0.65,100000,0
381.HK,5,20250714,042000,0.64,0.64,0.64,0.64,20000,0
381.HK,5,20250714,042500,0.64,0.64,0.64,0.64,40000,0
381.HK,5,20250714,043000,0.65,0.65,0.64,0.65,100000,0
381.HK,5,20250714,043500,0.64,0.64,0.64,0.64,140000,0
381.HK,5,20250714,044000,0.63,0.63,0.63,0.63,200000,0
381.HK,5,20250714,044500,0.63,0.63,0.63,0.63,100000,0
381.HK,5,20250714,045500,0.63,0.64,0.63,0.64,40000,0
381.HK,5,20250714,050500,0.62,0.63,0.62,0.63,60000,0
381.HK,5,20250714,054000,0.62,0.64,0.62,0.62,100000,0
381.HK,5,20250714,054500,0.62,0.63,0.62,0.63,60000,0
381.HK,5,20250714,071500,0.62,0.62,0.62,0.62,20000,0
381.HK,5,20250714,073000,0.62,0.62,0.62,0.62,20000,0
381.HK,5,20250714,073500,0.61,0.62,0.61,0.62,280000,0
381.HK,5,20250714,075500,0.62,0.63,0.61,0.62,240000,0
381.HK,5,20250714,081000,0.62,0.62,0.62,0.62,20000,0
381.HK,5,20250714,082500,0.62,0.62,0.62,0.62,20000,0
381.HK,5,20250714,085500,0.61,0.61,0.61,0.61,20000,0
381.HK,5,20250714,090000,0.62,0.62,0.62,0.62,20000,0
381.HK,5,20250714,091000,0.61,0.61,0.61,0.61,40000,0
381.HK,5,20250714,091500,0.61,0.62,0.61,0.62,40000,0
381.HK,5,20250714,093000,0.61,0.61,0.61,0.61,40000,0
381.HK,5,20250714,094000,0.62,0.62,0.62,0.62,20000,0
381.HK,5,20250714,095500,0.61,0.61,0.61,0.61,20000,0
381.HK,5,20250715,033000,0.62,0.62,0.62,0.62,40000,0
381.HK,5,20250715,033500,0.62,0.62,0.62,0.62,40000,0
381.HK,5,20250715,034000,0.61,0.61,0.61,0.61,20000,0
381.HK,5,20250715,034500,0.60,0.60,0.59,0.59,40000,0
381.HK,5,20250715,035000,0.59,0.59,0.59,0.59,80000,0
381.HK,5,20250715,035500,0.59,0.60,0.59,0.60,60000,0
381.HK,5,20250715,040000,0.60,0.60,0.60,0.60,60000,0
381.HK,5,20250715,040500,0.60,0.63,0.60,0.63,800000,0
381.HK,5,20250715,041000,0.62,0.62,0.62,0.62,40000,0
381.HK,5,20250715,041500,0.60,0.61,0.60,0.61,40000,0
381.HK,5,20250715,044500,0.60,0.60,0.60,0.60,60000,0
381.HK,5,20250715,045500,0.60,0.60,0.60,0.60,20000,0
381.HK,5,20250715,050000,0.60,0.60,0.60,0.60,20000,0
381.HK,5,20250715,050500,0.59,0.59,0.59,0.59,60000,0
381.HK,5,20250715,051000,0.59,0.60,0.59,0.60,80000,0
381.HK,5,20250715,051500,0.60,0.60,0.60,0.60,20000,0
381.HK,5,20250715,053000,0.59,0.59,0.59,0.59,20000,0
381.HK,5,20250715,055000,0.59,0.59,0.59,0.59,20000,0
381.HK,5,20250715,055500,0.59,0.59,0.59,0.59,20000,0
381.HK,5,20250715,071500,0.59,0.59,0.59,0.59,20000,0
381.HK,5,20250715,072000,0.58,0.60,0.58,0.60,60000,0
381.HK,5,20250715,073500,0.60,0.60,0.60,0.60,20000,0
381.HK,5,20250715,081000,0.59,0.59,0.59,0.59,60000,0
381.HK,5,20250715,081500,0.59,0.59,0.59,0.59,20000,0
381.HK,5,20250715,083000,0.59,0.59,0.59,0.59,20000,0
381.HK,5,20250715,083500,0.59,0.59,0.59,0.59,20000,0
381.HK,5,20250715,085000,0.59,0.59,0.59,0.59,20000,0
381.HK,5,20250715,090000,0.59,0.59,0.59,0.59,20000,0
381.HK,5,20250715,091000,0.59,0.59,0.59,0.59,20000,0
381.HK,5,20250715,092000,0.58,0.59,0.58,0.59,80000,0
381.HK,5,20250715,095000,0.59,0.59,0.59,0.59,20000,0
381.HK,5,20250715,095500,0.59,0.60,0.59,0.60,120000,0
381.HK,5,20250716,033000,0.60,0.60,0.59,0.59,60000,0
381.HK,5,20250716,035000,0.59,0.59,0.59,0.59,100000,0
381.HK,5,20250716,035500,0.58,0.58,0.58,0.58,20000,0
381.HK,5,20250716,040000,0.57,0.58,0.57,0.58,40000,0
381.HK,5,20250716,040500,0.58,0.60,0.57,0.59,460000,0
381.HK,5,20250716,041000,0.59,0.59,0.59,0.59,100000,0
381.HK,5,20250716,042500,0.58,0.58,0.58,0.58,20000,0
381.HK,5,20250716,044000,0.58,0.58,0.58,0.58,20000,0
381.HK,5,20250716,044500,0.58,0.59,0.58,0.59,80000,0
381.HK,5,20250716,045000,0.59,0.60,0.59,0.60,200000,0
381.HK,5,20250716,045500,0.61,0.61,0.61,0.61,20000,0
381.HK,5,20250716,051000,0.60,0.60,0.60,0.60,20000,0
381.HK,5,20250716,051500,0.60,0.61,0.60,0.61,120000,0
381.HK,5,20250716,053500,0.60,0.60,0.59,0.59,220000,0
381.HK,5,20250716,054000,0.58,0.59,0.58,0.59,40000,0
381.HK,5,20250716,070000,0.58,0.58,0.58,0.58,120000,0
381.HK,5,20250716,071500,0.58,0.58,0.58,0.58,20000,0
381.HK,5,20250716,073000,0.58,0.58,0.58,0.58,20000,0
381.HK,5,20250716,075000,0.58,0.58,0.58,0.58,40000,0
381.HK,5,20250716,075500,0.58,0.58,0.58,0.58,60000,0
381.HK,5,20250716,081000,0.59,0.59,0.59,0.59,20000,0
381.HK,5,20250716,083500,0.58,0.58,0.58,0.58,20000,0
381.HK,5,20250717,035000,0.57,0.57,0.57,0.57,20000,0
381.HK,5,20250717,040000,0.57,0.57,0.57,0.57,20000,0
381.HK,5,20250717,040500,0.57,0.58,0.57,0.58,60000,0
381.HK,5,20250717,041500,0.58,0.58,0.57,0.57,180000,0
381.HK,5,20250717,042000,0.57,0.57,0.57,0.57,20000,0
381.HK,5,20250717,043000,0.57,0.57,0.57,0.57,20000,0
381.HK,5,20250717,045500,0.57,0.57,0.57,0.57,20000,0
381.HK,5,20250717,070500,0.56,0.57,0.56,0.57,160000,0
381.HK,5,20250717,072000,0.52,0.56,0.52,0.56,420000,0
381.HK,5,20250717,080000,0.55,0.55,0.55,0.55,20000,0
381.HK,5,20250717,080500,0.55,0.55,0.55,0.55,20000,0
381.HK,5,20250717,081500,0.55,0.55,0.55,0.55,20000,0
381.HK,5,20250717,082000,0.55,0.55,0.55,0.55,60000,0
381.HK,5,20250717,082500,0.55,0.55,0.55,0.55,40000,0
381.HK,5,20250717,091500,0.55,0.55,0.55,0.55,20000,0
381.HK,5,20250717,092500,0.53,0.54,0.53,0.54,220000,0
381.HK,5,20250717,093000,0.53,0.53,0.53,0.53,40000,0
381.HK,5,20250717,095000,0.53,0.53,0.53,0.53,40000,0
381.HK,5,20250717,095500,0.53,0.54,0.53,0.54,100000,0
381.HK,5,20250718,033500,0.53,0.53,0.53,0.53,20000,0
381.HK,5,20250718,034000,0.53,0.54,0.53,0.53,200000,0
381.HK,5,20250718,034500,0.53,0.54,0.53,0.54,100000,0
381.HK,5,20250718,035000,0.54,0.55,0.54,0.55,40000,0
381.HK,5,20250718,035500,0.54,0.54,0.54,0.54,40000,0
381.HK,5,20250718,040000,0.53,0.57,0.53,0.57,120000,0
381.HK,5,20250718,040500,0.56,0.59,0.55,0.55,360000,0
381.HK,5,20250718,041000,0.55,0.55,0.54,0.54,300000,0
381.HK,5,20250718,041500,0.54,0.54,0.54,0.54,100000,0
381.HK,5,20250718,042000,0.55,0.55,0.55,0.55,20000,0
381.HK,5,20250718,044000,0.55,0.55,0.55,0.55,40000,0
381.HK,5,20250718,055500,0.54,0.54,0.54,0.54,20000,0
381.HK,5,20250718,070000,0.54,0.54,0.54,0.54,20000,0
381.HK,5,20250718,070500,0.54,0.54,0.54,0.54,20000,0
381.HK,5,20250718,071500,0.54,0.54,0.54,0.54,40000,0
381.HK,5,20250718,072000,0.54,0.54,0.54,0.54,20000,0
381.HK,5,20250718,083000,0.53,0.53,0.53,0.53,20000,0
381.HK,5,20250718,085000,0.52,0.53,0.52,0.53,300000,0
381.HK,5,20250718,091500,0.53,0.53,0.53,0.53,20000,0
381.HK,5,20250718,092000,0.53,0.53,0.53,0.53,20000,0
381.HK,5,20250718,094500,0.53,0.53,0.53,0.53,20000,0
381.HK,5,20250718,095000,0.52,0.53,0.52,0.53,200000,0
381.HK,5,20250718,095500,0.54,0.54,0.54,0.54,40000,0
381.HK,5,20250721,035500,0.53,0.53,0.53,0.53,120000,0
381.HK,5,20250721,040500,0.53,0.53,0.53,0.53,20000,0
381.HK,5,20250721,041500,0.53,0.53,0.52,0.52,160000,0
381.HK,5,20250721,042000,0.55,0.55,0.55,0.55,20000,0
381.HK,5,20250721,045500,0.52,0.52,0.52,0.52,60000,0
381.HK,5,20250721,050000,0.53,0.53,0.53,0.53,20000,0
381.HK,5,20250721,070500,0.51,0.51,0.50,0.51,440000,0
381.HK,5,20250721,071000,0.51,0.52,0.51,0.52,80000,0
381.HK,5,20250721,085000,0.52,0.52,0.52,0.52,20000,0
381.HK,5,20250721,093500,0.50,0.51,0.50,0.51,200000,0
381.HK,5,20250721,094000,0.51,0.52,0.51,0.52,280000,0
381.HK,5,20250722,033000,0.50,0.51,0.50,0.51,200000,0
381.HK,5,20250722,033500,0.51,0.52,0.51,0.52,120000,0
381.HK,5,20250722,035500,0.50,0.51,0.495,0.495,440000,0
381.HK,5,20250722,040000,0.495,0.50,0.495,0.50,40000,0
381.HK,5,20250722,041500,0.50,0.50,0.50,0.50,20000,0
381.HK,5,20250722,043000,0.51,0.51,0.51,0.51,20000,0
381.HK,5,20250722,051500,0.50,0.50,0.50,0.50,20000,0
381.HK,5,20250722,055500,0.495,0.495,0.495,0.495,120000,0
381.HK,5,20250722,070000,0.495,0.54,0.495,0.53,600000,0
381.HK,5,20250722,070500,0.53,0.53,0.53,0.53,20000,0
381.HK,5,20250722,073500,0.53,0.53,0.53,0.53,20000,0
381.HK,5,20250722,074000,0.53,0.53,0.53,0.53,20000,0
381.HK,5,20250722,083000,0.53,0.53,0.53,0.53,100000,0
381.HK,5,20250722,095500,0.53,0.53,0.53,0.53,20000,0
381.HK,5,20250723,033000,0.52,0.53,0.51,0.53,320000,0
381.HK,5,20250723,033500,0.53,0.53,0.53,0.53,20000,0
381.HK,5,20250723,034500,0.53,0.53,0.53,0.53,20000,0
381.HK,5,20250723,042000,0.53,0.53,0.53,0.53,20000,0
381.HK,5,20250723,042500,0.52,0.53,0.50,0.50,1020000,0
381.HK,5,20250723,043000,0.50,0.50,0.50,0.50,160000,0
381.HK,5,20250723,045000,0.50,0.50,0.50,0.50,20000,0
381.HK,5,20250723,050000,0.50,0.50,0.50,0.50,20000,0
381.HK,5,20250723,050500,0.50,0.50,0.50,0.50,20000,0
381.HK,5,20250723,051000,0.50,0.50,0.50,0.50,80000,0
381.HK,5,20250723,052000,0.51,0.51,0.51,0.51,80000,0
381.HK,5,20250723,052500,0.51,0.51,0.51,0.51,20000,0
381.HK,5,20250723,055500,0.50,0.50,0.50,0.50,20000,0
381.HK,5,20250723,070000,0.50,0.50,0.50,0.50,20000,0
381.HK,5,20250723,074000,0.50,0.50,0.50,0.50,40000,0
381.HK,5,20250723,074500,0.50,0.50,0.50,0.50,20000,0
381.HK,5,20250723,084500,0.50,0.50,0.50,0.50,20000,0
381.HK,5,20250723,091000,0.50,0.50,0.50,0.50,100000,0
381.HK,5,20250723,091500,0.50,0.51,0.50,0.51,460000,0
381.HK,5,20250723,092000,0.51,0.51,0.51,0.51,220000,0
381.HK,5,20250723,092500,0.51,0.51,0.51,0.51,80000,0
381.HK,5,20250723,093000,0.51,0.51,0.51,0.51,40000,0
381.HK,5,20250723,095500,0.51,0.51,0.50,0.50,60000,0
381.HK,5,20250724,033000,0.50,0.51,0.50,0.50,140000,0
381.HK,5,20250724,040500,0.49,0.49,0.49,0.49,20000,0
381.HK,5,20250724,041000,0.49,0.49,0.49,0.49,40000,0
381.HK,5,20250724,041500,0.49,0.49,0.49,0.49,20000,0
381.HK,5,20250724,042500,0.495,0.50,0.49,0.49,320000,0
381.HK,5,20250724,043500,0.495,0.495,0.495,0.495,20000,0
381.HK,5,20250724,044000,0.495,0.495,0.495,0.495,40000,0
381.HK,5,20250724,050000,0.49,0.49,0.49,0.49,220000,0
381.HK,5,20250724,053000,0.49,0.49,0.49,0.49,40000,0
381.HK,5,20250724,054500,0.49,0.49,0.49,0.49,560000,0
381.HK,5,20250724,055000,0.495,0.50,0.495,0.50,140000,0
381.HK,5,20250724,072000,0.49,0.50,0.49,0.50,60000,0
381.HK,5,20250724,080500,0.49,0.49,0.49,0.49,220000,0
381.HK,5,20250724,081000,0.49,0.49,0.49,0.49,20000,0
381.HK,5,20250724,084000,0.49,0.49,0.485,0.485,60000,0
381.HK,5,20250724,084500,0.485,0.485,0.485,0.485,20000,0
381.HK,5,20250724,085500,0.485,0.485,0.485,0.485,200000,0
381.HK,5,20250724,090000,0.485,0.485,0.485,0.485,20000,0
381.HK,5,20250724,090500,0.49,0.49,0.49,0.49,20000,0
381.HK,5,20250724,092000,0.49,0.49,0.49,0.49,100000,0
381.HK,5,20250724,092500,0.49,0.495,0.49,0.495,140000,0
381.HK,5,20250724,095500,0.49,0.49,0.49,0.49,40000,0
381.HK,5,20250725,034000,0.48,0.485,0.48,0.485,240000,0
381.HK,5,20250725,034500,0.475,0.48,0.475,0.48,220000,0
381.HK,5,20250725,035000,0.48,0.48,0.48,0.48,20000,0
381.HK,5,20250725,040500,0.48,0.485,0.48,0.485,260000,0
381.HK,5,20250725,041000,0.485,0.485,0.485,0.485,20000,0
381.HK,5,20250725,041500,0.48,0.49,0.48,0.49,140000,0
381.HK,5,20250725,042000,0.49,0.49,0.48,0.48,200000,0
381.HK,5,20250725,044500,0.48,0.485,0.48,0.485,140000,0
381.HK,5,20250725,045000,0.485,0.485,0.485,0.485,20000,0
381.HK,5,20250725,045500,0.48,0.48,0.48,0.48,20000,0
381.HK,5,20250725,052000,0.48,0.485,0.48,0.485,100000,0
381.HK,5,20250725,070500,0.485,0.485,0.485,0.485,20000,0
381.HK,5,20250725,073500,0.48,0.48,0.48,0.48,40000,0
381.HK,5,20250725,075500,0.475,0.48,0.47,0.475,320000,0
381.HK,5,20250725,084000,0.475,0.475,0.475,0.475,40000,0
381.HK,5,20250725,085000,0.475,0.475,0.475,0.475,20000,0
381.HK,5,20250725,085500,0.475,0.48,0.475,0.48,540000,0
381.HK,5,20250725,090000,0.48,0.485,0.48,0.485,120000,0
381.HK,5,20250725,093000,0.48,0.48,0.48,0.48,60000,0
381.HK,5,20250725,094000,0.485,0.485,0.485,0.485,20000,0
381.HK,5,20250728,034500,0.485,0.485,0.485,0.485,20000,0
381.HK,5,20250728,040500,0.485,0.485,0.485,0.485,40000,0
381.HK,5,20250728,050000,0.485,0.485,0.485,0.485,40000,0
381.HK,5,20250728,050500,0.485,0.485,0.485,0.485,40000,0
381.HK,5,20250728,051000,0.49,0.49,0.49,0.49,20000,0
381.HK,5,20250728,052500,0.49,0.49,0.49,0.49,60000,0
381.HK,5,20250728,055500,0.495,0.495,0.495,0.495,60000,0
381.HK,5,20250728,070000,0.495,0.50,0.485,0.50,160000,0
381.HK,5,20250728,071500,0.50,0.50,0.50,0.50,20000,0
381.HK,5,20250728,073000,0.51,0.51,0.51,0.51,20000,0
381.HK,5,20250728,074500,0.50,0.50,0.50,0.50,20000,0
381.HK,5,20250728,085500,0.495,0.495,0.495,0.495,40000,0
381.HK,5,20250728,090000,0.495,0.495,0.495,0.495,20000,0
381.HK,5,20250728,091000,0.49,0.495,0.485,0.495,180000,0
381.HK,5,20250728,094000,0.49,0.49,0.49,0.49,20000,0
381.HK,5,20250729,033000,0.49,0.49,0.49,0.49,20000,0
381.HK,5,20250729,034000,0.49,0.49,0.49,0.49,20000,0
381.HK,5,20250729,034500,0.49,0.49,0.49,0.49,20000,0
381.HK,5,20250729,043000,0.49,0.49,0.49,0.49,60000,0
381.HK,5,20250729,044500,0.49,0.49,0.49,0.49,20000,0
381.HK,5,20250729,045000,0.485,0.485,0.485,0.485,60000,0
381.HK,5,20250729,045500,0.48,0.49,0.48,0.49,100000,0
381.HK,5,20250729,051000,0.48,0.48,0.48,0.48,20000,0
381.HK,5,20250729,055000,0.48,0.48,0.48,0.48,40000,0
381.HK,5,20250729,071000,0.475,0.475,0.475,0.475,20000,0
381.HK,5,20250729,072000,0.475,0.475,0.475,0.475,80000,0
381.HK,5,20250729,080500,0.475,0.475,0.475,0.475,40000,0
381.HK,5,20250729,081000,0.48,0.48,0.48,0.48,20000,0
381.HK,5,20250729,090500,0.48,0.48,0.48,0.48,40000,0
381.HK,5,20250729,093000,0.48,0.48,0.48,0.48,20000,0
381.HK,5,20250729,094500,0.475,0.48,0.47,0.475,200000,0
381.HK,5,20250730,040000,0.475,0.475,0.475,0.475,20000,0
381.HK,5,20250730,043000,0.475,0.475,0.475,0.475,40000,0
381.HK,5,20250730,043500,0.475,0.475,0.475,0.475,20000,0
381.HK,5,20250730,052000,0.465,0.475,0.465,0.475,120000,0
381.HK,5,20250730,055500,0.47,0.47,0.47,0.47,20000,0
381.HK,5,20250730,070000,0.465,0.465,0.465,0.465,20000,0
381.HK,5,20250730,090500,0.465,0.465,0.465,0.465,20000,0
381.HK,5,20250730,092000,0.465,0.465,0.465,0.465,20000,0
381.HK,5,20250731,033000,0.465,0.465,0.465,0.465,20000,0
381.HK,5,20250731,034500,0.46,0.47,0.46,0.47,120000,0
381.HK,5,20250731,035000,0.47,0.47,0.47,0.47,20000,0
381.HK,5,20250731,041000,0.47,0.47,0.47,0.47,20000,0
381.HK,5,20250731,043500,0.46,0.465,0.46,0.465,140000,0
381.HK,5,20250731,052000,0.465,0.465,0.465,0.465,20000,0
381.HK,5,20250731,054000,0.465,0.465,0.465,0.465,20000,0
381.HK,5,20250731,080500,0.465,0.465,0.465,0.465,20000,0
381.HK,5,20250731,095000,0.465,0.465,0.465,0.465,100000,0
381.HK,5,20250801,051500,0.445,0.445,0.445,0.445,20000,0
381.HK,5,20250801,052000,0.445,0.445,0.445,0.445,20000,0
381.HK,5,20250801,052500,0.45,0.45,0.45,0.45,80000,0
381.HK,5,20250801,053000,0.46,0.46,0.46,0.46,20000,0
381.HK,5,20250801,053500,0.465,0.465,0.465,0.465,20000,0
381.HK,5,20250801,072500,0.465,0.465,0.465,0.465,100000,0
381.HK,5,20250801,074000,0.46,0.46,0.455,0.455,80000,0
381.HK,5,20250801,074500,0.465,0.465,0.465,0.465,20000,0
381.HK,5,20250801,081500,0.465,0.465,0.465,0.465,100000,0
381.HK,5,20250801,082500,0.46,0.465,0.46,0.465,40000,0
381.HK,5,20250801,090000,0.455,0.465,0.455,0.465,120000,0
381.HK,5,20250801,091000,0.45,0.47,0.45,0.47,260000,0
381.HK,5,20250801,092000,0.46,0.46,0.46,0.46,20000,0
381.HK,5,20250801,094000,0.46,0.46,0.46,0.46,20000,0
381.HK,5,20250804,033500,0.44,0.45,0.44,0.45,180000,0
381.HK,5,20250804,043000,0.44,0.44,0.44,0.44,20000,0
381.HK,5,20250804,044000,0.435,0.435,0.435,0.435,120000,0
381.HK,5,20250804,045500,0.435,0.435,0.435,0.435,40000,0
381.HK,5,20250804,052500,0.44,0.44,0.44,0.44,20000,0
381.HK,5,20250804,072500,0.435,0.435,0.435,0.435,20000,0
381.HK,5,20250804,080500,0.435,0.435,0.435,0.435,20000,0
381.HK,5,20250804,081000,0.435,0.435,0.435,0.435,40000,0
381.HK,5,20250804,083500,0.435,0.44,0.435,0.44,120000,0
381.HK,5,20250804,085500,0.44,0.44,0.44,0.44,40000,0
381.HK,5,20250804,091000,0.435,0.44,0.435,0.44,160000,0
381.HK,5,20250805,033000,0.43,0.445,0.43,0.445,180000,0
381.HK,5,20250805,040500,0.43,0.43,0.43,0.43,40000,0
381.HK,5,20250805,045000,0.43,0.43,0.43,0.43,20000,0
381.HK,5,20250805,051000,0.43,0.43,0.43,0.43,20000,0
381.HK,5,20250805,053500,0.43,0.43,0.43,0.43,20000,0
381.HK,5,20250805,054000,0.43,0.43,0.43,0.43,20000,0
381.HK,5,20250805,054500,0.43,0.43,0.43,0.43,20000,0
381.HK,5,20250805,070000,0.425,0.43,0.42,0.43,220000,0
381.HK,5,20250805,072500,0.435,0.435,0.435,0.435,40000,0
381.HK,5,20250805,073500,0.435,0.435,0.435,0.435,40000,0
381.HK,5,20250805,074000,0.435,0.435,0.435,0.435,20000,0
381.HK,5,20250805,075000,0.425,0.435,0.42,0.435,100000,0
381.HK,5,20250805,083500,0.43,0.43,0.43,0.43,20000,0
381.HK,5,20250805,085500,0.43,0.43,0.43,0.43,40000,0
381.HK,5,20250805,090500,0.43,0.43,0.43,0.43,80000,0
381.HK,5,20250805,092000,0.43,0.43,0.43,0.43,20000,0
381.HK,5,20250805,093000,0.425,0.43,0.425,0.43,80000,0
381.HK,5,20250805,094000,0.43,0.43,0.43,0.43,20000,0
381.HK,5,20250805,094500,0.425,0.425,0.425,0.425,20000,0
381.HK,5,20250806,034000,0.43,0.43,0.43,0.43,20000,0
381.HK,5,20250806,035000,0.42,0.43,0.42,0.43,120000,0
381.HK,5,20250806,035500,0.42,0.43,0.42,0.43,220000,0
381.HK,5,20250806,051000,0.425,0.425,0.425,0.425,20000,0
381.HK,5,20250806,051500,0.425,0.43,0.42,0.43,420000,0
381.HK,5,20250806,052000,0.425,0.425,0.425,0.425,20000,0
381.HK,5,20250806,053000,0.44,0.445,0.44,0.445,60000,0
381.HK,5,20250806,053500,0.445,0.445,0.445,0.445,20000,0
381.HK,5,20250806,054500,0.43,0.44,0.43,0.44,140000,0
381.HK,5,20250806,055000,0.435,0.44,0.43,0.44,180000,0
381.HK,5,20250806,055500,0.445,0.445,0.445,0.445,20000,0
381.HK,5,20250806,071500,0.43,0.43,0.43,0.43,100000,0
381.HK,5,20250806,072000,0.43,0.43,0.43,0.43,40000,0
381.HK,5,20250806,073000,0.435,0.435,0.435,0.435,20000,0
381.HK,5,20250806,074000,0.43,0.43,0.43,0.43,40000,0
381.HK,5,20250806,075000,0.435,0.45,0.43,0.45,800000,0
381.HK,5,20250806,075500,0.44,0.455,0.44,0.455,220000,0
381.HK,5,20250806,080000,0.445,0.445,0.445,0.445,20000,0
381.HK,5,20250806,091500,0.45,0.45,0.45,0.45,20000,0
381.HK,5,20250806,092500,0.445,0.445,0.445,0.445,60000,0
381.HK,5,20250806,095000,0.44,0.44,0.44,0.44,40000,0
381.HK,5,20250806,095500,0.43,0.43,0.43,0.43,20000,0
381.HK,5,20250807,033500,0.42,0.435,0.42,0.435,240000,0
381.HK,5,20250807,035500,0.43,0.45,0.43,0.45,220000,0
381.HK,5,20250807,040500,0.44,0.44,0.44,0.44,20000,0
381.HK,5,20250807,044000,0.435,0.435,0.435,0.435,60000,0
381.HK,5,20250807,045000,0.43,0.43,0.43,0.43,40000,0
381.HK,5,20250807,050000,0.43,0.44,0.43,0.44,60000,0
381.HK,5,20250807,054000,0.43,0.43,0.43,0.43,40000,0
381.HK,5,20250807,054500,0.425,0.435,0.425,0.435,400000,0
381.HK,5,20250807,070000,0.43,0.435,0.43,0.435,40000,0
381.HK,5,20250807,072000,0.435,0.435,0.435,0.435,140000,0
381.HK,5,20250807,073500,0.435,0.435,0.435,0.435,20000,0
381.HK,5,20250807,082000,0.43,0.44,0.43,0.44,240000,0
381.HK,5,20250807,092000,0.43,0.435,0.43,0.435,80000,0
381.HK,5,20250807,095000,0.43,0.43,0.43,0.43,20000,0
381.HK,5,20250807,095500,0.43,0.44,0.43,0.44,340000,0
381.HK,5,20250808,033000,0.44,0.47,0.44,0.47,400000,0
381.HK,5,20250808,034000,0.45,0.45,0.445,0.445,220000,0
381.HK,5,20250808,034500,0.445,0.445,0.435,0.435,140000,0
381.HK,5,20250808,035000,0.445,0.445,0.445,0.445,20000,0
381.HK,5,20250808,035500,0.43,0.44,0.43,0.44,80000,0
381.HK,5,20250808,040000,0.44,0.44,0.44,0.44,80000,0
381.HK,5,20250808,040500,0.435,0.44,0.435,0.44,220000,0
381.HK,5,20250808,045500,0.44,0.44,0.44,0.44,20000,0
381.HK,5,20250808,053000,0.44,0.445,0.44,0.445,180000,0
381.HK,5,20250808,053500,0.455,0.455,0.455,0.455,100000,0
381.HK,5,20250808,054000,0.46,0.46,0.46,0.46,20000,0
381.HK,5,20250808,054500,0.435,0.455,0.435,0.455,120000,0
381.HK,5,20250808,070000,0.44,0.44,0.44,0.44,20000,0
381.HK,5,20250808,072000,0.445,0.45,0.445,0.45,40000,0
381.HK,5,20250808,074000,0.44,0.44,0.44,0.44,60000,0
381.HK,5,20250808,075000,0.44,0.45,0.44,0.44,220000,0
381.HK,5,20250808,075500,0.445,0.445,0.445,0.445,20000,0
381.HK,5,20250808,090000,0.445,0.445,0.445,0.445,20000,0
381.HK,5,20250808,090500,0.445,0.445,0.445,0.445,20000,0
381.HK,5,20250808,091500,0.445,0.445,0.445,0.445,20000,0
381.HK,5,20250808,093500,0.44,0.445,0.44,0.445,140000,0
381.HK,5,20250808,094500,0.445,0.445,0.445,0.445,20000,0
381.HK,5,20250808,095500,0.44,0.44,0.44,0.44,20000,0
381.HK,5,20250815,051000,0.395,0.395,0.395,0.395,20000,0
381.HK,5,20250815,052500,0.395,0.40,0.395,0.40,100000,0
381.HK,5,20250815,070000,0.40,0.40,0.40,0.40,40000,0
381.HK,5,20250815,071500,0.395,0.395,0.395,0.395,20000,0
381.HK,5,20250815,072000,0.395,0.395,0.395,0.395,80000,0
381.HK,5,20250815,072500,0.405,0.405,0.395,0.405,200000,0
381.HK,5,20250815,073000,0.41,0.41,0.41,0.41,20000,0
381.HK,5,20250815,073500,0.40,0.40,0.40,0.40,20000,0
381.HK,5,20250815,080000,0.395,0.395,0.395,0.395,160000,0
381.HK,5,20250815,081500,0.395,0.395,0.395,0.395,40000,0
381.HK,5,20250815,082500,0.39,0.39,0.39,0.39,220000,0
381.HK,5,20250815,091000,0.39,0.39,0.39,0.39,20000,0
381.HK,5,20250815,092500,0.39,0.39,0.39,0.39,20000,0
381.HK,5,20250815,093000,0.385,0.39,0.385,0.39,40000,0
381.HK,5,20250815,094500,0.39,0.39,0.39,0.39,120000,0
381.HK,5,20250815,095000,0.39,0.39,0.39,0.39,100000,0
381.HK,5,20250815,095500,0.39,0.40,0.385,0.40,120000,0
381.HK,5,20250818,051500,0.40,0.40,0.40,0.40,20000,0
381.HK,5,20250818,072000,0.40,0.40,0.40,0.40,40000,0
381.HK,5,20250818,072500,0.39,0.39,0.39,0.39,40000,0
381.HK,5,20250818,073500,0.39,0.39,0.39,0.39,20000,0
381.HK,5,20250818,074000,0.40,0.40,0.40,0.40,20000,0
381.HK,5,20250818,074500,0.40,0.40,0.40,0.40,40000,0
381.HK,5,20250818,092000,0.405,0.405,0.405,0.405,20000,0
381.HK,5,20250818,093500,0.40,0.40,0.40,0.40,20000,0
381.HK,5,20250819,034000,0.40,0.40,0.40,0.40,20000,0
381.HK,5,20250819,041000,0.40,0.405,0.40,0.405,60000,0
381.HK,5,20250819,044000,0.39,0.40,0.39,0.40,320000,0
381.HK,5,20250819,050000,0.40,0.40,0.40,0.40,80000,0
381.HK,5,20250819,050500,0.40,0.40,0.40,0.40,40000,0
381.HK,5,20250819,051500,0.40,0.40,0.40,0.40,20000,0
381.HK,5,20250819,052500,0.40,0.405,0.40,0.405,160000,0
381.HK,5,20250819,070000,0.405,0.405,0.405,0.405,40000,0
381.HK,5,20250819,073500,0.395,0.405,0.395,0.405,60000,0
381.HK,5,20250819,074500,0.40,0.40,0.40,0.40,40000,0
381.HK,5,20250819,080500,0.40,0.40,0.40,0.40,140000,0
381.HK,5,20250819,081000,0.395,0.40,0.39,0.40,220000,0
381.HK,5,20250819,094500,0.40,0.40,0.40,0.40,80000,0
381.HK,5,20250820,041000,0.40,0.40,0.40,0.40,40000,0
381.HK,5,20250820,042000,0.40,0.40,0.40,0.40,20000,0
381.HK,5,20250820,043500,0.39,0.39,0.39,0.39,40000,0
381.HK,5,20250820,050500,0.39,0.39,0.385,0.385,240000,0
381.HK,5,20250820,053000,0.39,0.39,0.39,0.39,20000,0
381.HK,5,20250820,054500,0.39,0.39,0.39,0.39,20000,0
381.HK,5,20250820,071500,0.39,0.40,0.39,0.40,300000,0
381.HK,5,20250820,072000,0.405,0.405,0.405,0.405,20000,0
381.HK,5,20250820,072500,0.405,0.405,0.405,0.405,60000,0
381.HK,5,20250821,034500,0.39,0.39,0.39,0.39,40000,0
381.HK,5,20250821,035500,0.39,0.40,0.385,0.40,260000,0
381.HK,5,20250821,045500,0.40,0.40,0.40,0.40,80000,0
381.HK,5,20250821,050500,0.40,0.40,0.40,0.40,80000,0
381.HK,5,20250821,051500,0.40,0.40,0.40,0.40,20000,0
381.HK,5,20250821,052500,0.395,0.395,0.395,0.395,20000,0
381.HK,5,20250821,053000,0.405,0.405,0.405,0.405,20000,0
381.HK,5,20250821,072500,0.405,0.405,0.405,0.405,20000,0
381.HK,5,20250821,073000,0.405,0.405,0.405,0.405,20000,0
381.HK,5,20250821,073500,0.40,0.40,0.40,0.40,20000,0
381.HK,5,20250821,074500,0.395,0.405,0.39,0.405,80000,0
381.HK,5,20250821,080500,0.405,0.415,0.405,0.415,300000,0
381.HK,5,20250821,081000,0.415,0.43,0.415,0.43,260000,0
381.HK,5,20250821,081500,0.43,0.43,0.43,0.43,40000,0
381.HK,5,20250821,082500,0.425,0.425,0.425,0.425,20000,0
381.HK,5,20250821,091500,0.41,0.41,0.41,0.41,40000,0
381.HK,5,20250821,092000,0.41,0.41,0.41,0.41,100000,0
381.HK,5,20250821,094500,0.41,0.42,0.41,0.42,60000,0
381.HK,5,20250822,044000,0.42,0.42,0.41,0.41,60000,0
381.HK,5,20250822,051000,0.41,0.42,0.41,0.42,160000,0
381.HK,5,20250822,053000,0.41,0.41,0.405,0.405,120000,0
381.HK,5,20250822,071000,0.41,0.41,0.41,0.41,140000,0
381.HK,5,20250822,072000,0.41,0.41,0.41,0.41,320000,0
381.HK,5,20250822,074000,0.405,0.405,0.405,0.405,140000,0
381.HK,5,20250822,074500,0.405,0.415,0.405,0.415,160000,0
381.HK,5,20250822,081500,0.415,0.415,0.415,0.415,40000,0
381.HK,5,20250822,082500,0.42,0.42,0.42,0.42,20000,0
381.HK,5,20250822,091000,0.415,0.415,0.415,0.415,40000,0
381.HK,5,20250825,033000,0.40,0.41,0.40,0.41,120000,0
381.HK,5,20250825,070000,0.40,0.41,0.40,0.41,80000,0
381.HK,5,20250825,070500,0.41,0.41,0.41,0.41,160000,0
381.HK,5,20250825,071000,0.405,0.415,0.405,0.41,160000,0
381.HK,5,20250825,073000,0.41,0.41,0.41,0.41,20000,0
381.HK,5,20250825,074000,0.40,0.41,0.40,0.41,140000,0
381.HK,5,20250825,083500,0.41,0.41,0.41,0.41,20000,0
381.HK,5,20250825,091500,0.40,0.41,0.40,0.41,200000,0
381.HK,5,20250825,093500,0.41,0.41,0.41,0.41,20000,0
381.HK,5,20250826,044000,0.39,0.39,0.39,0.39,40000,0
381.HK,5,20250826,045500,0.39,0.40,0.39,0.40,140000,0
381.HK,5,20250826,055000,0.39,0.39,0.39,0.39,20000,0
381.HK,5,20250826,070500,0.39,0.39,0.385,0.385,120000,0
381.HK,5,20250826,072000,0.385,0.395,0.385,0.395,320000,0
381.HK,5,20250826,072500,0.39,0.39,0.39,0.39,20000,0
381.HK,5,20250826,074500,0.39,0.39,0.39,0.39,20000,0
381.HK,5,20250826,075500,0.38,0.39,0.38,0.39,220000,0
381.HK,5,20250826,080000,0.38,0.385,0.38,0.385,80000,0
381.HK,5,20250826,081000,0.385,0.385,0.385,0.385,60000,0
381.HK,5,20250826,082000,0.39,0.39,0.39,0.39,20000,0
381.HK,5,20250826,083000,0.39,0.39,0.39,0.39,40000,0
381.HK,5,20250826,093000,0.39,0.395,0.39,0.395,100000,0
381.HK,5,20250827,034500,0.395,0.40,0.395,0.40,100000,0
381.HK,5,20250827,040500,0.395,0.395,0.395,0.395,40000,0
381.HK,5,20250827,041500,0.395,0.40,0.39,0.40,100000,0
381.HK,5,20250827,043500,0.40,0.40,0.40,0.40,100000,0
381.HK,5,20250827,052000,0.395,0.395,0.395,0.395,20000,0
381.HK,5,20250827,073500,0.39,0.395,0.39,0.395,40000,0
381.HK,5,20250827,083500,0.39,0.39,0.39,0.39,60000,0
381.HK,5,20250827,091000,0.395,0.395,0.395,0.395,20000,0
381.HK,5,20250827,094500,0.385,0.39,0.385,0.39,200000,0
381.HK,5,20250827,095500,0.39,0.39,0.39,0.39,60000,0
381.HK,5,20250828,033000,0.39,0.39,0.39,0.39,540000,0
381.HK,5,20250828,034500,0.39,0.39,0.39,0.39,40000,0
381.HK,5,20250828,041500,0.39,0.39,0.39,0.39,20000,0
381.HK,5,20250828,043500,0.39,0.39,0.39,0.39,120000,0
381.HK,5,20250828,055500,0.385,0.385,0.385,0.385,20000,0
381.HK,5,20250828,090000,0.385,0.385,0.385,0.385,80000,0
381.HK,5,20250828,090500,0.39,0.39,0.39,0.39,120000,0
381.HK,5,20250828,091000,0.39,0.39,0.39,0.39,20000,0
381.HK,5,20250828,093000,0.395,0.395,0.395,0.395,20000,0
381.HK,5,20250828,093500,0.40,0.40,0.40,0.40,20000,0
381.HK,5,20250828,095500,0.40,0.40,0.40,0.40,40000,0
381.HK,5,20250829,035500,0.39,0.395,0.385,0.395,140000,0
381.HK,5,20250829,044000,0.395,0.395,0.395,0.395,40000,0
381.HK,5,20250829,050000,0.395,0.395,0.395,0.395,60000,0
381.HK,5,20250829,053500,0.385,0.385,0.385,0.385,60000,0
381.HK,5,20250829,070000,0.385,0.39,0.385,0.39,160000,0
381.HK,5,20250829,073500,0.385,0.385,0.385,0.385,140000,0
381.HK,5,20250829,075000,0.38,0.385,0.38,0.385,220000,0
381.HK,5,20250829,081000,0.38,0.38,0.38,0.38,40000,0
381.HK,5,20250829,084000,0.38,0.38,0.38,0.38,40000,0
381.HK,5,20250829,085000,0.38,0.38,0.38,0.38,120000,0
381.HK,5,20250829,095000,0.375,0.375,0.375,0.375,40000,0
381.HK,5,20250901,034000,0.37,0.37,0.37,0.37,20000,0
381.HK,5,20250901,035000,0.355,0.355,0.355,0.355,60000,0
381.HK,5,20250901,041000,0.355,0.355,0.355,0.355,40000,0
381.HK,5,20250901,045000,0.36,0.36,0.36,0.36,100000,0
381.HK,5,20250901,051500,0.365,0.365,0.365,0.365,20000,0
381.HK,5,20250901,054000,0.36,0.36,0.36,0.36,40000,0
381.HK,5,20250901,054500,0.36,0.37,0.36,0.37,80000,0
381.HK,5,20250901,085500,0.365,0.365,0.36,0.36,40000,0
381.HK,5,20250901,091000,0.36,0.36,0.36,0.36,40000,0
381.HK,5,20250901,092000,0.365,0.365,0.365,0.365,20000,0
381.HK,5,20250901,094500,0.365,0.365,0.365,0.365,20000,0
381.HK,5,20250902,034500,0.365,0.365,0.365,0.365,20000,0
381.HK,5,20250902,080000,0.36,0.36,0.36,0.36,20000,0
381.HK,5,20250902,081000,0.355,0.365,0.355,0.365,100000,0
381.HK,5,20250902,083000,0.365,0.365,0.365,0.365,160000,0
381.HK,5,20250902,083500,0.365,0.37,0.365,0.37,140000,0
381.HK,5,20250902,084500,0.365,0.37,0.355,0.37,340000,0
381.HK,5,20250902,090500,0.37,0.37,0.37,0.37,60000,0
381.HK,5,20250902,095500,0.365,0.365,0.365,0.365,40000,0
381.HK,5,20250903,033500,0.37,0.37,0.37,0.37,20000,0
381.HK,5,20250903,035500,0.365,0.365,0.365,0.365,60000,0
381.HK,5,20250903,042000,0.365,0.365,0.365,0.365,20000,0
381.HK,5,20250903,043500,0.36,0.36,0.36,0.36,140000,0
381.HK,5,20250903,044000,0.36,0.36,0.36,0.36,60000,0
381.HK,5,20250903,044500,0.365,0.365,0.365,0.365,20000,0
381.HK,5,20250903,045000,0.36,0.36,0.36,0.36,20000,0
381.HK,5,20250903,053000,0.355,0.365,0.355,0.365,160000,0
381.HK,5,20250903,053500,0.35,0.36,0.35,0.36,460000,0
381.HK,5,20250903,055000,0.36,0.36,0.36,0.36,60000,0
381.HK,5,20250903,055500,0.36,0.36,0.36,0.36,60000,0
381.HK,5,20250903,070000,0.365,0.37,0.365,0.37,200000,0
381.HK,5,20250903,071500,0.37,0.37,0.37,0.37,140000,0
381.HK,5,20250903,072000,0.375,0.38,0.375,0.38,80000,0
381.HK,5,20250903,074500,0.38,0.38,0.38,0.38,20000,0
381.HK,5,20250903,080500,0.365,0.375,0.365,0.375,360000,0
381.HK,5,20250903,083000,0.375,0.375,0.375,0.375,20000,0
381.HK,5,20250903,092000,0.37,0.37,0.37,0.37,60000,0
381.HK,5,20250903,095000,0.365,0.37,0.365,0.37,60000,0
381.HK,5,20250903,095500,0.365,0.365,0.365,0.365,40000,0
381.HK,5,20250904,033500,0.35,0.355,0.35,0.355,120000,0
381.HK,5,20250904,034500,0.36,0.36,0.36,0.36,20000,0
381.HK,5,20250904,035500,0.355,0.355,0.355,0.355,120000,0
381.HK,5,20250904,040000,0.365,0.365,0.365,0.365,20000,0
381.HK,5,20250904,040500,0.365,0.365,0.365,0.365,20000,0
381.HK,5,20250904,041500,0.36,0.36,0.36,0.36,40000,0
381.HK,5,20250904,045000,0.36,0.36,0.36,0.36,20000,0
381.HK,5,20250904,045500,0.36,0.36,0.36,0.36,200000,0
381.HK,5,20250904,054000,0.36,0.36,0.36,0.36,40000,0
381.HK,5,20250904,072500,0.36,0.36,0.36,0.36,20000,0
381.HK,5,20250904,080500,0.36,0.36,0.36,0.36,220000,0
381.HK,5,20250904,081500,0.36,0.36,0.355,0.355,200000,0
381.HK,5,20250904,084000,0.355,0.355,0.355,0.355,20000,0
381.HK,5,20250904,091500,0.36,0.36,0.36,0.36,20000,0
381.HK,5,20250905,070000,0.355,0.355,0.35,0.35,200000,0
381.HK,5,20250905,070500,0.35,0.35,0.35,0.35,40000,0
381.HK,5,20250905,071500,0.35,0.35,0.35,0.35,40000,0
381.HK,5,20250905,073000,0.345,0.345,0.345,0.345,20000,0
381.HK,5,20250905,081000,0.345,0.345,0.345,0.345,40000,0
381.HK,5,20250905,082500,0.35,0.35,0.35,0.35,20000,0
381.HK,5,20250905,083500,0.345,0.345,0.345,0.345,20000,0
381.HK,5,20250905,085500,0.35,0.35,0.35,0.35,20000,0
381.HK,5,20250905,090000,0.345,0.345,0.335,0.34,520000,0
381.HK,5,20250905,090500,0.34,0.34,0.34,0.34,60000,0
381.HK,5,20250905,092000,0.34,0.34,0.34,0.34,40000,0
381.HK,5,20250905,093000,0.34,0.34,0.34,0.34,40000,0
381.HK,5,20250905,094500,0.34,0.34,0.34,0.34,100000,0
381.HK,5,20250905,095500,0.34,0.34,0.34,0.34,20000,0
381.HK,5,20250908,042000,0.33,0.33,0.285,0.285,380000,0
381.HK,5,20250908,042500,0.305,0.31,0.305,0.31,180000,0
381.HK,5,20250908,043000,0.315,0.32,0.315,0.32,80000,0
381.HK,5,20250908,043500,0.32,0.32,0.32,0.32,20000,0
381.HK,5,20250908,050500,0.32,0.325,0.32,0.325,160000,0
381.HK,5,20250908,051500,0.33,0.33,0.33,0.33,20000,0
381.HK,5,20250908,055000,0.335,0.335,0.335,0.335,20000,0
381.HK,5,20250908,070000,0.335,0.335,0.335,0.335,100000,0
381.HK,5,20250908,072000,0.34,0.34,0.34,0.34,60000,0
381.HK,5,20250908,082500,0.34,0.34,0.34,0.34,20000,0
381.HK,5,20250908,085000,0.335,0.335,0.335,0.335,300000,0
381.HK,5,20250908,090500,0.335,0.335,0.335,0.335,20000,0
381.HK,5,20250908,093000,0.33,0.33,0.33,0.33,40000,0
381.HK,5,20250908,094000,0.33,0.33,0.33,0.33,100000,0
381.HK,5,20250908,095000,0.335,0.335,0.335,0.335,80000,0
381.HK,5,20250909,033500,0.34,0.34,0.34,0.34,20000,0
381.HK,5,20250909,034000,0.34,0.355,0.34,0.355,160000,0
381.HK,5,20250909,034500,0.355,0.36,0.355,0.36,60000,0
381.HK,5,20250909,035000,0.36,0.36,0.36,0.36,40000,0
381.HK,5,20250909,035500,0.355,0.355,0.35,0.35,100000,0
381.HK,5,20250909,041000,0.35,0.35,0.35,0.35,20000,0
381.HK,5,20250909,042000,0.35,0.35,0.35,0.35,20000,0
381.HK,5,20250909,044500,0.355,0.355,0.355,0.355,20000,0
381.HK,5,20250909,045000,0.355,0.355,0.355,0.355,20000,0
381.HK,5,20250909,050000,0.36,0.36,0.36,0.36,120000,0
381.HK,5,20250909,050500,0.36,0.36,0.35,0.35,400000,0
381.HK,5,20250909,051000,0.36,0.36,0.36,0.36,20000,0
381.HK,5,20250909,054500,0.355,0.355,0.355,0.355,20000,0
381.HK,5,20250909,070000,0.355,0.355,0.355,0.355,40000,0
381.HK,5,20250909,073500,0.355,0.355,0.355,0.355,20000,0
381.HK,5,20250909,075000,0.36,0.36,0.36,0.36,20000,0
381.HK,5,20250909,081500,0.36,0.36,0.36,0.36,40000,0
381.HK,5,20250909,082500,0.355,0.355,0.355,0.355,40000,0
381.HK,5,20250909,092000,0.355,0.355,0.355,0.355,20000,0
381.HK,5,20250909,092500,0.35,0.355,0.35,0.355,60000,0
381.HK,5,20250909,094000,0.36,0.36,0.36,0.36,40000,0
381.HK,5,20250909,094500,0.365,0.365,0.365,0.365,140000,0
381.HK,5,20250910,033000,0.36,0.36,0.36,0.36,20000,0
381.HK,5,20250910,040000,0.36,0.36,0.36,0.36,20000,0
381.HK,5,20250910,042000,0.355,0.355,0.355,0.355,80000,0
381.HK,5,20250910,043000,0.36,0.36,0.36,0.36,20000,0
381.HK,5,20250910,052500,0.35,0.35,0.35,0.35,20000,0
381.HK,5,20250910,054000,0.35,0.35,0.35,0.35,20000,0
381.HK,5,20250910,070000,0.35,0.35,0.35,0.35,20000,0
381.HK,5,20250910,072500,0.35,0.355,0.35,0.355,80000,0
381.HK,5,20250910,073000,0.355,0.355,0.355,0.355,40000,0
381.HK,5,20250910,074500,0.35,0.35,0.35,0.35,20000,0
381.HK,5,20250910,081000,0.35,0.35,0.35,0.35,80000,0
381.HK,5,20250910,082500,0.355,0.36,0.355,0.36,40000,0
381.HK,5,20250910,091500,0.355,0.355,0.355,0.355,40000,0
381.HK,5,20250911,033000,0.35,0.35,0.35,0.35,20000,0
381.HK,5,20250911,071500,0.35,0.35,0.35,0.35,20000,0
381.HK,5,20250911,093500,0.35,0.35,0.35,0.35,40000,0
381.HK,5,20250911,094500,0.35,0.35,0.35,0.35,20000,0
381.HK,5,20250912,040000,0.35,0.35,0.35,0.35,40000,0
381.HK,5,20250912,040500,0.35,0.35,0.35,0.35,40000,0
381.HK,5,20250912,041500,0.35,0.35,0.35,0.35,200000,0
381.HK,5,20250912,085500,0.35,0.35,0.345,0.345,80000,0
381.HK,5,20250912,095500,0.345,0.345,0.345,0.345,20000,0
381.HK,5,20250915,033000,0.395,0.445,0.395,0.40,1480000,0
381.HK,5,20250915,033500,0.40,0.44,0.39,0.43,1640000,0
381.HK,5,20250915,034000,0.44,0.44,0.42,0.42,1240000,0
381.HK,5,20250915,034500,0.425,0.425,0.42,0.42,340000,0
381.HK,5,20250915,035000,0.43,0.43,0.425,0.425,100000,0
381.HK,5,20250915,035500,0.425,0.43,0.425,0.43,180000,0
381.HK,5,20250915,040000,0.43,0.43,0.43,0.43,20000,0
381.HK,5,20250915,040500,0.42,0.42,0.42,0.42,100000,0
381.HK,5,20250915,041000,0.415,0.42,0.415,0.42,100000,0
381.HK,5,20250915,041500,0.42,0.435,0.42,0.435,380000,0
381.HK,5,20250915,042000,0.435,0.44,0.435,0.44,600000,0
381.HK,5,20250915,042500,0.44,0.45,0.435,0.435,640000,0
381.HK,5,20250915,043000,0.44,0.46,0.435,0.45,600000,0
381.HK,5,20250915,043500,0.45,0.45,0.45,0.45,100000,0
381.HK,5,20250915,044000,0.445,0.445,0.435,0.435,340000,0
381.HK,5,20250915,045000,0.435,0.445,0.43,0.43,520000,0
381.HK,5,20250915,045500,0.43,0.44,0.43,0.44,100000,0
381.HK,5,20250915,050000,0.43,0.43,0.425,0.425,320000,0
381.HK,5,20250915,050500,0.43,0.43,0.43,0.43,60000,0
381.HK,5,20250915,051000,0.43,0.43,0.42,0.42,100000,0
381.HK,5,20250915,051500,0.42,0.42,0.42,0.42,140000,0
381.HK,5,20250915,052500,0.42,0.42,0.415,0.42,180000,0
381.HK,5,20250915,053000,0.415,0.42,0.415,0.42,40000,0
381.HK,5,20250915,053500,0.415,0.415,0.415,0.415,60000,0
381.HK,5,20250915,054000,0.415,0.415,0.415,0.415,200000,0
381.HK,5,20250915,054500,0.42,0.42,0.415,0.415,160000,0
381.HK,5,20250915,055000,0.41,0.41,0.41,0.41,40000,0
381.HK,5,20250915,055500,0.415,0.415,0.415,0.415,20000,0
381.HK,5,20250915,072000,0.42,0.42,0.42,0.42,100000,0
381.HK,5,20250915,074500,0.415,0.415,0.41,0.41,1240000,0
381.HK,5,20250915,075000,0.42,0.42,0.42,0.42,20000,0
381.HK,5,20250915,075500,0.42,0.42,0.42,0.42,20000,0
381.HK,5,20250915,082000,0.415,0.415,0.415,0.415,20000,0
381.HK,5,20250915,083000,0.415,0.415,0.41,0.41,80000,0
381.HK,5,20250915,083500,0.41,0.41,0.41,0.41,200000,0
381.HK,5,20250915,084000,0.41,0.41,0.41,0.41,40000,0
381.HK,5,20250915,085000,0.415,0.415,0.415,0.415,120000,0
381.HK,5,20250915,085500,0.42,0.42,0.42,0.42,100000,0
381.HK,5,20250915,090000,0.42,0.42,0.42,0.42,20000,0
381.HK,5,20250915,090500,0.415,0.415,0.415,0.415,100000,0
381.HK,5,20250915,091000,0.42,0.425,0.42,0.425,240000,0
381.HK,5,20250915,091500,0.43,0.445,0.43,0.445,780000,0
381.HK,5,20250915,092000,0.44,0.445,0.43,0.435,460000,0
381.HK,5,20250915,092500,0.435,0.435,0.435,0.435,340000,0
381.HK,5,20250915,093000,0.435,0.435,0.43,0.435,320000,0
381.HK,5,20250915,093500,0.44,0.44,0.44,0.44,60000,0
381.HK,5,20250915,094500,0.435,0.44,0.435,0.44,160000,0
381.HK,5,20250915,095000,0.44,0.44,0.435,0.44,160000,0
381.HK,5,20250915,095500,0.44,0.44,0.435,0.435,100000,0
381.HK,5,20250916,033000,0.445,0.45,0.445,0.445,320000,0
381.HK,5,20250916,033500,0.44,0.44,0.415,0.43,320000,0
381.HK,5,20250916,034000,0.425,0.425,0.425,0.425,20000,0
381.HK,5,20250916,034500,0.435,0.445,0.43,0.445,380000,0
381.HK,5,20250916,035000,0.435,0.45,0.435,0.445,680000,0
381.HK,5,20250916,040500,0.43,0.43,0.43,0.43,200000,0
381.HK,5,20250916,041000,0.425,0.425,0.42,0.42,200000,0
381.HK,5,20250916,041500,0.42,0.42,0.42,0.42,100000,0
381.HK,5,20250916,042500,0.42,0.42,0.415,0.415,80000,0
381.HK,5,20250916,043500,0.41,0.41,0.405,0.41,340000,0
381.HK,5,20250916,044000,0.405,0.405,0.405,0.405,160000,0
381.HK,5,20250916,044500,0.405,0.405,0.405,0.405,40000,0
381.HK,5,20250916,045500,0.405,0.405,0.405,0.405,40000,0
381.HK,5,20250916,050000,0.405,0.405,0.405,0.405,80000,0
381.HK,5,20250916,051500,0.41,0.41,0.405,0.405,40000,0
381.HK,5,20250916,052000,0.41,0.41,0.41,0.41,40000,0
381.HK,5,20250916,054500,0.405,0.405,0.405,0.405,100000,0
381.HK,5,20250916,071500,0.405,0.41,0.405,0.41,60000,0
381.HK,5,20250916,072000,0.41,0.41,0.405,0.405,60000,0
381.HK,5,20250916,072500,0.415,0.415,0.415,0.415,100000,0
381.HK,5,20250916,073000,0.41,0.415,0.405,0.405,480000,0
381.HK,5,20250916,075000,0.41,0.41,0.41,0.41,40000,0
381.HK,5,20250916,081000,0.405,0.405,0.405,0.405,20000,0
381.HK,5,20250916,081500,0.415,0.415,0.41,0.41,160000,0
381.HK,5,20250916,083500,0.41,0.41,0.41,0.41,60000,0
381.HK,5,20250916,084500,0.41,0.41,0.41,0.41,40000,0
381.HK,5,20250916,090000,0.41,0.41,0.41,0.41,200000,0
381.HK,5,20250916,092000,0.41,0.41,0.41,0.41,80000,0
381.HK,5,20250916,094000,0.41,0.41,0.41,0.41,60000,0
381.HK,5,20250916,094500,0.41,0.41,0.41,0.41,80000,0
381.HK,5,20250916,095500,0.41,0.41,0.41,0.41,60000,0
381.HK,5,20250917,033000,0.405,0.415,0.405,0.415,300000,0
381.HK,5,20250917,033500,0.405,0.415,0.405,0.415,280000,0
381.HK,5,20250917,035000,0.415,0.415,0.415,0.415,20000,0
381.HK,5,20250917,040500,0.41,0.415,0.40,0.415,580000,0
381.HK,5,20250917,042000,0.405,0.405,0.405,0.405,100000,0
381.HK,5,20250917,042500,0.405,0.405,0.40,0.405,240000,0
381.HK,5,20250917,043000,0.40,0.41,0.40,0.41,240000,0
381.HK,5,20250917,044000,0.405,0.405,0.405,0.405,20000,0
381.HK,5,20250917,044500,0.405,0.405,0.40,0.40,100000,0
381.HK,5,20250917,045000,0.40,0.40,0.40,0.40,60000,0
381.HK,5,20250917,050000,0.41,0.41,0.41,0.41,20000,0
381.HK,5,20250917,051500,0.405,0.405,0.405,0.405,40000,0
381.HK,5,20250917,054500,0.40,0.405,0.40,0.405,240000,0
381.HK,5,20250917,055000,0.40,0.405,0.40,0.405,320000,0
381.HK,5,20250917,073000,0.405,0.405,0.40,0.405,160000,0
381.HK,5,20250917,073500,0.405,0.405,0.405,0.405,80000,0
381.HK,5,20250917,075000,0.40,0.40,0.40,0.40,20000,0
381.HK,5,20250917,075500,0.40,0.40,0.40,0.40,40000,0
381.HK,5,20250917,081000,0.40,0.405,0.40,0.405,320000,0
381.HK,5,20250917,081500,0.40,0.40,0.40,0.40,80000,0
381.HK,5,20250917,082000,0.40,0.40,0.40,0.40,40000,0
381.HK,5,20250917,092000,0.40,0.40,0.395,0.40,240000,0
381.HK,5,20250918,041000,0.39,0.39,0.39,0.39,20000,0
381.HK,5,20250918,043000,0.39,0.39,0.39,0.39,480000,0
381.HK,5,20250918,044000,0.395,0.395,0.39,0.39,80000,0
381.HK,5,20250918,052000,0.39,0.39,0.39,0.39,160000,0
381.HK,5,20250918,071000,0.39,0.39,0.39,0.39,20000,0
381.HK,5,20250918,075500,0.395,0.395,0.395,0.395,60000,0
381.HK,5,20250918,080500,0.40,0.40,0.39,0.395,400000,0
381.HK,5,20250918,091000,0.395,0.395,0.395,0.395,20000,0
381.HK,5,20250919,033000,0.39,0.40,0.39,0.40,100000,0
381.HK,5,20250919,033500,0.395,0.395,0.395,0.395,60000,0
381.HK,5,20250919,034000,0.40,0.41,0.395,0.395,60000,0
381.HK,5,20250919,035000,0.405,0.41,0.405,0.41,40000,0
381.HK,5,20250919,035500,0.415,0.415,0.40,0.41,220000,0
381.HK,5,20250919,040000,0.425,0.425,0.42,0.42,100000,0
381.HK,5,20250919,040500,0.41,0.41,0.41,0.41,60000,0
381.HK,5,20250919,041000,0.405,0.41,0.405,0.41,80000,0
381.HK,5,20250919,041500,0.415,0.415,0.415,0.415,60000,0
381.HK,5,20250919,042500,0.405,0.405,0.405,0.405,100000,0
381.HK,5,20250919,045500,0.405,0.405,0.405,0.405,60000,0
381.HK,5,20250919,050500,0.41,0.41,0.41,0.41,20000,0
381.HK,5,20250919,051000,0.41,0.41,0.41,0.41,60000,0
381.HK,5,20250919,051500,0.415,0.415,0.415,0.415,60000,0
381.HK,5,20250919,052000,0.415,0.415,0.415,0.415,60000,0
381.HK,5,20250919,052500,0.42,0.425,0.42,0.425,180000,0
381.HK,5,20250919,053000,0.425,0.425,0.42,0.42,200000,0
381.HK,5,20250919,053500,0.425,0.425,0.42,0.42,100000,0
381.HK,5,20250919,054500,0.425,0.43,0.425,0.43,100000,0
381.HK,5,20250919,055000,0.425,0.425,0.425,0.425,20000,0
381.HK,5,20250919,070000,0.42,0.42,0.42,0.42,40000,0
381.HK,5,20250919,070500,0.415,0.415,0.415,0.415,40000,0
381.HK,5,20250919,071000,0.415,0.415,0.415,0.415,20000,0
381.HK,5,20250919,072000,0.42,0.425,0.42,0.425,280000,0
381.HK,5,20250919,072500,0.43,0.44,0.425,0.435,420000,0
381.HK,5,20250919,073000,0.43,0.445,0.43,0.43,560000,0
381.HK,5,20250919,074000,0.43,0.44,0.43,0.44,420000,0
381.HK,5,20250919,074500,0.44,0.44,0.43,0.435,340000,0
381.HK,5,20250919,075500,0.44,0.44,0.44,0.44,220000,0
381.HK,5,20250919,080000,0.445,0.48,0.445,0.475,2480000,0
381.HK,5,20250919,080500,0.465,0.48,0.455,0.455,800000,0
381.HK,5,20250919,081000,0.455,0.46,0.45,0.46,860000,0
381.HK,5,20250919,081500,0.455,0.475,0.455,0.465,540000,0
381.HK,5,20250919,082000,0.47,0.47,0.455,0.46,460000,0
381.HK,5,20250919,082500,0.465,0.465,0.45,0.455,600000,0
381.HK,5,20250919,083000,0.45,0.45,0.45,0.45,480000,0
381.HK,5,20250919,084500,0.455,0.455,0.455,0.455,60000,0
381.HK,5,20250919,085000,0.45,0.45,0.45,0.45,20000,0
381.HK,5,20250919,085500,0.45,0.45,0.45,0.45,80000,0
381.HK,5,20250919,090000,0.445,0.45,0.445,0.45,60000,0
381.HK,5,20250919,090500,0.45,0.455,0.45,0.455,220000,0
381.HK,5,20250919,091000,0.45,0.45,0.45,0.45,280000,0
381.HK,5,20250919,091500,0.45,0.45,0.445,0.445,360000,0
381.HK,5,20250919,092000,0.44,0.44,0.44,0.44,100000,0
381.HK,5,20250919,092500,0.445,0.445,0.44,0.44,180000,0
381.HK,5,20250919,093000,0.44,0.44,0.44,0.44,40000,0
381.HK,5,20250919,093500,0.44,0.44,0.44,0.44,100000,0
381.HK,5,20250919,094000,0.44,0.44,0.44,0.44,160000,0
381.HK,5,20250919,094500,0.44,0.44,0.44,0.44,20000,0
381.HK,5,20250919,095000,0.435,0.435,0.435,0.435,20000,0
381.HK,5,20250919,095500,0.435,0.435,0.43,0.435,120000,0
381.HK,5,20250922,033000,0.43,0.43,0.42,0.42,80000,0
381.HK,5,20250922,033500,0.435,0.435,0.435,0.435,60000,0
381.HK,5,20250922,034000,0.42,0.445,0.42,0.44,220000,0
381.HK,5,20250922,034500,0.425,0.425,0.425,0.425,60000,0
381.HK,5,20250922,035000,0.44,0.44,0.425,0.425,280000,0
381.HK,5,20250922,040000,0.42,0.435,0.42,0.435,220000,0
381.HK,5,20250922,040500,0.43,0.43,0.43,0.43,20000,0
381.HK,5,20250922,041000,0.43,0.435,0.425,0.435,180000,0
381.HK,5,20250922,042000,0.425,0.425,0.42,0.425,200000,0
381.HK,5,20250922,043000,0.42,0.42,0.42,0.42,20000,0
381.HK,5,20250922,045000,0.42,0.42,0.42,0.42,140000,0
381.HK,5,20250922,045500,0.42,0.42,0.42,0.42,20000,0
381.HK,5,20250922,051000,0.42,0.425,0.42,0.425,220000,0
381.HK,5,20250922,052500,0.415,0.42,0.41,0.42,340000,0
381.HK,5,20250922,053500,0.41,0.42,0.41,0.42,200000,0
381.HK,5,20250922,054000,0.42,0.42,0.42,0.42,20000,0
381.HK,5,20250922,070000,0.41,0.43,0.41,0.43,600000,0
381.HK,5,20250922,070500,0.43,0.43,0.42,0.425,260000,0
381.HK,5,20250922,071000,0.42,0.43,0.42,0.43,120000,0
381.HK,5,20250922,072000,0.42,0.43,0.42,0.43,140000,0
381.HK,5,20250922,073000,0.42,0.425,0.42,0.42,200000,0
381.HK,5,20250922,073500,0.425,0.435,0.42,0.435,280000,0
381.HK,5,20250922,074000,0.435,0.435,0.43,0.43,40000,0
381.HK,5,20250922,074500,0.43,0.44,0.43,0.44,160000,0
381.HK,5,20250922,075000,0.43,0.44,0.43,0.44,160000,0
381.HK,5,20250922,080000,0.435,0.44,0.43,0.44,60000,0
381.HK,5,20250922,080500,0.43,0.43,0.43,0.43,20000,0
381.HK,5,20250922,081000,0.425,0.425,0.425,0.425,20000,0
381.HK,5,20250922,084000,0.42,0.42,0.42,0.42,100000,0
381.HK,5,20250922,084500,0.42,0.42,0.42,0.42,60000,0
381.HK,5,20250922,092000,0.415,0.415,0.41,0.41,220000,0
381.HK,5,20250922,092500,0.41,0.41,0.41,0.41,140000,0
381.HK,5,20250922,093000,0.41,0.415,0.41,0.415,100000,0
381.HK,5,20250922,093500,0.415,0.415,0.415,0.415,20000,0
381.HK,5,20250922,094000,0.41,0.41,0.405,0.41,60000,0
381.HK,5,20250922,095000,0.405,0.405,0.405,0.405,80000,0
381.HK,5,20250922,095500,0.405,0.405,0.405,0.405,100000,0
381.HK,5,20250923,033000,0.39,0.405,0.39,0.405,140000,0
381.HK,5,20250923,034000,0.41,0.41,0.41,0.41,60000,0
381.HK,5,20250923,035000,0.40,0.40,0.40,0.40,80000,0
381.HK,5,20250923,040000,0.41,0.42,0.405,0.415,360000,0
381.HK,5,20250923,042000,0.41,0.41,0.405,0.405,80000,0
381.HK,5,20250923,043500,0.405,0.405,0.40,0.40,140000,0
381.HK,5,20250923,054000,0.41,0.41,0.41,0.41,100000,0
381.HK,5,20250923,054500,0.41,0.41,0.41,0.41,40000,0
381.HK,5,20250923,070500,0.40,0.40,0.40,0.40,80000,0
381.HK,5,20250923,071500,0.40,0.405,0.40,0.40,80000,0
381.HK,5,20250923,072000,0.395,0.395,0.395,0.395,180000,0
381.HK,5,20250923,073500,0.40,0.40,0.40,0.40,100000,0
381.HK,5,20250923,080000,0.40,0.40,0.39,0.39,480000,0
381.HK,5,20250923,080500,0.39,0.39,0.39,0.39,100000,0
381.HK,5,20250923,081500,0.39,0.39,0.39,0.39,20000,0
381.HK,5,20250923,082500,0.39,0.39,0.39,0.39,160000,0
381.HK,5,20250923,085000,0.39,0.39,0.39,0.39,20000,0
381.HK,5,20250923,085500,0.39,0.40,0.39,0.40,320000,0
381.HK,5,20250923,090500,0.39,0.39,0.39,0.39,40000,0
381.HK,5,20250923,091000,0.39,0.395,0.39,0.395,200000,0
381.HK,5,20250923,093000,0.39,0.395,0.39,0.395,280000,0
381.HK,5,20250923,094500,0.395,0.395,0.39,0.39,80000,0
381.HK,5,20250923,095000,0.395,0.40,0.395,0.40,60000,0
381.HK,5,20250924,033000,0.40,0.40,0.385,0.385,60000,0
381.HK,5,20250924,034000,0.385,0.39,0.385,0.39,40000,0
381.HK,5,20250924,035500,0.39,0.39,0.39,0.39,20000,0
381.HK,5,20250924,040000,0.39,0.395,0.385,0.395,360000,0
381.HK,5,20250924,042000,0.385,0.385,0.38,0.38,60000,0
381.HK,5,20250924,042500,0.38,0.395,0.38,0.395,300000,0
381.HK,5,20250924,043000,0.40,0.40,0.40,0.40,20000,0
381.HK,5,20250924,043500,0.385,0.385,0.385,0.385,40000,0
381.HK,5,20250924,044000,0.38,0.38,0.38,0.38,120000,0
381.HK,5,20250924,045500,0.38,0.38,0.38,0.38,40000,0
381.HK,5,20250924,050000,0.38,0.385,0.38,0.385,60000,0
381.HK,5,20250924,054000,0.38,0.38,0.38,0.38,60000,0
381.HK,5,20250924,055000,0.38,0.39,0.375,0.38,300000,0
381.HK,5,20250924,070500,0.38,0.38,0.38,0.38,20000,0
381.HK,5,20250924,072000,0.38,0.38,0.38,0.38,160000,0
381.HK,5,20250924,072500,0.385,0.385,0.385,0.385,100000,0
381.HK,5,20250924,073000,0.39,0.39,0.39,0.39,100000,0
381.HK,5,20250924,074000,0.385,0.385,0.385,0.385,20000,0
381.HK,5,20250924,074500,0.38,0.38,0.38,0.38,120000,0
381.HK,5,20250924,075000,0.385,0.385,0.385,0.385,40000,0
381.HK,5,20250924,075500,0.38,0.38,0.38,0.38,80000,0
381.HK,5,20250924,080500,0.375,0.375,0.375,0.375,80000,0
381.HK,5,20250924,081000,0.38,0.385,0.38,0.38,120000,0
381.HK,5,20250924,082000,0.38,0.38,0.38,0.38,100000,0
381.HK,5,20250924,082500,0.375,0.38,0.375,0.38,220000,0
381.HK,5,20250924,083500,0.38,0.38,0.38,0.38,20000,0
381.HK,5,20250924,084500,0.375,0.38,0.375,0.38,120000,0
381.HK,5,20250924,085000,0.38,0.38,0.38,0.38,100000,0
381.HK,5,20250924,090000,0.38,0.38,0.38,0.38,20000,0
381.HK,5,20250924,090500,0.38,0.38,0.38,0.38,100000,0
381.HK,5,20250924,091000,0.38,0.385,0.38,0.385,220000,0
381.HK,5,20250924,093500,0.38,0.38,0.38,0.38,20000,0
381.HK,5,20250924,094500,0.38,0.38,0.38,0.38,20000,0
381.HK,5,20250924,095000,0.38,0.38,0.38,0.38,20000,0
381.HK,5,20250924,095500,0.38,0.38,0.37,0.38,360000,0
381.HK,5,20250925,033000,0.38,0.38,0.38,0.38,80000,0
381.HK,5,20250925,040500,0.37,0.37,0.37,0.37,20000,0
381.HK,5,20250925,041000,0.37,0.37,0.37,0.37,40000,0
381.HK,5,20250925,041500,0.37,0.37,0.37,0.37,40000,0
381.HK,5,20250925,042000,0.37,0.37,0.37,0.37,20000,0
381.HK,5,20250925,042500,0.365,0.375,0.365,0.375,40000,0
381.HK,5,20250925,045000,0.37,0.37,0.37,0.37,40000,0
381.HK,5,20250925,053500,0.37,0.37,0.37,0.37,40000,0
381.HK,5,20250925,071000,0.365,0.37,0.365,0.37,60000,0
381.HK,5,20250925,075500,0.37,0.37,0.37,0.37,200000,0
381.HK,5,20250925,083500,0.365,0.365,0.35,0.36,1100000,0
381.HK,5,20250925,084000,0.365,0.365,0.365,0.365,20000,0
381.HK,5,20250925,085000,0.365,0.365,0.365,0.365,320000,0
381.HK,5,20250925,091500,0.365,0.37,0.36,0.37,1020000,0
381.HK,5,20250925,092000,0.36,0.36,0.36,0.36,60000,0
381.HK,5,20250925,093000,0.36,0.36,0.36,0.36,80000,0
381.HK,5,20250925,093500,0.36,0.365,0.36,0.365,120000,0
381.HK,5,20250925,095000,0.36,0.36,0.36,0.36,20000,0
381.HK,5,20250925,095500,0.36,0.36,0.36,0.36,140000,0
381.HK,5,20250926,033000,0.36,0.365,0.36,0.36,120000,0
381.HK,5,20250926,034000,0.355,0.355,0.355,0.355,20000,0
381.HK,5,20250926,042000,0.355,0.355,0.355,0.355,40000,0
381.HK,5,20250926,050000,0.37,0.37,0.37,0.37,20000,0
381.HK,5,20250926,050500,0.365,0.365,0.365,0.365,40000,0
381.HK,5,20250926,051500,0.365,0.365,0.365,0.365,60000,0
381.HK,5,20250926,052000,0.36,0.36,0.36,0.36,100000,0
381.HK,5,20250926,070500,0.36,0.36,0.36,0.36,60000,0
381.HK,5,20250926,072000,0.365,0.365,0.365,0.365,20000,0
381.HK,5,20250926,072500,0.36,0.37,0.36,0.37,160000,0
381.HK,5,20250926,073500,0.36,0.36,0.36,0.36,20000,0
381.HK,5,20250926,075500,0.355,0.36,0.355,0.355,260000,0
381.HK,5,20250926,080500,0.35,0.36,0.35,0.355,520000,0
381.HK,5,20250926,092000,0.355,0.355,0.355,0.355,60000,0
381.HK,5,20250926,095500,0.355,0.355,0.355,0.355,20000,0
381.HK,5,20250929,034000,0.36,0.365,0.36,0.365,80000,0
381.HK,5,20250929,034500,0.36,0.36,0.36,0.36,260000,0
381.HK,5,20250929,035000,0.365,0.365,0.365,0.365,100000,0
381.HK,5,20250929,035500,0.365,0.365,0.365,0.365,60000,0
381.HK,5,20250929,040000,0.37,0.37,0.37,0.37,20000,0
381.HK,5,20250929,040500,0.37,0.37,0.37,0.37,320000,0
381.HK,5,20250929,041000,0.375,0.375,0.375,0.375,120000,0
381.HK,5,20250929,041500,0.375,0.375,0.37,0.37,240000,0
381.HK,5,20250929,042000,0.38,0.38,0.38,0.38,20000,0
381.HK,5,20250929,042500,0.385,0.385,0.38,0.38,100000,0
381.HK,5,20250929,043000,0.38,0.38,0.38,0.38,20000,0
381.HK,5,20250929,044500,0.38,0.38,0.38,0.38,40000,0
381.HK,5,20250929,045000,0.385,0.385,0.385,0.385,100000,0
381.HK,5,20250929,050500,0.385,0.385,0.385,0.385,240000,0
381.HK,5,20250929,051000,0.385,0.385,0.385,0.385,40000,0
381.HK,5,20250929,052000,0.385,0.385,0.375,0.375,240000,0
381.HK,5,20250929,054000,0.38,0.38,0.38,0.38,40000,0
381.HK,5,20250929,070500,0.37,0.37,0.37,0.37,40000,0
381.HK,5,20250929,073000,0.375,0.375,0.375,0.375,220000,0
381.HK,5,20250929,080500,0.375,0.375,0.375,0.375,80000,0
381.HK,5,20250929,081000,0.375,0.375,0.375,0.375,200000,0
381.HK,5,20250929,082000,0.375,0.375,0.375,0.375,100000,0
381.HK,5,20250929,084500,0.38,0.38,0.38,0.38,20000,0
381.HK,5,20250929,085500,0.38,0.38,0.38,0.38,40000,0
381.HK,5,20250929,091000,0.375,0.38,0.375,0.38,180000,0
381.HK,5,20250929,093500,0.37,0.38,0.37,0.38,220000,0
381.HK,5,20250930,033500,0.38,0.38,0.38,0.38,20000,0
381.HK,5,20250930,034500,0.375,0.38,0.375,0.38,180000,0
381.HK,5,20250930,035000,0.385,0.385,0.38,0.38,100000,0
381.HK,5,20250930,035500,0.38,0.38,0.38,0.38,40000,0
381.HK,5,20250930,044000,0.385,0.385,0.385,0.385,20000,0
381.HK,5,20250930,044500,0.385,0.385,0.385,0.385,60000,0
381.HK,5,20250930,051500,0.38,0.38,0.38,0.38,20000,0
381.HK,5,20250930,052000,0.375,0.38,0.37,0.38,320000,0
381.HK,5,20250930,071000,0.37,0.37,0.37,0.37,120000,0
381.HK,5,20250930,071500,0.37,0.37,0.37,0.37,20000,0
381.HK,5,20250930,074000,0.375,0.375,0.375,0.375,20000,0
381.HK,5,20250930,075000,0.375,0.375,0.375,0.375,20000,0
381.HK,5,20250930,080500,0.375,0.375,0.375,0.375,20000,0
381.HK,5,20250930,082000,0.375,0.375,0.375,0.375,20000,0
381.HK,5,20250930,093000,0.37,0.37,0.37,0.37,40000,0
381.HK,5,20251002,085500,0.365,0.365,0.365,0.365,100000,0
381.HK,5,20251002,090000,0.37,0.37,0.37,0.37,40000,0
381.HK,5,20251002,090500,0.37,0.37,0.37,0.37,100000,0
381.HK,5,20251002,091500,0.37,0.37,0.37,0.37,60000,0
381.HK,5,20251002,095000,0.36,0.37,0.36,0.37,140000,0
381.HK,5,20251003,033500,0.36,0.36,0.36,0.36,20000,0
381.HK,5,20251003,045500,0.36,0.36,0.36,0.36,40000,0
381.HK,5,20251003,070000,0.36,0.36,0.36,0.36,20000,0
381.HK,5,20251003,072500,0.355,0.355,0.355,0.355,20000,0
381.HK,5,20251003,075500,0.355,0.355,0.355,0.355,40000,0
381.HK,5,20251003,083500,0.355,0.355,0.355,0.355,100000,0
381.HK,5,20251003,090000,0.355,0.355,0.355,0.355,20000,0
381.HK,5,20251003,093500,0.355,0.355,0.355,0.355,40000,0
381.HK,5,20251006,042500,0.35,0.35,0.35,0.35,80000,0
381.HK,5,20251006,071000,0.36,0.36,0.36,0.36,20000,0
381.HK,5,20251006,073500,0.36,0.36,0.36,0.36,20000,0
381.HK,5,20251006,074000,0.36,0.36,0.36,0.36,20000,0
381.HK,5,20251006,081500,0.36,0.36,0.36,0.36,20000,0
381.HK,5,20251006,083000,0.36,0.36,0.36,0.36,20000,0
381.HK,5,20251006,084000,0.355,0.355,0.355,0.355,100000,0
381.HK,5,20251006,090500,0.35,0.355,0.35,0.355,40000,0
381.HK,5,20251006,094000,0.35,0.35,0.35,0.35,60000,0
381.HK,5,20251006,094500,0.355,0.355,0.355,0.355,60000,0
381.HK,5,20251006,095500,0.35,0.35,0.35,0.35,40000,0
381.HK,5,20251008,033000,0.355,0.355,0.355,0.355,20000,0
381.HK,5,20251008,033500,0.35,0.35,0.35,0.35,180000,0
381.HK,5,20251008,034000,0.345,0.345,0.345,0.345,260000,0
381.HK,5,20251008,041000,0.35,0.35,0.35,0.35,60000,0
381.HK,5,20251008,042000,0.355,0.36,0.35,0.36,140000,0
381.HK,5,20251008,043500,0.36,0.36,0.36,0.36,200000,0
381.HK,5,20251008,050000,0.355,0.355,0.35,0.35,440000,0
381.HK,5,20251008,050500,0.35,0.35,0.35,0.35,20000,0
381.HK,5,20251008,052000,0.345,0.345,0.345,0.345,300000,0
381.HK,5,20251008,052500,0.345,0.345,0.345,0.345,20000,0
381.HK,5,20251008,070500,0.35,0.35,0.35,0.35,20000,0
381.HK,5,20251008,073000,0.35,0.35,0.345,0.345,100000,0
381.HK,5,20251008,075000,0.345,0.345,0.345,0.345,40000,0
381.HK,5,20251008,080000,0.345,0.345,0.345,0.345,120000,0
381.HK,5,20251008,080500,0.34,0.35,0.34,0.345,280000,0
381.HK,5,20251008,082000,0.35,0.35,0.35,0.35,40000,0
381.HK,5,20251008,091000,0.345,0.345,0.345,0.345,40000,0
381.HK,5,20251008,091500,0.34,0.34,0.34,0.34,140000,0
381.HK,5,20251008,092500,0.34,0.34,0.34,0.34,40000,0
381.HK,5,20251008,093500,0.34,0.34,0.34,0.34,100000,0
381.HK,5,20251008,094500,0.34,0.34,0.34,0.34,40000,0
381.HK,5,20251008,095000,0.34,0.34,0.34,0.34,100000,0
381.HK,5,20251008,095500,0.345,0.345,0.345,0.345,40000,0
381.HK,5,20251009,033000,0.34,0.34,0.34,0.34,20000,0
381.HK,5,20251009,034500,0.34,0.34,0.34,0.34,20000,0
381.HK,5,20251009,041000,0.34,0.34,0.34,0.34,40000,0
381.HK,5,20251009,042500,0.34,0.34,0.34,0.34,20000,0
381.HK,5,20251009,051500,0.34,0.34,0.335,0.335,300000,0
381.HK,5,20251009,052500,0.325,0.325,0.325,0.325,40000,0
381.HK,5,20251009,055000,0.335,0.335,0.335,0.335,120000,0
381.HK,5,20251009,070000,0.335,0.335,0.335,0.335,20000,0
381.HK,5,20251009,072000,0.335,0.335,0.335,0.335,140000,0
381.HK,5,20251009,084000,0.335,0.335,0.33,0.335,260000,0
381.HK,5,20251009,090500,0.335,0.335,0.335,0.335,40000,0
381.HK,5,20251009,094500,0.335,0.335,0.335,0.335,20000,0
381.HK,5,20251009,095000,0.33,0.33,0.33,0.33,80000,0
381.HK,5,20251010,033000,0.33,0.335,0.33,0.335,100000,0
381.HK,5,20251010,033500,0.33,0.33,0.33,0.33,60000,0
381.HK,5,20251010,040000,0.325,0.325,0.325,0.325,40000,0
381.HK,5,20251010,040500,0.32,0.32,0.32,0.32,480000,0
381.HK,5,20251010,041000,0.32,0.32,0.315,0.315,780000,0
381.HK,5,20251010,042000,0.32,0.32,0.32,0.32,20000,0
381.HK,5,20251010,044500,0.32,0.32,0.32,0.32,60000,0
381.HK,5,20251010,050500,0.32,0.32,0.32,0.32,20000,0
381.HK,5,20251010,051500,0.32,0.32,0.32,0.32,40000,0
381.HK,5,20251010,070000,0.32,0.32,0.32,0.32,20000,0
381.HK,5,20251010,073500,0.32,0.32,0.32,0.32,40000,0
381.HK,5,20251010,074500,0.32,0.32,0.32,0.32,200000,0
381.HK,5,20251010,080500,0.315,0.315,0.315,0.315,60000,0
381.HK,5,20251010,081500,0.32,0.32,0.32,0.32,60000,0
381.HK,5,20251010,083000,0.32,0.32,0.32,0.32,20000,0
381.HK,5,20251010,083500,0.32,0.32,0.32,0.32,100000,0
381.HK,5,20251010,084000,0.325,0.325,0.325,0.325,120000,0
381.HK,5,20251010,084500,0.32,0.325,0.32,0.32,360000,0
381.HK,5,20251010,085000,0.32,0.32,0.315,0.32,540000,0
381.HK,5,20251010,090000,0.32,0.32,0.32,0.32,200000,0
381.HK,5,20251010,091500,0.315,0.32,0.315,0.32,120000,0
381.HK,5,20251010,093000,0.32,0.325,0.31,0.325,460000,0
381.HK,5,20251010,094000,0.315,0.315,0.315,0.315,60000,0
381.HK,5,20251010,095500,0.315,0.32,0.315,0.315,40000,0
381.HK,5,20251013,033000,0.31,0.31,0.31,0.31,20000,0
381.HK,5,20251013,033500,0.30,0.30,0.30,0.30,40000,0
381.HK,5,20251013,034000,0.305,0.305,0.305,0.305,40000,0
381.HK,5,20251013,034500,0.305,0.305,0.305,0.305,100000,0
381.HK,5,20251013,040000,0.305,0.305,0.305,0.305,20000,0
381.HK,5,20251013,040500,0.30,0.30,0.30,0.30,100000,0
381.HK,5,20251013,041000,0.305,0.305,0.305,0.305,20000,0
381.HK,5,20251013,051000,0.305,0.31,0.305,0.31,360000,0
381.HK,5,20251013,053500,0.31,0.31,0.31,0.31,80000,0
381.HK,5,20251013,054000,0.305,0.305,0.305,0.305,20000,0
381.HK,5,20251013,072500,0.305,0.31,0.305,0.31,140000,0
381.HK,5,20251013,074000,0.31,0.315,0.31,0.315,40000,0
381.HK,5,20251013,075500,0.31,0.315,0.31,0.315,200000,0
381.HK,5,20251013,082000,0.31,0.31,0.31,0.31,100000,0
381.HK,5,20251013,085000,0.315,0.315,0.315,0.315,80000,0
381.HK,5,20251013,091500,0.315,0.32,0.31,0.32,240000,0
381.HK,5,20251013,095000,0.32,0.32,0.32,0.32,100000,0
381.HK,5,20251013,095500,0.31,0.31,0.31,0.31,40000,0
381.HK,5,20251014,033000,0.32,0.32,0.32,0.32,20000,0
381.HK,5,20251014,035500,0.32,0.32,0.32,0.32,40000,0
381.HK,5,20251014,041000,0.31,0.32,0.31,0.32,220000,0
381.HK,5,20251014,041500,0.32,0.325,0.32,0.325,100000,0
381.HK,5,20251014,042500,0.325,0.325,0.325,0.325,240000,0
381.HK,5,20251014,051000,0.32,0.32,0.32,0.32,40000,0
381.HK,5,20251014,052500,0.32,0.32,0.32,0.32,100000,0
381.HK,5,20251014,070500,0.315,0.315,0.315,0.315,40000,0
381.HK,5,20251014,080000,0.315,0.315,0.315,0.315,40000,0
381.HK,5,20251014,081500,0.31,0.315,0.31,0.315,400000,0
381.HK,5,20251014,084500,0.315,0.315,0.315,0.315,20000,0
381.HK,5,20251014,085500,0.315,0.315,0.315,0.315,40000,0
381.HK,5,20251014,090500,0.315,0.315,0.315,0.315,60000,0
381.HK,5,20251014,093500,0.315,0.315,0.315,0.315,20000,0
381.HK,5,20251014,095500,0.32,0.32,0.32,0.32,500000,0
381.HK,5,20251015,054000,0.315,0.315,0.315,0.315,20000,0
381.HK,5,20251015,082000,0.315,0.315,0.315,0.315,60000,0
381.HK,5,20251015,083500,0.315,0.315,0.315,0.315,40000,0
381.HK,5,20251015,085500,0.315,0.315,0.315,0.315,20000,0
381.HK,5,20251015,090000,0.32,0.32,0.32,0.32,20000,0
381.HK,5,20251016,042000,0.325,0.325,0.325,0.325,40000,0
381.HK,5,20251016,045500,0.32,0.32,0.32,0.32,20000,0
381.HK,5,20251016,053500,0.32,0.32,0.32,0.32,20000,0
381.HK,5,20251016,054500,0.325,0.325,0.325,0.325,60000,0
381.HK,5,20251016,073500,0.325,0.325,0.325,0.325,100000,0
381.HK,5,20251016,075500,0.32,0.32,0.32,0.32,20000,0
381.HK,5,20251017,035500,0.31,0.31,0.31,0.31,120000,0
381.HK,5,20251017,041000,0.31,0.31,0.31,0.31,20000,0
381.HK,5,20251017,045500,0.315,0.315,0.315,0.315,20000,0
381.HK,5,20251017,070000,0.32,0.32,0.32,0.32,60000,0
381.HK,5,20251017,073500,0.325,0.325,0.325,0.325,100000,0
381.HK,5,20251017,074000,0.32,0.32,0.32,0.32,20000,0
381.HK,5,20251017,074500,0.32,0.32,0.31,0.32,340000,0
381.HK,5,20251017,082500,0.315,0.315,0.315,0.315,20000,0
381.HK,5,20251017,094000,0.31,0.31,0.31,0.31,80000,0
381.HK,5,20251017,094500,0.305,0.305,0.305,0.305,60000,0
381.HK,5,20251017,095500,0.305,0.31,0.305,0.31,260000,0
381.HK,5,20251020,043000,0.31,0.31,0.31,0.31,20000,0
381.HK,5,20251020,052500,0.31,0.31,0.31,0.31,80000,0
381.HK,5,20251020,053000,0.31,0.31,0.31,0.31,180000,0
381.HK,5,20251020,053500,0.31,0.315,0.31,0.315,60000,0
381.HK,5,20251020,081500,0.31,0.315,0.305,0.31,360000,0
381.HK,5,20251020,095000,0.305,0.305,0.305,0.305,140000,0
381.HK,5,20251020,095500,0.31,0.31,0.31,0.31,20000,0
381.HK,5,20251021,051500,0.31,0.31,0.31,0.31,60000,0
381.HK,5,20251021,074000,0.30,0.305,0.30,0.305,140000,0
381.HK,5,20251021,085000,0.305,0.305,0.305,0.305,60000,0
381.HK,5,20251021,092500,0.31,0.31,0.31,0.31,20000,0
381.HK,5,20251021,093000,0.305,0.31,0.30,0.31,320000,0
381.HK,5,20251021,094000,0.30,0.30,0.30,0.30,40000,0
381.HK,5,20251021,094500,0.30,0.305,0.30,0.305,200000,0
381.HK,5,20251022,045000,0.305,0.305,0.305,0.305,60000,0
381.HK,5,20251022,072000,0.30,0.30,0.30,0.30,40000,0
381.HK,5,20251022,072500,0.30,0.30,0.30,0.30,80000,0
381.HK,5,20251022,073000,0.30,0.30,0.30,0.30,20000,0
381.HK,5,20251022,080000,0.30,0.30,0.30,0.30,100000,0
381.HK,5,20251022,085500,0.30,0.30,0.30,0.30,20000,0
381.HK,5,20251022,091000,0.30,0.30,0.30,0.30,80000,0
381.HK,5,20251022,091500,0.30,0.30,0.30,0.30,20000,0
381.HK,5,20251022,095000,0.295,0.30,0.295,0.30,140000,0
381.HK,5,20251023,033500,0.30,0.30,0.30,0.30,80000,0
381.HK,5,20251023,035000,0.295,0.295,0.29,0.29,120000,0
381.HK,5,20251023,035500,0.29,0.29,0.29,0.29,80000,0
381.HK,5,20251023,040000,0.295,0.295,0.295,0.295,40000,0
381.HK,5,20251023,041500,0.29,0.29,0.285,0.285,200000,0
381.HK,5,20251023,042000,0.285,0.295,0.285,0.295,220000,0
381.HK,5,20251023,042500,0.29,0.29,0.285,0.285,40000,0
381.HK,5,20251023,043000,0.285,0.285,0.285,0.285,80000,0
381.HK,5,20251023,044000,0.29,0.29,0.29,0.29,20000,0
381.HK,5,20251023,050500,0.285,0.285,0.285,0.285,40000,0
381.HK,5,20251023,052000,0.285,0.285,0.285,0.285,60000,0
381.HK,5,20251023,052500,0.285,0.285,0.285,0.285,80000,0
381.HK,5,20251023,054000,0.28,0.29,0.28,0.29,300000,0
381.HK,5,20251023,070000,0.285,0.285,0.285,0.285,100000,0
381.HK,5,20251023,070500,0.285,0.285,0.285,0.285,20000,0
381.HK,5,20251023,073000,0.285,0.285,0.285,0.285,20000,0
381.HK,5,20251023,080000,0.285,0.285,0.285,0.285,20000,0
381.HK,5,20251023,081000,0.28,0.285,0.28,0.285,280000,0
381.HK,5,20251023,081500,0.285,0.285,0.285,0.285,20000,0
381.HK,5,20251023,092000,0.28,0.285,0.28,0.285,360000,0
381.HK,5,20251023,093000,0.28,0.285,0.28,0.285,360000,0
381.HK,5,20251024,070000,0.28,0.285,0.275,0.285,1300000,0
381.HK,5,20251024,072500,0.285,0.285,0.285,0.285,40000,0
381.HK,5,20251024,075000,0.285,0.285,0.285,0.285,160000,0
381.HK,5,20251024,075500,0.28,0.29,0.28,0.29,220000,0
381.HK,5,20251024,094500,0.28,0.28,0.28,0.28,20000,0
381.HK,5,20251024,095500,0.285,0.285,0.28,0.285,120000,0
381.HK,5,20251027,024500,0.29,0.29,0.29,0.29,120000,0
381.HK,5,20251027,025000,0.29,0.295,0.285,0.295,180000,0
381.HK,5,20251027,025500,0.295,0.295,0.29,0.29,40000,0
381.HK,5,20251027,030000,0.295,0.295,0.295,0.295,20000,0
381.HK,5,20251027,030500,0.295,0.295,0.295,0.295,20000,0
381.HK,5,20251027,031000,0.285,0.29,0.285,0.29,320000,0
381.HK,5,20251027,031500,0.29,0.29,0.29,0.29,240000,0
381.HK,5,20251027,032000,0.295,0.295,0.295,0.295,20000,0
381.HK,5,20251027,034000,0.285,0.29,0.285,0.29,100000,0
381.HK,5,20251027,035500,0.29,0.29,0.29,0.29,20000,0
381.HK,5,20251027,040500,0.29,0.29,0.29,0.29,40000,0
381.HK,5,20251027,041000,0.29,0.29,0.29,0.29,240000,0
381.HK,5,20251027,041500,0.285,0.295,0.285,0.295,260000,0
381.HK,5,20251027,060500,0.295,0.295,0.295,0.295,20000,0
381.HK,5,20251027,061000,0.295,0.295,0.295,0.295,20000,0
381.HK,5,20251027,062000,0.295,0.295,0.295,0.295,100000,0
381.HK,5,20251027,064000,0.295,0.295,0.285,0.29,580000,0
381.HK,5,20251027,083500,0.29,0.29,0.29,0.29,60000,0
381.HK,5,20251028,023000,0.285,0.29,0.28,0.285,100000,0
381.HK,5,20251028,023500,0.285,0.285,0.285,0.285,60000,0
381.HK,5,20251028,024000,0.285,0.285,0.285,0.285,40000,0
381.HK,5,20251028,024500,0.285,0.29,0.285,0.29,300000,0
381.HK,5,20251028,031000,0.285,0.285,0.285,0.285,100000,0
381.HK,5,20251028,060000,0.285,0.285,0.285,0.285,220000,0
381.HK,5,20251028,060500,0.28,0.29,0.28,0.29,640000,0
381.HK,5,20251028,063500,0.285,0.285,0.285,0.285,40000,0
381.HK,5,20251028,064500,0.285,0.285,0.285,0.285,40000,0
381.HK,5,20251028,075500,0.285,0.285,0.285,0.285,60000,0
381.HK,5,20251028,082000,0.285,0.285,0.285,0.285,20000,0
381.HK,5,20251028,082500,0.28,0.285,0.28,0.285,60000,0
381.HK,5,20251030,023000,0.28,0.305,0.28,0.30,520000,0
381.HK,5,20251030,023500,0.305,0.305,0.29,0.29,120000,0
381.HK,5,20251030,024000,0.295,0.30,0.29,0.295,380000,0
381.HK,5,20251030,024500,0.30,0.31,0.30,0.31,620000,0
381.HK,5,20251030,025000,0.31,0.31,0.30,0.31,600000,0
381.HK,5,20251030,025500,0.31,0.335,0.31,0.335,560000,0
381.HK,5,20251030,030000,0.335,0.34,0.33,0.33,720000,0
381.HK,5,20251030,030500,0.325,0.33,0.325,0.325,320000,0
381.HK,5,20251030,031000,0.33,0.34,0.33,0.34,360000,0
381.HK,5,20251030,031500,0.34,0.34,0.325,0.335,340000,0
381.HK,5,20251030,032000,0.335,0.355,0.335,0.35,1160000,0
381.HK,5,20251030,032500,0.355,0.355,0.34,0.345,1960000,0
381.HK,5,20251030,033000,0.34,0.345,0.34,0.34,100000,0
381.HK,5,20251030,034000,0.34,0.345,0.34,0.345,300000,0
381.HK,5,20251030,034500,0.345,0.35,0.345,0.35,400000,0
381.HK,5,20251030,035500,0.345,0.345,0.345,0.345,40000,0
381.HK,5,20251030,040000,0.345,0.35,0.345,0.35,600000,0
381.HK,5,20251030,040500,0.345,0.355,0.345,0.35,280000,0
381.HK,5,20251030,041000,0.35,0.35,0.35,0.35,20000,0
381.HK,5,20251030,041500,0.35,0.35,0.35,0.35,20000,0
381.HK,5,20251030,042500,0.34,0.34,0.34,0.34,100000,0
381.HK,5,20251030,043000,0.34,0.34,0.34,0.34,20000,0
381.HK,5,20251030,043500,0.34,0.345,0.335,0.345,200000,0
381.HK,5,20251030,061000,0.335,0.345,0.33,0.345,340000,0
381.HK,5,20251030,061500,0.325,0.325,0.325,0.325,40000,0
381.HK,5,20251030,062000,0.325,0.325,0.32,0.32,220000,0
381.HK,5,20251030,062500,0.325,0.325,0.325,0.325,40000,0
381.HK,5,20251030,063000,0.315,0.315,0.315,0.315,120000,0
381.HK,5,20251030,063500,0.315,0.32,0.31,0.32,240000,0
381.HK,5,20251030,064000,0.315,0.32,0.315,0.315,60000,0
381.HK,5,20251030,064500,0.315,0.315,0.315,0.315,20000,0
381.HK,5,20251030,065000,0.315,0.32,0.31,0.315,300000,0
381.HK,5,20251030,070500,0.31,0.315,0.305,0.315,140000,0
381.HK,5,20251030,072500,0.31,0.32,0.31,0.32,620000,0
381.HK,5,20251030,073000,0.31,0.32,0.31,0.32,440000,0
381.HK,5,20251030,074000,0.32,0.32,0.315,0.315,200000,0
381.HK,5,20251030,074500,0.31,0.32,0.31,0.32,240000,0
381.HK,5,20251030,075500,0.31,0.32,0.305,0.32,460000,0
381.HK,5,20251030,080000,0.31,0.31,0.305,0.31,360000,0
381.HK,5,20251030,080500,0.305,0.305,0.30,0.305,1120000,0
381.HK,5,20251030,081000,0.305,0.305,0.305,0.305,100000,0
381.HK,5,20251030,081500,0.305,0.305,0.305,0.305,40000,0
381.HK,5,20251030,082500,0.305,0.31,0.30,0.30,1100000,0
381.HK,5,20251030,083000,0.30,0.305,0.30,0.305,80000,0
381.HK,5,20251030,084000,0.30,0.30,0.30,0.30,80000,0
381.HK,5,20251030,084500,0.30,0.30,0.30,0.30,80000,0
381.HK,5,20251030,085000,0.30,0.305,0.30,0.305,80000,0
381.HK,5,20251030,085500,0.305,0.305,0.305,0.305,80000,0
381.HK,5,20251031,023000,0.305,0.31,0.30,0.305,1540000,0
381.HK,5,20251031,024500,0.30,0.30,0.30,0.30,40000,0
381.HK,5,20251031,025000,0.30,0.305,0.30,0.30,100000,0
381.HK,5,20251031,030000,0.295,0.295,0.295,0.295,320000,0
381.HK,5,20251031,030500,0.295,0.295,0.295,0.295,20000,0
381.HK,5,20251031,031000,0.29,0.295,0.29,0.295,260000,0
381.HK,5,20251031,031500,0.29,0.29,0.29,0.29,60000,0
381.HK,5,20251031,032000,0.29,0.30,0.29,0.30,820000,0
381.HK,5,20251031,033500,0.295,0.295,0.295,0.295,20000,0
381.HK,5,20251031,040500,0.29,0.29,0.29,0.29,20000,0
381.HK,5,20251031,043500,0.29,0.29,0.29,0.29,20000,0
381.HK,5,20251031,044000,0.295,0.295,0.295,0.295,100000,0
381.HK,5,20251031,045500,0.29,0.29,0.285,0.29,1020000,0
381.HK,5,20251031,060000,0.29,0.29,0.285,0.285,40000,0
381.HK,5,20251031,061000,0.29,0.29,0.29,0.29,40000,0
381.HK,5,20251031,065000,0.285,0.285,0.285,0.285,60000,0
381.HK,5,20251031,065500,0.285,0.29,0.285,0.29,200000,0
381.HK,5,20251031,074000,0.285,0.285,0.285,0.285,340000,0
381.HK,5,20251031,075000,0.285,0.285,0.285,0.285,20000,0
381.HK,5,20251031,082000,0.285,0.285,0.285,0.285,160000,0
381.HK,5,20251031,082500,0.29,0.29,0.29,0.29,20000,0
381.HK,5,20251031,085500,0.28,0.285,0.28,0.285,120000,0
381.HK,5,20251103,023500,0.285,0.285,0.275,0.275,80000,0
381.HK,5,20251103,024500,0.275,0.275,0.275,0.275,220000,0
381.HK,5,20251103,025000,0.28,0.28,0.275,0.275,40000,0
381.HK,5,20251103,025500,0.275,0.275,0.275,0.275,20000,0
381.HK,5,20251103,035000,0.27,0.275,0.27,0.275,360000,0
381.HK,5,20251103,040000,0.275,0.275,0.275,0.275,40000,0
381.HK,5,20251103,040500,0.275,0.275,0.275,0.275,20000,0
381.HK,5,20251103,041500,0.275,0.275,0.275,0.275,60000,0
381.HK,5,20251103,042000,0.27,0.275,0.27,0.275,440000,0
381.HK,5,20251103,043000,0.275,0.275,0.275,0.275,20000,0
381.HK,5,20251103,043500,0.275,0.275,0.275,0.275,140000,0
381.HK,5,20251103,045500,0.275,0.275,0.275,0.275,20000,0
381.HK,5,20251103,060000,0.28,0.28,0.275,0.28,420000,0
381.HK,5,20251103,060500,0.285,0.285,0.285,0.285,20000,0
381.HK,5,20251103,061500,0.285,0.285,0.285,0.285,80000,0
381.HK,5,20251103,063000,0.285,0.285,0.285,0.285,40000,0
381.HK,5,20251103,072500,0.285,0.285,0.285,0.285,180000,0
381.HK,5,20251103,074000,0.28,0.28,0.28,0.28,20000,0
381.HK,5,20251103,074500,0.28,0.28,0.28,0.28,100000,0
381.HK,5,20251103,075500,0.285,0.285,0.285,0.285,20000,0
381.HK,5,20251103,081000,0.285,0.285,0.285,0.285,20000,0
381.HK,5,20251103,085500,0.275,0.28,0.275,0.28,360000,0
381.HK,5,20251104,023000,0.265,0.265,0.265,0.265,140000,0
381.HK,5,20251104,023500,0.265,0.265,0.26,0.265,420000,0
381.HK,5,20251104,025000,0.26,0.26,0.26,0.26,60000,0
381.HK,5,20251104,025500,0.26,0.26,0.26,0.26,20000,0
381.HK,5,20251104,030500,0.26,0.265,0.26,0.265,340000,0
381.HK,5,20251104,031000,0.26,0.26,0.26,0.26,20000,0
381.HK,5,20251104,031500,0.26,0.265,0.26,0.265,240000,0
381.HK,5,20251104,033500,0.265,0.265,0.265,0.265,40000,0
381.HK,5,20251104,034000,0.27,0.27,0.27,0.27,60000,0
381.HK,5,20251104,034500,0.27,0.27,0.27,0.27,20000,0
381.HK,5,20251104,035000,0.27,0.27,0.27,0.27,40000,0
381.HK,5,20251104,040500,0.265,0.265,0.265,0.265,100000,0
381.HK,5,20251104,042500,0.27,0.27,0.27,0.27,260000,0
381.HK,5,20251104,043000,0.265,0.27,0.265,0.265,340000,0
381.HK,5,20251104,044000,0.265,0.27,0.265,0.27,160000,0
381.HK,5,20251104,060500,0.265,0.265,0.265,0.265,40000,0
381.HK,5,20251104,063000,0.26,0.265,0.26,0.265,580000,0
381.HK,5,20251104,072000,0.26,0.26,0.26,0.26,20000,0
381.HK,5,20251104,073000,0.26,0.26,0.26,0.26,60000,0
381.HK,5,20251104,073500,0.26,0.26,0.26,0.26,80000,0
381.HK,5,20251104,074500,0.26,0.26,0.26,0.26,20000,0
381.HK,5,20251104,075500,0.26,0.26,0.26,0.26,40000,0
381.HK,5,20251104,081500,0.26,0.26,0.26,0.26,20000,0
381.HK,5,20251104,082500,0.26,0.26,0.26,0.26,60000,0
381.HK,5,20251104,083000,0.26,0.26,0.26,0.26,40000,0
381.HK,5,20251104,083500,0.26,0.265,0.26,0.265,120000,0
381.HK,5,20251104,085500,0.26,0.265,0.26,0.265,100000,0
381.HK,5,20251105,030000,0.26,0.265,0.26,0.265,200000,0
381.HK,5,20251105,035500,0.265,0.265,0.265,0.265,20000,0
381.HK,5,20251105,064000,0.265,0.265,0.265,0.265,20000,0
381.HK,5,20251105,070500,0.265,0.265,0.265,0.265,60000,0
381.HK,5,20251105,071500,0.265,0.265,0.265,0.265,20000,0
381.HK,5,20251105,083000,0.265,0.265,0.265,0.265,40000,0
381.HK,5,20251105,085500,0.265,0.265,0.265,0.265,20000,0
381.HK,5,20251106,023500,0.26,0.27,0.26,0.27,120000,0
381.HK,5,20251106,024000,0.265,0.265,0.265,0.265,20000,0
381.HK,5,20251106,024500,0.265,0.265,0.265,0.265,160000,0
381.HK,5,20251106,025500,0.265,0.265,0.265,0.265,20000,0
381.HK,5,20251106,041000,0.26,0.26,0.255,0.255,580000,0
381.HK,5,20251106,060000,0.255,0.255,0.255,0.255,280000,0
381.HK,5,20251106,060500,0.255,0.255,0.255,0.255,20000,0
381.HK,5,20251106,061500,0.255,0.255,0.255,0.255,80000,0
381.HK,5,20251106,063500,0.255,0.255,0.255,0.255,20000,0
381.HK,5,20251106,064500,0.255,0.255,0.255,0.255,20000,0
381.HK,5,20251106,070000,0.255,0.255,0.255,0.255,20000,0
381.HK,5,20251106,070500,0.255,0.255,0.255,0.255,20000,0
381.HK,5,20251106,084000,0.255,0.26,0.255,0.26,120000,0
381.HK,5,20251106,084500,0.26,0.26,0.26,0.26,40000,0
381.HK,5,20251106,085000,0.26,0.26,0.26,0.26,20000,0
381.HK,5,20251106,085500,0.255,0.255,0.25,0.255,600000,0
381.HK,5,20251107,023000,0.25,0.25,0.25,0.25,100000,0
381.HK,5,20251107,023500,0.25,0.25,0.25,0.25,60000,0
381.HK,5,20251107,024000,0.255,0.255,0.25,0.25,600000,0
381.HK,5,20251107,025000,0.25,0.25,0.25,0.25,20000,0
381.HK,5,20251107,030000,0.25,0.25,0.25,0.25,20000,0
381.HK,5,20251107,032000,0.247,0.249,0.247,0.249,60000,0
381.HK,5,20251107,032500,0.247,0.247,0.247,0.247,100000,0
381.HK,5,20251107,033000,0.247,0.248,0.247,0.248,60000,0
381.HK,5,20251107,034500,0.249,0.249,0.249,0.249,60000,0
381.HK,5,20251107,035500,0.249,0.249,0.249,0.249,160000,0
381.HK,5,20251107,041000,0.25,0.25,0.25,0.25,20000,0
381.HK,5,20251107,042000,0.25,0.25,0.25,0.25,20000,0
381.HK,5,20251107,042500,0.25,0.25,0.25,0.25,100000,0
381.HK,5,20251107,043000,0.25,0.25,0.25,0.25,20000,0
381.HK,5,20251107,062000,0.25,0.25,0.25,0.25,20000,0
381.HK,5,20251107,062500,0.25,0.25,0.25,0.25,20000,0
381.HK,5,20251107,064000,0.25,0.25,0.25,0.25,80000,0
381.HK,5,20251107,071000,0.249,0.249,0.249,0.249,40000,0
381.HK,5,20251107,080000,0.249,0.249,0.249,0.249,20000,0
381.HK,5,20251107,083000,0.25,0.255,0.25,0.255,60000,0
381.HK,5,20251107,083500,0.25,0.25,0.25,0.25,20000,0
381.HK,5,20251107,084000,0.248,0.248,0.248,0.248,100000,0
381.HK,5,20251107,084500,0.249,0.249,0.249,0.249,40000,0
381.HK,5,20251107,085000,0.249,0.249,0.249,0.249,40000,0
381.HK,5,20251107,085500,0.249,0.249,0.248,0.248,160000,0
381.HK,5,20251110,023000,0.255,0.265,0.255,0.265,1160000,0
381.HK,5,20251110,023500,0.28,0.285,0.28,0.28,240000,0
381.HK,5,20251110,024000,0.28,0.28,0.265,0.265,260000,0
381.HK,5,20251110,024500,0.27,0.27,0.27,0.27,120000,0
381.HK,5,20251110,025000,0.275,0.28,0.275,0.28,220000,0
381.HK,5,20251110,025500,0.28,0.28,0.275,0.275,220000,0
381.HK,5,20251110,030000,0.275,0.275,0.275,0.275,20000,0
381.HK,5,20251110,030500,0.275,0.275,0.275,0.275,40000,0
381.HK,5,20251110,031500,0.27,0.27,0.27,0.27,140000,0
381.HK,5,20251110,032000,0.27,0.27,0.27,0.27,40000,0
381.HK,5,20251110,033000,0.265,0.265,0.265,0.265,60000,0
381.HK,5,20251110,033500,0.26,0.275,0.26,0.27,120000,0
381.HK,5,20251110,042000,0.265,0.265,0.26,0.265,80000,0
381.HK,5,20251110,042500,0.265,0.265,0.265,0.265,40000,0
381.HK,5,20251110,044000,0.265,0.265,0.265,0.265,40000,0
381.HK,5,20251110,061000,0.27,0.27,0.27,0.27,40000,0
381.HK,5,20251110,061500,0.27,0.27,0.27,0.27,20000,0
381.HK,5,20251110,063000,0.27,0.27,0.27,0.27,120000,0
381.HK,5,20251110,063500,0.27,0.27,0.27,0.27,20000,0
381.HK,5,20251110,070000,0.275,0.275,0.275,0.275,20000,0
381.HK,5,20251110,071500,0.275,0.275,0.27,0.275,260000,0
381.HK,5,20251110,072000,0.275,0.275,0.275,0.275,80000,0
381.HK,5,20251110,074500,0.28,0.28,0.28,0.28,320000,0
381.HK,5,20251110,075000,0.285,0.295,0.285,0.29,820000,0
381.HK,5,20251110,075500,0.295,0.295,0.295,0.295,140000,0
381.HK,5,20251110,080000,0.30,0.30,0.29,0.29,120000,0
381.HK,5,20251110,081000,0.295,0.295,0.295,0.295,40000,0
381.HK,5,20251110,081500,0.295,0.295,0.295,0.295,140000,0
381.HK,5,20251110,082000,0.295,0.295,0.295,0.295,80000,0
381.HK,5,20251110,082500,0.295,0.295,0.295,0.295,200000,0
381.HK,5,20251110,083500,0.30,0.30,0.30,0.30,80000,0
381.HK,5,20251110,084000,0.30,0.30,0.30,0.30,80000,0
381.HK,5,20251110,085000,0.30,0.30,0.30,0.30,100000,0
381.HK,5,20251110,085500,0.30,0.31,0.30,0.305,660000,0
381.HK,5,20251111,023000,0.33,0.335,0.315,0.32,340000,0
381.HK,5,20251111,023500,0.32,0.32,0.305,0.305,120000,0
381.HK,5,20251111,024000,0.30,0.30,0.30,0.30,100000,0
381.HK,5,20251111,025000,0.30,0.30,0.30,0.30,20000,0
381.HK,5,20251111,030000,0.30,0.30,0.30,0.30,20000,0
381.HK,5,20251111,033500,0.295,0.295,0.295,0.295,160000,0
381.HK,5,20251111,034500,0.29,0.29,0.29,0.29,80000,0
381.HK,5,20251111,035000,0.285,0.285,0.28,0.28,520000,0
381.HK,5,20251111,035500,0.28,0.28,0.28,0.28,60000,0
381.HK,5,20251111,040000,0.28,0.285,0.28,0.285,300000,0
381.HK,5,20251111,041000,0.285,0.285,0.285,0.285,60000,0
381.HK,5,20251111,041500,0.285,0.285,0.285,0.285,120000,0
381.HK,5,20251111,042000,0.285,0.285,0.285,0.285,20000,0
381.HK,5,20251111,042500,0.285,0.285,0.285,0.285,60000,0
381.HK,5,20251111,044000,0.285,0.285,0.285,0.285,20000,0
381.HK,5,20251111,045000,0.285,0.285,0.285,0.285,60000,0
381.HK,5,20251111,045500,0.285,0.285,0.285,0.285,60000,0
381.HK,5,20251111,061000,0.285,0.285,0.285,0.285,40000,0
381.HK,5,20251111,061500,0.285,0.285,0.285,0.285,100000,0
381.HK,5,20251111,062500,0.28,0.28,0.28,0.28,680000,0
381.HK,5,20251111,064000,0.28,0.28,0.28,0.28,40000,0
381.HK,5,20251111,071000,0.28,0.28,0.28,0.28,80000,0
381.HK,5,20251111,074500,0.28,0.28,0.28,0.28,500000,0
381.HK,5,20251111,075000,0.28,0.28,0.28,0.28,100000,0
381.HK,5,20251111,080000,0.28,0.28,0.275,0.275,60000,0
381.HK,5,20251111,080500,0.275,0.275,0.275,0.275,140000,0
381.HK,5,20251111,081000,0.275,0.275,0.275,0.275,20000,0
381.HK,5,20251111,081500,0.275,0.275,0.275,0.275,20000,0
381.HK,5,20251111,082500,0.275,0.275,0.275,0.275,80000,0
381.HK,5,20251111,085500,0.275,0.275,0.275,0.275,140000,0
381.HK,5,20251112,033000,0.27,0.27,0.27,0.27,20000,0
381.HK,5,20251112,033500,0.265,0.265,0.265,0.265,60000,0
381.HK,5,20251112,034000,0.265,0.265,0.26,0.265,100000,0
381.HK,5,20251112,034500,0.265,0.265,0.265,0.265,20000,0
381.HK,5,20251112,043000,0.265,0.265,0.265,0.265,40000,0
381.HK,5,20251112,045500,0.265,0.265,0.265,0.265,60000,0
381.HK,5,20251112,065000,0.265,0.265,0.265,0.265,20000,0
381.HK,5,20251112,073500,0.265,0.265,0.265,0.265,60000,0
381.HK,5,20251112,074500,0.265,0.265,0.265,0.265,20000,0
381.HK,5,20251112,080000,0.265,0.265,0.265,0.265,20000,0
381.HK,5,20251112,082500,0.265,0.265,0.265,0.265,20000,0
381.HK,5,20251112,083500,0.265,0.265,0.265,0.265,20000,0
381.HK,5,20251113,024500,0.27,0.27,0.27,0.27,20000,0
381.HK,5,20251113,030500,0.265,0.265,0.265,0.265,40000,0
381.HK,5,20251113,042000,0.26,0.26,0.26,0.26,100000,0
381.HK,5,20251113,062500,0.26,0.26,0.26,0.26,40000,0
381.HK,5,20251113,071500,0.255,0.255,0.255,0.255,20000,0
381.HK,5,20251113,072000,0.255,0.255,0.255,0.255,20000,0
381.HK,5,20251113,072500,0.26,0.26,0.26,0.26,60000,0
381.HK,5,20251113,080500,0.26,0.26,0.26,0.26,20000,0
381.HK,5,20251113,081000,0.26,0.26,0.26,0.26,40000,0
381.HK,5,20251113,081500,0.255,0.255,0.255,0.255,500000,0
381.HK,5,20251113,082000,0.25,0.25,0.242,0.242,640000,0
381.HK,5,20251113,083500,0.244,0.246,0.243,0.243,380000,0
381.HK,5,20251113,084000,0.246,0.246,0.246,0.246,140000,0
381.HK,5,20251113,084500,0.246,0.249,0.245,0.245,200000,0
381.HK,5,20251113,085000,0.244,0.25,0.244,0.249,220000,0
381.HK,5,20251113,085500,0.25,0.25,0.249,0.249,20000,0
381.HK,5,20251114,023000,0.249,0.249,0.249,0.249,40000,0
381.HK,5,20251114,025500,0.249,0.249,0.249,0.249,40000,0
381.HK,5,20251114,031000,0.249,0.249,0.249,0.249,100000,0
381.HK,5,20251114,042000,0.25,0.25,0.25,0.25,100000,0
381.HK,5,20251114,044000,0.255,0.255,0.255,0.255,20000,0
381.HK,5,20251114,060000,0.255,0.255,0.255,0.255,20000,0
381.HK,5,20251114,061000,0.25,0.25,0.25,0.25,20000,0
381.HK,5,20251114,063000,0.25,0.25,0.25,0.25,160000,0
381.HK,5,20251114,064500,0.25,0.25,0.25,0.25,120000,0
381.HK,5,20251114,065500,0.25,0.25,0.25,0.25,60000,0
381.HK,5,20251114,071000,0.25,0.25,0.25,0.25,20000,0
381.HK,5,20251114,081000,0.255,0.255,0.255,0.255,100000,0
381.HK,5,20251114,082500,0.26,0.26,0.26,0.26,40000,0
381.HK,5,20251114,083500,0.26,0.26,0.26,0.26,40000,0
381.HK,5,20251114,084000,0.265,0.27,0.265,0.27,360000,0
381.HK,5,20251114,084500,0.27,0.27,0.27,0.27,260000,0
381.HK,5,20251117,023000,0.28,0.28,0.28,0.28,20000,0
381.HK,5,20251117,025000,0.27,0.27,0.27,0.27,20000,0
381.HK,5,20251117,030000,0.27,0.27,0.27,0.27,40000,0
381.HK,5,20251117,035000,0.265,0.265,0.265,0.265,20000,0
381.HK,5,20251117,040000,0.265,0.265,0.265,0.265,20000,0
381.HK,5,20251117,041500,0.27,0.27,0.27,0.27,240000,0
381.HK,5,20251117,042000,0.265,0.265,0.265,0.265,200000,0
381.HK,5,20251117,044000,0.27,0.27,0.27,0.27,100000,0
381.HK,5,20251117,045000,0.265,0.265,0.265,0.265,240000,0
381.HK,5,20251117,064000,0.265,0.265,0.265,0.265,20000,0
381.HK,5,20251117,071500,0.265,0.265,0.265,0.265,20000,0
381.HK,5,20251117,081500,0.265,0.265,0.265,0.265,20000,0
381.HK,5,20251118,023500,0.26,0.26,0.26,0.26,20000,0
381.HK,5,20251118,031000,0.255,0.26,0.255,0.26,60000,0
381.HK,5,20251118,060500,0.26,0.26,0.26,0.26,80000,0
381.HK,5,20251118,062000,0.255,0.255,0.255,0.255,20000,0
381.HK,5,20251118,083000,0.255,0.255,0.255,0.255,60000,0
381.HK,5,20251118,083500,0.255,0.255,0.255,0.255,100000,0
381.HK,5,20251118,084000,0.26,0.26,0.26,0.26,20000,0
381.HK,5,20251118,084500,0.255,0.255,0.255,0.255,200000,0
381.HK,5,20251119,031500,0.25,0.255,0.25,0.255,80000,0
381.HK,5,20251119,033000,0.255,0.255,0.255,0.255,20000,0
381.HK,5,20251119,033500,0.25,0.25,0.249,0.249,80000,0
381.HK,5,20251119,034000,0.25,0.25,0.25,0.25,20000,0
381.HK,5,20251119,043500,0.25,0.25,0.25,0.25,20000,0
381.HK,5,20251119,044000,0.25,0.25,0.25,0.25,180000,0
381.HK,5,20251119,061000,0.25,0.25,0.25,0.25,160000,0
381.HK,5,20251119,071500,0.25,0.25,0.25,0.25,400000,0
381.HK,5,20251119,072000,0.25,0.25,0.25,0.25,80000,0
381.HK,5,20251119,084000,0.25,0.25,0.25,0.25,80000,0
381.HK,5,20251120,073500,0.255,0.255,0.255,0.255,20000,0
381.HK,5,20251120,074500,0.255,0.255,0.255,0.255,20000,0
381.HK,5,20251121,023500,0.255,0.255,0.255,0.255,120000,0
381.HK,5,20251121,024000,0.25,0.25,0.25,0.25,20000,0
381.HK,5,20251121,031500,0.25,0.25,0.248,0.248,260000,0
381.HK,5,20251121,032000,0.255,0.255,0.255,0.255,20000,0
381.HK,5,20251121,040500,0.255,0.255,0.255,0.255,40000,0
381.HK,5,20251121,043000,0.255,0.255,0.255,0.255,20000,0
381.HK,5,20251121,081000,0.25,0.255,0.247,0.255,360000,0
381.HK,5,20251121,083000,0.248,0.248,0.248,0.248,40000,0
381.HK,5,20251121,084000,0.247,0.247,0.247,0.247,20000,0
381.HK,5,20251121,085500,0.247,0.247,0.247,0.247,40000,0
381.HK,5,20251124,023000,0.255,0.26,0.25,0.25,380000,0
381.HK,5,20251124,024500,0.25,0.25,0.25,0.25,40000,0
381.HK,5,20251124,025000,0.255,0.255,0.255,0.255,20000,0
381.HK,5,20251124,030500,0.25,0.25,0.25,0.25,20000,0
381.HK,5,20251124,033500,0.25,0.25,0.25,0.25,60000,0
381.HK,5,20251124,035000,0.247,0.25,0.245,0.25,340000,0
381.HK,5,20251124,035500,0.244,0.244,0.244,0.244,100000,0
381.HK,5,20251124,060000,0.244,0.248,0.243,0.248,140000,0
381.HK,5,20251124,061500,0.245,0.245,0.245,0.245,200000,0
381.HK,5,20251124,064000,0.243,0.248,0.242,0.248,220000,0
381.HK,5,20251124,070500,0.243,0.243,0.243,0.243,40000,0
381.HK,5,20251124,072000,0.241,0.241,0.241,0.241,100000,0
381.HK,5,20251124,072500,0.244,0.244,0.244,0.244,20000,0
381.HK,5,20251124,074500,0.242,0.243,0.24,0.243,660000,0
381.HK,5,20251124,080000,0.238,0.238,0.238,0.238,160000,0
381.HK,5,20251124,083000,0.242,0.242,0.242,0.242,100000,0
381.HK,5,20251124,084000,0.243,0.243,0.243,0.243,20000,0
381.HK,5,20251124,084500,0.243,0.243,0.243,0.243,20000,0
381.HK,5,20251124,085000,0.245,0.245,0.245,0.245,20000,0
381.HK,5,20251124,085500,0.239,0.239,0.238,0.238,20000,0
381.HK,5,20251125,023500,0.233,0.234,0.233,0.234,100000,0
381.HK,5,20251125,024000,0.241,0.241,0.241,0.241,40000,0
381.HK,5,20251125,024500,0.244,0.245,0.244,0.244,300000,0
381.HK,5,20251125,030000,0.244,0.244,0.244,0.244,20000,0
381.HK,5,20251125,031000,0.245,0.245,0.245,0.245,20000,0
381.HK,5,20251125,035000,0.243,0.249,0.242,0.249,240000,0
381.HK,5,20251125,045000,0.241,0.248,0.24,0.248,140000,0
381.HK,5,20251125,060000,0.243,0.243,0.243,0.243,20000,0
381.HK,5,20251125,080000,0.238,0.238,0.238,0.238,40000,0
381.HK,5,20251125,083000,0.232,0.232,0.232,0.232,300000,0
381.HK,5,20251125,085000,0.232,0.239,0.232,0.239,120000,0
381.HK,5,20251126,030000,0.244,0.244,0.244,0.244,20000,0
381.HK,5,20251126,031000,0.244,0.244,0.244,0.244,20000,0
381.HK,5,20251126,031500,0.245,0.245,0.245,0.245,20000,0
381.HK,5,20251126,032500,0.25,0.25,0.245,0.245,100000,0
381.HK,5,20251126,033000,0.245,0.246,0.24,0.246,220000,0
381.HK,5,20251126,033500,0.249,0.25,0.249,0.25,80000,0
381.HK,5,20251126,034500,0.25,0.25,0.25,0.25,380000,0
381.HK,5,20251126,035000,0.255,0.26,0.255,0.26,160000,0
381.HK,5,20251126,035500,0.265,0.275,0.265,0.275,360000,0
381.HK,5,20251126,040000,0.275,0.275,0.265,0.265,380000,0
381.HK,5,20251126,040500,0.27,0.27,0.27,0.27,180000,0
381.HK,5,20251126,041000,0.265,0.265,0.249,0.26,1100000,0
381.HK,5,20251126,042000,0.265,0.265,0.255,0.255,480000,0
381.HK,5,20251126,042500,0.26,0.26,0.26,0.26,480000,0
381.HK,5,20251126,060000,0.26,0.26,0.26,0.26,400000,0
381.HK,5,20251126,060500,0.26,0.265,0.26,0.265,720000,0
381.HK,5,20251126,061000,0.265,0.265,0.265,0.265,100000,0
381.HK,5,20251126,061500,0.265,0.265,0.265,0.265,520000,0
381.HK,5,20251126,062000,0.265,0.265,0.265,0.265,400000,0
381.HK,5,20251126,062500,0.265,0.27,0.26,0.27,500000,0
381.HK,5,20251126,063500,0.265,0.265,0.265,0.265,20000,0
381.HK,5,20251126,065000,0.265,0.265,0.265,0.265,80000,0
381.HK,5,20251126,065500,0.265,0.265,0.265,0.265,80000,0
381.HK,5,20251126,070000,0.265,0.265,0.26,0.26,760000,0
381.HK,5,20251126,070500,0.26,0.27,0.26,0.27,120000,0
381.HK,5,20251126,071500,0.265,0.265,0.265,0.265,20000,0
381.HK,5,20251126,072000,0.265,0.265,0.265,0.265,300000,0
381.HK,5,20251126,075000,0.27,0.27,0.27,0.27,260000,0
381.HK,5,20251126,080500,0.265,0.27,0.26,0.26,660000,0
381.HK,5,20251126,081500,0.26,0.265,0.26,0.265,240000,0
381.HK,5,20251126,082500,0.265,0.265,0.265,0.265,80000,0
381.HK,5,20251126,085000,0.26,0.265,0.26,0.265,320000,0
381.HK,5,20251126,085500,0.265,0.265,0.265,0.265,80000,0
381.HK,5,20251127,023000,0.265,0.27,0.265,0.27,780000,0
381.HK,5,20251127,023500,0.27,0.27,0.27,0.27,140000,0
381.HK,5,20251127,025000,0.265,0.265,0.265,0.265,180000,0
381.HK,5,20251127,030000,0.265,0.275,0.265,0.275,320000,0
381.HK,5,20251127,030500,0.275,0.275,0.275,0.275,120000,0
381.HK,5,20251127,031000,0.275,0.275,0.275,0.275,720000,0
381.HK,5,20251127,031500,0.27,0.275,0.27,0.275,560000,0
381.HK,5,20251127,032500,0.265,0.265,0.265,0.265,1120000,0
381.HK,5,20251127,033000,0.265,0.265,0.265,0.265,360000,0
381.HK,5,20251127,034500,0.265,0.27,0.265,0.27,220000,0
381.HK,5,20251127,040500,0.27,0.27,0.27,0.27,40000,0
381.HK,5,20251127,042000,0.27,0.28,0.27,0.28,1180000,0
381.HK,5,20251127,042500,0.275,0.28,0.27,0.28,2100000,0
381.HK,5,20251127,043000,0.27,0.28,0.27,0.28,420000,0
381.HK,5,20251127,044000,0.28,0.28,0.28,0.28,40000,0
381.HK,5,20251127,044500,0.27,0.27,0.27,0.27,120000,0
381.HK,5,20251127,060000,0.28,0.28,0.275,0.275,420000,0
381.HK,5,20251127,064500,0.27,0.27,0.27,0.27,200000,0
381.HK,5,20251127,065000,0.27,0.27,0.27,0.27,120000,0
381.HK,5,20251127,070500,0.27,0.27,0.27,0.27,40000,0
381.HK,5,20251127,071500,0.27,0.27,0.27,0.27,80000,0
381.HK,5,20251127,073000,0.27,0.27,0.27,0.27,100000,0
381.HK,5,20251127,074000,0.27,0.27,0.27,0.27,560000,0
381.HK,5,20251127,074500,0.27,0.27,0.27,0.27,120000,0
381.HK,5,20251127,080500,0.27,0.27,0.27,0.27,20000,0
381.HK,5,20251127,082500,0.27,0.27,0.27,0.27,20000,0
381.HK,5,20251127,084500,0.27,0.27,0.27,0.27,480000,0
381.HK,5,20251128,025500,0.275,0.275,0.275,0.275,40000,0
381.HK,5,20251128,030000,0.275,0.28,0.275,0.28,500000,0
381.HK,5,20251128,030500,0.285,0.29,0.285,0.29,800000,0
381.HK,5,20251128,031000,0.29,0.295,0.28,0.28,780000,0
381.HK,5,20251128,031500,0.29,0.29,0.29,0.29,280000,0
381.HK,5,20251128,032000,0.29,0.29,0.29,0.29,440000,0
381.HK,5,20251128,032500,0.285,0.285,0.285,0.285,220000,0
381.HK,5,20251128,033000,0.285,0.285,0.275,0.275,340000,0
381.HK,5,20251128,033500,0.275,0.275,0.275,0.275,20000,0
381.HK,5,20251128,035000,0.275,0.275,0.275,0.275,140000,0
381.HK,5,20251128,040000,0.275,0.275,0.275,0.275,140000,0
381.HK,5,20251128,041000,0.275,0.275,0.275,0.275,140000,0
381.HK,5,20251128,041500,0.275,0.275,0.275,0.275,100000,0
381.HK,5,20251128,042500,0.28,0.28,0.28,0.28,100000,0
381.HK,5,20251128,043000,0.28,0.28,0.28,0.28,340000,0
381.HK,5,20251128,044500,0.28,0.28,0.28,0.28,20000,0
381.HK,5,20251128,045500,0.28,0.28,0.28,0.28,180000,0
381.HK,5,20251128,060000,0.28,0.28,0.28,0.28,40000,0
381.HK,5,20251128,061500,0.27,0.275,0.27,0.275,220000,0
381.HK,5,20251128,062000,0.275,0.275,0.275,0.275,200000,0
381.HK,5,20251128,064000,0.275,0.275,0.275,0.275,220000,0
381.HK,5,20251128,082000,0.275,0.28,0.275,0.28,360000,0
381.HK,5,20251128,082500,0.275,0.275,0.275,0.275,20000,0
381.HK,5,20251201,023000,0.275,0.275,0.275,0.275,300000,0
381.HK,5,20251201,024000,0.27,0.27,0.27,0.27,340000,0
381.HK,5,20251201,024500,0.27,0.27,0.27,0.27,40000,0
381.HK,5,20251201,025000,0.27,0.27,0.27,0.27,220000,0
381.HK,5,20251201,032000,0.27,0.27,0.27,0.27,320000,0
381.HK,5,20251201,033500,0.27,0.27,0.27,0.27,20000,0
381.HK,5,20251201,034000,0.275,0.275,0.275,0.275,20000,0
381.HK,5,20251201,041000,0.27,0.27,0.27,0.27,80000,0
381.HK,5,20251201,063500,0.275,0.275,0.275,0.275,200000,0
381.HK,5,20251201,064000,0.27,0.27,0.27,0.27,40000,0
381.HK,5,20251201,070500,0.265,0.27,0.265,0.27,3480000,0
381.HK,5,20251201,072000,0.275,0.275,0.275,0.275,20000,0
381.HK,5,20251201,081500,0.265,0.27,0.265,0.27,140000,0
381.HK,5,20251201,083500,0.27,0.27,0.27,0.27,60000,0
381.HK,5,20251202,023000,0.26,0.26,0.26,0.26,20000,0
381.HK,5,20251202,031000,0.26,0.26,0.26,0.26,120000,0
381.HK,5,20251202,034500,0.26,0.26,0.26,0.26,200000,0
381.HK,5,20251202,040500,0.255,0.255,0.255,0.255,140000,0
381.HK,5,20251202,041500,0.255,0.26,0.255,0.26,180000,0
381.HK,5,20251202,043500,0.26,0.26,0.26,0.26,100000,0
381.HK,5,20251202,045000,0.255,0.255,0.255,0.255,20000,0
381.HK,5,20251202,062000,0.255,0.255,0.255,0.255,40000,0
381.HK,5,20251202,062500,0.255,0.255,0.255,0.255,20000,0
381.HK,5,20251202,065000,0.255,0.26,0.255,0.26,240000,0
381.HK,5,20251202,071000,0.26,0.26,0.26,0.26,80000,0
381.HK,5,20251202,074500,0.26,0.26,0.26,0.26,40000,0
381.HK,5,20251202,082500,0.26,0.26,0.26,0.26,100000,0
381.HK,5,20251202,083000,0.26,0.26,0.26,0.26,80000,0
381.HK,5,20251202,084000,0.26,0.26,0.26,0.26,100000,0
381.HK,5,20251202,085000,0.26,0.26,0.26,0.26,40000,0
381.HK,5,20251202,085500,0.255,0.26,0.25,0.26,720000,0
381.HK,5,20251203,023500,0.255,0.255,0.255,0.255,100000,0
381.HK,5,20251203,024500,0.255,0.26,0.255,0.255,840000,0
381.HK,5,20251203,031000,0.25,0.25,0.25,0.25,60000,0
381.HK,5,20251203,033000,0.255,0.255,0.255,0.255,40000,0
381.HK,5,20251203,061000,0.25,0.25,0.249,0.249,240000,0
381.HK,5,20251203,061500,0.249,0.255,0.249,0.255,100000,0
381.HK,5,20251203,063000,0.255,0.255,0.25,0.255,460000,0
381.HK,5,20251203,070000,0.25,0.25,0.25,0.25,20000,0
381.HK,5,20251203,070500,0.25,0.25,0.25,0.25,20000,0
381.HK,5,20251203,081500,0.25,0.25,0.25,0.25,120000,0
381.HK,5,20251204,023000,0.249,0.249,0.249,0.249,20000,0
381.HK,5,20251204,025000,0.25,0.25,0.25,0.25,20000,0
381.HK,5,20251204,032000,0.25,0.25,0.25,0.25,20000,0
381.HK,5,20251204,041500,0.255,0.255,0.255,0.255,40000,0
381.HK,5,20251204,060500,0.25,0.25,0.25,0.25,80000,0
381.HK,5,20251204,063000,0.25,0.25,0.25,0.25,200000,0
381.HK,5,20251204,064000,0.249,0.249,0.248,0.248,420000,0
381.HK,5,20251204,074000,0.249,0.249,0.249,0.249,40000,0
381.HK,5,20251204,075500,0.247,0.255,0.247,0.255,220000,0
381.HK,5,20251204,084000,0.255,0.255,0.255,0.255,260000,0
381.HK,5,20251204,085000,0.25,0.25,0.25,0.25,40000,0
