<TICKER>,<PER>,<DATE>,<TIME>,<OPEN>,<HIGH>,<LOW>,<CLOSE>,<VOL>,<OPENINT>
3938.HK,5,20250710,070500,0.143,0.143,0.143,0.143,10000,0
3938.HK,5,20250710,074000,0.141,0.144,0.141,0.144,200000,0
3938.HK,5,20250711,095000,0.148,0.148,0.148,0.148,30000,0
3938.HK,5,20250714,042000,0.15,0.15,0.15,0.15,70000,0
3938.HK,5,20250714,042500,0.157,0.158,0.157,0.158,30000,0
3938.HK,5,20250714,094500,0.158,0.158,0.154,0.154,72000,0
3938.HK,5,20250715,095500,0.164,0.164,0.164,0.164,2000,0
3938.HK,5,20250716,042000,0.165,0.165,0.165,0.165,68000,0
3938.HK,5,20250717,070000,0.153,0.153,0.149,0.149,10000,0
3938.HK,5,20250717,095500,0.166,0.166,0.166,0.166,2000,0
3938.HK,5,20250718,043500,0.18,0.18,0.18,0.18,10000,0
3938.HK,5,20250718,050000,0.178,0.178,0.178,0.178,20000,0
3938.HK,5,20250718,053500,0.177,0.177,0.177,0.177,2000,0
3938.HK,5,20250718,084000,0.176,0.183,0.176,0.183,5974000,0
3938.HK,5,20250718,084500,0.185,0.188,0.185,0.188,100000,0
3938.HK,5,20250718,085000,0.186,0.186,0.183,0.183,140000,0
3938.HK,5,20250718,090500,0.185,0.185,0.185,0.185,6000,0
3938.HK,5,20250718,091000,0.186,0.186,0.186,0.186,150000,0
3938.HK,5,20250718,092500,0.187,0.193,0.187,0.192,66000,0
3938.HK,5,20250718,093000,0.198,0.198,0.198,0.198,2000,0
3938.HK,5,20250718,094000,0.198,0.198,0.198,0.198,2000,0
3938.HK,5,20250718,095000,0.195,0.195,0.195,0.195,10000,0
3938.HK,5,20250718,095500,0.198,0.198,0.198,0.198,238000,0
3938.HK,5,20250721,033000,0.198,0.20,0.198,0.20,202000,0
3938.HK,5,20250721,033500,0.201,0.203,0.201,0.203,58000,0
3938.HK,5,20250721,034500,0.201,0.201,0.201,0.201,8000,0
3938.HK,5,20250721,035000,0.201,0.201,0.198,0.198,794000,0
3938.HK,5,20250721,035500,0.198,0.213,0.198,0.213,688000,0
3938.HK,5,20250721,040000,0.213,0.213,0.213,0.213,10000,0
3938.HK,5,20250721,040500,0.213,0.213,0.213,0.213,138000,0
3938.HK,5,20250721,041500,0.213,0.213,0.213,0.213,100000,0
3938.HK,5,20250721,042000,0.213,0.213,0.213,0.213,2000,0
3938.HK,5,20250721,044000,0.213,0.213,0.208,0.208,76000,0
3938.HK,5,20250721,050000,0.209,0.212,0.209,0.212,94000,0
3938.HK,5,20250721,054000,0.209,0.209,0.209,0.209,86000,0
3938.HK,5,20250721,054500,0.213,0.213,0.212,0.213,710000,0
3938.HK,5,20250721,055500,0.213,0.214,0.213,0.214,28000,0
3938.HK,5,20250721,070000,0.215,0.219,0.215,0.215,148000,0
3938.HK,5,20250721,073000,0.215,0.215,0.215,0.215,244000,0
3938.HK,5,20250721,073500,0.215,0.215,0.215,0.215,140000,0
3938.HK,5,20250721,074000,0.219,0.219,0.219,0.219,100000,0
3938.HK,5,20250721,081000,0.218,0.219,0.218,0.219,200000,0
3938.HK,5,20250721,081500,0.219,0.219,0.219,0.219,4000,0
3938.HK,5,20250721,083000,0.219,0.219,0.219,0.219,12000,0
3938.HK,5,20250721,083500,0.219,0.22,0.219,0.22,18000,0
3938.HK,5,20250721,090500,0.22,0.22,0.22,0.22,4000,0
3938.HK,5,20250721,092500,0.221,0.225,0.221,0.225,100000,0
3938.HK,5,20250721,093000,0.225,0.225,0.215,0.215,156000,0
3938.HK,5,20250721,094000,0.214,0.214,0.214,0.214,2000,0
3938.HK,5,20250721,095500,0.225,0.232,0.216,0.232,528000,0
3938.HK,5,20250722,033000,0.233,0.237,0.233,0.237,100000,0
3938.HK,5,20250722,033500,0.227,0.227,0.227,0.227,4000,0
3938.HK,5,20250722,035500,0.233,0.233,0.233,0.233,10000,0
3938.HK,5,20250722,040500,0.238,0.24,0.238,0.24,66000,0
3938.HK,5,20250722,041000,0.241,0.242,0.241,0.242,30000,0
3938.HK,5,20250722,041500,0.242,0.244,0.241,0.241,120000,0
3938.HK,5,20250722,042000,0.244,0.244,0.244,0.244,70000,0
3938.HK,5,20250722,053000,0.244,0.244,0.244,0.244,10000,0
3938.HK,5,20250722,071500,0.243,0.244,0.243,0.244,60000,0
3938.HK,5,20250722,072500,0.244,0.244,0.244,0.244,130000,0
3938.HK,5,20250722,075000,0.237,0.237,0.237,0.237,100000,0
3938.HK,5,20250722,081500,0.238,0.238,0.238,0.238,10000,0
3938.HK,5,20250722,090000,0.237,0.237,0.237,0.237,20000,0
3938.HK,5,20250722,095500,0.24,0.244,0.24,0.244,114000,0
3938.HK,5,20250723,033000,0.25,0.27,0.249,0.249,326000,0
3938.HK,5,20250723,033500,0.26,0.27,0.26,0.27,60000,0
3938.HK,5,20250723,034000,0.255,0.255,0.255,0.255,20000,0
3938.HK,5,20250723,034500,0.255,0.255,0.255,0.255,22000,0
3938.HK,5,20250723,035500,0.265,0.265,0.265,0.265,2000,0
3938.HK,5,20250723,040000,0.27,0.27,0.27,0.27,22000,0
3938.HK,5,20250723,040500,0.275,0.285,0.275,0.285,234000,0
3938.HK,5,20250723,041000,0.285,0.285,0.28,0.28,30000,0
3938.HK,5,20250723,041500,0.28,0.285,0.28,0.285,14000,0
3938.HK,5,20250723,042000,0.29,0.295,0.29,0.295,110000,0
3938.HK,5,20250723,042500,0.30,0.31,0.295,0.30,798000,0
3938.HK,5,20250723,043000,0.315,0.315,0.31,0.31,60000,0
3938.HK,5,20250723,043500,0.31,0.31,0.285,0.30,108000,0
3938.HK,5,20250723,044000,0.29,0.29,0.285,0.285,20000,0
3938.HK,5,20250723,044500,0.29,0.29,0.29,0.29,10000,0
3938.HK,5,20250723,045500,0.29,0.29,0.29,0.29,2000,0
3938.HK,5,20250723,050000,0.30,0.32,0.30,0.32,250000,0
3938.HK,5,20250723,050500,0.32,0.32,0.32,0.32,36000,0
3938.HK,5,20250723,051000,0.32,0.32,0.32,0.32,14000,0
3938.HK,5,20250723,051500,0.31,0.31,0.31,0.31,6000,0
3938.HK,5,20250723,052000,0.31,0.31,0.31,0.31,34000,0
3938.HK,5,20250723,053500,0.295,0.295,0.295,0.295,16000,0
3938.HK,5,20250723,054000,0.295,0.295,0.295,0.295,2000,0
3938.HK,5,20250723,055500,0.29,0.29,0.29,0.29,100000,0
3938.HK,5,20250723,070000,0.305,0.31,0.305,0.31,66000,0
3938.HK,5,20250723,071000,0.30,0.30,0.30,0.30,162000,0
3938.HK,5,20250723,074000,0.31,0.31,0.31,0.31,50000,0
3938.HK,5,20250723,074500,0.30,0.30,0.30,0.30,14000,0
3938.HK,5,20250723,075000,0.305,0.305,0.305,0.305,10000,0
3938.HK,5,20250723,080000,0.30,0.30,0.30,0.30,10000,0
3938.HK,5,20250723,081000,0.30,0.305,0.30,0.305,30000,0
3938.HK,5,20250723,081500,0.305,0.305,0.305,0.305,12000,0
3938.HK,5,20250723,082000,0.305,0.305,0.30,0.30,54000,0
3938.HK,5,20250723,085500,0.30,0.30,0.30,0.30,2000,0
3938.HK,5,20250723,090000,0.30,0.30,0.30,0.30,16000,0
3938.HK,5,20250723,090500,0.30,0.30,0.30,0.30,14000,0
3938.HK,5,20250723,091000,0.30,0.30,0.30,0.30,26000,0
3938.HK,5,20250723,093000,0.30,0.305,0.30,0.305,16000,0
3938.HK,5,20250723,093500,0.305,0.305,0.305,0.305,64000,0
3938.HK,5,20250723,094000,0.305,0.32,0.305,0.32,484000,0
3938.HK,5,20250723,094500,0.32,0.32,0.32,0.32,148000,0
3938.HK,5,20250723,095000,0.325,0.33,0.325,0.33,90000,0
3938.HK,5,20250723,095500,0.33,0.34,0.33,0.34,568000,0
3938.HK,5,20250724,033000,0.345,0.35,0.345,0.345,226000,0
3938.HK,5,20250724,033500,0.345,0.345,0.345,0.345,16000,0
3938.HK,5,20250724,034500,0.345,0.345,0.34,0.345,266000,0
3938.HK,5,20250724,035500,0.345,0.345,0.345,0.345,390000,0
3938.HK,5,20250724,040000,0.345,0.345,0.345,0.345,4000,0
3938.HK,5,20250724,040500,0.345,0.35,0.345,0.35,112000,0
3938.HK,5,20250724,041000,0.35,0.35,0.35,0.35,4000,0
3938.HK,5,20250724,041500,0.35,0.35,0.35,0.35,16000,0
3938.HK,5,20250724,042000,0.345,0.345,0.345,0.345,140000,0
3938.HK,5,20250724,042500,0.345,0.345,0.345,0.345,100000,0
3938.HK,5,20250724,043000,0.345,0.345,0.345,0.345,230000,0
3938.HK,5,20250724,044000,0.345,0.345,0.345,0.345,100000,0
3938.HK,5,20250724,052000,0.345,0.345,0.345,0.345,200000,0
3938.HK,5,20250724,052500,0.345,0.345,0.345,0.345,62000,0
3938.HK,5,20250724,054000,0.345,0.345,0.345,0.345,10000,0
3938.HK,5,20250724,055500,0.345,0.35,0.345,0.35,90000,0
3938.HK,5,20250724,070000,0.35,0.355,0.35,0.355,180000,0
3938.HK,5,20250724,072000,0.355,0.355,0.355,0.355,20000,0
3938.HK,5,20250724,072500,0.355,0.36,0.355,0.36,248000,0
3938.HK,5,20250724,073000,0.365,0.365,0.365,0.365,12000,0
3938.HK,5,20250724,073500,0.365,0.37,0.355,0.355,198000,0
3938.HK,5,20250724,090500,0.355,0.355,0.355,0.355,70000,0
3938.HK,5,20250724,094000,0.355,0.355,0.355,0.355,22000,0
3938.HK,5,20250724,095500,0.365,0.365,0.365,0.365,10000,0
3938.HK,5,20250725,033500,0.365,0.365,0.365,0.365,550000,0
3938.HK,5,20250725,043500,0.35,0.35,0.35,0.35,70000,0
3938.HK,5,20250725,044000,0.35,0.35,0.35,0.35,10000,0
3938.HK,5,20250725,044500,0.35,0.35,0.345,0.345,260000,0
3938.HK,5,20250725,055500,0.355,0.355,0.35,0.35,68000,0
3938.HK,5,20250725,070500,0.355,0.355,0.355,0.355,20000,0
3938.HK,5,20250725,071000,0.355,0.355,0.355,0.355,18000,0
3938.HK,5,20250725,074000,0.355,0.355,0.355,0.355,10000,0
3938.HK,5,20250725,074500,0.355,0.355,0.355,0.355,10000,0
3938.HK,5,20250725,075000,0.355,0.355,0.355,0.355,58000,0
3938.HK,5,20250725,075500,0.355,0.355,0.355,0.355,488000,0
3938.HK,5,20250725,082000,0.36,0.36,0.36,0.36,30000,0
3938.HK,5,20250725,083000,0.365,0.365,0.365,0.365,6000,0
3938.HK,5,20250725,083500,0.37,0.375,0.37,0.375,116000,0
3938.HK,5,20250725,085000,0.375,0.375,0.375,0.375,170000,0
3938.HK,5,20250725,085500,0.375,0.375,0.375,0.375,4000,0
3938.HK,5,20250725,091500,0.375,0.375,0.375,0.375,22000,0
3938.HK,5,20250725,093500,0.38,0.38,0.38,0.38,4000,0
3938.HK,5,20250725,094000,0.38,0.39,0.38,0.39,192000,0
3938.HK,5,20250725,094500,0.395,0.40,0.395,0.40,200000,0
3938.HK,5,20250725,095000,0.405,0.405,0.375,0.375,240000,0
3938.HK,5,20250725,095500,0.41,0.41,0.39,0.40,56000,0
3938.HK,5,20250728,033000,0.46,0.53,0.46,0.51,954000,0
3938.HK,5,20250728,033500,0.51,0.51,0.49,0.51,158000,0
3938.HK,5,20250728,034000,0.50,0.50,0.50,0.50,50000,0
3938.HK,5,20250728,034500,0.50,0.50,0.50,0.50,26000,0
3938.HK,5,20250728,035000,0.50,0.50,0.50,0.50,72000,0
3938.HK,5,20250728,040000,0.485,0.485,0.47,0.47,96000,0
3938.HK,5,20250728,040500,0.465,0.48,0.445,0.48,292000,0
3938.HK,5,20250728,041000,0.485,0.485,0.485,0.485,40000,0
3938.HK,5,20250728,041500,0.48,0.48,0.48,0.48,18000,0
3938.HK,5,20250728,042500,0.465,0.48,0.46,0.48,74000,0
3938.HK,5,20250728,043000,0.48,0.48,0.48,0.48,12000,0
3938.HK,5,20250728,043500,0.47,0.47,0.47,0.47,30000,0
3938.HK,5,20250728,044000,0.47,0.485,0.47,0.485,50000,0
3938.HK,5,20250728,050500,0.465,0.485,0.465,0.485,104000,0
3938.HK,5,20250728,051000,0.47,0.47,0.47,0.47,200000,0
3938.HK,5,20250728,052000,0.48,0.48,0.48,0.48,50000,0
3938.HK,5,20250728,052500,0.495,0.495,0.495,0.495,58000,0
3938.HK,5,20250728,053500,0.50,0.50,0.495,0.50,68000,0
3938.HK,5,20250728,054000,0.50,0.50,0.495,0.495,198000,0
3938.HK,5,20250728,055500,0.49,0.49,0.49,0.49,206000,0
3938.HK,5,20250728,070000,0.49,0.495,0.49,0.49,130000,0
3938.HK,5,20250728,072500,0.49,0.49,0.485,0.485,146000,0
3938.HK,5,20250728,073000,0.48,0.48,0.48,0.48,10000,0
3938.HK,5,20250728,073500,0.485,0.485,0.485,0.485,40000,0
3938.HK,5,20250728,074500,0.50,0.50,0.50,0.50,2000,0
3938.HK,5,20250728,075500,0.49,0.49,0.49,0.49,24000,0
3938.HK,5,20250728,080500,0.495,0.495,0.495,0.495,24000,0
3938.HK,5,20250728,082000,0.495,0.495,0.485,0.485,104000,0
3938.HK,5,20250728,082500,0.485,0.485,0.485,0.485,16000,0
3938.HK,5,20250728,083000,0.49,0.49,0.49,0.49,10000,0
3938.HK,5,20250728,083500,0.49,0.49,0.485,0.485,6000,0
3938.HK,5,20250728,084500,0.485,0.485,0.485,0.485,38000,0
3938.HK,5,20250728,085500,0.485,0.485,0.485,0.485,14000,0
3938.HK,5,20250728,090000,0.485,0.485,0.485,0.485,18000,0
3938.HK,5,20250728,091000,0.49,0.49,0.49,0.49,16000,0
3938.HK,5,20250728,091500,0.49,0.49,0.49,0.49,8000,0
3938.HK,5,20250728,092000,0.49,0.49,0.49,0.49,20000,0
3938.HK,5,20250728,092500,0.49,0.49,0.49,0.49,4000,0
3938.HK,5,20250728,093000,0.485,0.50,0.485,0.50,112000,0
3938.HK,5,20250728,094000,0.49,0.49,0.49,0.49,58000,0
3938.HK,5,20250728,094500,0.49,0.49,0.485,0.49,262000,0
3938.HK,5,20250728,095000,0.495,0.495,0.495,0.495,168000,0
3938.HK,5,20250728,095500,0.495,0.495,0.495,0.495,518000,0
3938.HK,5,20250729,033000,0.49,0.49,0.49,0.49,46000,0
3938.HK,5,20250729,034000,0.49,0.49,0.49,0.49,64000,0
3938.HK,5,20250729,041000,0.49,0.49,0.49,0.49,18000,0
3938.HK,5,20250729,041500,0.49,0.495,0.49,0.495,22000,0
3938.HK,5,20250729,042000,0.49,0.49,0.49,0.49,66000,0
3938.HK,5,20250729,043000,0.50,0.50,0.50,0.50,2000,0
3938.HK,5,20250729,044000,0.495,0.495,0.495,0.495,78000,0
3938.HK,5,20250729,044500,0.49,0.49,0.49,0.49,10000,0
3938.HK,5,20250729,045000,0.49,0.49,0.49,0.49,10000,0
3938.HK,5,20250729,050000,0.49,0.495,0.49,0.495,42000,0
3938.HK,5,20250729,053500,0.495,0.495,0.495,0.495,2000,0
3938.HK,5,20250729,055000,0.50,0.52,0.50,0.51,794000,0
3938.HK,5,20250729,055500,0.51,0.52,0.51,0.52,50000,0
3938.HK,5,20250729,071000,0.52,0.52,0.52,0.52,40000,0
3938.HK,5,20250729,072000,0.53,0.55,0.53,0.54,242000,0
3938.HK,5,20250729,072500,0.55,0.55,0.55,0.55,36000,0
3938.HK,5,20250729,073000,0.55,0.56,0.55,0.56,126000,0
3938.HK,5,20250729,073500,0.56,0.56,0.56,0.56,62000,0
3938.HK,5,20250729,074000,0.56,0.60,0.56,0.60,964000,0
3938.HK,5,20250729,074500,0.61,0.61,0.59,0.59,212000,0
3938.HK,5,20250729,075000,0.59,0.60,0.59,0.60,36000,0
3938.HK,5,20250729,075500,0.60,0.60,0.59,0.59,52000,0
3938.HK,5,20250729,080000,0.59,0.59,0.58,0.59,48000,0
3938.HK,5,20250729,080500,0.59,0.59,0.59,0.59,10000,0
3938.HK,5,20250729,081000,0.58,0.58,0.58,0.58,20000,0
3938.HK,5,20250729,081500,0.57,0.57,0.57,0.57,18000,0
3938.HK,5,20250729,082000,0.58,0.59,0.58,0.59,18000,0
3938.HK,5,20250729,082500,0.59,0.59,0.59,0.59,18000,0
3938.HK,5,20250729,083000,0.59,0.59,0.59,0.59,10000,0
3938.HK,5,20250729,083500,0.59,0.59,0.59,0.59,10000,0
3938.HK,5,20250729,084000,0.59,0.59,0.59,0.59,10000,0
3938.HK,5,20250729,084500,0.59,0.59,0.59,0.59,6000,0
3938.HK,5,20250729,085500,0.58,0.58,0.58,0.58,4000,0
3938.HK,5,20250729,090000,0.59,0.59,0.59,0.59,50000,0
3938.HK,5,20250729,090500,0.59,0.60,0.59,0.60,50000,0
3938.HK,5,20250729,091000,0.60,0.60,0.59,0.59,42000,0
3938.HK,5,20250729,091500,0.59,0.60,0.59,0.60,18000,0
3938.HK,5,20250729,092000,0.60,0.60,0.59,0.60,460000,0
3938.HK,5,20250729,092500,0.60,0.61,0.60,0.61,558000,0
3938.HK,5,20250729,093500,0.61,0.61,0.61,0.61,40000,0
3938.HK,5,20250729,094000,0.61,0.61,0.59,0.59,58000,0
3938.HK,5,20250729,094500,0.59,0.60,0.59,0.60,36000,0
3938.HK,5,20250729,095000,0.60,0.61,0.59,0.60,734000,0
3938.HK,5,20250729,095500,0.60,0.61,0.59,0.60,212000,0
3938.HK,5,20250730,033000,0.62,0.65,0.62,0.64,374000,0
3938.HK,5,20250730,033500,0.61,0.65,0.61,0.65,396000,0
3938.HK,5,20250730,034000,0.63,0.67,0.63,0.67,152000,0
3938.HK,5,20250730,034500,0.65,0.70,0.64,0.69,636000,0
3938.HK,5,20250730,035000,0.70,0.72,0.70,0.71,240000,0
3938.HK,5,20250730,035500,0.71,0.73,0.71,0.73,146000,0
3938.HK,5,20250730,040000,0.73,0.73,0.70,0.70,108000,0
3938.HK,5,20250730,040500,0.72,0.72,0.70,0.71,44000,0
3938.HK,5,20250730,041000,0.71,0.72,0.71,0.72,362000,0
3938.HK,5,20250730,041500,0.71,0.73,0.70,0.73,82000,0
3938.HK,5,20250730,042000,0.73,0.73,0.73,0.73,50000,0
3938.HK,5,20250730,042500,0.72,0.73,0.72,0.73,28000,0
3938.HK,5,20250730,043000,0.71,0.72,0.71,0.72,60000,0
3938.HK,5,20250730,043500,0.73,0.73,0.73,0.73,24000,0
3938.HK,5,20250730,044000,0.73,0.73,0.72,0.73,116000,0
3938.HK,5,20250730,044500,0.73,0.73,0.73,0.73,92000,0
3938.HK,5,20250730,045000,0.74,0.74,0.74,0.74,2000,0
3938.HK,5,20250730,045500,0.74,0.74,0.74,0.74,10000,0
3938.HK,5,20250730,050000,0.74,0.75,0.74,0.74,150000,0
3938.HK,5,20250730,050500,0.74,0.74,0.74,0.74,4000,0
3938.HK,5,20250730,051000,0.74,0.74,0.74,0.74,26000,0
3938.HK,5,20250730,051500,0.75,0.75,0.74,0.74,240000,0
3938.HK,5,20250730,052000,0.74,0.74,0.74,0.74,120000,0
3938.HK,5,20250730,052500,0.74,0.74,0.73,0.74,34000,0
3938.HK,5,20250730,053000,0.74,0.74,0.73,0.73,108000,0
3938.HK,5,20250730,053500,0.74,0.74,0.73,0.73,18000,0
3938.HK,5,20250730,054000,0.74,0.74,0.74,0.74,200000,0
3938.HK,5,20250730,054500,0.74,0.74,0.74,0.74,10000,0
3938.HK,5,20250730,055000,0.74,0.75,0.74,0.75,60000,0
3938.HK,5,20250730,055500,0.73,0.73,0.73,0.73,4000,0
3938.HK,5,20250730,070000,0.74,0.74,0.73,0.74,66000,0
3938.HK,5,20250730,070500,0.74,0.74,0.74,0.74,30000,0
3938.HK,5,20250730,071000,0.73,0.74,0.73,0.74,72000,0
3938.HK,5,20250730,071500,0.74,0.74,0.73,0.74,62000,0
3938.HK,5,20250730,072000,0.74,0.74,0.74,0.74,24000,0
3938.HK,5,20250730,072500,0.74,0.74,0.74,0.74,14000,0
3938.HK,5,20250730,073000,0.74,0.82,0.73,0.80,1296000,0
3938.HK,5,20250730,073500,0.80,0.80,0.79,0.79,52000,0
3938.HK,5,20250730,074000,0.79,0.79,0.78,0.78,34000,0
3938.HK,5,20250730,074500,0.77,0.78,0.74,0.78,840000,0
3938.HK,5,20250730,075000,0.77,0.78,0.76,0.78,30000,0
3938.HK,5,20250730,075500,0.78,0.78,0.76,0.76,24000,0
3938.HK,5,20250730,080000,0.77,0.77,0.75,0.75,78000,0
3938.HK,5,20250730,080500,0.75,0.75,0.73,0.75,230000,0
3938.HK,5,20250730,081000,0.75,0.77,0.75,0.76,68000,0
3938.HK,5,20250730,081500,0.76,0.77,0.76,0.77,20000,0
3938.HK,5,20250730,082000,0.77,0.77,0.77,0.77,34000,0
3938.HK,5,20250730,082500,0.77,0.77,0.76,0.77,28000,0
3938.HK,5,20250730,083000,0.76,0.77,0.76,0.77,14000,0
3938.HK,5,20250730,083500,0.76,0.76,0.76,0.76,202000,0
3938.HK,5,20250730,084000,0.77,0.77,0.76,0.77,58000,0
3938.HK,5,20250730,085500,0.77,0.77,0.76,0.76,30000,0
3938.HK,5,20250730,090000,0.77,0.77,0.77,0.77,30000,0
3938.HK,5,20250730,090500,0.77,0.77,0.76,0.77,124000,0
3938.HK,5,20250730,092000,0.76,0.76,0.75,0.75,30000,0
3938.HK,5,20250730,092500,0.76,0.77,0.76,0.77,12000,0
3938.HK,5,20250730,093000,0.77,0.77,0.77,0.77,10000,0
3938.HK,5,20250730,093500,0.77,0.77,0.76,0.77,3986000,0
3938.HK,5,20250730,094000,0.77,0.79,0.77,0.79,154000,0
3938.HK,5,20250730,094500,0.79,0.79,0.77,0.79,60000,0
3938.HK,5,20250730,095000,0.79,0.79,0.78,0.78,216000,0
3938.HK,5,20250730,095500,0.77,0.77,0.75,0.77,80000,0
3938.HK,5,20250731,033000,0.80,0.80,0.73,0.74,36000,0
3938.HK,5,20250731,033500,0.77,0.79,0.76,0.78,70000,0
3938.HK,5,20250731,034000,0.75,0.75,0.70,0.70,174000,0
3938.HK,5,20250731,034500,0.70,0.74,0.61,0.69,602000,0
3938.HK,5,20250731,035000,0.69,0.71,0.68,0.70,148000,0
3938.HK,5,20250731,035500,0.70,0.74,0.68,0.68,216000,0
3938.HK,5,20250731,040000,0.68,0.70,0.66,0.70,352000,0
3938.HK,5,20250731,040500,0.69,0.71,0.69,0.71,146000,0
3938.HK,5,20250731,041000,0.68,0.70,0.68,0.70,152000,0
3938.HK,5,20250731,041500,0.70,0.71,0.70,0.71,88000,0
3938.HK,5,20250731,042000,0.71,0.73,0.71,0.73,754000,0
3938.HK,5,20250731,042500,0.74,0.76,0.73,0.76,90000,0
3938.HK,5,20250731,043000,0.75,0.78,0.75,0.78,36000,0
3938.HK,5,20250731,044000,0.76,0.77,0.75,0.77,66000,0
3938.HK,5,20250731,045500,0.74,0.74,0.73,0.73,20000,0
3938.HK,5,20250731,050000,0.74,0.77,0.74,0.77,36000,0
3938.HK,5,20250731,051500,0.74,0.74,0.73,0.73,34000,0
3938.HK,5,20250731,053000,0.71,0.71,0.71,0.71,14000,0
3938.HK,5,20250731,055000,0.71,0.73,0.71,0.73,80000,0
3938.HK,5,20250731,055500,0.73,0.77,0.73,0.77,276000,0
3938.HK,5,20250731,071000,0.72,0.72,0.72,0.72,4000,0
3938.HK,5,20250731,071500,0.72,0.73,0.71,0.73,54000,0
3938.HK,5,20250731,072000,0.74,0.74,0.74,0.74,2000,0
3938.HK,5,20250731,074000,0.74,0.74,0.74,0.74,72000,0
3938.HK,5,20250731,074500,0.75,0.75,0.75,0.75,2000,0
3938.HK,5,20250731,075500,0.72,0.73,0.72,0.72,30000,0
3938.HK,5,20250731,080000,0.72,0.72,0.69,0.71,122000,0
3938.HK,5,20250731,080500,0.69,0.72,0.69,0.72,1232000,0
3938.HK,5,20250731,081000,0.73,0.73,0.73,0.73,10000,0
3938.HK,5,20250731,081500,0.70,0.70,0.69,0.69,58000,0
3938.HK,5,20250731,082000,0.72,0.72,0.68,0.70,212000,0
3938.HK,5,20250731,082500,0.72,0.72,0.72,0.72,2000,0
3938.HK,5,20250731,084000,0.72,0.73,0.72,0.73,32000,0
3938.HK,5,20250731,084500,0.73,0.73,0.73,0.73,10000,0
3938.HK,5,20250731,090500,0.71,0.71,0.70,0.70,22000,0
3938.HK,5,20250731,091000,0.70,0.71,0.68,0.68,248000,0
3938.HK,5,20250731,091500,0.68,0.68,0.68,0.68,130000,0
3938.HK,5,20250731,092000,0.69,0.69,0.69,0.69,50000,0
3938.HK,5,20250731,092500,0.69,0.69,0.68,0.68,422000,0
3938.HK,5,20250731,093000,0.68,0.69,0.67,0.67,352000,0
3938.HK,5,20250731,093500,0.67,0.69,0.67,0.69,412000,0
3938.HK,5,20250731,094000,0.68,0.68,0.68,0.68,20000,0
3938.HK,5,20250731,094500,0.69,0.70,0.68,0.70,276000,0
3938.HK,5,20250731,095000,0.70,0.70,0.70,0.70,10000,0
3938.HK,5,20250731,095500,0.70,0.70,0.68,0.69,536000,0
3938.HK,5,20250801,033000,0.66,0.68,0.63,0.68,168000,0
3938.HK,5,20250801,033500,0.68,0.70,0.68,0.70,80000,0
3938.HK,5,20250801,034500,0.68,0.68,0.67,0.67,20000,0
3938.HK,5,20250801,035000,0.66,0.68,0.64,0.68,112000,0
3938.HK,5,20250801,040500,0.65,0.65,0.65,0.65,30000,0
3938.HK,5,20250801,041000,0.67,0.67,0.66,0.66,6000,0
3938.HK,5,20250801,041500,0.64,0.66,0.62,0.65,206000,0
3938.HK,5,20250801,042500,0.64,0.64,0.64,0.64,14000,0
3938.HK,5,20250801,043000,0.64,0.64,0.64,0.64,26000,0
3938.HK,5,20250801,043500,0.63,0.64,0.61,0.64,322000,0
3938.HK,5,20250801,044000,0.63,0.63,0.62,0.62,50000,0
3938.HK,5,20250801,044500,0.63,0.63,0.62,0.63,94000,0
3938.HK,5,20250801,045000,0.63,0.64,0.63,0.63,26000,0
3938.HK,5,20250801,045500,0.63,0.64,0.63,0.64,56000,0
3938.HK,5,20250801,050000,0.63,0.64,0.61,0.63,464000,0
3938.HK,5,20250801,050500,0.62,0.63,0.62,0.63,56000,0
3938.HK,5,20250801,051000,0.65,0.65,0.65,0.65,2000,0
3938.HK,5,20250801,051500,0.63,0.64,0.63,0.64,32000,0
3938.HK,5,20250801,052000,0.63,0.64,0.63,0.64,6000,0
3938.HK,5,20250801,053500,0.63,0.64,0.63,0.64,4000,0
3938.HK,5,20250801,054000,0.63,0.64,0.63,0.63,108000,0
3938.HK,5,20250801,054500,0.63,0.63,0.62,0.63,184000,0
3938.HK,5,20250801,055000,0.63,0.63,0.63,0.63,40000,0
3938.HK,5,20250801,055500,0.63,0.63,0.63,0.63,36000,0
3938.HK,5,20250801,070000,0.63,0.63,0.63,0.63,30000,0
3938.HK,5,20250801,075000,0.63,0.63,0.63,0.63,10000,0
3938.HK,5,20250801,080500,0.63,0.63,0.63,0.63,26000,0
3938.HK,5,20250801,082500,0.63,0.63,0.63,0.63,40000,0
3938.HK,5,20250801,083000,0.63,0.63,0.63,0.63,8000,0
3938.HK,5,20250801,085000,0.64,0.66,0.64,0.66,38000,0
3938.HK,5,20250801,085500,0.66,0.66,0.66,0.66,10000,0
3938.HK,5,20250801,090000,0.66,0.66,0.66,0.66,10000,0
3938.HK,5,20250801,090500,0.66,0.66,0.66,0.66,10000,0
3938.HK,5,20250801,091000,0.66,0.66,0.66,0.66,18000,0
3938.HK,5,20250801,091500,0.66,0.66,0.66,0.66,10000,0
3938.HK,5,20250801,092000,0.66,0.66,0.66,0.66,2000,0
3938.HK,5,20250801,092500,0.66,0.66,0.66,0.66,6000,0
3938.HK,5,20250801,093000,0.64,0.64,0.64,0.64,4000,0
3938.HK,5,20250801,093500,0.64,0.66,0.64,0.66,32000,0
3938.HK,5,20250801,095000,0.64,0.65,0.64,0.65,4000,0
3938.HK,5,20250801,095500,0.64,0.66,0.64,0.65,120000,0
3938.HK,5,20250804,033000,0.65,0.68,0.65,0.67,34000,0
3938.HK,5,20250804,033500,0.68,0.68,0.68,0.68,38000,0
3938.HK,5,20250804,034000,0.66,0.66,0.66,0.66,2000,0
3938.HK,5,20250804,034500,0.67,0.67,0.67,0.67,14000,0
3938.HK,5,20250804,035000,0.67,0.67,0.67,0.67,2000,0
3938.HK,5,20250804,035500,0.66,0.66,0.66,0.66,18000,0
3938.HK,5,20250804,040000,0.66,0.66,0.66,0.66,14000,0
3938.HK,5,20250804,040500,0.66,0.66,0.66,0.66,2000,0
3938.HK,5,20250804,041500,0.66,0.66,0.65,0.65,134000,0
3938.HK,5,20250804,042000,0.65,0.65,0.65,0.65,18000,0
3938.HK,5,20250804,043500,0.65,0.65,0.65,0.65,10000,0
3938.HK,5,20250804,050000,0.65,0.65,0.65,0.65,10000,0
3938.HK,5,20250804,050500,0.65,0.65,0.65,0.65,20000,0
3938.HK,5,20250804,075000,0.64,0.65,0.64,0.65,4000,0
3938.HK,5,20250804,075500,0.65,0.65,0.65,0.65,78000,0
3938.HK,5,20250804,085500,0.65,0.65,0.65,0.65,58000,0
3938.HK,5,20250805,034500,0.64,0.65,0.63,0.63,156000,0
3938.HK,5,20250805,035000,0.65,0.65,0.65,0.65,2000,0
3938.HK,5,20250805,040000,0.64,0.65,0.64,0.65,4000,0
3938.HK,5,20250805,040500,0.64,0.64,0.63,0.63,80000,0
3938.HK,5,20250805,041500,0.64,0.64,0.64,0.64,10000,0
3938.HK,5,20250805,042000,0.65,0.65,0.63,0.65,100000,0
3938.HK,5,20250805,042500,0.65,0.65,0.65,0.65,20000,0
3938.HK,5,20250805,045000,0.64,0.65,0.64,0.65,8000,0
3938.HK,5,20250805,045500,0.64,0.65,0.64,0.65,12000,0
3938.HK,5,20250805,050000,0.65,0.65,0.65,0.65,12000,0
3938.HK,5,20250805,052000,0.65,0.65,0.65,0.65,46000,0
3938.HK,5,20250805,052500,0.65,0.65,0.65,0.65,70000,0
3938.HK,5,20250805,054500,0.65,0.65,0.65,0.65,4000,0
3938.HK,5,20250805,070000,0.65,0.65,0.65,0.65,2000,0
3938.HK,5,20250805,081000,0.65,0.65,0.65,0.65,28000,0
3938.HK,5,20250805,082000,0.64,0.64,0.64,0.64,50000,0
3938.HK,5,20250805,082500,0.64,0.64,0.63,0.64,250000,0
3938.HK,5,20250805,083000,0.65,0.65,0.65,0.65,56000,0
3938.HK,5,20250805,083500,0.65,0.65,0.65,0.65,10000,0
3938.HK,5,20250805,084000,0.64,0.64,0.64,0.64,50000,0
3938.HK,5,20250805,091500,0.65,0.65,0.65,0.65,2000,0
3938.HK,5,20250805,093500,0.64,0.64,0.60,0.64,606000,0
3938.HK,5,20250805,094000,0.64,0.65,0.63,0.63,582000,0
3938.HK,5,20250805,094500,0.65,0.65,0.65,0.65,2000,0
3938.HK,5,20250805,095500,0.66,0.66,0.64,0.64,84000,0
3938.HK,5,20250806,052500,0.65,0.65,0.65,0.65,204000,0
3938.HK,5,20250806,054000,0.65,0.65,0.65,0.65,10000,0
3938.HK,5,20250806,054500,0.65,0.65,0.65,0.65,110000,0
3938.HK,5,20250806,091500,0.65,0.65,0.65,0.65,4000,0
3938.HK,5,20250806,092500,0.65,0.65,0.65,0.65,20000,0
3938.HK,5,20250806,093500,0.67,0.69,0.67,0.69,76000,0
3938.HK,5,20250806,094000,0.70,0.70,0.70,0.70,254000,0
3938.HK,5,20250806,094500,0.70,0.73,0.70,0.73,1454000,0
3938.HK,5,20250806,095000,0.73,0.75,0.73,0.75,72000,0
3938.HK,5,20250806,095500,0.76,0.79,0.76,0.76,168000,0
3938.HK,5,20250807,033000,0.76,0.76,0.76,0.76,60000,0
3938.HK,5,20250807,033500,0.75,0.79,0.75,0.79,62000,0
3938.HK,5,20250807,034000,0.79,0.79,0.78,0.78,28000,0
3938.HK,5,20250807,035500,0.78,0.78,0.78,0.78,6000,0
3938.HK,5,20250807,040500,0.77,0.77,0.77,0.77,4000,0
3938.HK,5,20250807,041000,0.77,0.78,0.77,0.78,36000,0
3938.HK,5,20250807,042000,0.76,0.76,0.75,0.75,88000,0
3938.HK,5,20250807,042500,0.75,0.75,0.75,0.75,4000,0
3938.HK,5,20250807,043500,0.76,0.76,0.76,0.76,2000,0
3938.HK,5,20250807,045000,0.76,0.76,0.76,0.76,20000,0
3938.HK,5,20250807,050000,0.76,0.76,0.76,0.76,44000,0
3938.HK,5,20250807,052500,0.75,0.75,0.75,0.75,32000,0
3938.HK,5,20250807,053000,0.76,0.76,0.76,0.76,2000,0
3938.HK,5,20250807,055000,0.76,0.76,0.76,0.76,2000,0
3938.HK,5,20250807,070500,0.76,0.77,0.76,0.77,66000,0
3938.HK,5,20250807,075000,0.77,0.77,0.77,0.77,10000,0
3938.HK,5,20250807,081000,0.77,0.77,0.77,0.77,58000,0
3938.HK,5,20250807,081500,0.77,0.77,0.77,0.77,2000,0
3938.HK,5,20250807,082000,0.76,0.76,0.76,0.76,38000,0
3938.HK,5,20250807,093000,0.77,0.78,0.76,0.78,28000,0
3938.HK,5,20250807,095500,0.75,0.75,0.75,0.75,2000,0
3938.HK,5,20250808,040000,0.76,0.77,0.76,0.77,4000,0
3938.HK,5,20250808,043500,0.76,0.76,0.76,0.76,20000,0
3938.HK,5,20250808,044500,0.75,0.75,0.75,0.75,2000,0
3938.HK,5,20250808,045000,0.76,0.76,0.76,0.76,2000,0
3938.HK,5,20250808,053500,0.76,0.76,0.76,0.76,20000,0
3938.HK,5,20250808,054500,0.75,0.75,0.75,0.75,24000,0
3938.HK,5,20250808,055500,0.76,0.76,0.75,0.75,6000,0
3938.HK,5,20250808,070000,0.75,0.75,0.75,0.75,28000,0
3938.HK,5,20250808,070500,0.74,0.74,0.74,0.74,2000,0
3938.HK,5,20250808,071500,0.74,0.74,0.74,0.74,2000,0
3938.HK,5,20250808,072000,0.72,0.73,0.72,0.73,28000,0
3938.HK,5,20250808,072500,0.73,0.73,0.73,0.73,8000,0
3938.HK,5,20250808,074000,0.74,0.76,0.74,0.76,60000,0
3938.HK,5,20250808,081500,0.75,0.75,0.75,0.75,40000,0
3938.HK,5,20250808,083500,0.75,0.75,0.75,0.75,4000,0
3938.HK,5,20250808,090500,0.75,0.75,0.75,0.75,14000,0
3938.HK,5,20250815,033500,0.68,0.68,0.67,0.67,12000,0
3938.HK,5,20250815,034000,0.74,0.77,0.74,0.77,6000,0
3938.HK,5,20250815,035500,0.75,0.75,0.75,0.75,10000,0
3938.HK,5,20250815,040500,0.70,0.70,0.70,0.70,22000,0
3938.HK,5,20250815,041500,0.69,0.69,0.69,0.69,10000,0
3938.HK,5,20250815,045500,0.68,0.68,0.67,0.67,114000,0
3938.HK,5,20250815,052500,0.69,0.69,0.69,0.69,12000,0
3938.HK,5,20250815,054000,0.75,0.75,0.75,0.75,2000,0
3938.HK,5,20250815,055500,0.74,0.74,0.74,0.74,4000,0
3938.HK,5,20250815,081500,0.70,0.70,0.70,0.70,2000,0
3938.HK,5,20250815,093000,0.69,0.69,0.69,0.69,8000,0
3938.HK,5,20250815,094500,0.69,0.69,0.69,0.69,10000,0
3938.HK,5,20250815,095000,0.69,0.70,0.69,0.70,128000,0
3938.HK,5,20250815,095500,0.70,0.70,0.70,0.70,46000,0
3938.HK,5,20250818,051500,0.69,0.69,0.69,0.69,50000,0
3938.HK,5,20250818,081000,0.69,0.69,0.69,0.69,8000,0
3938.HK,5,20250818,094500,0.70,0.70,0.70,0.70,60000,0
3938.HK,5,20250819,070000,0.70,0.70,0.70,0.70,100000,0
3938.HK,5,20250819,085500,0.68,0.68,0.68,0.68,34000,0
3938.HK,5,20250819,090500,0.69,0.70,0.69,0.70,62000,0
3938.HK,5,20250819,091500,0.70,0.70,0.70,0.70,20000,0
3938.HK,5,20250819,094000,0.69,0.70,0.69,0.70,24000,0
3938.HK,5,20250819,095000,0.69,0.69,0.68,0.69,46000,0
3938.HK,5,20250819,095500,0.69,0.69,0.69,0.69,6000,0
3938.HK,5,20250820,035000,0.68,0.68,0.68,0.68,70000,0
3938.HK,5,20250820,040000,0.68,0.68,0.68,0.68,40000,0
3938.HK,5,20250820,040500,0.68,0.68,0.68,0.68,100000,0
3938.HK,5,20250820,041500,0.68,0.68,0.68,0.68,2000,0
3938.HK,5,20250820,042000,0.68,0.68,0.68,0.68,50000,0
3938.HK,5,20250820,043000,0.68,0.68,0.68,0.68,38000,0
3938.HK,5,20250820,044000,0.68,0.68,0.68,0.68,180000,0
3938.HK,5,20250820,045000,0.68,0.68,0.68,0.68,72000,0
3938.HK,5,20250820,045500,0.68,0.68,0.68,0.68,2000,0
3938.HK,5,20250820,051000,0.68,0.68,0.68,0.68,4000,0
3938.HK,5,20250820,054500,0.68,0.68,0.67,0.68,260000,0
3938.HK,5,20250820,055500,0.69,0.69,0.69,0.69,50000,0
3938.HK,5,20250820,075000,0.69,0.70,0.68,0.68,638000,0
3938.HK,5,20250821,073000,0.69,0.69,0.69,0.69,26000,0
3938.HK,5,20250822,073500,0.69,0.69,0.69,0.69,20000,0
3938.HK,5,20250822,095000,0.69,0.69,0.69,0.69,30000,0
3938.HK,5,20250825,050000,0.68,0.68,0.68,0.68,72000,0
3938.HK,5,20250825,054000,0.68,0.68,0.68,0.68,16000,0
3938.HK,5,20250825,055500,0.68,0.68,0.68,0.68,40000,0
3938.HK,5,20250825,092000,0.68,0.68,0.68,0.68,52000,0
3938.HK,5,20250825,095500,0.68,0.68,0.68,0.68,8000,0
3938.HK,5,20250826,040500,0.67,0.68,0.67,0.68,4000,0
3938.HK,5,20250826,041000,0.68,0.68,0.68,0.68,2000,0
3938.HK,5,20250826,044000,0.68,0.68,0.68,0.68,700000,0
3938.HK,5,20250826,075500,0.67,0.67,0.67,0.67,30000,0
3938.HK,5,20250826,080000,0.67,0.67,0.67,0.67,6000,0
3938.HK,5,20250826,080500,0.67,0.67,0.67,0.67,4000,0
3938.HK,5,20250826,081000,0.67,0.67,0.67,0.67,2000,0
3938.HK,5,20250826,082000,0.67,0.67,0.67,0.67,12000,0
3938.HK,5,20250826,082500,0.67,0.67,0.67,0.67,6000,0
3938.HK,5,20250826,083000,0.67,0.67,0.67,0.67,12000,0
3938.HK,5,20250826,083500,0.67,0.67,0.67,0.67,4000,0
3938.HK,5,20250826,084000,0.67,0.67,0.67,0.67,6000,0
3938.HK,5,20250826,084500,0.67,0.67,0.67,0.67,14000,0
3938.HK,5,20250826,085500,0.67,0.67,0.67,0.67,6000,0
3938.HK,5,20250826,090500,0.67,0.67,0.67,0.67,12000,0
3938.HK,5,20250826,091000,0.67,0.67,0.67,0.67,18000,0
3938.HK,5,20250826,092500,0.67,0.67,0.67,0.67,12000,0
3938.HK,5,20250826,093000,0.67,0.67,0.67,0.67,20000,0
3938.HK,5,20250826,093500,0.67,0.67,0.67,0.67,20000,0
3938.HK,5,20250826,094000,0.67,0.67,0.67,0.67,20000,0
3938.HK,5,20250826,094500,0.67,0.67,0.66,0.67,186000,0
3938.HK,5,20250826,095000,0.67,0.67,0.67,0.67,190000,0
3938.HK,5,20250826,095500,0.67,0.67,0.67,0.67,200000,0
3938.HK,5,20250827,034000,0.67,0.67,0.67,0.67,4000,0
3938.HK,5,20250827,034500,0.67,0.67,0.67,0.67,8000,0
3938.HK,5,20250827,042500,0.67,0.67,0.67,0.67,10000,0
3938.HK,5,20250827,045500,0.67,0.67,0.67,0.67,2000,0
3938.HK,5,20250827,051500,0.67,0.67,0.67,0.67,2000,0
3938.HK,5,20250827,053000,0.67,0.67,0.67,0.67,2000,0
3938.HK,5,20250827,080000,0.67,0.67,0.67,0.67,4000,0
3938.HK,5,20250827,081000,0.67,0.67,0.67,0.67,2000,0
3938.HK,5,20250827,082500,0.67,0.67,0.67,0.67,10000,0
3938.HK,5,20250827,083000,0.67,0.67,0.67,0.67,10000,0
3938.HK,5,20250827,083500,0.67,0.67,0.67,0.67,4000,0
3938.HK,5,20250827,084500,0.67,0.67,0.67,0.67,2000,0
3938.HK,5,20250827,085000,0.67,0.67,0.67,0.67,16000,0
3938.HK,5,20250827,085500,0.67,0.67,0.67,0.67,10000,0
3938.HK,5,20250827,090000,0.67,0.67,0.67,0.67,8000,0
3938.HK,5,20250827,092000,0.67,0.67,0.67,0.67,2000,0
3938.HK,5,20250827,092500,0.67,0.67,0.67,0.67,4000,0
3938.HK,5,20250827,093000,0.67,0.67,0.67,0.67,2000,0
3938.HK,5,20250827,093500,0.67,0.67,0.67,0.67,6000,0
3938.HK,5,20250827,094000,0.67,0.67,0.67,0.67,8000,0
3938.HK,5,20250827,094500,0.67,0.67,0.67,0.67,10000,0
3938.HK,5,20250827,095000,0.67,0.67,0.67,0.67,10000,0
3938.HK,5,20250827,095500,0.67,0.67,0.67,0.67,10000,0
3938.HK,5,20250828,040500,0.68,0.68,0.68,0.68,60000,0
3938.HK,5,20250828,081500,0.68,0.68,0.68,0.68,10000,0
3938.HK,5,20250828,093000,0.69,0.70,0.69,0.70,416000,0
3938.HK,5,20250829,040000,0.71,0.71,0.71,0.71,20000,0
3938.HK,5,20250829,051000,0.71,0.71,0.71,0.71,10000,0
3938.HK,5,20250829,071500,0.68,0.69,0.68,0.69,8000,0
3938.HK,5,20250902,071500,0.67,0.67,0.67,0.67,2000,0
3938.HK,5,20250902,080500,0.67,0.67,0.67,0.67,2000,0
3938.HK,5,20250902,094000,0.66,0.68,0.66,0.68,154000,0
3938.HK,5,20250902,094500,0.68,0.68,0.68,0.68,20000,0
3938.HK,5,20250902,095000,0.70,0.70,0.70,0.70,10000,0
3938.HK,5,20250908,072000,0.69,0.70,0.69,0.70,12000,0
3938.HK,5,20250908,075500,0.67,0.67,0.67,0.67,30000,0
3938.HK,5,20250908,081000,0.67,0.67,0.67,0.67,30000,0
3938.HK,5,20250908,090500,0.71,0.71,0.71,0.71,6000,0
3938.HK,5,20250908,091500,0.69,0.69,0.69,0.69,34000,0
3938.HK,5,20250909,085500,0.69,0.69,0.69,0.69,22000,0
3938.HK,5,20250909,090000,0.69,0.69,0.69,0.69,20000,0
3938.HK,5,20250909,092500,0.68,0.68,0.68,0.68,2000,0
3938.HK,5,20250910,080500,0.69,0.69,0.69,0.69,92000,0
3938.HK,5,20250911,090500,0.69,0.70,0.69,0.70,292000,0
3938.HK,5,20250911,091000,0.71,0.71,0.71,0.71,30000,0
3938.HK,5,20250915,033500,0.65,0.67,0.65,0.67,2000,0
3938.HK,5,20250916,084000,0.71,0.71,0.68,0.68,464000,0
3938.HK,5,20250916,090000,0.68,0.68,0.68,0.68,4000,0
3938.HK,5,20250916,090500,0.68,0.68,0.68,0.68,50000,0
3938.HK,5,20250916,092000,0.68,0.69,0.68,0.69,22000,0
3938.HK,5,20250918,053000,0.68,0.68,0.68,0.68,40000,0
3938.HK,5,20250918,080500,0.70,0.72,0.68,0.68,714000,0
3938.HK,5,20250918,092000,0.74,0.74,0.74,0.74,2000,0
3938.HK,5,20250918,092500,0.74,0.74,0.74,0.74,30000,0
3938.HK,5,20250918,093000,0.75,0.75,0.75,0.75,4000,0
3938.HK,5,20250918,095500,0.75,0.75,0.75,0.75,10000,0
3938.HK,5,20250922,095500,0.70,0.70,0.70,0.70,8000,0
3938.HK,5,20250923,094500,0.72,0.72,0.72,0.72,168000,0
3938.HK,5,20250924,033000,0.73,0.73,0.73,0.73,360000,0
3938.HK,5,20250924,034500,0.74,0.74,0.74,0.74,160000,0
3938.HK,5,20250924,072000,0.70,0.70,0.70,0.70,2000,0
3938.HK,5,20250924,090500,0.70,0.70,0.70,0.70,30000,0
3938.HK,5,20250924,094000,0.71,0.71,0.71,0.71,224000,0
3938.HK,5,20250924,095500,0.71,0.71,0.71,0.71,10000,0
3938.HK,5,20250925,033000,0.73,0.73,0.73,0.73,220000,0
3938.HK,5,20250925,093500,0.73,0.75,0.73,0.75,274000,0
3938.HK,5,20250925,094000,0.75,0.75,0.75,0.75,12000,0
3938.HK,5,20250926,042000,0.69,0.71,0.69,0.71,2000,0
3938.HK,5,20250929,042000,0.73,0.73,0.73,0.73,30000,0
3938.HK,5,20250929,082000,0.73,0.73,0.73,0.73,40000,0
3938.HK,5,20250929,084000,0.73,0.73,0.73,0.73,104000,0
3938.HK,5,20250930,052000,0.74,0.75,0.74,0.75,22000,0
3938.HK,5,20250930,085500,0.75,0.75,0.75,0.75,8000,0
3938.HK,5,20250930,093000,0.72,0.74,0.72,0.74,2000,0
3938.HK,5,20251002,034500,0.76,0.78,0.76,0.78,60000,0
3938.HK,5,20251002,041000,0.79,0.80,0.79,0.80,156000,0
3938.HK,5,20251002,042000,0.80,0.80,0.80,0.80,20000,0
3938.HK,5,20251002,042500,0.81,0.81,0.81,0.81,60000,0
3938.HK,5,20251002,050000,0.79,0.79,0.79,0.79,12000,0
3938.HK,5,20251002,053000,0.80,0.81,0.80,0.81,70000,0
3938.HK,5,20251002,084000,0.81,0.81,0.81,0.81,38000,0
3938.HK,5,20251002,090000,0.82,0.82,0.82,0.82,100000,0
3938.HK,5,20251002,091000,0.82,0.82,0.82,0.82,2000,0
3938.HK,5,20251002,092000,0.82,0.83,0.82,0.83,128000,0
3938.HK,5,20251002,093500,0.83,0.83,0.83,0.83,6000,0
3938.HK,5,20251002,094000,0.83,0.83,0.83,0.83,2000,0
3938.HK,5,20251002,095000,0.84,0.84,0.84,0.84,4000,0
3938.HK,5,20251002,095500,0.84,0.84,0.84,0.84,34000,0
3938.HK,5,20251003,034500,0.82,0.87,0.82,0.87,252000,0
3938.HK,5,20251003,035000,0.87,0.90,0.87,0.89,126000,0
3938.HK,5,20251003,035500,0.89,0.89,0.89,0.89,2000,0
3938.HK,5,20251003,040000,0.89,0.89,0.89,0.89,4000,0
3938.HK,5,20251003,042000,0.89,0.89,0.89,0.89,14000,0
3938.HK,5,20251003,042500,0.89,0.89,0.89,0.89,10000,0
3938.HK,5,20251003,052500,0.86,0.86,0.86,0.86,2000,0
3938.HK,5,20251003,055000,0.86,0.86,0.85,0.85,46000,0
3938.HK,5,20251003,081000,0.86,0.86,0.85,0.85,6000,0
3938.HK,5,20251003,095500,0.82,0.82,0.81,0.82,10000,0
3938.HK,5,20251006,035000,0.81,0.81,0.78,0.78,18000,0
3938.HK,5,20251006,035500,0.78,0.78,0.77,0.77,134000,0
3938.HK,5,20251006,040000,0.77,0.78,0.77,0.78,14000,0
3938.HK,5,20251006,044500,0.76,0.78,0.76,0.78,6000,0
3938.HK,5,20251008,034000,0.77,0.77,0.77,0.77,4000,0
3938.HK,5,20251008,034500,0.76,0.76,0.76,0.76,12000,0
3938.HK,5,20251008,035500,0.74,0.75,0.74,0.75,52000,0
3938.HK,5,20251008,040500,0.75,0.75,0.75,0.75,20000,0
3938.HK,5,20251008,045500,0.75,0.75,0.75,0.75,4000,0
3938.HK,5,20251008,055000,0.75,0.76,0.75,0.76,4000,0
3938.HK,5,20251008,055500,0.78,0.79,0.78,0.79,6000,0
3938.HK,5,20251008,080500,0.79,0.79,0.78,0.78,22000,0
3938.HK,5,20251009,040500,0.76,0.76,0.76,0.76,2000,0
3938.HK,5,20251009,041500,0.77,0.77,0.77,0.77,2000,0
3938.HK,5,20251009,042000,0.78,0.78,0.78,0.78,2000,0
3938.HK,5,20251009,075000,0.77,0.77,0.77,0.77,6000,0
3938.HK,5,20251009,080500,0.77,0.77,0.77,0.77,2000,0
3938.HK,5,20251009,093500,0.74,0.74,0.74,0.74,4000,0
3938.HK,5,20251009,094500,0.78,0.78,0.78,0.78,4000,0
3938.HK,5,20251009,095000,0.75,0.75,0.75,0.75,2000,0
3938.HK,5,20251009,095500,0.77,0.78,0.75,0.75,4000,0
3938.HK,5,20251010,080500,0.77,0.77,0.77,0.77,6000,0
3938.HK,5,20251010,081000,0.76,0.76,0.76,0.76,2000,0
3938.HK,5,20251010,085000,0.75,0.75,0.75,0.75,6000,0
3938.HK,5,20251013,034500,0.69,0.69,0.69,0.69,50000,0
3938.HK,5,20251013,035000,0.70,0.70,0.70,0.70,10000,0
3938.HK,5,20251013,041000,0.77,0.78,0.77,0.78,20000,0
3938.HK,5,20251013,044000,0.79,0.80,0.79,0.80,428000,0
3938.HK,5,20251013,050500,0.79,0.79,0.79,0.79,2000,0
3938.HK,5,20251013,055500,0.80,0.80,0.80,0.80,130000,0
3938.HK,5,20251013,082000,0.80,0.80,0.80,0.80,292000,0
3938.HK,5,20251013,091500,0.81,0.81,0.81,0.81,2000,0
3938.HK,5,20251013,093500,0.78,0.82,0.78,0.79,394000,0
3938.HK,5,20251013,094000,0.82,0.82,0.80,0.80,4000,0
3938.HK,5,20251013,094500,0.81,0.81,0.81,0.81,8000,0
3938.HK,5,20251013,095000,0.81,0.81,0.81,0.81,8000,0
3938.HK,5,20251013,095500,0.81,0.81,0.81,0.81,2000,0
3938.HK,5,20251015,072500,0.79,0.79,0.79,0.79,2000,0
3938.HK,5,20251015,073000,0.79,0.79,0.79,0.79,4000,0
3938.HK,5,20251015,074000,0.78,0.78,0.78,0.78,2000,0
3938.HK,5,20251015,081500,0.78,0.78,0.78,0.78,6000,0
3938.HK,5,20251015,091000,0.79,0.79,0.79,0.79,2000,0
3938.HK,5,20251015,093000,0.78,0.78,0.77,0.78,10000,0
3938.HK,5,20251015,093500,0.78,0.78,0.78,0.78,12000,0
3938.HK,5,20251015,094000,0.79,0.80,0.79,0.80,60000,0
3938.HK,5,20251015,095500,0.78,0.81,0.78,0.81,28000,0
3938.HK,5,20251016,042000,0.80,0.80,0.80,0.80,4000,0
3938.HK,5,20251016,044500,0.77,0.77,0.77,0.77,2000,0
3938.HK,5,20251016,080500,0.78,0.78,0.77,0.77,60000,0
3938.HK,5,20251016,090000,0.79,0.79,0.79,0.79,4000,0
3938.HK,5,20251017,035000,0.78,0.78,0.78,0.78,62000,0
3938.HK,5,20251017,085000,0.80,0.80,0.80,0.80,2000,0
3938.HK,5,20251017,090500,0.80,0.80,0.80,0.80,10000,0
3938.HK,5,20251020,034000,0.76,0.76,0.76,0.76,6000,0
3938.HK,5,20251020,040000,0.75,0.75,0.75,0.75,4000,0
3938.HK,5,20251020,042000,0.78,0.78,0.78,0.78,8000,0
3938.HK,5,20251020,042500,0.75,0.75,0.75,0.75,8000,0
3938.HK,5,20251020,050500,0.75,0.75,0.75,0.75,20000,0
3938.HK,5,20251020,052000,0.75,0.75,0.75,0.75,2000,0
3938.HK,5,20251020,052500,0.75,0.75,0.75,0.75,6000,0
3938.HK,5,20251020,053500,0.75,0.75,0.75,0.75,18000,0
3938.HK,5,20251020,055000,0.75,0.75,0.75,0.75,30000,0
3938.HK,5,20251020,072500,0.75,0.75,0.75,0.75,120000,0
3938.HK,5,20251020,073000,0.75,0.75,0.75,0.75,20000,0
3938.HK,5,20251020,075500,0.75,0.75,0.75,0.75,20000,0
3938.HK,5,20251020,080500,0.75,0.75,0.75,0.75,10000,0
3938.HK,5,20251020,081000,0.75,0.75,0.75,0.75,22000,0
3938.HK,5,20251020,084000,0.75,0.75,0.75,0.75,20000,0
3938.HK,5,20251020,085500,0.75,0.75,0.75,0.75,20000,0
3938.HK,5,20251020,090500,0.75,0.75,0.75,0.75,20000,0
3938.HK,5,20251020,095500,0.75,0.75,0.75,0.75,10000,0
3938.HK,5,20251021,050500,0.77,0.77,0.77,0.77,6000,0
3938.HK,5,20251021,051000,0.77,0.77,0.77,0.77,6000,0
3938.HK,5,20251021,082500,0.77,0.77,0.77,0.77,20000,0
3938.HK,5,20251023,044500,0.76,0.76,0.76,0.76,94000,0
3938.HK,5,20251023,045000,0.77,0.77,0.77,0.77,190000,0
3938.HK,5,20251023,093500,0.76,0.77,0.76,0.77,118000,0
3938.HK,5,20251023,095500,0.77,0.80,0.77,0.80,460000,0
3938.HK,5,20251024,033000,0.80,0.80,0.80,0.80,4000,0
3938.HK,5,20251024,072500,0.76,0.76,0.76,0.76,100000,0
3938.HK,5,20251024,074500,0.80,0.80,0.80,0.80,56000,0
3938.HK,5,20251024,082000,0.76,0.76,0.76,0.76,332000,0
3938.HK,5,20251024,082500,0.77,0.77,0.77,0.77,12000,0
3938.HK,5,20251024,084000,0.77,0.77,0.77,0.77,100000,0
3938.HK,5,20251024,090000,0.77,0.77,0.77,0.77,80000,0
3938.HK,5,20251024,091000,0.77,0.78,0.77,0.78,216000,0
3938.HK,5,20251024,091500,0.78,0.78,0.77,0.78,214000,0
3938.HK,5,20251024,092000,0.79,0.79,0.79,0.79,70000,0
3938.HK,5,20251024,095000,0.78,0.79,0.78,0.79,8000,0
3938.HK,5,20251024,095500,0.77,0.77,0.77,0.77,18000,0
3938.HK,5,20251027,024000,0.76,0.76,0.76,0.76,20000,0
3938.HK,5,20251027,024500,0.77,0.77,0.77,0.77,20000,0
3938.HK,5,20251027,025000,0.76,0.76,0.76,0.76,2000,0
3938.HK,5,20251027,060000,0.77,0.78,0.77,0.78,94000,0
3938.HK,5,20251028,074500,0.78,0.78,0.78,0.78,2000,0
3938.HK,5,20251030,025500,0.81,0.81,0.79,0.79,82000,0
3938.HK,5,20251030,031000,0.81,0.81,0.81,0.81,28000,0
3938.HK,5,20251030,031500,0.83,0.84,0.83,0.84,66000,0
3938.HK,5,20251030,032000,0.84,0.85,0.84,0.85,24000,0
3938.HK,5,20251030,033000,0.85,0.85,0.85,0.85,16000,0
3938.HK,5,20251030,033500,0.83,0.83,0.83,0.83,20000,0
3938.HK,5,20251030,042500,0.83,0.83,0.83,0.83,68000,0
3938.HK,5,20251030,082500,0.82,0.82,0.82,0.82,24000,0
3938.HK,5,20251030,085500,0.83,0.83,0.83,0.83,10000,0
3938.HK,5,20251031,032500,0.85,0.85,0.85,0.85,30000,0
3938.HK,5,20251031,065500,0.85,0.85,0.85,0.85,20000,0
3938.HK,5,20251031,085000,0.84,0.85,0.84,0.85,302000,0
3938.HK,5,20251103,031500,0.85,0.85,0.85,0.85,96000,0
3938.HK,5,20251103,033000,0.86,0.86,0.86,0.86,20000,0
3938.HK,5,20251103,040000,0.87,0.89,0.87,0.89,362000,0
3938.HK,5,20251103,041000,0.85,0.85,0.85,0.85,2000,0
3938.HK,5,20251103,063000,0.86,0.88,0.86,0.88,14000,0
3938.HK,5,20251103,063500,0.88,0.89,0.86,0.86,100000,0
3938.HK,5,20251103,073500,0.86,0.86,0.86,0.86,48000,0
3938.HK,5,20251103,074500,0.86,0.86,0.86,0.86,84000,0
3938.HK,5,20251103,082000,0.86,0.86,0.86,0.86,68000,0
3938.HK,5,20251103,083500,0.86,0.86,0.86,0.86,20000,0
3938.HK,5,20251103,085500,0.86,0.87,0.85,0.86,258000,0
3938.HK,5,20251104,024500,0.88,0.88,0.88,0.88,4000,0
3938.HK,5,20251104,025500,0.89,0.90,0.89,0.89,20000,0
3938.HK,5,20251104,030500,0.89,0.89,0.89,0.89,2000,0
3938.HK,5,20251104,032000,0.89,0.89,0.89,0.89,2000,0
3938.HK,5,20251104,041500,0.90,0.90,0.90,0.90,36000,0
3938.HK,5,20251104,042000,0.90,0.90,0.90,0.90,6000,0
3938.HK,5,20251104,042500,0.90,0.90,0.90,0.90,6000,0
3938.HK,5,20251104,044500,0.90,0.90,0.90,0.90,4000,0
3938.HK,5,20251104,045000,0.90,0.90,0.90,0.90,4000,0
3938.HK,5,20251104,045500,0.90,0.90,0.90,0.90,10000,0
3938.HK,5,20251104,061000,0.89,0.89,0.89,0.89,8000,0
3938.HK,5,20251104,062500,0.89,0.89,0.89,0.89,6000,0
3938.HK,5,20251104,063000,0.89,0.89,0.89,0.89,6000,0
3938.HK,5,20251104,063500,0.89,0.89,0.89,0.89,12000,0
3938.HK,5,20251104,064000,0.88,0.88,0.88,0.88,6000,0
3938.HK,5,20251104,064500,0.88,0.88,0.88,0.88,4000,0
3938.HK,5,20251104,065500,0.88,0.88,0.88,0.88,2000,0
3938.HK,5,20251104,070500,0.87,0.87,0.87,0.87,2000,0
3938.HK,5,20251104,072500,0.88,0.88,0.88,0.88,2000,0
3938.HK,5,20251104,073500,0.88,0.88,0.88,0.88,2000,0
3938.HK,5,20251104,075000,0.88,0.90,0.88,0.90,86000,0
3938.HK,5,20251104,080000,0.91,0.91,0.91,0.91,4000,0
3938.HK,5,20251104,080500,0.91,0.94,0.91,0.92,314000,0
3938.HK,5,20251104,081500,0.92,0.92,0.92,0.92,12000,0
3938.HK,5,20251105,024500,0.95,0.95,0.95,0.95,46000,0
3938.HK,5,20251105,025000,0.96,0.97,0.96,0.97,8000,0
3938.HK,5,20251105,030500,0.98,0.98,0.98,0.98,74000,0
3938.HK,5,20251105,032000,0.98,1.03,0.98,1.03,198000,0
3938.HK,5,20251105,032500,1.03,1.05,1.03,1.05,100000,0
3938.HK,5,20251105,033000,1.00,1.02,1.00,1.02,22000,0
3938.HK,5,20251105,033500,1.03,1.03,1.03,1.03,30000,0
3938.HK,5,20251105,035000,1.03,1.03,1.03,1.03,2000,0
3938.HK,5,20251105,035500,1.04,1.04,1.03,1.03,28000,0
3938.HK,5,20251105,040000,1.02,1.02,1.02,1.02,12000,0
3938.HK,5,20251105,040500,1.03,1.03,1.03,1.03,2000,0
3938.HK,5,20251105,041000,1.03,1.03,1.03,1.03,10000,0
3938.HK,5,20251105,041500,1.03,1.04,1.03,1.04,4000,0
3938.HK,5,20251105,042000,1.04,1.04,1.04,1.04,2000,0
3938.HK,5,20251105,043000,1.03,1.03,1.02,1.02,20000,0
3938.HK,5,20251105,043500,1.02,1.02,0.99,0.99,28000,0
3938.HK,5,20251105,044000,0.99,0.99,0.99,0.99,52000,0
3938.HK,5,20251105,060000,1.02,1.02,1.02,1.02,20000,0
3938.HK,5,20251105,061000,1.02,1.02,1.01,1.01,12000,0
3938.HK,5,20251105,061500,1.01,1.01,1.01,1.01,6000,0
3938.HK,5,20251105,062000,1.01,1.01,1.01,1.01,2000,0
3938.HK,5,20251105,065000,1.00,1.00,0.99,0.99,8000,0
3938.HK,5,20251105,070500,1.01,1.02,1.01,1.02,112000,0
3938.HK,5,20251105,075500,1.02,1.02,1.02,1.02,32000,0
3938.HK,5,20251105,081000,1.02,1.02,1.02,1.02,10000,0
3938.HK,5,20251105,082000,1.02,1.02,1.02,1.02,4000,0
3938.HK,5,20251105,082500,1.02,1.02,1.02,1.02,10000,0
3938.HK,5,20251105,083500,1.02,1.05,1.02,1.05,362000,0
3938.HK,5,20251105,084000,1.03,1.03,1.02,1.02,20000,0
3938.HK,5,20251105,085000,1.03,1.03,1.02,1.02,14000,0
3938.HK,5,20251105,085500,1.03,1.05,1.03,1.05,32000,0
3938.HK,5,20251106,023000,1.05,1.09,1.05,1.08,106000,0
3938.HK,5,20251106,044000,1.07,1.08,1.07,1.08,6000,0
3938.HK,5,20251106,044500,1.06,1.07,1.06,1.07,12000,0
3938.HK,5,20251106,045500,1.08,1.08,1.08,1.08,2000,0
3938.HK,5,20251106,062500,1.06,1.06,1.06,1.06,2000,0
3938.HK,5,20251106,074500,1.07,1.07,1.07,1.07,4000,0
3938.HK,5,20251106,075500,1.07,1.08,1.06,1.06,6000,0
3938.HK,5,20251106,084500,1.08,1.08,1.08,1.08,2000,0
3938.HK,5,20251106,085000,1.08,1.08,1.07,1.07,4000,0
3938.HK,5,20251106,085500,1.07,1.08,1.06,1.07,262000,0
3938.HK,5,20251107,030000,1.06,1.14,1.06,1.11,6000,0
3938.HK,5,20251107,030500,1.08,1.08,1.08,1.08,2000,0
3938.HK,5,20251107,031000,1.08,1.10,1.08,1.10,4000,0
3938.HK,5,20251107,031500,1.10,1.10,1.10,1.10,4000,0
3938.HK,5,20251107,032000,1.10,1.10,1.10,1.10,4000,0
3938.HK,5,20251107,033000,1.12,1.12,1.12,1.12,6000,0
3938.HK,5,20251107,033500,1.12,1.12,1.12,1.12,158000,0
3938.HK,5,20251107,034000,1.12,1.12,1.12,1.12,20000,0
3938.HK,5,20251107,034500,1.10,1.10,1.10,1.10,48000,0
3938.HK,5,20251107,035000,1.13,1.15,1.13,1.15,80000,0
3938.HK,5,20251107,035500,1.15,1.17,1.15,1.17,186000,0
3938.HK,5,20251107,040500,1.15,1.15,1.15,1.15,2000,0
3938.HK,5,20251107,060000,1.15,1.15,1.14,1.14,100000,0
3938.HK,5,20251107,060500,1.16,1.17,1.16,1.17,4000,0
3938.HK,5,20251107,061000,1.17,1.17,1.16,1.16,44000,0
3938.HK,5,20251107,062500,1.16,1.16,1.16,1.16,10000,0
3938.HK,5,20251107,063500,1.16,1.16,1.16,1.16,2000,0
3938.HK,5,20251107,071500,1.15,1.16,1.15,1.16,144000,0
3938.HK,5,20251107,072000,1.16,1.16,1.16,1.16,4000,0
3938.HK,5,20251107,073000,1.15,1.15,1.15,1.15,4000,0
3938.HK,5,20251107,075500,1.15,1.15,1.15,1.15,2000,0
3938.HK,5,20251107,080500,1.14,1.14,1.14,1.14,4000,0
3938.HK,5,20251107,081000,1.15,1.15,1.15,1.15,82000,0
3938.HK,5,20251107,081500,1.15,1.15,1.15,1.15,2000,0
3938.HK,5,20251107,083000,1.15,1.15,1.15,1.15,2000,0
3938.HK,5,20251107,084000,1.15,1.15,1.15,1.15,8000,0
3938.HK,5,20251107,085000,1.15,1.15,1.15,1.15,20000,0
3938.HK,5,20251107,085500,1.15,1.15,1.15,1.15,20000,0
3938.HK,5,20251110,023500,1.17,1.17,1.17,1.17,4000,0
3938.HK,5,20251110,024500,1.18,1.19,1.18,1.19,50000,0
3938.HK,5,20251110,025000,1.18,1.18,1.18,1.18,2000,0
3938.HK,5,20251110,030500,1.18,1.18,1.18,1.18,2000,0
3938.HK,5,20251110,031000,1.19,1.19,1.19,1.19,50000,0
3938.HK,5,20251110,031500,1.19,1.19,1.19,1.19,70000,0
3938.HK,5,20251110,032000,1.19,1.20,1.19,1.20,24000,0
3938.HK,5,20251110,032500,1.20,1.20,1.20,1.20,30000,0
3938.HK,5,20251110,033000,1.20,1.20,1.20,1.20,36000,0
3938.HK,5,20251110,033500,1.22,1.22,1.22,1.22,2000,0
3938.HK,5,20251110,034500,1.19,1.19,1.19,1.19,32000,0
3938.HK,5,20251110,042500,1.21,1.21,1.21,1.21,12000,0
3938.HK,5,20251110,043500,1.21,1.21,1.21,1.21,10000,0
3938.HK,5,20251110,060000,1.21,1.21,1.21,1.21,16000,0
3938.HK,5,20251110,060500,1.20,1.20,1.20,1.20,4000,0
3938.HK,5,20251110,061500,1.19,1.19,1.19,1.19,2000,0
3938.HK,5,20251110,065000,1.19,1.19,1.18,1.18,114000,0
3938.HK,5,20251110,065500,1.17,1.17,1.17,1.17,24000,0
3938.HK,5,20251110,071500,1.18,1.18,1.18,1.18,12000,0
3938.HK,5,20251110,072000,1.17,1.17,1.17,1.17,8000,0
3938.HK,5,20251110,075000,1.17,1.18,1.17,1.18,12000,0
3938.HK,5,20251110,075500,1.20,1.21,1.20,1.21,78000,0
3938.HK,5,20251110,081500,1.21,1.21,1.21,1.21,2000,0
3938.HK,5,20251110,085500,1.19,1.19,1.19,1.19,2000,0
3938.HK,5,20251111,031000,1.20,1.20,1.20,1.20,4000,0
3938.HK,5,20251111,033000,1.18,1.18,1.18,1.18,24000,0
3938.HK,5,20251111,033500,1.17,1.19,1.17,1.19,22000,0
3938.HK,5,20251111,034000,1.19,1.20,1.19,1.20,40000,0
3938.HK,5,20251111,043000,1.20,1.21,1.20,1.21,8000,0
3938.HK,5,20251111,043500,1.19,1.19,1.19,1.19,4000,0
3938.HK,5,20251111,082000,1.18,1.20,1.18,1.20,22000,0
3938.HK,5,20251111,085000,1.18,1.18,1.17,1.18,254000,0
3938.HK,5,20251111,085500,1.17,1.17,1.16,1.17,276000,0
3938.HK,5,20251112,041000,1.18,1.18,1.18,1.18,2000,0
3938.HK,5,20251112,060000,1.17,1.17,1.17,1.17,20000,0
3938.HK,5,20251113,024500,1.15,1.15,1.15,1.15,12000,0
3938.HK,5,20251113,044000,1.08,1.08,1.08,1.08,18000,0
3938.HK,5,20251113,045500,0.98,0.98,0.98,0.98,4000,0
3938.HK,5,20251113,060000,1.00,1.00,1.00,1.00,2000,0
3938.HK,5,20251113,060500,1.02,1.02,1.02,1.02,2000,0
3938.HK,5,20251113,061500,1.02,1.02,1.02,1.02,50000,0
3938.HK,5,20251113,062500,1.03,1.03,1.00,1.00,60000,0
3938.HK,5,20251113,063000,0.99,0.99,0.99,0.99,2000,0
3938.HK,5,20251113,065000,0.99,0.99,0.98,0.98,34000,0
3938.HK,5,20251113,065500,0.98,0.98,0.98,0.98,10000,0
3938.HK,5,20251113,070000,0.97,1.00,0.97,1.00,10000,0
3938.HK,5,20251113,070500,0.99,1.03,0.99,1.03,70000,0
3938.HK,5,20251113,071000,1.04,1.04,1.03,1.04,32000,0
3938.HK,5,20251113,072000,1.00,1.00,1.00,1.00,2000,0
3938.HK,5,20251113,072500,1.01,1.01,1.01,1.01,8000,0
3938.HK,5,20251113,073000,1.01,1.01,0.99,0.99,88000,0
3938.HK,5,20251113,073500,0.99,0.99,0.99,0.99,82000,0
3938.HK,5,20251113,074000,0.99,1.00,0.99,0.99,148000,0
3938.HK,5,20251113,074500,0.99,1.00,0.99,0.99,192000,0
3938.HK,5,20251113,075000,0.99,1.00,0.99,0.99,200000,0
3938.HK,5,20251113,075500,0.99,0.99,0.99,0.99,2000,0
3938.HK,5,20251113,080000,1.00,1.00,1.00,1.00,70000,0
3938.HK,5,20251113,080500,1.00,1.00,0.99,0.99,134000,0
3938.HK,5,20251113,081000,1.00,1.00,0.99,0.99,92000,0
3938.HK,5,20251113,082000,0.99,0.99,0.99,0.99,4000,0
3938.HK,5,20251113,082500,0.99,0.99,0.99,0.99,214000,0
3938.HK,5,20251113,083000,0.98,0.99,0.98,0.99,36000,0
3938.HK,5,20251113,083500,0.98,0.98,0.98,0.98,30000,0
3938.HK,5,20251113,084500,0.98,0.98,0.97,0.97,16000,0
3938.HK,5,20251113,085000,0.98,0.98,0.98,0.98,262000,0
3938.HK,5,20251113,085500,0.98,0.99,0.98,0.99,22000,0
3938.HK,5,20251114,023000,0.95,0.95,0.91,0.91,56000,0
3938.HK,5,20251114,023500,0.91,0.95,0.91,0.93,34000,0
3938.HK,5,20251114,024500,0.93,0.93,0.93,0.93,20000,0
3938.HK,5,20251114,025500,0.94,0.94,0.94,0.94,16000,0
3938.HK,5,20251114,030000,0.93,0.93,0.93,0.93,14000,0
3938.HK,5,20251114,030500,0.93,0.98,0.93,0.98,22000,0
3938.HK,5,20251114,033500,0.98,0.98,0.96,0.96,24000,0
3938.HK,5,20251114,035000,0.96,0.96,0.96,0.96,6000,0
3938.HK,5,20251114,044000,0.95,0.95,0.95,0.95,2000,0
3938.HK,5,20251114,045000,0.95,0.95,0.95,0.95,4000,0
3938.HK,5,20251114,061000,0.95,0.95,0.95,0.95,12000,0
3938.HK,5,20251114,061500,0.94,0.94,0.93,0.93,60000,0
3938.HK,5,20251114,064000,0.94,0.94,0.93,0.93,30000,0
3938.HK,5,20251114,065000,0.93,0.93,0.93,0.93,2000,0
3938.HK,5,20251114,065500,0.93,0.93,0.92,0.92,76000,0
3938.HK,5,20251114,070000,0.92,0.92,0.92,0.92,88000,0
3938.HK,5,20251114,070500,0.92,0.92,0.92,0.92,24000,0
3938.HK,5,20251114,071000,0.92,0.92,0.92,0.92,100000,0
3938.HK,5,20251114,074000,0.91,0.91,0.91,0.91,14000,0
3938.HK,5,20251114,074500,0.90,0.90,0.90,0.90,88000,0
3938.HK,5,20251114,075000,0.90,0.90,0.90,0.90,98000,0
3938.HK,5,20251114,080500,0.89,0.89,0.88,0.88,30000,0
3938.HK,5,20251114,081000,0.87,0.89,0.85,0.89,182000,0
3938.HK,5,20251114,081500,0.89,0.89,0.89,0.89,34000,0
3938.HK,5,20251114,082000,0.88,0.88,0.88,0.88,14000,0
3938.HK,5,20251114,082500,0.89,0.89,0.88,0.88,406000,0
3938.HK,5,20251114,083000,0.88,0.88,0.88,0.88,4000,0
3938.HK,5,20251114,083500,0.89,0.89,0.89,0.89,2000,0
3938.HK,5,20251114,084000,0.89,0.89,0.89,0.89,34000,0
3938.HK,5,20251114,085000,0.87,0.89,0.85,0.85,276000,0
3938.HK,5,20251114,085500,0.88,0.88,0.88,0.88,4000,0
3938.HK,5,20251117,024000,0.86,0.86,0.86,0.86,34000,0
3938.HK,5,20251117,083000,0.93,0.93,0.92,0.92,20000,0
3938.HK,5,20251117,083500,0.92,0.92,0.92,0.92,18000,0
3938.HK,5,20251117,084000,0.92,0.92,0.91,0.91,20000,0
3938.HK,5,20251117,085000,0.92,0.92,0.91,0.91,14000,0
3938.HK,5,20251117,085500,0.90,0.90,0.90,0.90,2000,0
3938.HK,5,20251118,033500,0.92,0.93,0.89,0.90,10000,0
3938.HK,5,20251118,035500,0.91,0.93,0.91,0.93,44000,0
3938.HK,5,20251118,044500,0.94,0.95,0.94,0.95,58000,0
3938.HK,5,20251118,045000,0.93,0.95,0.92,0.92,20000,0
3938.HK,5,20251118,062000,0.92,0.92,0.89,0.89,152000,0
3938.HK,5,20251118,062500,0.89,0.89,0.89,0.89,52000,0
3938.HK,5,20251118,083500,0.90,0.90,0.90,0.90,140000,0
3938.HK,5,20251118,084000,0.89,0.89,0.89,0.89,400000,0
3938.HK,5,20251118,085000,0.88,0.89,0.88,0.89,652000,0
3938.HK,5,20251119,062500,0.93,0.93,0.93,0.93,6000,0
3938.HK,5,20251119,065500,0.92,0.92,0.92,0.92,4000,0
3938.HK,5,20251119,072000,0.93,0.94,0.93,0.94,188000,0
3938.HK,5,20251119,073500,0.94,0.94,0.94,0.94,8000,0
3938.HK,5,20251120,034000,0.93,0.93,0.93,0.93,6000,0
3938.HK,5,20251120,061000,0.94,0.95,0.94,0.95,22000,0
3938.HK,5,20251120,064500,0.94,0.95,0.94,0.95,20000,0
3938.HK,5,20251120,071000,0.94,0.94,0.93,0.93,6000,0
3938.HK,5,20251120,072000,0.93,0.93,0.93,0.93,8000,0
3938.HK,5,20251120,083500,0.92,0.92,0.92,0.92,512000,0
3938.HK,5,20251120,084000,0.93,0.93,0.93,0.93,50000,0
3938.HK,5,20251120,084500,0.94,0.94,0.93,0.93,4000,0
3938.HK,5,20251121,072500,0.93,0.93,0.93,0.93,500000,0
3938.HK,5,20251121,073000,0.93,0.93,0.93,0.93,2000,0
3938.HK,5,20251124,060000,0.98,0.98,0.98,0.98,2000,0
3938.HK,5,20251124,062500,0.96,0.96,0.96,0.96,2000,0
3938.HK,5,20251124,063000,0.97,0.99,0.97,0.99,84000,0
3938.HK,5,20251124,070500,1.02,1.07,1.01,1.07,26000,0
3938.HK,5,20251124,071000,1.07,1.09,1.07,1.09,12000,0
3938.HK,5,20251124,080000,1.05,1.05,1.05,1.05,10000,0
3938.HK,5,20251124,083500,1.04,1.06,1.04,1.06,20000,0
3938.HK,5,20251124,084500,1.04,1.07,1.04,1.07,528000,0
3938.HK,5,20251124,085500,1.04,1.04,1.04,1.04,2000,0
3938.HK,5,20251125,023000,1.10,1.10,1.10,1.10,10000,0
3938.HK,5,20251125,024500,1.11,1.11,1.11,1.11,6000,0
3938.HK,5,20251125,031000,1.12,1.16,1.11,1.16,48000,0
3938.HK,5,20251125,033500,1.14,1.14,1.14,1.14,30000,0
3938.HK,5,20251125,040000,1.14,1.14,1.13,1.13,6000,0
3938.HK,5,20251125,040500,1.12,1.18,1.12,1.18,52000,0
3938.HK,5,20251125,043500,1.17,1.17,1.17,1.17,10000,0
3938.HK,5,20251125,070000,1.15,1.15,1.14,1.14,16000,0
3938.HK,5,20251125,070500,1.16,1.20,1.16,1.20,102000,0
3938.HK,5,20251125,071000,1.20,1.20,1.20,1.20,10000,0
3938.HK,5,20251125,072500,1.21,1.21,1.21,1.21,4000,0
3938.HK,5,20251125,073000,1.21,1.21,1.21,1.21,18000,0
3938.HK,5,20251125,084000,1.17,1.17,1.17,1.17,458000,0
3938.HK,5,20251125,085000,1.16,1.16,1.16,1.16,10000,0
3938.HK,5,20251125,085500,1.16,1.16,1.15,1.15,102000,0
3938.HK,5,20251126,023000,1.15,1.20,1.09,1.19,734000,0
3938.HK,5,20251126,024000,1.20,1.20,1.20,1.20,50000,0
3938.HK,5,20251126,024500,1.20,1.21,1.20,1.20,176000,0
3938.HK,5,20251126,030500,1.20,1.20,1.20,1.20,8000,0
3938.HK,5,20251126,031000,1.20,1.20,1.20,1.20,12000,0
3938.HK,5,20251126,032500,1.20,1.20,1.20,1.20,10000,0
3938.HK,5,20251126,033500,1.20,1.20,1.20,1.20,4000,0
3938.HK,5,20251126,035000,1.20,1.20,1.20,1.20,4000,0
3938.HK,5,20251126,041000,1.18,1.18,1.18,1.18,2000,0
3938.HK,5,20251126,060500,1.19,1.19,1.19,1.19,50000,0
3938.HK,5,20251126,062500,1.19,1.19,1.19,1.19,16000,0
3938.HK,5,20251126,063000,1.20,1.20,1.20,1.20,34000,0
3938.HK,5,20251126,071500,1.18,1.18,1.18,1.18,330000,0
3938.HK,5,20251126,072000,1.18,1.18,1.18,1.18,500000,0
3938.HK,5,20251126,073500,1.20,1.20,1.20,1.20,20000,0
3938.HK,5,20251126,081000,1.20,1.20,1.20,1.20,8000,0
3938.HK,5,20251126,082500,1.20,1.20,1.20,1.20,10000,0
3938.HK,5,20251126,083000,1.21,1.21,1.20,1.20,26000,0
3938.HK,5,20251126,083500,1.17,1.17,1.17,1.17,16000,0
3938.HK,5,20251127,035500,1.17,1.17,1.17,1.17,32000,0
3938.HK,5,20251127,081500,1.20,1.20,1.20,1.20,6000,0
3938.HK,5,20251127,085500,1.21,1.21,1.21,1.21,50000,0
3938.HK,5,20251128,083000,1.22,1.22,1.22,1.22,816000,0
3938.HK,5,20251128,084500,1.22,1.25,1.22,1.25,260000,0
3938.HK,5,20251201,064000,1.23,1.30,1.23,1.30,60000,0
3938.HK,5,20251201,064500,1.30,1.30,1.30,1.30,4000,0
3938.HK,5,20251201,070500,1.30,1.30,1.30,1.30,110000,0
3938.HK,5,20251201,071000,1.30,1.30,1.30,1.30,18000,0
3938.HK,5,20251201,072500,1.27,1.27,1.27,1.27,40000,0
3938.HK,5,20251201,083500,1.30,1.30,1.30,1.30,8000,0
3938.HK,5,20251201,084000,1.29,1.29,1.29,1.29,10000,0
3938.HK,5,20251202,035000,1.32,1.32,1.32,1.32,2000,0
3938.HK,5,20251202,035500,1.33,1.33,1.33,1.33,24000,0
3938.HK,5,20251202,040000,1.35,1.35,1.35,1.35,6000,0
3938.HK,5,20251202,041000,1.34,1.38,1.34,1.38,96000,0
3938.HK,5,20251202,042000,1.38,1.39,1.38,1.39,82000,0
3938.HK,5,20251202,042500,1.39,1.39,1.39,1.39,70000,0
3938.HK,5,20251202,045000,1.40,1.40,1.40,1.40,6000,0
3938.HK,5,20251202,045500,1.40,1.40,1.40,1.40,36000,0
3938.HK,5,20251202,060000,1.40,1.40,1.40,1.40,10000,0
3938.HK,5,20251202,061000,1.39,1.39,1.39,1.39,10000,0
3938.HK,5,20251202,063500,1.39,1.39,1.39,1.39,4000,0
3938.HK,5,20251202,082500,1.39,1.39,1.39,1.39,6000,0
3938.HK,5,20251202,085500,1.33,1.33,1.33,1.33,2000,0
3938.HK,5,20251203,023000,1.40,1.40,1.40,1.40,70000,0
3938.HK,5,20251203,024000,1.40,1.40,1.40,1.40,10000,0
3938.HK,5,20251203,025500,1.40,1.40,1.40,1.40,10000,0
3938.HK,5,20251203,030000,1.41,1.44,1.41,1.44,16000,0
3938.HK,5,20251203,030500,1.44,1.45,1.44,1.45,36000,0
3938.HK,5,20251203,031000,1.44,1.44,1.43,1.43,46000,0
3938.HK,5,20251203,031500,1.45,1.49,1.45,1.49,210000,0
3938.HK,5,20251203,032500,1.49,1.49,1.49,1.49,30000,0
3938.HK,5,20251203,033000,1.49,1.49,1.48,1.48,12000,0
3938.HK,5,20251203,033500,1.49,1.49,1.49,1.49,4000,0
3938.HK,5,20251203,034000,1.49,1.49,1.49,1.49,20000,0
3938.HK,5,20251203,034500,1.50,1.50,1.50,1.50,30000,0
3938.HK,5,20251203,035000,1.50,1.50,1.50,1.50,6000,0
3938.HK,5,20251203,040000,1.49,1.49,1.49,1.49,2000,0
3938.HK,5,20251203,041000,1.50,1.50,1.49,1.49,14000,0
3938.HK,5,20251203,041500,1.50,1.51,1.50,1.51,58000,0
3938.HK,5,20251203,042000,1.51,1.51,1.51,1.51,2000,0
3938.HK,5,20251203,042500,1.51,1.52,1.48,1.48,98000,0
3938.HK,5,20251203,044500,1.51,1.51,1.51,1.51,2000,0
3938.HK,5,20251203,060000,1.52,1.52,1.52,1.52,4000,0
3938.HK,5,20251203,060500,1.51,1.53,1.51,1.53,12000,0
3938.HK,5,20251203,061000,1.51,1.51,1.50,1.50,16000,0
3938.HK,5,20251203,061500,1.51,1.51,1.49,1.49,34000,0
3938.HK,5,20251203,062000,1.48,1.48,1.48,1.48,18000,0
3938.HK,5,20251203,063500,1.48,1.48,1.48,1.48,12000,0
3938.HK,5,20251203,072000,1.47,1.47,1.45,1.45,12000,0
3938.HK,5,20251203,081500,1.45,1.45,1.40,1.40,46000,0
3938.HK,5,20251203,085500,1.44,1.44,1.44,1.44,2000,0
3938.HK,5,20251204,024000,1.46,1.46,1.46,1.46,4000,0
3938.HK,5,20251204,025500,1.50,1.50,1.50,1.50,20000,0
3938.HK,5,20251204,031500,1.48,1.48,1.48,1.48,2000,0
3938.HK,5,20251204,032000,1.48,1.50,1.48,1.50,88000,0
3938.HK,5,20251204,032500,1.50,1.50,1.50,1.50,4000,0
3938.HK,5,20251204,034000,1.51,1.51,1.51,1.51,2000,0
3938.HK,5,20251204,035000,1.50,1.50,1.50,1.50,6000,0
3938.HK,5,20251204,035500,1.47,1.47,1.47,1.47,8000,0
3938.HK,5,20251204,040500,1.50,1.50,1.50,1.50,6000,0
3938.HK,5,20251204,045500,1.47,1.47,1.47,1.47,80000,0
3938.HK,5,20251204,060000,1.47,1.47,1.47,1.47,46000,0
3938.HK,5,20251204,065500,1.48,1.48,1.47,1.47,12000,0
3938.HK,5,20251204,072500,1.47,1.47,1.47,1.47,20000,0
3938.HK,5,20251204,083500,1.50,1.50,1.50,1.50,34000,0
3938.HK,5,20251204,085500,1.50,1.50,1.50,1.50,20000,0
