<TICKER>,<PER>,<DATE>,<TIME>,<OPEN>,<HIGH>,<LOW>,<CLOSE>,<VOL>,<OPENINT>
500.HK,5,20250709,040500,0.091,0.091,0.091,0.091,99000,0
500.HK,5,20250709,041000,0.092,0.092,0.085,0.085,6000,0
500.HK,5,20250709,044000,0.092,0.095,0.092,0.095,856000,0
500.HK,5,20250709,044500,0.096,0.096,0.092,0.092,321000,0
500.HK,5,20250709,050000,0.094,0.094,0.092,0.092,126000,0
500.HK,5,20250709,051000,0.092,0.092,0.092,0.092,10000,0
500.HK,5,20250709,053500,0.092,0.092,0.092,0.092,2000,0
500.HK,5,20250709,070000,0.092,0.092,0.092,0.092,1000,0
500.HK,5,20250709,071500,0.092,0.092,0.092,0.092,1000,0
500.HK,5,20250709,073000,0.094,0.095,0.094,0.095,148000,0
500.HK,5,20250709,073500,0.094,0.094,0.094,0.094,1000,0
500.HK,5,20250709,074000,0.095,0.096,0.095,0.096,200000,0
500.HK,5,20250709,074500,0.093,0.093,0.093,0.093,1000,0
500.HK,5,20250709,081500,0.094,0.094,0.094,0.094,2000,0
500.HK,5,20250709,082500,0.094,0.094,0.094,0.094,61000,0
500.HK,5,20250709,085000,0.093,0.093,0.091,0.091,500000,0
500.HK,5,20250709,091500,0.092,0.092,0.092,0.092,1000,0
500.HK,5,20250709,092000,0.092,0.092,0.092,0.092,8000,0
500.HK,5,20250709,093000,0.092,0.092,0.092,0.092,1000,0
500.HK,5,20250709,094500,0.092,0.094,0.092,0.092,81000,0
500.HK,5,20250709,095000,0.092,0.092,0.091,0.091,141000,0
500.HK,5,20250709,095500,0.091,0.094,0.091,0.092,201000,0
500.HK,5,20250710,042000,0.097,0.097,0.097,0.097,1000,0
500.HK,5,20250710,072000,0.097,0.097,0.097,0.097,70000,0
500.HK,5,20250710,072500,0.093,0.093,0.093,0.093,1000,0
500.HK,5,20250710,080500,0.097,0.097,0.097,0.097,1000,0
500.HK,5,20250710,083000,0.097,0.097,0.097,0.097,1000,0
500.HK,5,20250710,085000,0.096,0.097,0.096,0.097,89000,0
500.HK,5,20250710,091000,0.097,0.097,0.095,0.095,133000,0
500.HK,5,20250710,092000,0.095,0.096,0.095,0.096,238000,0
500.HK,5,20250710,092500,0.096,0.096,0.096,0.096,61000,0
500.HK,5,20250710,094500,0.096,0.096,0.096,0.096,1000,0
500.HK,5,20250710,095000,0.096,0.096,0.096,0.096,1000,0
500.HK,5,20250710,095500,0.096,0.096,0.096,0.096,1000,0
500.HK,5,20250711,053500,0.10,0.101,0.099,0.099,22000,0
500.HK,5,20250711,072000,0.099,0.099,0.098,0.098,52000,0
500.HK,5,20250711,073500,0.095,0.095,0.095,0.095,125000,0
500.HK,5,20250711,075000,0.097,0.097,0.097,0.097,1000,0
500.HK,5,20250711,081000,0.098,0.098,0.097,0.097,3000,0
500.HK,5,20250711,090000,0.097,0.097,0.097,0.097,1000,0
500.HK,5,20250711,092000,0.097,0.097,0.097,0.097,1000,0
500.HK,5,20250711,093500,0.097,0.097,0.097,0.097,1000,0
500.HK,5,20250711,094500,0.097,0.097,0.097,0.097,1000,0
500.HK,5,20250711,095000,0.097,0.097,0.097,0.097,1000,0
500.HK,5,20250711,095500,0.098,0.098,0.097,0.097,3000,0
500.HK,5,20250714,092000,0.097,0.097,0.097,0.097,1000,0
500.HK,5,20250714,094000,0.097,0.097,0.097,0.097,1000,0
500.HK,5,20250714,095500,0.097,0.097,0.097,0.097,1000,0
500.HK,5,20250715,034500,0.101,0.101,0.101,0.101,20000,0
500.HK,5,20250715,041500,0.098,0.098,0.097,0.097,201000,0
500.HK,5,20250715,073500,0.098,0.098,0.098,0.098,100000,0
500.HK,5,20250715,074500,0.099,0.099,0.099,0.099,100000,0
500.HK,5,20250715,080500,0.097,0.097,0.097,0.097,20000,0
500.HK,5,20250715,083000,0.098,0.098,0.098,0.098,4000,0
500.HK,5,20250715,084500,0.098,0.098,0.098,0.098,48000,0
500.HK,5,20250715,085000,0.098,0.098,0.098,0.098,2000,0
500.HK,5,20250715,095500,0.099,0.099,0.099,0.099,1000,0
500.HK,5,20250716,033000,0.093,0.093,0.093,0.093,4000,0
500.HK,5,20250716,043000,0.093,0.093,0.093,0.093,3000,0
500.HK,5,20250716,052500,0.095,0.095,0.095,0.095,1000,0
500.HK,5,20250716,054500,0.095,0.095,0.095,0.095,19000,0
500.HK,5,20250716,072000,0.097,0.097,0.097,0.097,3000,0
500.HK,5,20250716,084500,0.095,0.095,0.095,0.095,2000,0
500.HK,5,20250716,091500,0.095,0.095,0.093,0.093,169000,0
500.HK,5,20250716,093000,0.092,0.092,0.092,0.092,180000,0
500.HK,5,20250716,094500,0.094,0.094,0.094,0.094,1000,0
500.HK,5,20250716,095000,0.095,0.095,0.095,0.095,1000,0
500.HK,5,20250717,051500,0.092,0.092,0.092,0.092,11000,0
500.HK,5,20250717,052000,0.091,0.091,0.091,0.091,37000,0
500.HK,5,20250717,054000,0.095,0.095,0.095,0.095,3000,0
500.HK,5,20250717,070000,0.095,0.095,0.095,0.095,1000,0
500.HK,5,20250717,072500,0.093,0.093,0.093,0.093,1000,0
500.HK,5,20250717,073000,0.091,0.091,0.091,0.091,5000,0
500.HK,5,20250717,084000,0.093,0.093,0.093,0.093,1000,0
500.HK,5,20250717,095000,0.094,0.094,0.094,0.094,1000,0
500.HK,5,20250717,095500,0.091,0.094,0.091,0.094,2000,0
500.HK,5,20250718,033000,0.09,0.09,0.09,0.09,1000,0
500.HK,5,20250718,042000,0.092,0.092,0.092,0.092,33000,0
500.HK,5,20250718,042500,0.094,0.094,0.094,0.094,11000,0
500.HK,5,20250718,043000,0.093,0.095,0.093,0.093,12000,0
500.HK,5,20250718,051000,0.093,0.093,0.093,0.093,1000,0
500.HK,5,20250718,051500,0.094,0.094,0.094,0.094,1000,0
500.HK,5,20250718,070500,0.095,0.096,0.092,0.092,274000,0
500.HK,5,20250718,071000,0.092,0.092,0.092,0.092,2000,0
500.HK,5,20250718,072000,0.092,0.092,0.092,0.092,1000,0
500.HK,5,20250718,073000,0.092,0.092,0.092,0.092,2000,0
500.HK,5,20250718,073500,0.092,0.092,0.092,0.092,1000,0
500.HK,5,20250718,081000,0.096,0.096,0.096,0.096,1000,0
500.HK,5,20250718,084000,0.095,0.095,0.092,0.092,260000,0
500.HK,5,20250718,084500,0.092,0.092,0.092,0.092,3000,0
500.HK,5,20250718,085000,0.092,0.092,0.092,0.092,3000,0
500.HK,5,20250718,085500,0.092,0.092,0.092,0.092,4000,0
500.HK,5,20250718,090000,0.092,0.092,0.092,0.092,1000,0
500.HK,5,20250718,091000,0.092,0.092,0.092,0.092,1000,0
500.HK,5,20250718,091500,0.094,0.096,0.092,0.092,12000,0
500.HK,5,20250718,092000,0.094,0.094,0.092,0.092,2000,0
500.HK,5,20250718,094000,0.096,0.096,0.096,0.096,3000,0
500.HK,5,20250718,095500,0.092,0.096,0.092,0.092,66000,0
500.HK,5,20250721,034000,0.095,0.095,0.095,0.095,20000,0
500.HK,5,20250721,034500,0.095,0.095,0.095,0.095,10000,0
500.HK,5,20250721,051500,0.095,0.095,0.095,0.095,10000,0
500.HK,5,20250721,073500,0.093,0.093,0.093,0.093,3000,0
500.HK,5,20250721,091000,0.095,0.095,0.095,0.095,58000,0
500.HK,5,20250721,092000,0.095,0.095,0.094,0.094,23000,0
500.HK,5,20250721,095000,0.095,0.095,0.095,0.095,105000,0
500.HK,5,20250721,095500,0.096,0.096,0.092,0.095,49000,0
500.HK,5,20250722,052500,0.093,0.093,0.093,0.093,2000,0
500.HK,5,20250722,054000,0.093,0.093,0.093,0.093,3000,0
500.HK,5,20250722,082000,0.093,0.093,0.093,0.093,49000,0
500.HK,5,20250722,091500,0.093,0.094,0.093,0.094,38000,0
500.HK,5,20250723,033000,0.096,0.097,0.096,0.097,106000,0
500.HK,5,20250723,034500,0.094,0.094,0.092,0.092,5000,0
500.HK,5,20250723,035000,0.092,0.092,0.092,0.092,1000,0
500.HK,5,20250723,043000,0.095,0.096,0.092,0.092,145000,0
500.HK,5,20250723,045000,0.094,0.095,0.094,0.095,12000,0
500.HK,5,20250723,052500,0.094,0.094,0.094,0.094,19000,0
500.HK,5,20250723,053000,0.095,0.095,0.095,0.095,12000,0
500.HK,5,20250723,080500,0.095,0.095,0.095,0.095,1000,0
500.HK,5,20250723,081000,0.095,0.095,0.095,0.095,1000,0
500.HK,5,20250723,082000,0.094,0.094,0.094,0.094,1000,0
500.HK,5,20250723,090500,0.094,0.094,0.094,0.094,2000,0
500.HK,5,20250723,093500,0.095,0.095,0.095,0.095,276000,0
500.HK,5,20250723,094500,0.096,0.096,0.096,0.096,582000,0
500.HK,5,20250723,095500,0.096,0.097,0.096,0.096,492000,0
500.HK,5,20250724,034500,0.098,0.098,0.097,0.097,16000,0
500.HK,5,20250724,035500,0.097,0.097,0.097,0.097,8000,0
500.HK,5,20250724,040500,0.098,0.098,0.098,0.098,71000,0
500.HK,5,20250724,041000,0.098,0.098,0.098,0.098,5000,0
500.HK,5,20250724,041500,0.098,0.099,0.098,0.099,44000,0
500.HK,5,20250724,042000,0.099,0.101,0.099,0.099,126000,0
500.HK,5,20250724,042500,0.099,0.102,0.099,0.10,380000,0
500.HK,5,20250724,044000,0.10,0.101,0.10,0.101,20000,0
500.HK,5,20250724,044500,0.101,0.102,0.10,0.10,339000,0
500.HK,5,20250724,045500,0.10,0.101,0.10,0.101,10000,0
500.HK,5,20250724,050000,0.101,0.101,0.101,0.101,5000,0
500.HK,5,20250724,050500,0.101,0.102,0.10,0.101,173000,0
500.HK,5,20250724,051000,0.101,0.101,0.101,0.101,9000,0
500.HK,5,20250724,051500,0.101,0.101,0.101,0.101,5000,0
500.HK,5,20250724,052000,0.101,0.102,0.10,0.102,120000,0
500.HK,5,20250724,052500,0.102,0.103,0.10,0.10,183000,0
500.HK,5,20250724,053000,0.10,0.101,0.099,0.10,141000,0
500.HK,5,20250724,053500,0.10,0.10,0.10,0.10,1000,0
500.HK,5,20250724,055000,0.10,0.10,0.10,0.10,46000,0
500.HK,5,20250724,055500,0.101,0.101,0.10,0.101,7000,0
500.HK,5,20250724,070000,0.101,0.101,0.101,0.101,202000,0
500.HK,5,20250724,070500,0.101,0.101,0.101,0.101,3000,0
500.HK,5,20250724,073000,0.101,0.101,0.101,0.101,30000,0
500.HK,5,20250724,073500,0.102,0.102,0.101,0.101,88000,0
500.HK,5,20250724,074000,0.101,0.101,0.101,0.101,12000,0
500.HK,5,20250724,074500,0.101,0.101,0.101,0.101,1000,0
500.HK,5,20250724,080500,0.101,0.101,0.101,0.101,3000,0
500.HK,5,20250724,081000,0.102,0.103,0.102,0.103,118000,0
500.HK,5,20250724,084000,0.102,0.102,0.101,0.102,6000,0
500.HK,5,20250724,084500,0.102,0.104,0.102,0.104,23000,0
500.HK,5,20250724,085000,0.104,0.104,0.104,0.104,5000,0
500.HK,5,20250724,085500,0.104,0.104,0.102,0.102,31000,0
500.HK,5,20250724,090000,0.101,0.101,0.101,0.101,3000,0
500.HK,5,20250724,091000,0.103,0.105,0.102,0.104,872000,0
500.HK,5,20250724,091500,0.104,0.105,0.104,0.104,88000,0
500.HK,5,20250724,092000,0.105,0.107,0.103,0.107,525000,0
500.HK,5,20250724,092500,0.106,0.106,0.105,0.105,64000,0
500.HK,5,20250724,093000,0.106,0.106,0.105,0.105,3000,0
500.HK,5,20250724,093500,0.105,0.105,0.105,0.105,22000,0
500.HK,5,20250724,094000,0.106,0.106,0.105,0.106,17000,0
500.HK,5,20250724,094500,0.106,0.107,0.106,0.106,69000,0
500.HK,5,20250724,095000,0.107,0.109,0.106,0.109,105000,0
500.HK,5,20250724,095500,0.107,0.109,0.105,0.105,364000,0
500.HK,5,20250725,033000,0.097,0.097,0.097,0.097,1000,0
500.HK,5,20250725,035000,0.101,0.103,0.10,0.103,186000,0
500.HK,5,20250725,035500,0.106,0.106,0.102,0.104,173000,0
500.HK,5,20250725,040000,0.104,0.104,0.103,0.104,70000,0
500.HK,5,20250725,040500,0.104,0.109,0.104,0.107,322000,0
500.HK,5,20250725,041000,0.107,0.111,0.102,0.109,576000,0
500.HK,5,20250725,041500,0.109,0.11,0.109,0.109,226000,0
500.HK,5,20250725,042000,0.103,0.104,0.103,0.104,3000,0
500.HK,5,20250725,042500,0.109,0.113,0.102,0.113,325000,0
500.HK,5,20250725,043000,0.109,0.114,0.108,0.109,163000,0
500.HK,5,20250725,043500,0.114,0.115,0.109,0.114,105000,0
500.HK,5,20250725,044500,0.11,0.113,0.11,0.112,222000,0
500.HK,5,20250725,045000,0.112,0.115,0.112,0.112,283000,0
500.HK,5,20250725,045500,0.112,0.115,0.112,0.115,773000,0
500.HK,5,20250725,050000,0.115,0.116,0.112,0.112,364000,0
500.HK,5,20250725,050500,0.112,0.113,0.112,0.112,135000,0
500.HK,5,20250725,051000,0.113,0.113,0.112,0.113,59000,0
500.HK,5,20250725,051500,0.113,0.117,0.112,0.117,966000,0
500.HK,5,20250725,052000,0.115,0.12,0.115,0.119,1016000,0
500.HK,5,20250725,052500,0.119,0.12,0.116,0.118,631000,0
500.HK,5,20250725,053000,0.118,0.118,0.115,0.115,535000,0
500.HK,5,20250725,053500,0.115,0.118,0.115,0.118,220000,0
500.HK,5,20250725,054000,0.118,0.118,0.118,0.118,766000,0
500.HK,5,20250725,054500,0.118,0.118,0.118,0.118,4000,0
500.HK,5,20250725,055000,0.118,0.121,0.118,0.12,738000,0
500.HK,5,20250725,055500,0.12,0.121,0.12,0.12,157000,0
500.HK,5,20250725,070000,0.117,0.119,0.115,0.119,192000,0
500.HK,5,20250725,070500,0.119,0.119,0.117,0.117,301000,0
500.HK,5,20250725,071000,0.117,0.117,0.117,0.117,1000,0
500.HK,5,20250725,072000,0.117,0.118,0.115,0.117,1140000,0
500.HK,5,20250725,072500,0.115,0.116,0.115,0.116,62000,0
500.HK,5,20250725,073500,0.115,0.115,0.115,0.115,96000,0
500.HK,5,20250725,074500,0.117,0.117,0.115,0.116,59000,0
500.HK,5,20250725,075000,0.116,0.116,0.115,0.115,98000,0
500.HK,5,20250725,080000,0.115,0.115,0.115,0.115,99000,0
500.HK,5,20250725,080500,0.116,0.118,0.116,0.117,235000,0
500.HK,5,20250725,081000,0.117,0.117,0.117,0.117,113000,0
500.HK,5,20250725,082000,0.117,0.117,0.116,0.116,183000,0
500.HK,5,20250725,083000,0.116,0.116,0.115,0.115,262000,0
500.HK,5,20250725,084000,0.115,0.115,0.114,0.114,97000,0
500.HK,5,20250725,084500,0.114,0.114,0.114,0.114,4000,0
500.HK,5,20250725,085000,0.113,0.113,0.113,0.113,418000,0
500.HK,5,20250725,090000,0.113,0.113,0.113,0.113,96000,0
500.HK,5,20250725,091000,0.114,0.114,0.113,0.113,141000,0
500.HK,5,20250725,092000,0.113,0.113,0.113,0.113,116000,0
500.HK,5,20250725,093000,0.113,0.116,0.112,0.115,1076000,0
500.HK,5,20250725,093500,0.115,0.115,0.111,0.111,526000,0
500.HK,5,20250725,094500,0.111,0.111,0.111,0.111,97000,0
500.HK,5,20250725,095000,0.111,0.113,0.11,0.11,359000,0
500.HK,5,20250725,095500,0.111,0.112,0.11,0.11,244000,0
500.HK,5,20250728,033000,0.11,0.112,0.11,0.112,9000,0
500.HK,5,20250728,033500,0.113,0.114,0.113,0.114,61000,0
500.HK,5,20250728,034000,0.114,0.114,0.114,0.114,52000,0
500.HK,5,20250728,035000,0.114,0.115,0.114,0.115,233000,0
500.HK,5,20250728,035500,0.115,0.117,0.115,0.117,4000,0
500.HK,5,20250728,043000,0.114,0.114,0.114,0.114,119000,0
500.HK,5,20250728,044000,0.113,0.113,0.113,0.113,10000,0
500.HK,5,20250728,051000,0.113,0.113,0.113,0.113,2000,0
500.HK,5,20250728,053000,0.112,0.112,0.112,0.112,250000,0
500.HK,5,20250728,053500,0.111,0.111,0.111,0.111,915000,0
500.HK,5,20250728,054000,0.111,0.111,0.111,0.111,85000,0
500.HK,5,20250728,055500,0.107,0.107,0.107,0.107,2000,0
500.HK,5,20250728,070000,0.109,0.109,0.107,0.107,109000,0
500.HK,5,20250728,072500,0.107,0.107,0.107,0.107,190000,0
500.HK,5,20250728,073500,0.108,0.108,0.108,0.108,105000,0
500.HK,5,20250728,074000,0.109,0.109,0.109,0.109,15000,0
500.HK,5,20250728,074500,0.108,0.108,0.108,0.108,96000,0
500.HK,5,20250728,083500,0.109,0.111,0.109,0.111,147000,0
500.HK,5,20250728,084000,0.111,0.111,0.111,0.111,8000,0
500.HK,5,20250728,085000,0.111,0.111,0.111,0.111,140000,0
500.HK,5,20250728,091500,0.111,0.111,0.111,0.111,35000,0
500.HK,5,20250728,092000,0.111,0.111,0.111,0.111,35000,0
500.HK,5,20250728,092500,0.111,0.111,0.111,0.111,127000,0
500.HK,5,20250728,093500,0.111,0.111,0.111,0.111,75000,0
500.HK,5,20250728,095500,0.111,0.111,0.111,0.111,53000,0
500.HK,5,20250729,040500,0.11,0.11,0.11,0.11,120000,0
500.HK,5,20250729,041000,0.109,0.109,0.109,0.109,43000,0
500.HK,5,20250729,042000,0.109,0.109,0.109,0.109,400000,0
500.HK,5,20250729,053000,0.106,0.106,0.106,0.106,2000,0
500.HK,5,20250729,053500,0.106,0.106,0.106,0.106,1000,0
500.HK,5,20250729,070000,0.106,0.106,0.106,0.106,1000000,0
500.HK,5,20250729,093500,0.11,0.11,0.11,0.11,98000,0
500.HK,5,20250730,034000,0.103,0.103,0.103,0.103,20000,0
500.HK,5,20250730,035500,0.103,0.105,0.102,0.104,388000,0
500.HK,5,20250730,040000,0.104,0.104,0.104,0.104,20000,0
500.HK,5,20250730,040500,0.104,0.104,0.104,0.104,80000,0
500.HK,5,20250730,042000,0.104,0.104,0.104,0.104,200000,0
500.HK,5,20250730,042500,0.105,0.105,0.105,0.105,100000,0
500.HK,5,20250730,045500,0.105,0.105,0.105,0.105,2000,0
500.HK,5,20250730,052000,0.105,0.105,0.105,0.105,12000,0
500.HK,5,20250730,052500,0.108,0.115,0.108,0.115,231000,0
500.HK,5,20250730,053500,0.111,0.112,0.111,0.112,500000,0
500.HK,5,20250730,083500,0.108,0.108,0.108,0.108,506000,0
500.HK,5,20250730,084000,0.107,0.107,0.107,0.107,50000,0
500.HK,5,20250730,091500,0.11,0.111,0.11,0.111,63000,0
500.HK,5,20250730,094000,0.107,0.107,0.107,0.107,6000,0
500.HK,5,20250730,095500,0.11,0.11,0.11,0.11,14000,0
500.HK,5,20250731,041000,0.114,0.114,0.114,0.114,50000,0
500.HK,5,20250731,045500,0.106,0.106,0.106,0.106,7000,0
500.HK,5,20250731,071500,0.106,0.106,0.105,0.106,416000,0
500.HK,5,20250731,074000,0.105,0.105,0.105,0.105,260000,0
500.HK,5,20250731,075500,0.106,0.106,0.106,0.106,20000,0
500.HK,5,20250731,081500,0.105,0.105,0.103,0.103,710000,0
500.HK,5,20250731,091500,0.104,0.104,0.104,0.104,20000,0
500.HK,5,20250731,094500,0.103,0.103,0.102,0.103,41000,0
500.HK,5,20250731,095000,0.102,0.102,0.10,0.10,220000,0
500.HK,5,20250731,095500,0.10,0.101,0.097,0.101,903000,0
500.HK,5,20250801,051000,0.101,0.102,0.096,0.096,275000,0
500.HK,5,20250801,073000,0.096,0.096,0.096,0.096,33000,0
500.HK,5,20250801,081000,0.10,0.10,0.098,0.098,52000,0
500.HK,5,20250801,092500,0.097,0.097,0.096,0.096,130000,0
500.HK,5,20250801,095500,0.098,0.098,0.098,0.098,246000,0
500.HK,5,20250804,071500,0.098,0.098,0.098,0.098,50000,0
500.HK,5,20250804,084000,0.097,0.097,0.097,0.097,49000,0
500.HK,5,20250804,084500,0.098,0.098,0.098,0.098,23000,0
500.HK,5,20250804,094000,0.099,0.099,0.099,0.099,42000,0
500.HK,5,20250804,095500,0.099,0.099,0.099,0.099,36000,0
500.HK,5,20250806,084500,0.101,0.101,0.10,0.10,56000,0
500.HK,5,20250806,085000,0.101,0.101,0.101,0.101,70000,0
500.HK,5,20250806,094500,0.101,0.101,0.101,0.101,80000,0
500.HK,5,20250806,095500,0.101,0.101,0.101,0.101,30000,0
500.HK,5,20250807,033000,0.093,0.093,0.091,0.091,330000,0
500.HK,5,20250807,051500,0.10,0.10,0.10,0.10,80000,0
500.HK,5,20250807,055000,0.10,0.10,0.097,0.097,195000,0
500.HK,5,20250807,070000,0.097,0.097,0.097,0.097,55000,0
500.HK,5,20250807,072000,0.096,0.096,0.096,0.096,4000,0
500.HK,5,20250807,073500,0.098,0.098,0.098,0.098,93000,0
500.HK,5,20250807,092000,0.096,0.096,0.096,0.096,207000,0
500.HK,5,20250807,092500,0.097,0.097,0.097,0.097,1000,0
500.HK,5,20250807,093500,0.097,0.097,0.097,0.097,49000,0
500.HK,5,20250807,095500,0.097,0.097,0.096,0.097,10000,0
500.HK,5,20250808,043000,0.097,0.097,0.097,0.097,150000,0
500.HK,5,20250808,091000,0.097,0.097,0.094,0.094,596000,0
500.HK,5,20250808,093000,0.095,0.095,0.095,0.095,500000,0
500.HK,5,20250808,095000,0.095,0.095,0.095,0.095,100000,0
500.HK,5,20250808,095500,0.095,0.095,0.095,0.095,30000,0
500.HK,5,20250815,072000,0.098,0.098,0.098,0.098,106000,0
500.HK,5,20250815,072500,0.097,0.097,0.096,0.096,12000,0
500.HK,5,20250815,073000,0.093,0.095,0.093,0.095,100000,0
500.HK,5,20250819,070500,0.093,0.093,0.093,0.093,113000,0
500.HK,5,20250819,071500,0.093,0.093,0.093,0.093,50000,0
500.HK,5,20250819,073000,0.093,0.093,0.093,0.093,10000,0
500.HK,5,20250819,092500,0.095,0.095,0.095,0.095,3000,0
500.HK,5,20250819,095000,0.094,0.095,0.094,0.094,11000,0
500.HK,5,20250819,095500,0.095,0.095,0.094,0.094,5000,0
500.HK,5,20250820,034500,0.095,0.095,0.095,0.095,115000,0
500.HK,5,20250820,035000,0.095,0.095,0.095,0.095,26000,0
500.HK,5,20250820,035500,0.095,0.096,0.095,0.096,25000,0
500.HK,5,20250820,050500,0.096,0.097,0.095,0.095,62000,0
500.HK,5,20250820,051000,0.095,0.096,0.093,0.096,461000,0
500.HK,5,20250820,053500,0.093,0.093,0.092,0.092,35000,0
500.HK,5,20250820,055500,0.092,0.092,0.091,0.091,40000,0
500.HK,5,20250820,070000,0.091,0.091,0.09,0.09,550000,0
500.HK,5,20250820,074000,0.09,0.09,0.09,0.09,80000,0
500.HK,5,20250820,075500,0.091,0.091,0.091,0.091,17000,0
500.HK,5,20250820,081500,0.091,0.091,0.091,0.091,123000,0
500.HK,5,20250820,085000,0.092,0.092,0.092,0.092,100000,0
500.HK,5,20250820,095500,0.09,0.092,0.089,0.092,727000,0
500.HK,5,20250821,033500,0.092,0.092,0.092,0.092,9000,0
500.HK,5,20250821,042000,0.094,0.099,0.094,0.097,148000,0
500.HK,5,20250821,042500,0.097,0.097,0.096,0.096,3000,0
500.HK,5,20250821,043500,0.098,0.098,0.098,0.098,6000,0
500.HK,5,20250821,052000,0.093,0.097,0.093,0.097,6000,0
500.HK,5,20250821,055000,0.097,0.097,0.097,0.097,1000,0
500.HK,5,20250821,080000,0.093,0.093,0.093,0.093,100000,0
500.HK,5,20250821,081500,0.096,0.096,0.096,0.096,1000,0
500.HK,5,20250821,083000,0.094,0.094,0.092,0.092,304000,0
500.HK,5,20250821,085500,0.091,0.091,0.091,0.091,50000,0
500.HK,5,20250821,091500,0.092,0.092,0.092,0.092,30000,0
500.HK,5,20250821,095000,0.091,0.092,0.091,0.092,51000,0
500.HK,5,20250821,095500,0.091,0.091,0.091,0.091,130000,0
500.HK,5,20250822,041500,0.093,0.093,0.093,0.093,108000,0
500.HK,5,20250822,042500,0.093,0.093,0.093,0.093,300000,0
500.HK,5,20250822,043000,0.093,0.093,0.093,0.093,200000,0
500.HK,5,20250822,044000,0.093,0.093,0.093,0.093,300000,0
500.HK,5,20250822,050000,0.093,0.093,0.093,0.093,184000,0
500.HK,5,20250822,055500,0.094,0.094,0.094,0.094,60000,0
500.HK,5,20250822,070500,0.093,0.093,0.093,0.093,116000,0
500.HK,5,20250822,074000,0.091,0.091,0.091,0.091,1000,0
500.HK,5,20250822,074500,0.091,0.091,0.091,0.091,60000,0
500.HK,5,20250822,081000,0.09,0.09,0.089,0.089,123000,0
500.HK,5,20250822,081500,0.089,0.09,0.089,0.09,2000,0
500.HK,5,20250822,082000,0.09,0.09,0.09,0.09,39000,0
500.HK,5,20250822,083000,0.091,0.091,0.091,0.091,73000,0
500.HK,5,20250822,085500,0.091,0.091,0.091,0.091,30000,0
500.HK,5,20250822,090000,0.093,0.093,0.093,0.093,1000,0
500.HK,5,20250822,090500,0.093,0.093,0.093,0.093,104000,0
500.HK,5,20250822,095000,0.092,0.092,0.092,0.092,5000,0
500.HK,5,20250822,095500,0.092,0.092,0.092,0.092,47000,0
500.HK,5,20250825,035500,0.092,0.092,0.092,0.092,789000,0
500.HK,5,20250825,040000,0.092,0.092,0.092,0.092,210000,0
500.HK,5,20250825,041000,0.092,0.092,0.092,0.092,1000,0
500.HK,5,20250825,042500,0.094,0.094,0.094,0.094,14000,0
500.HK,5,20250825,043000,0.092,0.092,0.092,0.092,90000,0
500.HK,5,20250825,044000,0.092,0.092,0.092,0.092,2000,0
500.HK,5,20250825,052000,0.092,0.092,0.092,0.092,8000,0
500.HK,5,20250825,070000,0.093,0.093,0.093,0.093,1000,0
500.HK,5,20250825,085000,0.088,0.088,0.088,0.088,50000,0
500.HK,5,20250825,085500,0.089,0.089,0.089,0.089,50000,0
500.HK,5,20250825,090000,0.087,0.087,0.085,0.085,270000,0
500.HK,5,20250825,090500,0.085,0.085,0.085,0.085,308000,0
500.HK,5,20250825,091000,0.086,0.086,0.086,0.086,100000,0
500.HK,5,20250825,093000,0.086,0.086,0.086,0.086,47000,0
500.HK,5,20250825,093500,0.085,0.085,0.085,0.085,8000,0
500.HK,5,20250825,094000,0.086,0.087,0.086,0.087,184000,0
500.HK,5,20250825,094500,0.086,0.086,0.086,0.086,120000,0
500.HK,5,20250825,095000,0.086,0.086,0.086,0.086,140000,0
500.HK,5,20250825,095500,0.085,0.087,0.085,0.085,359000,0
500.HK,5,20250826,051500,0.089,0.089,0.089,0.089,10000,0
500.HK,5,20250826,053500,0.086,0.086,0.086,0.086,50000,0
500.HK,5,20250826,054000,0.086,0.086,0.086,0.086,20000,0
500.HK,5,20250826,070000,0.088,0.088,0.088,0.088,1000,0
500.HK,5,20250826,072000,0.087,0.088,0.087,0.088,29000,0
500.HK,5,20250826,073000,0.088,0.088,0.087,0.087,11000,0
500.HK,5,20250826,073500,0.087,0.087,0.086,0.086,117000,0
500.HK,5,20250826,074500,0.087,0.088,0.087,0.088,180000,0
500.HK,5,20250826,084000,0.087,0.087,0.087,0.087,2000,0
500.HK,5,20250826,090000,0.087,0.087,0.087,0.087,6000,0
500.HK,5,20250826,091000,0.088,0.088,0.088,0.088,81000,0
500.HK,5,20250826,095500,0.088,0.088,0.087,0.087,46000,0
500.HK,5,20250827,033000,0.088,0.088,0.088,0.088,2000,0
500.HK,5,20250827,033500,0.088,0.088,0.088,0.088,120000,0
500.HK,5,20250827,090500,0.087,0.088,0.087,0.088,118000,0
500.HK,5,20250827,091000,0.088,0.088,0.087,0.088,161000,0
500.HK,5,20250827,091500,0.088,0.088,0.088,0.088,95000,0
500.HK,5,20250827,092000,0.088,0.088,0.088,0.088,78000,0
500.HK,5,20250827,092500,0.088,0.088,0.088,0.088,10000,0
500.HK,5,20250827,093000,0.088,0.089,0.088,0.088,112000,0
500.HK,5,20250827,093500,0.088,0.088,0.088,0.088,26000,0
500.HK,5,20250827,094000,0.088,0.088,0.088,0.088,40000,0
500.HK,5,20250828,034500,0.091,0.092,0.091,0.092,14000,0
500.HK,5,20250828,035000,0.089,0.089,0.089,0.089,1000,0
500.HK,5,20250828,042000,0.09,0.092,0.089,0.092,23000,0
500.HK,5,20250828,042500,0.091,0.093,0.09,0.092,74000,0
500.HK,5,20250828,043500,0.092,0.094,0.091,0.093,81000,0
500.HK,5,20250828,044000,0.093,0.093,0.093,0.093,40000,0
500.HK,5,20250828,045500,0.093,0.093,0.091,0.091,26000,0
500.HK,5,20250828,050500,0.091,0.092,0.091,0.092,22000,0
500.HK,5,20250828,054500,0.092,0.092,0.092,0.092,4000,0
500.HK,5,20250828,055000,0.092,0.092,0.092,0.092,1000,0
500.HK,5,20250828,055500,0.091,0.093,0.091,0.093,6000,0
500.HK,5,20250828,081000,0.092,0.092,0.092,0.092,10000,0
500.HK,5,20250828,081500,0.091,0.091,0.091,0.091,3000,0
500.HK,5,20250828,082500,0.092,0.092,0.092,0.092,6000,0
500.HK,5,20250829,041000,0.092,0.092,0.091,0.091,28000,0
500.HK,5,20250829,043000,0.09,0.09,0.09,0.09,1000,0
500.HK,5,20250829,052500,0.09,0.09,0.09,0.09,500000,0
500.HK,5,20250829,054000,0.09,0.09,0.089,0.089,18000,0
500.HK,5,20250829,070000,0.087,0.087,0.087,0.087,93000,0
500.HK,5,20250829,070500,0.085,0.088,0.085,0.088,157000,0
500.HK,5,20250829,072500,0.086,0.088,0.086,0.088,12000,0
500.HK,5,20250829,073500,0.087,0.087,0.087,0.087,50000,0
500.HK,5,20250829,075000,0.086,0.086,0.086,0.086,1000,0
500.HK,5,20250829,080000,0.087,0.088,0.087,0.088,2000,0
500.HK,5,20250829,080500,0.086,0.086,0.086,0.086,95000,0
500.HK,5,20250829,081000,0.086,0.086,0.086,0.086,402000,0
500.HK,5,20250829,083500,0.088,0.09,0.088,0.09,260000,0
500.HK,5,20250829,090500,0.089,0.089,0.089,0.089,78000,0
500.HK,5,20250829,091000,0.089,0.089,0.088,0.088,232000,0
500.HK,5,20250829,095000,0.089,0.09,0.087,0.087,27000,0
500.HK,5,20250829,095500,0.087,0.09,0.087,0.088,20000,0
500.HK,5,20250901,041500,0.089,0.089,0.089,0.089,900000,0
500.HK,5,20250901,074000,0.089,0.089,0.089,0.089,50000,0
500.HK,5,20250901,090000,0.09,0.09,0.09,0.09,360000,0
500.HK,5,20250901,095500,0.089,0.09,0.089,0.09,4000,0
500.HK,5,20250902,084500,0.09,0.09,0.087,0.087,204000,0
500.HK,5,20250902,091000,0.089,0.089,0.089,0.089,1000,0
500.HK,5,20250902,092000,0.088,0.089,0.088,0.089,4000,0
500.HK,5,20250902,092500,0.087,0.087,0.085,0.085,137000,0
500.HK,5,20250902,093000,0.085,0.087,0.085,0.087,47000,0
500.HK,5,20250902,093500,0.086,0.087,0.086,0.087,11000,0
500.HK,5,20250902,095000,0.085,0.086,0.085,0.086,93000,0
500.HK,5,20250902,095500,0.085,0.085,0.085,0.085,400000,0
500.HK,5,20250903,051500,0.09,0.09,0.09,0.09,1000,0
500.HK,5,20250903,070000,0.085,0.085,0.085,0.085,4000,0
500.HK,5,20250903,071500,0.089,0.089,0.089,0.089,1000,0
500.HK,5,20250903,080500,0.088,0.088,0.085,0.085,16000,0
500.HK,5,20250903,081000,0.088,0.088,0.088,0.088,1000,0
500.HK,5,20250903,090500,0.089,0.089,0.089,0.089,17000,0
500.HK,5,20250903,095500,0.089,0.089,0.089,0.089,1000,0
500.HK,5,20250904,054500,0.088,0.088,0.088,0.088,67000,0
500.HK,5,20250904,075500,0.087,0.087,0.087,0.087,100000,0
500.HK,5,20250904,093500,0.087,0.089,0.087,0.089,2000,0
500.HK,5,20250904,094500,0.088,0.089,0.087,0.089,5000,0
500.HK,5,20250904,095500,0.088,0.089,0.087,0.088,5000,0
500.HK,5,20250905,072500,0.09,0.09,0.088,0.089,202000,0
500.HK,5,20250905,073500,0.089,0.089,0.089,0.089,98000,0
500.HK,5,20250905,074000,0.089,0.089,0.089,0.089,2000,0
500.HK,5,20250905,075000,0.089,0.09,0.089,0.09,100000,0
500.HK,5,20250905,075500,0.09,0.09,0.09,0.09,99000,0
500.HK,5,20250905,080000,0.09,0.09,0.09,0.09,50000,0
500.HK,5,20250905,081500,0.089,0.089,0.089,0.089,115000,0
500.HK,5,20250905,083500,0.09,0.09,0.09,0.09,184000,0
500.HK,5,20250905,084000,0.09,0.09,0.09,0.09,1000,0
500.HK,5,20250905,085500,0.09,0.09,0.09,0.09,951000,0
500.HK,5,20250905,090000,0.09,0.09,0.09,0.09,40000,0
500.HK,5,20250905,090500,0.091,0.091,0.091,0.091,1030000,0
500.HK,5,20250905,095000,0.09,0.09,0.09,0.09,9000,0
500.HK,5,20250908,045500,0.092,0.092,0.092,0.092,1000,0
500.HK,5,20250908,082000,0.091,0.091,0.091,0.091,200000,0
500.HK,5,20250908,083000,0.091,0.091,0.091,0.091,200000,0
500.HK,5,20250908,085000,0.091,0.091,0.091,0.091,1000,0
500.HK,5,20250909,040000,0.09,0.09,0.09,0.09,100000,0
500.HK,5,20250910,040500,0.09,0.09,0.09,0.09,1000,0
500.HK,5,20250910,041500,0.089,0.089,0.088,0.089,4000,0
500.HK,5,20250910,044500,0.089,0.089,0.089,0.089,100000,0
500.HK,5,20250910,045000,0.088,0.088,0.087,0.088,268000,0
500.HK,5,20250910,045500,0.088,0.088,0.088,0.088,202000,0
500.HK,5,20250910,050500,0.088,0.088,0.088,0.088,2000,0
500.HK,5,20250910,071000,0.088,0.088,0.088,0.088,155000,0
500.HK,5,20250910,072000,0.088,0.088,0.088,0.088,145000,0
500.HK,5,20250910,072500,0.088,0.088,0.088,0.088,150000,0
500.HK,5,20250910,080000,0.089,0.089,0.089,0.089,100000,0
500.HK,5,20250910,092500,0.089,0.089,0.089,0.089,1000,0
500.HK,5,20250910,095500,0.093,0.093,0.093,0.093,5000,0
500.HK,5,20250911,080000,0.091,0.091,0.091,0.091,1000,0
500.HK,5,20250911,092500,0.09,0.09,0.09,0.09,300000,0
500.HK,5,20250912,042000,0.092,0.092,0.092,0.092,17000,0
500.HK,5,20250912,054500,0.09,0.09,0.09,0.09,2000,0
500.HK,5,20250912,091000,0.091,0.091,0.091,0.091,106000,0
500.HK,5,20250912,092500,0.091,0.091,0.091,0.091,3000,0
500.HK,5,20250912,093000,0.09,0.09,0.09,0.09,1000,0
500.HK,5,20250912,094500,0.09,0.09,0.09,0.09,1000,0
500.HK,5,20250912,095500,0.09,0.091,0.09,0.09,34000,0
500.HK,5,20250915,034000,0.09,0.09,0.09,0.09,12000,0
500.HK,5,20250915,035500,0.09,0.094,0.09,0.094,50000,0
500.HK,5,20250915,041500,0.091,0.091,0.091,0.091,1000,0
500.HK,5,20250915,045500,0.09,0.09,0.09,0.09,195000,0
500.HK,5,20250915,050000,0.09,0.093,0.09,0.093,81000,0
500.HK,5,20250915,073500,0.092,0.092,0.092,0.092,100000,0
500.HK,5,20250915,075500,0.092,0.092,0.092,0.092,100000,0
500.HK,5,20250915,084500,0.091,0.091,0.09,0.09,160000,0
500.HK,5,20250915,093000,0.092,0.092,0.092,0.092,1000,0
500.HK,5,20250916,043500,0.09,0.09,0.09,0.09,3000,0
500.HK,5,20250916,051500,0.09,0.09,0.09,0.09,49000,0
500.HK,5,20250916,080000,0.09,0.09,0.09,0.09,18000,0
500.HK,5,20250916,080500,0.09,0.09,0.09,0.09,2000,0
500.HK,5,20250916,094500,0.09,0.09,0.09,0.09,1000,0
500.HK,5,20250917,035500,0.087,0.087,0.087,0.087,16000,0
500.HK,5,20250917,043000,0.088,0.088,0.088,0.088,44000,0
500.HK,5,20250917,050000,0.089,0.089,0.089,0.089,134000,0
500.HK,5,20250917,050500,0.09,0.09,0.09,0.09,630000,0
500.HK,5,20250917,051000,0.09,0.09,0.09,0.09,238000,0
500.HK,5,20250917,053000,0.09,0.09,0.09,0.09,74000,0
500.HK,5,20250917,054000,0.091,0.091,0.091,0.091,302000,0
500.HK,5,20250917,071000,0.09,0.09,0.09,0.09,240000,0
500.HK,5,20250917,080000,0.091,0.091,0.091,0.091,94000,0
500.HK,5,20250917,080500,0.092,0.092,0.091,0.091,27000,0
500.HK,5,20250917,081000,0.091,0.091,0.091,0.091,2000,0
500.HK,5,20250917,093000,0.09,0.09,0.09,0.09,1000,0
500.HK,5,20250917,095500,0.091,0.091,0.091,0.091,1000,0
500.HK,5,20250918,043500,0.091,0.091,0.091,0.091,655000,0
500.HK,5,20250918,050000,0.088,0.088,0.088,0.088,2000,0
500.HK,5,20250918,050500,0.089,0.089,0.089,0.089,1000,0
500.HK,5,20250918,070000,0.088,0.089,0.088,0.088,105000,0
500.HK,5,20250918,072500,0.089,0.089,0.089,0.089,107000,0
500.HK,5,20250918,075500,0.089,0.089,0.089,0.089,1000,0
500.HK,5,20250918,081500,0.086,0.087,0.085,0.086,173000,0
500.HK,5,20250918,082000,0.086,0.087,0.086,0.086,128000,0
500.HK,5,20250918,082500,0.086,0.086,0.086,0.086,2000,0
500.HK,5,20250918,084000,0.086,0.086,0.086,0.086,19000,0
500.HK,5,20250918,085000,0.087,0.087,0.087,0.087,164000,0
500.HK,5,20250918,085500,0.087,0.087,0.087,0.087,107000,0
500.HK,5,20250918,090000,0.087,0.087,0.087,0.087,1000,0
500.HK,5,20250918,091500,0.087,0.087,0.087,0.087,40000,0
500.HK,5,20250918,093500,0.087,0.087,0.087,0.087,218000,0
500.HK,5,20250918,094500,0.087,0.087,0.087,0.087,51000,0
500.HK,5,20250918,095500,0.088,0.088,0.086,0.088,509000,0
500.HK,5,20250919,085500,0.089,0.091,0.089,0.091,16000,0
500.HK,5,20250922,033000,0.092,0.092,0.092,0.092,70000,0
500.HK,5,20250922,034000,0.096,0.097,0.096,0.096,138000,0
500.HK,5,20250922,035500,0.097,0.098,0.097,0.098,21000,0
500.HK,5,20250922,040000,0.097,0.097,0.097,0.097,11000,0
500.HK,5,20250922,042000,0.096,0.096,0.096,0.096,8000,0
500.HK,5,20250922,044500,0.091,0.091,0.091,0.091,81000,0
500.HK,5,20250922,054000,0.091,0.091,0.091,0.091,5000,0
500.HK,5,20250922,070000,0.093,0.093,0.093,0.093,200000,0
500.HK,5,20250922,075000,0.093,0.093,0.093,0.093,60000,0
500.HK,5,20250922,080000,0.091,0.091,0.091,0.091,2000,0
500.HK,5,20250922,084000,0.092,0.093,0.092,0.093,34000,0
500.HK,5,20250922,092500,0.092,0.092,0.092,0.092,19000,0
500.HK,5,20250922,094000,0.092,0.092,0.089,0.089,146000,0
500.HK,5,20250922,095000,0.091,0.091,0.089,0.089,5000,0
500.HK,5,20250922,095500,0.092,0.092,0.092,0.092,1000,0
500.HK,5,20250923,051000,0.092,0.092,0.092,0.092,17000,0
500.HK,5,20250923,082000,0.092,0.092,0.092,0.092,60000,0
500.HK,5,20250923,082500,0.092,0.092,0.092,0.092,9000,0
500.HK,5,20250923,095500,0.092,0.092,0.092,0.092,16000,0
500.HK,5,20250924,051500,0.091,0.092,0.091,0.092,50000,0
500.HK,5,20250924,053000,0.089,0.089,0.089,0.089,2000,0
500.HK,5,20250924,075500,0.092,0.096,0.092,0.096,199000,0
500.HK,5,20250924,084500,0.096,0.096,0.096,0.096,226000,0
500.HK,5,20250924,085000,0.096,0.096,0.096,0.096,34000,0
500.HK,5,20250924,085500,0.098,0.098,0.097,0.098,150000,0
500.HK,5,20250924,090000,0.098,0.098,0.098,0.098,76000,0
500.HK,5,20250924,093000,0.098,0.098,0.098,0.098,50000,0
500.HK,5,20250924,095500,0.099,0.099,0.096,0.099,191000,0
500.HK,5,20250925,033000,0.096,0.096,0.096,0.096,48000,0
500.HK,5,20250925,033500,0.096,0.102,0.096,0.10,408000,0
500.HK,5,20250925,034000,0.10,0.10,0.099,0.099,12000,0
500.HK,5,20250925,034500,0.099,0.099,0.099,0.099,5000,0
500.HK,5,20250925,035000,0.099,0.099,0.099,0.099,112000,0
500.HK,5,20250925,042500,0.099,0.099,0.097,0.097,252000,0
500.HK,5,20250925,043000,0.096,0.096,0.095,0.095,470000,0
500.HK,5,20250925,050000,0.096,0.096,0.096,0.096,59000,0
500.HK,5,20250925,050500,0.097,0.097,0.097,0.097,96000,0
500.HK,5,20250925,071000,0.098,0.098,0.098,0.098,50000,0
500.HK,5,20250925,072000,0.097,0.097,0.097,0.097,10000,0
500.HK,5,20250925,072500,0.097,0.097,0.097,0.097,25000,0
500.HK,5,20250925,080500,0.096,0.096,0.095,0.096,113000,0
500.HK,5,20250925,094500,0.095,0.095,0.095,0.095,23000,0
500.HK,5,20250926,033000,0.095,0.095,0.095,0.095,40000,0
500.HK,5,20250926,044000,0.093,0.093,0.092,0.092,11000,0
500.HK,5,20250926,051000,0.093,0.093,0.093,0.093,58000,0
500.HK,5,20250926,053500,0.094,0.094,0.094,0.094,17000,0
500.HK,5,20250926,054000,0.094,0.094,0.094,0.094,439000,0
500.HK,5,20250926,055500,0.095,0.095,0.095,0.095,15000,0
500.HK,5,20250926,075500,0.093,0.093,0.093,0.093,2000,0
500.HK,5,20250926,081000,0.095,0.095,0.095,0.095,2000,0
500.HK,5,20250926,090500,0.094,0.094,0.094,0.094,2000,0
500.HK,5,20250926,091000,0.093,0.093,0.093,0.093,281000,0
500.HK,5,20250926,095500,0.093,0.093,0.093,0.093,10000,0
500.HK,5,20250929,074500,0.093,0.093,0.093,0.093,1000,0
500.HK,5,20250929,083000,0.091,0.091,0.091,0.091,2000,0
500.HK,5,20250929,090500,0.092,0.092,0.092,0.092,5000,0
500.HK,5,20250929,091000,0.091,0.091,0.091,0.091,1000,0
500.HK,5,20250929,095500,0.092,0.093,0.092,0.092,10000,0
500.HK,5,20250930,035500,0.09,0.09,0.09,0.09,130000,0
500.HK,5,20250930,040000,0.09,0.09,0.09,0.09,70000,0
500.HK,5,20250930,041000,0.09,0.09,0.09,0.09,243000,0
500.HK,5,20250930,044500,0.09,0.09,0.09,0.09,7000,0
500.HK,5,20250930,094000,0.09,0.09,0.09,0.09,15000,0
500.HK,5,20250930,095000,0.09,0.09,0.09,0.09,211000,0
500.HK,5,20251002,043000,0.09,0.09,0.089,0.089,75000,0
500.HK,5,20251002,043500,0.089,0.089,0.088,0.088,117000,0
500.HK,5,20251002,045000,0.088,0.088,0.088,0.088,46000,0
500.HK,5,20251002,050000,0.088,0.088,0.088,0.088,316000,0
500.HK,5,20251002,052000,0.088,0.088,0.088,0.088,3000,0
500.HK,5,20251002,053500,0.087,0.087,0.087,0.087,6000,0
500.HK,5,20251002,070000,0.088,0.088,0.088,0.088,308000,0
500.HK,5,20251002,072000,0.088,0.089,0.088,0.089,46000,0
500.HK,5,20251002,093000,0.09,0.09,0.09,0.09,95000,0
500.HK,5,20251002,094500,0.09,0.09,0.09,0.09,100000,0
500.HK,5,20251002,095500,0.091,0.091,0.091,0.091,5000,0
500.HK,5,20251003,043000,0.092,0.096,0.092,0.096,120000,0
500.HK,5,20251003,050500,0.096,0.096,0.096,0.096,300000,0
500.HK,5,20251003,053000,0.096,0.096,0.096,0.096,135000,0
500.HK,5,20251003,055000,0.096,0.096,0.096,0.096,120000,0
500.HK,5,20251003,071500,0.092,0.092,0.092,0.092,1000,0
500.HK,5,20251003,085500,0.093,0.093,0.093,0.093,56000,0
500.HK,5,20251003,090000,0.092,0.093,0.092,0.093,21000,0
500.HK,5,20251003,092000,0.092,0.092,0.092,0.092,299000,0
500.HK,5,20251003,093500,0.09,0.091,0.09,0.091,10000,0
500.HK,5,20251003,094000,0.089,0.092,0.089,0.09,95000,0
500.HK,5,20251003,094500,0.092,0.092,0.092,0.092,1000,0
500.HK,5,20251006,035500,0.099,0.10,0.099,0.099,300000,0
500.HK,5,20251006,040000,0.098,0.098,0.098,0.098,50000,0
500.HK,5,20251006,043000,0.098,0.099,0.098,0.099,302000,0
500.HK,5,20251006,054000,0.097,0.098,0.095,0.095,101000,0
500.HK,5,20251006,055000,0.099,0.099,0.099,0.099,200000,0
500.HK,5,20251006,055500,0.099,0.10,0.099,0.10,130000,0
500.HK,5,20251006,070000,0.10,0.10,0.10,0.10,60000,0
500.HK,5,20251006,071000,0.098,0.098,0.095,0.095,30000,0
500.HK,5,20251006,082000,0.095,0.095,0.095,0.095,221000,0
500.HK,5,20251006,090500,0.095,0.095,0.095,0.095,366000,0
500.HK,5,20251006,091500,0.095,0.095,0.095,0.095,100000,0
500.HK,5,20251006,092500,0.094,0.095,0.094,0.095,152000,0
500.HK,5,20251006,093000,0.094,0.094,0.094,0.094,17000,0
500.HK,5,20251006,093500,0.094,0.095,0.094,0.095,42000,0
500.HK,5,20251006,094000,0.095,0.095,0.095,0.095,5000,0
500.HK,5,20251006,094500,0.095,0.095,0.095,0.095,5000,0
500.HK,5,20251006,095000,0.095,0.095,0.095,0.095,5000,0
500.HK,5,20251006,095500,0.095,0.095,0.095,0.095,39000,0
500.HK,5,20251008,033000,0.092,0.092,0.092,0.092,11000,0
500.HK,5,20251008,040500,0.092,0.092,0.092,0.092,191000,0
500.HK,5,20251008,041000,0.093,0.093,0.092,0.093,120000,0
500.HK,5,20251008,070000,0.092,0.092,0.092,0.092,150000,0
500.HK,5,20251008,070500,0.092,0.092,0.092,0.092,30000,0
500.HK,5,20251008,072000,0.092,0.093,0.092,0.093,77000,0
500.HK,5,20251008,073000,0.092,0.092,0.092,0.092,20000,0
500.HK,5,20251008,074000,0.092,0.092,0.091,0.091,190000,0
500.HK,5,20251008,074500,0.091,0.092,0.091,0.092,15000,0
500.HK,5,20251008,082500,0.091,0.091,0.091,0.091,2000,0
500.HK,5,20251008,092500,0.091,0.091,0.091,0.091,35000,0
500.HK,5,20251008,093000,0.09,0.09,0.09,0.09,120000,0
500.HK,5,20251008,093500,0.09,0.09,0.09,0.09,3000,0
500.HK,5,20251008,094000,0.089,0.089,0.088,0.088,150000,0
500.HK,5,20251008,094500,0.088,0.088,0.088,0.088,377000,0
500.HK,5,20251008,095000,0.088,0.088,0.087,0.088,771000,0
500.HK,5,20251008,095500,0.088,0.088,0.087,0.088,347000,0
500.HK,5,20251009,041500,0.09,0.091,0.09,0.091,154000,0
500.HK,5,20251009,042000,0.09,0.091,0.089,0.089,30000,0
500.HK,5,20251009,043500,0.09,0.09,0.09,0.09,194000,0
500.HK,5,20251009,044000,0.09,0.09,0.09,0.09,42000,0
500.HK,5,20251009,044500,0.09,0.09,0.09,0.09,127000,0
500.HK,5,20251009,045000,0.091,0.093,0.091,0.092,201000,0
500.HK,5,20251009,045500,0.092,0.092,0.09,0.09,80000,0
500.HK,5,20251009,050000,0.091,0.091,0.091,0.091,3000,0
500.HK,5,20251009,052500,0.09,0.09,0.09,0.09,17000,0
500.HK,5,20251009,055000,0.091,0.091,0.091,0.091,1000,0
500.HK,5,20251009,055500,0.09,0.091,0.09,0.091,41000,0
500.HK,5,20251009,070000,0.091,0.091,0.091,0.091,20000,0
500.HK,5,20251009,070500,0.09,0.09,0.09,0.09,177000,0
500.HK,5,20251009,071000,0.09,0.09,0.09,0.09,54000,0
500.HK,5,20251009,071500,0.09,0.09,0.09,0.09,90000,0
500.HK,5,20251009,072000,0.09,0.091,0.09,0.091,199000,0
500.HK,5,20251009,072500,0.091,0.091,0.09,0.09,216000,0
500.HK,5,20251009,074500,0.09,0.09,0.09,0.09,32000,0
500.HK,5,20251009,075000,0.09,0.09,0.09,0.09,1000,0
500.HK,5,20251009,075500,0.09,0.09,0.09,0.09,85000,0
500.HK,5,20251009,080000,0.091,0.091,0.09,0.09,5000,0
500.HK,5,20251009,080500,0.091,0.091,0.091,0.091,1000,0
500.HK,5,20251009,081000,0.091,0.091,0.091,0.091,1000,0
500.HK,5,20251009,081500,0.091,0.091,0.09,0.09,18000,0
500.HK,5,20251009,084000,0.09,0.09,0.09,0.09,2000,0
500.HK,5,20251009,084500,0.09,0.09,0.09,0.09,1000,0
500.HK,5,20251009,085000,0.09,0.09,0.09,0.09,1000,0
500.HK,5,20251009,085500,0.089,0.089,0.089,0.089,115000,0
500.HK,5,20251009,091500,0.089,0.089,0.089,0.089,1000,0
500.HK,5,20251009,092000,0.089,0.089,0.089,0.089,2000,0
500.HK,5,20251009,092500,0.089,0.089,0.089,0.089,1000,0
500.HK,5,20251009,093000,0.089,0.089,0.089,0.089,102000,0
500.HK,5,20251009,093500,0.089,0.089,0.089,0.089,6000,0
500.HK,5,20251009,094000,0.089,0.089,0.089,0.089,7000,0
500.HK,5,20251009,094500,0.089,0.09,0.089,0.09,65000,0
500.HK,5,20251009,095000,0.09,0.09,0.089,0.089,17000,0
500.HK,5,20251009,095500,0.09,0.09,0.09,0.09,134000,0
500.HK,5,20251010,041000,0.088,0.09,0.088,0.09,208000,0
500.HK,5,20251010,041500,0.09,0.09,0.089,0.089,7000,0
500.HK,5,20251010,042000,0.089,0.089,0.089,0.089,5000,0
500.HK,5,20251010,042500,0.089,0.089,0.089,0.089,2000,0
500.HK,5,20251010,043000,0.088,0.088,0.087,0.088,351000,0
500.HK,5,20251010,043500,0.088,0.088,0.088,0.088,6000,0
500.HK,5,20251010,044000,0.088,0.088,0.088,0.088,6000,0
500.HK,5,20251010,044500,0.088,0.088,0.088,0.088,2000,0
500.HK,5,20251010,045000,0.088,0.088,0.088,0.088,1000,0
500.HK,5,20251010,045500,0.087,0.087,0.087,0.087,76000,0
500.HK,5,20251010,050000,0.087,0.09,0.087,0.088,340000,0
500.HK,5,20251010,051500,0.088,0.088,0.088,0.088,1000,0
500.HK,5,20251010,053000,0.089,0.089,0.089,0.089,106000,0
500.HK,5,20251010,054500,0.088,0.088,0.087,0.087,170000,0
500.HK,5,20251010,055000,0.088,0.088,0.088,0.088,9000,0
500.HK,5,20251010,070500,0.087,0.088,0.087,0.088,112000,0
500.HK,5,20251010,073000,0.088,0.088,0.088,0.088,48000,0
500.HK,5,20251010,073500,0.089,0.089,0.088,0.088,30000,0
500.HK,5,20251010,080000,0.088,0.088,0.088,0.088,1000,0
500.HK,5,20251010,080500,0.088,0.088,0.088,0.088,1000,0
500.HK,5,20251010,081000,0.088,0.088,0.088,0.088,1000,0
500.HK,5,20251010,081500,0.088,0.088,0.087,0.087,12000,0
500.HK,5,20251010,084500,0.088,0.088,0.087,0.087,7000,0
500.HK,5,20251010,090000,0.087,0.087,0.087,0.087,4000,0
500.HK,5,20251010,091000,0.086,0.086,0.086,0.086,3000,0
500.HK,5,20251010,092000,0.087,0.087,0.087,0.087,16000,0
500.HK,5,20251010,092500,0.087,0.087,0.087,0.087,7000,0
500.HK,5,20251010,093000,0.086,0.086,0.086,0.086,240000,0
500.HK,5,20251010,093500,0.086,0.086,0.086,0.086,1000,0
500.HK,5,20251010,094000,0.086,0.087,0.086,0.087,200000,0
500.HK,5,20251010,094500,0.086,0.087,0.085,0.087,42000,0
500.HK,5,20251010,095000,0.086,0.087,0.086,0.086,127000,0
500.HK,5,20251010,095500,0.086,0.088,0.086,0.088,69000,0
500.HK,5,20251013,035500,0.087,0.087,0.087,0.087,1000000,0
500.HK,5,20251013,040000,0.087,0.087,0.087,0.087,236000,0
500.HK,5,20251013,041000,0.088,0.088,0.088,0.088,1000,0
500.HK,5,20251013,041500,0.088,0.088,0.088,0.088,44000,0
500.HK,5,20251013,042000,0.088,0.088,0.088,0.088,19000,0
500.HK,5,20251013,043500,0.088,0.088,0.088,0.088,2000,0
500.HK,5,20251013,044500,0.089,0.089,0.089,0.089,1000,0
500.HK,5,20251013,045000,0.089,0.089,0.089,0.089,2000,0
500.HK,5,20251013,045500,0.089,0.089,0.089,0.089,1000,0
500.HK,5,20251013,050500,0.088,0.088,0.087,0.087,277000,0
500.HK,5,20251013,052000,0.087,0.087,0.087,0.087,3000,0
500.HK,5,20251013,054000,0.087,0.087,0.087,0.087,1000,0
500.HK,5,20251013,054500,0.087,0.087,0.087,0.087,1000,0
500.HK,5,20251013,055000,0.087,0.087,0.087,0.087,1000,0
500.HK,5,20251013,055500,0.087,0.087,0.087,0.087,3000,0
500.HK,5,20251013,070500,0.087,0.087,0.087,0.087,1000,0
500.HK,5,20251013,071000,0.087,0.087,0.087,0.087,2000,0
500.HK,5,20251013,071500,0.087,0.087,0.087,0.087,1000,0
500.HK,5,20251013,072000,0.087,0.087,0.087,0.087,1000,0
500.HK,5,20251013,072500,0.087,0.087,0.087,0.087,1000,0
500.HK,5,20251013,073000,0.087,0.087,0.087,0.087,58000,0
500.HK,5,20251013,073500,0.087,0.087,0.087,0.087,5000,0
500.HK,5,20251013,074000,0.087,0.087,0.087,0.087,2000,0
500.HK,5,20251013,080000,0.088,0.088,0.088,0.088,2000,0
500.HK,5,20251013,080500,0.087,0.087,0.087,0.087,13000,0
500.HK,5,20251013,083000,0.087,0.087,0.087,0.087,2000,0
500.HK,5,20251013,083500,0.087,0.087,0.087,0.087,1000,0
500.HK,5,20251013,084000,0.087,0.087,0.087,0.087,1000,0
500.HK,5,20251013,084500,0.087,0.087,0.087,0.087,1000,0
500.HK,5,20251013,085000,0.087,0.087,0.087,0.087,2000,0
500.HK,5,20251013,085500,0.087,0.087,0.087,0.087,1000,0
500.HK,5,20251013,090000,0.087,0.087,0.087,0.087,1000,0
500.HK,5,20251013,090500,0.087,0.087,0.087,0.087,1000,0
500.HK,5,20251013,091000,0.087,0.087,0.087,0.087,2000,0
500.HK,5,20251013,091500,0.087,0.087,0.087,0.087,1000,0
500.HK,5,20251013,092000,0.087,0.087,0.087,0.087,2000,0
500.HK,5,20251013,092500,0.087,0.087,0.087,0.087,1000,0
500.HK,5,20251013,093000,0.087,0.087,0.087,0.087,1000,0
500.HK,5,20251013,093500,0.087,0.088,0.087,0.087,12000,0
500.HK,5,20251013,094500,0.087,0.088,0.087,0.088,6000,0
500.HK,5,20251013,095000,0.088,0.088,0.087,0.088,8000,0
500.HK,5,20251013,095500,0.087,0.088,0.087,0.088,8000,0
500.HK,5,20251014,070500,0.088,0.09,0.088,0.088,732000,0
500.HK,5,20251014,080500,0.088,0.088,0.088,0.088,6000,0
500.HK,5,20251014,083500,0.087,0.087,0.087,0.087,67000,0
500.HK,5,20251014,090500,0.086,0.086,0.086,0.086,200000,0
500.HK,5,20251014,093000,0.087,0.087,0.086,0.087,259000,0
500.HK,5,20251014,094000,0.087,0.087,0.087,0.087,100000,0
500.HK,5,20251014,094500,0.087,0.087,0.087,0.087,200000,0
500.HK,5,20251014,095000,0.088,0.088,0.088,0.088,3000,0
500.HK,5,20251014,095500,0.088,0.088,0.088,0.088,1000,0
500.HK,5,20251015,040500,0.087,0.087,0.087,0.087,132000,0
500.HK,5,20251015,041000,0.087,0.087,0.087,0.087,100000,0
500.HK,5,20251015,041500,0.087,0.087,0.087,0.087,200000,0
500.HK,5,20251015,042000,0.087,0.087,0.087,0.087,319000,0
500.HK,5,20251015,042500,0.087,0.087,0.087,0.087,100000,0
500.HK,5,20251015,043000,0.087,0.087,0.087,0.087,200000,0
500.HK,5,20251015,055000,0.087,0.087,0.087,0.087,26000,0
500.HK,5,20251015,083500,0.086,0.087,0.085,0.087,251000,0
500.HK,5,20251015,095500,0.085,0.087,0.085,0.087,34000,0
500.HK,5,20251016,075000,0.086,0.087,0.086,0.087,5000,0
500.HK,5,20251016,093500,0.087,0.087,0.087,0.087,173000,0
500.HK,5,20251016,095500,0.087,0.088,0.087,0.087,4000,0
500.HK,5,20251017,090000,0.085,0.085,0.084,0.084,14000,0
500.HK,5,20251017,091000,0.084,0.084,0.084,0.084,1000,0
500.HK,5,20251017,092000,0.085,0.085,0.085,0.085,3000,0
500.HK,5,20251017,092500,0.087,0.087,0.087,0.087,300000,0
500.HK,5,20251017,095500,0.086,0.086,0.086,0.086,1000,0
500.HK,5,20251020,090000,0.084,0.084,0.084,0.084,3000,0
500.HK,5,20251020,091000,0.085,0.085,0.085,0.085,1000,0
500.HK,5,20251020,091500,0.086,0.086,0.086,0.086,7000,0
500.HK,5,20251020,094000,0.086,0.086,0.086,0.086,3000,0
500.HK,5,20251020,094500,0.086,0.086,0.086,0.086,1000,0
500.HK,5,20251020,095500,0.086,0.086,0.085,0.085,2000,0
500.HK,5,20251021,041500,0.085,0.086,0.083,0.085,639000,0
500.HK,5,20251021,042000,0.086,0.086,0.086,0.086,29000,0
500.HK,5,20251021,045000,0.085,0.085,0.085,0.085,52000,0
500.HK,5,20251021,052500,0.085,0.085,0.085,0.085,2000,0
500.HK,5,20251021,054000,0.085,0.085,0.085,0.085,1000,0
500.HK,5,20251021,055500,0.085,0.085,0.085,0.085,1000,0
500.HK,5,20251021,073500,0.085,0.085,0.085,0.085,1000,0
500.HK,5,20251021,080500,0.085,0.085,0.085,0.085,1000,0
500.HK,5,20251021,083000,0.085,0.085,0.085,0.085,1000,0
500.HK,5,20251021,083500,0.086,0.086,0.085,0.085,112000,0
500.HK,5,20251021,091000,0.085,0.085,0.085,0.085,3000,0
500.HK,5,20251021,091500,0.086,0.093,0.086,0.088,595000,0
500.HK,5,20251021,092000,0.088,0.088,0.088,0.088,51000,0
500.HK,5,20251021,094500,0.087,0.087,0.087,0.087,1000,0
500.HK,5,20251021,095500,0.086,0.086,0.086,0.086,2000,0
500.HK,5,20251022,041500,0.088,0.088,0.088,0.088,38000,0
500.HK,5,20251022,043000,0.086,0.087,0.086,0.086,177000,0
500.HK,5,20251022,050000,0.086,0.086,0.086,0.086,1000,0
500.HK,5,20251022,050500,0.086,0.086,0.086,0.086,1000,0
500.HK,5,20251022,053000,0.086,0.086,0.086,0.086,1000,0
500.HK,5,20251022,055000,0.086,0.086,0.086,0.086,1000,0
500.HK,5,20251022,055500,0.086,0.086,0.086,0.086,1000,0
500.HK,5,20251022,070000,0.087,0.087,0.087,0.087,7000,0
500.HK,5,20251022,072000,0.088,0.092,0.087,0.089,180000,0
500.HK,5,20251022,072500,0.09,0.09,0.09,0.09,1000,0
500.HK,5,20251022,073000,0.087,0.089,0.087,0.089,485000,0
500.HK,5,20251022,073500,0.087,0.087,0.087,0.087,2000,0
500.HK,5,20251022,074500,0.088,0.089,0.088,0.089,3000,0
500.HK,5,20251022,080500,0.088,0.089,0.088,0.089,2000,0
500.HK,5,20251022,083000,0.089,0.089,0.089,0.089,50000,0
500.HK,5,20251022,083500,0.088,0.088,0.088,0.088,3000,0
500.HK,5,20251022,090000,0.088,0.088,0.088,0.088,17000,0
500.HK,5,20251022,090500,0.088,0.088,0.088,0.088,56000,0
500.HK,5,20251022,092500,0.087,0.087,0.087,0.087,44000,0
500.HK,5,20251022,093000,0.088,0.088,0.087,0.087,2000,0
500.HK,5,20251022,094500,0.087,0.087,0.087,0.087,1000,0
500.HK,5,20251022,095000,0.087,0.087,0.087,0.087,1000,0
500.HK,5,20251022,095500,0.087,0.087,0.087,0.087,1000,0
500.HK,5,20251023,042000,0.09,0.09,0.09,0.09,1000,0
500.HK,5,20251023,053500,0.087,0.087,0.087,0.087,15000,0
500.HK,5,20251023,070000,0.086,0.086,0.086,0.086,1000,0
500.HK,5,20251023,070500,0.087,0.087,0.087,0.087,1000,0
500.HK,5,20251023,072500,0.086,0.086,0.086,0.086,2000,0
500.HK,5,20251023,075000,0.086,0.086,0.086,0.086,263000,0
500.HK,5,20251023,085000,0.085,0.086,0.085,0.086,2000,0
500.HK,5,20251023,092000,0.084,0.085,0.084,0.085,2000,0
500.HK,5,20251023,094500,0.085,0.085,0.085,0.085,113000,0
500.HK,5,20251023,095000,0.085,0.085,0.084,0.084,5000,0
500.HK,5,20251023,095500,0.085,0.085,0.084,0.085,3000,0
500.HK,5,20251024,045500,0.084,0.084,0.084,0.084,3000,0
500.HK,5,20251024,055000,0.087,0.087,0.084,0.084,12000,0
500.HK,5,20251024,072500,0.086,0.086,0.086,0.086,5000,0
500.HK,5,20251024,073000,0.087,0.087,0.087,0.087,35000,0
500.HK,5,20251024,082500,0.084,0.084,0.084,0.084,1000,0
500.HK,5,20251024,083000,0.084,0.084,0.083,0.083,186000,0
500.HK,5,20251024,085000,0.082,0.082,0.082,0.082,1000,0
500.HK,5,20251024,093000,0.082,0.082,0.082,0.082,1000,0
500.HK,5,20251024,094000,0.084,0.085,0.084,0.085,5000,0
500.HK,5,20251024,094500,0.083,0.085,0.082,0.085,24000,0
500.HK,5,20251024,095500,0.082,0.084,0.082,0.084,1000,0
500.HK,5,20251027,023000,0.089,0.089,0.089,0.089,1000,0
500.HK,5,20251027,042000,0.089,0.089,0.089,0.089,50000,0
500.HK,5,20251027,042500,0.086,0.086,0.086,0.086,1000,0
500.HK,5,20251027,043000,0.09,0.091,0.09,0.091,100000,0
500.HK,5,20251027,060500,0.086,0.087,0.086,0.087,3000,0
500.HK,5,20251027,062000,0.09,0.09,0.09,0.09,237000,0
500.HK,5,20251027,062500,0.087,0.087,0.084,0.087,417000,0
500.HK,5,20251027,063000,0.088,0.089,0.088,0.089,327000,0
500.HK,5,20251027,065000,0.086,0.089,0.086,0.089,5000,0
500.HK,5,20251027,073000,0.088,0.089,0.088,0.089,2000,0
500.HK,5,20251027,074500,0.085,0.085,0.085,0.085,267000,0
500.HK,5,20251027,075000,0.086,0.086,0.086,0.086,1000,0
500.HK,5,20251027,081000,0.084,0.086,0.084,0.086,48000,0
500.HK,5,20251027,084500,0.084,0.086,0.084,0.086,5000,0
500.HK,5,20251027,085500,0.083,0.084,0.083,0.084,1000,0
500.HK,5,20251028,040000,0.089,0.089,0.089,0.089,1000,0
500.HK,5,20251028,063500,0.087,0.087,0.087,0.087,1000,0
500.HK,5,20251028,070000,0.086,0.086,0.086,0.086,500000,0
500.HK,5,20251028,070500,0.086,0.086,0.086,0.086,189000,0
500.HK,5,20251028,071000,0.086,0.086,0.086,0.086,21000,0
500.HK,5,20251028,072000,0.086,0.086,0.086,0.086,290000,0
500.HK,5,20251028,073000,0.084,0.084,0.084,0.084,1000,0
500.HK,5,20251028,080500,0.084,0.084,0.082,0.084,350000,0
500.HK,5,20251028,082000,0.084,0.084,0.084,0.084,100000,0
500.HK,5,20251028,084000,0.084,0.084,0.084,0.084,6000,0
500.HK,5,20251028,085000,0.084,0.084,0.084,0.084,300000,0
500.HK,5,20251028,085500,0.082,0.084,0.082,0.084,10000,0
500.HK,5,20251030,024000,0.088,0.088,0.088,0.088,135000,0
500.HK,5,20251030,025000,0.087,0.088,0.087,0.088,200000,0
500.HK,5,20251030,033000,0.088,0.088,0.088,0.088,110000,0
500.HK,5,20251030,043500,0.088,0.088,0.088,0.088,445000,0
500.HK,5,20251030,070000,0.086,0.086,0.085,0.085,400000,0
500.HK,5,20251030,070500,0.085,0.085,0.085,0.085,40000,0
500.HK,5,20251030,075500,0.085,0.085,0.085,0.085,333000,0
500.HK,5,20251030,080000,0.085,0.085,0.085,0.085,61000,0
500.HK,5,20251030,080500,0.084,0.084,0.082,0.083,409000,0
500.HK,5,20251030,083000,0.085,0.086,0.085,0.085,366000,0
500.HK,5,20251030,083500,0.085,0.085,0.085,0.085,50000,0
500.HK,5,20251030,084000,0.085,0.085,0.085,0.085,34000,0
500.HK,5,20251030,085000,0.085,0.086,0.084,0.084,53000,0
500.HK,5,20251030,085500,0.084,0.086,0.084,0.086,100000,0
500.HK,5,20251031,085000,0.082,0.082,0.082,0.082,2000,0
500.HK,5,20251031,085500,0.082,0.082,0.082,0.082,1000,0
500.HK,5,20251103,024500,0.083,0.083,0.083,0.083,145000,0
500.HK,5,20251103,032000,0.088,0.088,0.088,0.088,1000,0
500.HK,5,20251103,032500,0.087,0.087,0.087,0.087,1000,0
500.HK,5,20251103,035000,0.083,0.083,0.083,0.083,50000,0
500.HK,5,20251103,040500,0.083,0.083,0.083,0.083,2000,0
500.HK,5,20251103,042500,0.083,0.083,0.083,0.083,2000,0
500.HK,5,20251103,043500,0.083,0.083,0.083,0.083,2000,0
500.HK,5,20251103,045500,0.083,0.083,0.083,0.083,2000,0
500.HK,5,20251103,065500,0.083,0.083,0.083,0.083,2000,0
500.HK,5,20251103,071500,0.083,0.083,0.083,0.083,136000,0
500.HK,5,20251103,072500,0.082,0.082,0.082,0.082,1000,0
500.HK,5,20251103,073000,0.083,0.083,0.083,0.083,75000,0
500.HK,5,20251103,073500,0.081,0.081,0.081,0.081,2000,0
500.HK,5,20251103,074000,0.081,0.081,0.079,0.08,209000,0
500.HK,5,20251103,074500,0.079,0.079,0.079,0.079,6000,0
500.HK,5,20251103,075000,0.079,0.079,0.078,0.079,220000,0
500.HK,5,20251103,075500,0.079,0.08,0.079,0.08,118000,0
500.HK,5,20251103,080000,0.08,0.08,0.075,0.075,640000,0
500.HK,5,20251103,080500,0.076,0.078,0.076,0.078,162000,0
500.HK,5,20251103,081000,0.079,0.079,0.079,0.079,400000,0
500.HK,5,20251103,082000,0.079,0.08,0.079,0.08,131000,0
500.HK,5,20251103,082500,0.08,0.08,0.08,0.08,5000,0
500.HK,5,20251103,083000,0.08,0.08,0.079,0.079,6000,0
500.HK,5,20251103,083500,0.08,0.08,0.08,0.08,45000,0
500.HK,5,20251103,084000,0.08,0.08,0.08,0.08,3000,0
500.HK,5,20251103,084500,0.08,0.08,0.08,0.08,1075000,0
500.HK,5,20251103,085500,0.079,0.08,0.079,0.079,4000,0
500.HK,5,20251104,061000,0.083,0.083,0.083,0.083,60000,0
500.HK,5,20251104,072000,0.084,0.084,0.084,0.084,2000,0
500.HK,5,20251104,084500,0.084,0.084,0.083,0.084,13000,0
500.HK,5,20251104,085000,0.082,0.082,0.082,0.082,1000,0
500.HK,5,20251105,023000,0.083,0.083,0.083,0.083,200000,0
500.HK,5,20251105,030500,0.082,0.082,0.082,0.082,58000,0
500.HK,5,20251105,031000,0.082,0.082,0.082,0.082,342000,0
500.HK,5,20251105,044000,0.082,0.082,0.082,0.082,1000,0
500.HK,5,20251105,060500,0.081,0.081,0.081,0.081,314000,0
500.HK,5,20251105,061500,0.081,0.081,0.081,0.081,180000,0
500.HK,5,20251105,062000,0.083,0.083,0.083,0.083,22000,0
500.HK,5,20251106,063000,0.077,0.077,0.075,0.076,620000,0
500.HK,5,20251106,063500,0.076,0.076,0.076,0.076,9000,0
500.HK,5,20251106,064500,0.076,0.078,0.076,0.078,54000,0
500.HK,5,20251106,065500,0.077,0.078,0.077,0.077,408000,0
500.HK,5,20251106,070000,0.077,0.078,0.077,0.078,386000,0
500.HK,5,20251106,070500,0.078,0.078,0.078,0.078,105000,0
500.HK,5,20251106,071000,0.077,0.077,0.077,0.077,1000,0
500.HK,5,20251106,073000,0.077,0.077,0.075,0.076,1424000,0
500.HK,5,20251106,073500,0.076,0.076,0.075,0.076,196000,0
500.HK,5,20251106,075000,0.076,0.076,0.076,0.076,3000,0
500.HK,5,20251106,080000,0.076,0.076,0.076,0.076,210000,0
500.HK,5,20251106,080500,0.076,0.076,0.076,0.076,10000,0
500.HK,5,20251106,082000,0.075,0.076,0.075,0.076,313000,0
500.HK,5,20251106,085500,0.076,0.076,0.076,0.076,79000,0
500.HK,5,20251107,032500,0.077,0.077,0.077,0.077,20000,0
500.HK,5,20251107,060500,0.077,0.077,0.077,0.077,100000,0
500.HK,5,20251107,061000,0.077,0.077,0.077,0.077,20000,0
500.HK,5,20251107,061500,0.077,0.077,0.077,0.077,100000,0
500.HK,5,20251107,062000,0.077,0.077,0.077,0.077,31000,0
500.HK,5,20251107,062500,0.076,0.076,0.076,0.076,310000,0
500.HK,5,20251107,063000,0.072,0.074,0.071,0.074,660000,0
500.HK,5,20251107,063500,0.073,0.074,0.073,0.073,17000,0
500.HK,5,20251107,064000,0.073,0.073,0.073,0.073,2000,0
500.HK,5,20251107,064500,0.073,0.073,0.073,0.073,138000,0
500.HK,5,20251107,065500,0.074,0.074,0.073,0.073,212000,0
500.HK,5,20251107,070500,0.073,0.073,0.073,0.073,50000,0
500.HK,5,20251107,071500,0.073,0.073,0.073,0.073,100000,0
500.HK,5,20251107,072500,0.072,0.072,0.072,0.072,14000,0
500.HK,5,20251107,073000,0.072,0.072,0.072,0.072,486000,0
500.HK,5,20251107,073500,0.072,0.072,0.072,0.072,14000,0
500.HK,5,20251107,074000,0.072,0.072,0.072,0.072,10000,0
500.HK,5,20251107,074500,0.072,0.072,0.072,0.072,90000,0
500.HK,5,20251107,075000,0.071,0.071,0.07,0.07,766000,0
500.HK,5,20251107,075500,0.072,0.072,0.07,0.071,568000,0
500.HK,5,20251107,081000,0.07,0.07,0.07,0.07,388000,0
500.HK,5,20251107,082000,0.07,0.07,0.07,0.07,8000,0
500.HK,5,20251107,083000,0.069,0.069,0.069,0.069,200000,0
500.HK,5,20251107,083500,0.069,0.069,0.069,0.069,100000,0
500.HK,5,20251107,084000,0.069,0.069,0.069,0.069,2000,0
500.HK,5,20251107,085500,0.069,0.069,0.066,0.067,1352000,0
500.HK,5,20251110,023000,0.069,0.069,0.068,0.068,124000,0
500.HK,5,20251110,024000,0.068,0.068,0.068,0.068,16000,0
500.HK,5,20251110,024500,0.068,0.069,0.068,0.069,200000,0
500.HK,5,20251110,025500,0.069,0.069,0.069,0.069,152000,0
500.HK,5,20251110,030000,0.07,0.07,0.07,0.07,290000,0
500.HK,5,20251110,035000,0.07,0.07,0.07,0.07,40000,0
500.HK,5,20251110,040000,0.072,0.072,0.072,0.072,50000,0
500.HK,5,20251110,043500,0.072,0.072,0.072,0.072,98000,0
500.HK,5,20251110,044000,0.072,0.072,0.072,0.072,52000,0
500.HK,5,20251110,044500,0.073,0.073,0.072,0.072,29000,0
500.HK,5,20251110,070000,0.071,0.071,0.069,0.069,228000,0
500.HK,5,20251110,071000,0.073,0.073,0.073,0.073,205000,0
500.HK,5,20251110,071500,0.074,0.074,0.074,0.074,150000,0
500.HK,5,20251110,073500,0.071,0.071,0.069,0.069,199000,0
500.HK,5,20251110,080500,0.072,0.072,0.072,0.072,1000,0
500.HK,5,20251110,084500,0.07,0.07,0.07,0.07,10000,0
500.HK,5,20251110,085500,0.069,0.071,0.069,0.069,52000,0
500.HK,5,20251111,030000,0.072,0.072,0.072,0.072,100000,0
500.HK,5,20251111,033000,0.072,0.072,0.072,0.072,50000,0
500.HK,5,20251111,035000,0.071,0.071,0.071,0.071,1000,0
500.HK,5,20251111,045500,0.069,0.069,0.069,0.069,1000,0
500.HK,5,20251111,064000,0.069,0.069,0.067,0.067,1308000,0
500.HK,5,20251111,065000,0.067,0.067,0.067,0.067,1000,0
500.HK,5,20251111,070000,0.067,0.067,0.067,0.067,100000,0
500.HK,5,20251111,071500,0.067,0.067,0.067,0.067,28000,0
500.HK,5,20251111,072000,0.067,0.068,0.067,0.068,105000,0
500.HK,5,20251111,083500,0.067,0.067,0.067,0.067,41000,0
500.HK,5,20251111,084000,0.068,0.069,0.068,0.069,2000,0
500.HK,5,20251111,084500,0.069,0.07,0.069,0.07,20000,0
500.HK,5,20251112,032000,0.073,0.078,0.072,0.073,330000,0
500.HK,5,20251112,032500,0.072,0.072,0.07,0.07,201000,0
500.HK,5,20251112,033000,0.07,0.071,0.07,0.071,12000,0
500.HK,5,20251112,033500,0.071,0.072,0.07,0.07,51000,0
500.HK,5,20251112,034500,0.071,0.074,0.071,0.072,82000,0
500.HK,5,20251112,041000,0.072,0.072,0.071,0.071,166000,0
500.HK,5,20251112,042000,0.072,0.072,0.072,0.072,50000,0
500.HK,5,20251112,044500,0.073,0.073,0.073,0.073,44000,0
500.HK,5,20251112,061000,0.072,0.072,0.072,0.072,19000,0
500.HK,5,20251112,062000,0.072,0.072,0.069,0.069,350000,0
500.HK,5,20251112,063000,0.07,0.071,0.07,0.071,180000,0
500.HK,5,20251112,063500,0.071,0.072,0.071,0.072,152000,0
500.HK,5,20251112,064000,0.072,0.072,0.072,0.072,87000,0
500.HK,5,20251112,064500,0.072,0.072,0.072,0.072,84000,0
500.HK,5,20251112,082000,0.072,0.072,0.071,0.071,172000,0
500.HK,5,20251112,083500,0.071,0.072,0.071,0.072,28000,0
500.HK,5,20251112,085500,0.071,0.072,0.071,0.072,146000,0
500.HK,5,20251113,025000,0.072,0.072,0.072,0.072,100000,0
500.HK,5,20251113,033000,0.07,0.07,0.069,0.07,156000,0
500.HK,5,20251113,034000,0.07,0.07,0.07,0.07,6000,0
500.HK,5,20251113,034500,0.07,0.07,0.07,0.07,5000,0
500.HK,5,20251113,035000,0.07,0.07,0.07,0.07,1000,0
500.HK,5,20251113,041000,0.07,0.07,0.07,0.07,13000,0
500.HK,5,20251113,042500,0.07,0.07,0.07,0.07,4000,0
500.HK,5,20251113,044000,0.071,0.071,0.071,0.071,56000,0
500.HK,5,20251113,044500,0.071,0.071,0.071,0.071,1000,0
500.HK,5,20251113,061500,0.071,0.071,0.071,0.071,1000,0
500.HK,5,20251113,062000,0.071,0.071,0.071,0.071,26000,0
500.HK,5,20251113,063000,0.071,0.071,0.071,0.071,14000,0
500.HK,5,20251113,063500,0.071,0.071,0.071,0.071,11000,0
500.HK,5,20251113,064000,0.071,0.071,0.071,0.071,7000,0
500.HK,5,20251113,064500,0.071,0.071,0.071,0.071,6000,0
500.HK,5,20251113,071500,0.072,0.072,0.072,0.072,35000,0
500.HK,5,20251113,073500,0.073,0.073,0.073,0.073,36000,0
500.HK,5,20251113,074000,0.073,0.073,0.073,0.073,14000,0
500.HK,5,20251113,074500,0.073,0.073,0.072,0.073,99000,0
500.HK,5,20251113,075000,0.073,0.073,0.073,0.073,11000,0
500.HK,5,20251113,080000,0.073,0.073,0.073,0.073,1000,0
500.HK,5,20251113,084000,0.073,0.073,0.073,0.073,20000,0
500.HK,5,20251113,085500,0.074,0.074,0.073,0.073,49000,0
500.HK,5,20251114,030000,0.074,0.074,0.073,0.074,174000,0
500.HK,5,20251114,033000,0.074,0.074,0.074,0.074,6000,0
500.HK,5,20251114,040500,0.074,0.074,0.074,0.074,219000,0
500.HK,5,20251114,041000,0.074,0.074,0.074,0.074,2000,0
500.HK,5,20251114,042500,0.074,0.074,0.074,0.074,66000,0
500.HK,5,20251114,060000,0.075,0.075,0.075,0.075,32000,0
500.HK,5,20251114,065000,0.075,0.076,0.075,0.076,193000,0
500.HK,5,20251114,065500,0.075,0.076,0.075,0.076,14000,0
500.HK,5,20251114,070000,0.076,0.076,0.076,0.076,110000,0
500.HK,5,20251114,070500,0.076,0.076,0.076,0.076,7000,0
500.HK,5,20251114,071000,0.076,0.076,0.076,0.076,36000,0
500.HK,5,20251114,071500,0.076,0.077,0.076,0.076,200000,0
500.HK,5,20251114,072000,0.077,0.078,0.077,0.077,276000,0
500.HK,5,20251114,074000,0.078,0.079,0.078,0.079,149000,0
500.HK,5,20251114,074500,0.079,0.079,0.079,0.079,5000,0
500.HK,5,20251114,075000,0.079,0.079,0.079,0.079,4000,0
500.HK,5,20251114,075500,0.079,0.08,0.079,0.08,104000,0
500.HK,5,20251114,080500,0.079,0.082,0.079,0.082,519000,0
500.HK,5,20251114,082000,0.079,0.079,0.078,0.078,49000,0
500.HK,5,20251117,032500,0.078,0.08,0.078,0.08,3000,0
500.HK,5,20251117,034000,0.08,0.08,0.08,0.08,151000,0
500.HK,5,20251117,040000,0.08,0.08,0.08,0.08,100000,0
500.HK,5,20251117,043000,0.08,0.08,0.08,0.08,92000,0
500.HK,5,20251117,061500,0.08,0.08,0.079,0.079,62000,0
500.HK,5,20251117,062000,0.076,0.078,0.076,0.078,120000,0
500.HK,5,20251117,065500,0.077,0.077,0.077,0.077,106000,0
500.HK,5,20251117,070000,0.076,0.076,0.076,0.076,95000,0
500.HK,5,20251117,080500,0.076,0.076,0.076,0.076,9000,0
500.HK,5,20251117,085500,0.075,0.076,0.075,0.076,25000,0
500.HK,5,20251119,033000,0.077,0.077,0.077,0.077,1000,0
500.HK,5,20251119,041500,0.077,0.077,0.077,0.077,130000,0
500.HK,5,20251119,044000,0.077,0.078,0.077,0.078,129000,0
500.HK,5,20251120,030000,0.079,0.079,0.079,0.079,16000,0
500.HK,5,20251120,060500,0.076,0.076,0.076,0.076,100000,0
500.HK,5,20251120,061000,0.075,0.075,0.075,0.075,66000,0
500.HK,5,20251120,062500,0.075,0.075,0.075,0.075,334000,0
500.HK,5,20251120,063000,0.075,0.075,0.075,0.075,36000,0
500.HK,5,20251120,065000,0.075,0.075,0.075,0.075,28000,0
500.HK,5,20251120,082500,0.073,0.074,0.073,0.074,90000,0
500.HK,5,20251121,045000,0.072,0.072,0.071,0.071,77000,0
500.HK,5,20251121,074000,0.071,0.074,0.071,0.074,41000,0
500.HK,5,20251121,080500,0.071,0.071,0.071,0.071,1000,0
500.HK,5,20251121,085000,0.071,0.071,0.071,0.071,15000,0
500.HK,5,20251121,085500,0.071,0.071,0.065,0.066,238000,0
500.HK,5,20251124,024000,0.071,0.071,0.071,0.071,28000,0
500.HK,5,20251124,033500,0.071,0.073,0.071,0.073,44000,0
500.HK,5,20251124,040000,0.072,0.072,0.072,0.072,7000,0
500.HK,5,20251124,042000,0.07,0.07,0.069,0.069,71000,0
500.HK,5,20251124,063500,0.07,0.071,0.07,0.071,160000,0
500.HK,5,20251124,064500,0.072,0.073,0.072,0.073,20000,0
500.HK,5,20251124,065000,0.073,0.073,0.073,0.073,119000,0
500.HK,5,20251124,074000,0.073,0.073,0.073,0.073,1000,0
500.HK,5,20251124,074500,0.073,0.074,0.073,0.074,9000,0
500.HK,5,20251124,075000,0.074,0.074,0.073,0.073,85000,0
500.HK,5,20251124,081000,0.07,0.07,0.07,0.07,68000,0
500.HK,5,20251124,083000,0.072,0.072,0.072,0.072,179000,0
500.HK,5,20251124,084500,0.072,0.072,0.072,0.072,1000,0
500.HK,5,20251124,085500,0.073,0.075,0.073,0.075,78000,0
500.HK,5,20251125,045000,0.077,0.077,0.077,0.077,1000,0
500.HK,5,20251125,062500,0.076,0.076,0.076,0.076,2000,0
500.HK,5,20251125,063500,0.075,0.076,0.075,0.076,3000,0
500.HK,5,20251126,040000,0.075,0.075,0.075,0.075,1000,0
500.HK,5,20251126,040500,0.075,0.075,0.07,0.07,466000,0
500.HK,5,20251126,044000,0.072,0.072,0.072,0.072,22000,0
500.HK,5,20251126,045000,0.072,0.072,0.072,0.072,40000,0
500.HK,5,20251126,071500,0.072,0.072,0.069,0.069,261000,0
500.HK,5,20251126,072000,0.069,0.069,0.069,0.069,22000,0
500.HK,5,20251126,072500,0.071,0.071,0.071,0.071,20000,0
500.HK,5,20251126,084000,0.071,0.071,0.071,0.071,318000,0
500.HK,5,20251127,063000,0.071,0.071,0.071,0.071,317000,0
500.HK,5,20251128,023000,0.071,0.071,0.071,0.071,8000,0
500.HK,5,20251128,035500,0.071,0.071,0.071,0.071,10000,0
500.HK,5,20251201,031000,0.074,0.074,0.074,0.074,15000,0
500.HK,5,20251201,075000,0.073,0.073,0.073,0.073,15000,0
500.HK,5,20251204,060000,0.075,0.075,0.075,0.075,200000,0
500.HK,5,20251204,060500,0.075,0.075,0.075,0.075,120000,0
