<TICKER>,<PER>,<DATE>,<TIME>,<OPEN>,<HIGH>,<LOW>,<CLOSE>,<VOL>,<OPENINT>
6816.HK,5,20250718,072500,0.109,0.129,0.109,0.129,14000,0
6816.HK,5,20250807,095500,0.129,0.129,0.129,0.129,6000,0
6816.HK,5,20250808,091500,0.13,0.13,0.13,0.13,6000,0
6816.HK,5,20250815,034000,0.123,0.13,0.123,0.13,50000,0
6816.HK,5,20250815,034500,0.148,0.22,0.148,0.192,246000,0
6816.HK,5,20250815,035000,0.197,0.26,0.197,0.249,966000,0
6816.HK,5,20250815,035500,0.24,0.24,0.206,0.206,92000,0
6816.HK,5,20250815,040000,0.235,0.236,0.22,0.221,50000,0
6816.HK,5,20250815,040500,0.221,0.221,0.208,0.209,188000,0
6816.HK,5,20250815,041000,0.209,0.209,0.20,0.20,380000,0
6816.HK,5,20250815,041500,0.198,0.24,0.198,0.24,254000,0
6816.HK,5,20250815,042000,0.24,0.24,0.215,0.215,76000,0
6816.HK,5,20250815,042500,0.224,0.248,0.217,0.248,312000,0
6816.HK,5,20250815,043000,0.248,0.345,0.248,0.30,1542000,0
6816.HK,5,20250815,043500,0.30,0.325,0.30,0.31,180000,0
6816.HK,5,20250815,044000,0.31,0.31,0.275,0.275,86000,0
6816.HK,5,20250815,044500,0.28,0.315,0.28,0.285,92000,0
6816.HK,5,20250815,045000,0.305,0.315,0.305,0.315,184000,0
6816.HK,5,20250815,045500,0.31,0.31,0.29,0.295,76000,0
6816.HK,5,20250815,050000,0.31,0.345,0.31,0.325,664000,0
6816.HK,5,20250815,050500,0.33,0.365,0.33,0.365,432000,0
6816.HK,5,20250815,051000,0.36,0.37,0.345,0.345,480000,0
6816.HK,5,20250815,051500,0.36,0.37,0.345,0.35,346000,0
6816.HK,5,20250815,052000,0.345,0.36,0.345,0.35,394000,0
6816.HK,5,20250815,052500,0.345,0.35,0.345,0.35,230000,0
6816.HK,5,20250815,053000,0.355,0.355,0.345,0.345,230000,0
6816.HK,5,20250815,053500,0.35,0.35,0.34,0.35,136000,0
6816.HK,5,20250815,054000,0.32,0.35,0.315,0.35,108000,0
6816.HK,5,20250815,054500,0.335,0.335,0.315,0.33,98000,0
6816.HK,5,20250815,055000,0.33,0.35,0.33,0.35,6000,0
6816.HK,5,20250815,055500,0.35,0.35,0.35,0.35,26000,0
6816.HK,5,20250815,070000,0.345,0.345,0.34,0.34,20000,0
6816.HK,5,20250815,070500,0.32,0.32,0.305,0.32,114000,0
6816.HK,5,20250815,071000,0.32,0.33,0.32,0.325,20000,0
6816.HK,5,20250815,071500,0.325,0.325,0.325,0.325,12000,0
6816.HK,5,20250815,072500,0.325,0.325,0.325,0.325,38000,0
6816.HK,5,20250815,073000,0.325,0.325,0.325,0.325,2000,0
6816.HK,5,20250815,073500,0.31,0.31,0.31,0.31,84000,0
6816.HK,5,20250815,075000,0.31,0.31,0.305,0.305,130000,0
6816.HK,5,20250815,075500,0.305,0.305,0.305,0.305,58000,0
6816.HK,5,20250815,080000,0.30,0.30,0.295,0.295,38000,0
6816.HK,5,20250815,080500,0.30,0.30,0.295,0.295,24000,0
6816.HK,5,20250815,081000,0.295,0.295,0.295,0.295,12000,0
6816.HK,5,20250815,081500,0.31,0.31,0.31,0.31,20000,0
6816.HK,5,20250815,082000,0.31,0.31,0.31,0.31,38000,0
6816.HK,5,20250815,083000,0.31,0.31,0.31,0.31,18000,0
6816.HK,5,20250815,083500,0.31,0.315,0.31,0.315,86000,0
6816.HK,5,20250815,084000,0.32,0.32,0.32,0.32,16000,0
6816.HK,5,20250815,085500,0.31,0.32,0.31,0.31,250000,0
6816.HK,5,20250815,090000,0.31,0.31,0.31,0.31,30000,0
6816.HK,5,20250815,090500,0.31,0.31,0.29,0.29,36000,0
6816.HK,5,20250815,091000,0.295,0.295,0.295,0.295,8000,0
6816.HK,5,20250815,092500,0.30,0.30,0.28,0.28,222000,0
6816.HK,5,20250815,093000,0.285,0.285,0.28,0.28,70000,0
6816.HK,5,20250815,093500,0.275,0.275,0.275,0.275,12000,0
6816.HK,5,20250815,094000,0.28,0.28,0.28,0.28,6000,0
6816.HK,5,20250815,094500,0.275,0.275,0.275,0.275,6000,0
6816.HK,5,20250815,095000,0.27,0.27,0.265,0.27,76000,0
6816.HK,5,20250815,095500,0.27,0.27,0.245,0.26,460000,0
6816.HK,5,20250818,033500,0.275,0.31,0.275,0.305,120000,0
6816.HK,5,20250818,034000,0.31,0.325,0.305,0.305,302000,0
6816.HK,5,20250818,034500,0.305,0.305,0.29,0.305,190000,0
6816.HK,5,20250818,035500,0.305,0.31,0.305,0.31,62000,0
6816.HK,5,20250818,040000,0.315,0.325,0.315,0.325,116000,0
6816.HK,5,20250818,040500,0.325,0.325,0.325,0.325,56000,0
6816.HK,5,20250818,041000,0.325,0.325,0.325,0.325,6000,0
6816.HK,5,20250818,041500,0.315,0.315,0.31,0.315,118000,0
6816.HK,5,20250818,042000,0.31,0.335,0.31,0.335,264000,0
6816.HK,5,20250818,042500,0.34,0.35,0.34,0.35,138000,0
6816.HK,5,20250818,043000,0.35,0.35,0.35,0.35,50000,0
6816.HK,5,20250818,043500,0.355,0.36,0.355,0.36,134000,0
6816.HK,5,20250818,044000,0.36,0.37,0.36,0.37,274000,0
6816.HK,5,20250818,044500,0.37,0.44,0.37,0.44,840000,0
6816.HK,5,20250818,045000,0.43,0.43,0.385,0.40,672000,0
6816.HK,5,20250818,045500,0.40,0.40,0.375,0.375,356000,0
6816.HK,5,20250818,050000,0.37,0.375,0.36,0.375,94000,0
6816.HK,5,20250818,050500,0.375,0.39,0.375,0.39,54000,0
6816.HK,5,20250818,051000,0.39,0.39,0.39,0.39,12000,0
6816.HK,5,20250818,051500,0.38,0.38,0.365,0.365,84000,0
6816.HK,5,20250818,052000,0.365,0.365,0.365,0.365,52000,0
6816.HK,5,20250818,052500,0.365,0.365,0.35,0.35,218000,0
6816.HK,5,20250818,053000,0.35,0.365,0.35,0.365,106000,0
6816.HK,5,20250818,053500,0.365,0.37,0.365,0.365,56000,0
6816.HK,5,20250818,054000,0.37,0.37,0.37,0.37,36000,0
6816.HK,5,20250818,055500,0.35,0.35,0.35,0.35,30000,0
6816.HK,5,20250818,070000,0.35,0.365,0.35,0.35,36000,0
6816.HK,5,20250818,070500,0.35,0.35,0.305,0.32,216000,0
6816.HK,5,20250818,071000,0.325,0.33,0.325,0.33,116000,0
6816.HK,5,20250818,071500,0.33,0.33,0.33,0.33,8000,0
6816.HK,5,20250818,072000,0.325,0.325,0.325,0.325,42000,0
6816.HK,5,20250818,072500,0.325,0.325,0.325,0.325,38000,0
6816.HK,5,20250818,073000,0.325,0.33,0.325,0.33,26000,0
6816.HK,5,20250818,073500,0.335,0.345,0.335,0.345,62000,0
6816.HK,5,20250818,074000,0.345,0.345,0.34,0.34,34000,0
6816.HK,5,20250818,074500,0.325,0.325,0.325,0.325,16000,0
6816.HK,5,20250818,075000,0.325,0.335,0.31,0.335,28000,0
6816.HK,5,20250818,075500,0.335,0.335,0.335,0.335,36000,0
6816.HK,5,20250818,080000,0.335,0.335,0.335,0.335,10000,0
6816.HK,5,20250818,082000,0.32,0.32,0.31,0.31,60000,0
6816.HK,5,20250818,083500,0.315,0.315,0.315,0.315,2000,0
6816.HK,5,20250818,084000,0.315,0.315,0.315,0.315,20000,0
6816.HK,5,20250818,084500,0.315,0.315,0.315,0.315,10000,0
6816.HK,5,20250818,090000,0.31,0.31,0.31,0.31,36000,0
6816.HK,5,20250818,090500,0.30,0.305,0.30,0.305,22000,0
6816.HK,5,20250818,091000,0.305,0.305,0.305,0.305,6000,0
6816.HK,5,20250818,092500,0.305,0.305,0.305,0.305,4000,0
6816.HK,5,20250818,094000,0.31,0.31,0.305,0.305,20000,0
6816.HK,5,20250818,094500,0.31,0.31,0.31,0.31,24000,0
6816.HK,5,20250818,095000,0.325,0.33,0.325,0.33,82000,0
6816.HK,5,20250818,095500,0.325,0.33,0.32,0.32,154000,0
6816.HK,5,20250819,033000,0.30,0.325,0.30,0.325,10000,0
6816.HK,5,20250819,033500,0.35,0.35,0.33,0.33,22000,0
6816.HK,5,20250819,034000,0.33,0.33,0.33,0.33,4000,0
6816.HK,5,20250819,040000,0.305,0.305,0.30,0.305,52000,0
6816.HK,5,20250819,040500,0.305,0.305,0.305,0.305,8000,0
6816.HK,5,20250819,041000,0.305,0.305,0.305,0.305,84000,0
6816.HK,5,20250819,043000,0.305,0.315,0.305,0.315,20000,0
6816.HK,5,20250819,043500,0.31,0.32,0.305,0.32,100000,0
6816.HK,5,20250819,044000,0.32,0.32,0.32,0.32,18000,0
6816.HK,5,20250819,070000,0.305,0.32,0.305,0.32,74000,0
6816.HK,5,20250819,070500,0.305,0.32,0.305,0.32,34000,0
6816.HK,5,20250819,073000,0.305,0.305,0.305,0.305,50000,0
6816.HK,5,20250819,074000,0.305,0.305,0.305,0.305,10000,0
6816.HK,5,20250819,074500,0.305,0.305,0.30,0.30,6000,0
6816.HK,5,20250819,081000,0.30,0.30,0.30,0.30,152000,0
6816.HK,5,20250819,081500,0.30,0.30,0.30,0.30,6000,0
6816.HK,5,20250819,083000,0.29,0.29,0.29,0.29,56000,0
6816.HK,5,20250819,084500,0.29,0.29,0.29,0.29,6000,0
6816.HK,5,20250819,085500,0.29,0.29,0.29,0.29,32000,0
6816.HK,5,20250819,091500,0.29,0.29,0.29,0.29,2000,0
6816.HK,5,20250819,092000,0.285,0.285,0.285,0.285,14000,0
6816.HK,5,20250819,092500,0.285,0.285,0.285,0.285,26000,0
6816.HK,5,20250819,093000,0.285,0.285,0.285,0.285,2000,0
6816.HK,5,20250819,094000,0.285,0.285,0.285,0.285,26000,0
6816.HK,5,20250820,070000,0.29,0.29,0.29,0.29,4000,0
6816.HK,5,20250820,085000,0.295,0.295,0.295,0.295,4000,0
6816.HK,5,20250820,093500,0.295,0.295,0.295,0.295,60000,0
6816.HK,5,20250820,094000,0.29,0.29,0.29,0.29,30000,0
6816.HK,5,20250821,094000,0.29,0.29,0.29,0.29,6000,0
6816.HK,5,20250822,042000,0.29,0.29,0.29,0.29,50000,0
6816.HK,5,20250822,053000,0.29,0.29,0.29,0.29,6000,0
6816.HK,5,20250822,073000,0.29,0.29,0.29,0.29,24000,0
6816.HK,5,20250822,075500,0.29,0.29,0.29,0.29,140000,0
6816.HK,5,20250825,033500,0.285,0.285,0.285,0.285,10000,0
6816.HK,5,20250825,050500,0.285,0.285,0.285,0.285,10000,0
6816.HK,5,20250825,053500,0.30,0.30,0.30,0.30,20000,0
6816.HK,5,20250825,054500,0.285,0.285,0.28,0.28,30000,0
6816.HK,5,20250825,055000,0.28,0.28,0.28,0.28,44000,0
6816.HK,5,20250825,070000,0.28,0.28,0.28,0.28,16000,0
6816.HK,5,20250825,070500,0.285,0.29,0.285,0.29,18000,0
6816.HK,5,20250825,072500,0.285,0.285,0.285,0.285,108000,0
6816.HK,5,20250825,084000,0.28,0.28,0.28,0.28,34000,0
6816.HK,5,20250826,034000,0.28,0.32,0.28,0.32,6000,0
6816.HK,5,20250826,034500,0.28,0.28,0.28,0.28,4000,0
6816.HK,5,20250826,035000,0.28,0.30,0.28,0.30,20000,0
6816.HK,5,20250826,035500,0.30,0.30,0.30,0.30,4000,0
6816.HK,5,20250826,094000,0.26,0.295,0.26,0.295,156000,0
6816.HK,5,20250826,095500,0.295,0.295,0.295,0.295,2000,0
6816.HK,5,20250828,073500,0.26,0.26,0.26,0.26,14000,0
6816.HK,5,20250828,090000,0.26,0.26,0.26,0.26,24000,0
6816.HK,5,20250828,094500,0.243,0.244,0.243,0.244,14000,0
6816.HK,5,20250829,045500,0.26,0.26,0.26,0.26,14000,0
6816.HK,5,20250829,070000,0.26,0.26,0.26,0.26,12000,0
6816.HK,5,20250829,082000,0.26,0.26,0.26,0.26,2000,0
6816.HK,5,20250829,092000,0.26,0.26,0.26,0.26,2000,0
6816.HK,5,20250829,095500,0.26,0.26,0.26,0.26,8000,0
6816.HK,5,20250901,043500,0.223,0.223,0.223,0.223,10000,0
6816.HK,5,20250901,044500,0.23,0.23,0.23,0.23,20000,0
6816.HK,5,20250901,045000,0.23,0.23,0.23,0.23,40000,0
6816.HK,5,20250901,095500,0.23,0.23,0.225,0.225,8000,0
6816.HK,5,20250902,075000,0.21,0.21,0.21,0.21,2000,0
6816.HK,5,20250902,091000,0.21,0.21,0.21,0.21,24000,0
6816.HK,5,20250902,091500,0.206,0.21,0.206,0.21,60000,0
6816.HK,5,20250902,092000,0.21,0.21,0.21,0.21,4000,0
6816.HK,5,20250905,072000,0.188,0.196,0.188,0.196,12000,0
6816.HK,5,20250909,090500,0.196,0.196,0.196,0.196,2000,0
6816.HK,5,20250909,095500,0.196,0.196,0.196,0.196,2000,0
6816.HK,5,20250910,034000,0.196,0.196,0.196,0.196,2000,0
6816.HK,5,20250910,081500,0.206,0.206,0.206,0.206,2000,0
6816.HK,5,20250912,040500,0.22,0.22,0.22,0.22,4000,0
6816.HK,5,20250912,045500,0.229,0.23,0.229,0.23,86000,0
6816.HK,5,20250912,050000,0.23,0.23,0.23,0.23,4000,0
6816.HK,5,20250912,052000,0.23,0.23,0.23,0.23,4000,0
6816.HK,5,20250912,074000,0.295,0.295,0.25,0.25,4000,0
6816.HK,5,20250912,075000,0.28,0.28,0.28,0.28,20000,0
6816.HK,5,20250912,080000,0.285,0.285,0.285,0.285,2000,0
6816.HK,5,20250912,081000,0.285,0.285,0.285,0.285,8000,0
6816.HK,5,20250912,081500,0.285,0.285,0.285,0.285,2000,0
6816.HK,5,20250912,090000,0.285,0.285,0.285,0.285,50000,0
6816.HK,5,20250912,091500,0.29,0.29,0.285,0.285,2000,0
6816.HK,5,20250916,091000,0.28,0.28,0.28,0.28,2000,0
6816.HK,5,20250918,091500,0.275,0.275,0.275,0.275,4000,0
6816.HK,5,20250919,050000,0.225,0.244,0.225,0.244,66000,0
6816.HK,5,20250919,050500,0.237,0.237,0.237,0.237,2000,0
6816.HK,5,20250919,053500,0.236,0.237,0.236,0.237,18000,0
6816.HK,5,20250919,084500,0.228,0.231,0.228,0.231,30000,0
6816.HK,5,20250919,085000,0.231,0.231,0.231,0.231,12000,0
6816.HK,5,20250919,095500,0.23,0.23,0.226,0.226,38000,0
6816.HK,5,20250923,041000,0.226,0.226,0.226,0.226,30000,0
6816.HK,5,20250924,035500,0.211,0.211,0.211,0.211,10000,0
6816.HK,5,20250924,040000,0.211,0.211,0.211,0.211,2000,0
6816.HK,5,20250924,040500,0.21,0.21,0.21,0.21,20000,0
6816.HK,5,20250924,050500,0.209,0.209,0.209,0.209,10000,0
6816.HK,5,20250924,051000,0.209,0.209,0.20,0.20,24000,0
6816.HK,5,20250924,052000,0.20,0.201,0.20,0.201,48000,0
6816.HK,5,20250924,091000,0.20,0.20,0.199,0.199,30000,0
6816.HK,5,20250929,044000,0.20,0.209,0.20,0.209,4000,0
6816.HK,5,20251003,033000,0.21,0.21,0.21,0.21,100000,0
6816.HK,5,20251006,041500,0.21,0.21,0.21,0.21,2000,0
6816.HK,5,20251006,045500,0.209,0.21,0.209,0.21,60000,0
6816.HK,5,20251008,053000,0.21,0.21,0.21,0.21,40000,0
6816.HK,5,20251009,035500,0.211,0.211,0.211,0.211,8000,0
6816.HK,5,20251009,044500,0.211,0.211,0.211,0.211,2000,0
6816.HK,5,20251009,051000,0.212,0.212,0.212,0.212,8000,0
6816.HK,5,20251009,075500,0.215,0.215,0.215,0.215,10000,0
6816.HK,5,20251010,034000,0.24,0.24,0.24,0.24,2000,0
6816.HK,5,20251010,034500,0.246,0.30,0.246,0.30,26000,0
6816.HK,5,20251010,035000,0.30,0.355,0.30,0.355,170000,0
6816.HK,5,20251010,035500,0.315,0.32,0.26,0.26,100000,0
6816.HK,5,20251010,040000,0.28,0.325,0.275,0.305,172000,0
6816.HK,5,20251010,040500,0.31,0.31,0.28,0.285,118000,0
6816.HK,5,20251010,041000,0.295,0.295,0.295,0.295,258000,0
6816.HK,5,20251010,041500,0.33,0.33,0.30,0.30,72000,0
6816.HK,5,20251010,042000,0.305,0.305,0.30,0.30,54000,0
6816.HK,5,20251010,043000,0.30,0.30,0.29,0.29,22000,0
6816.HK,5,20251010,043500,0.28,0.285,0.28,0.285,20000,0
6816.HK,5,20251010,044000,0.285,0.285,0.285,0.285,2000,0
6816.HK,5,20251010,044500,0.285,0.285,0.285,0.285,4000,0
6816.HK,5,20251010,045000,0.285,0.285,0.285,0.285,24000,0
6816.HK,5,20251010,045500,0.28,0.28,0.27,0.27,28000,0
6816.HK,5,20251010,050000,0.275,0.275,0.275,0.275,2000,0
6816.HK,5,20251010,050500,0.27,0.27,0.27,0.27,4000,0
6816.HK,5,20251010,051000,0.275,0.275,0.265,0.265,86000,0
6816.HK,5,20251010,051500,0.265,0.265,0.26,0.26,36000,0
6816.HK,5,20251010,053000,0.26,0.26,0.26,0.26,10000,0
6816.HK,5,20251010,053500,0.255,0.255,0.25,0.25,30000,0
6816.HK,5,20251010,054000,0.25,0.255,0.25,0.255,18000,0
6816.HK,5,20251010,054500,0.265,0.27,0.265,0.27,24000,0
6816.HK,5,20251010,070000,0.27,0.27,0.265,0.265,44000,0
6816.HK,5,20251010,071000,0.25,0.25,0.25,0.25,18000,0
6816.HK,5,20251010,071500,0.25,0.25,0.245,0.245,14000,0
6816.HK,5,20251010,072500,0.241,0.241,0.241,0.241,2000,0
6816.HK,5,20251010,073000,0.239,0.24,0.239,0.24,56000,0
6816.HK,5,20251010,073500,0.241,0.241,0.24,0.24,30000,0
6816.HK,5,20251010,074000,0.24,0.241,0.237,0.237,44000,0
6816.HK,5,20251010,075000,0.238,0.238,0.238,0.238,2000,0
6816.HK,5,20251010,082500,0.238,0.238,0.238,0.238,10000,0
6816.HK,5,20251010,085500,0.236,0.236,0.235,0.235,72000,0
6816.HK,5,20251010,091500,0.235,0.235,0.235,0.235,10000,0
6816.HK,5,20251010,092000,0.23,0.23,0.228,0.229,54000,0
6816.HK,5,20251010,095000,0.217,0.218,0.217,0.218,4000,0
6816.HK,5,20251010,095500,0.218,0.219,0.218,0.219,42000,0
6816.HK,5,20251013,034500,0.206,0.206,0.205,0.205,42000,0
6816.HK,5,20251013,035000,0.205,0.205,0.205,0.205,2000,0
6816.HK,5,20251013,044000,0.184,0.193,0.184,0.193,10000,0
6816.HK,5,20251013,054000,0.194,0.194,0.194,0.194,2000,0
6816.HK,5,20251013,054500,0.194,0.194,0.194,0.194,2000,0
6816.HK,5,20251013,055000,0.194,0.194,0.194,0.194,2000,0
6816.HK,5,20251013,072000,0.197,0.197,0.197,0.197,4000,0
6816.HK,5,20251013,074500,0.194,0.194,0.194,0.194,34000,0
6816.HK,5,20251013,081500,0.194,0.194,0.194,0.194,10000,0
6816.HK,5,20251013,095500,0.194,0.194,0.194,0.194,4000,0
6816.HK,5,20251014,034000,0.206,0.222,0.204,0.222,16000,0
6816.HK,5,20251014,034500,0.214,0.214,0.212,0.213,34000,0
6816.HK,5,20251014,035000,0.213,0.213,0.212,0.212,6000,0
6816.HK,5,20251015,035000,0.209,0.211,0.209,0.211,16000,0
6816.HK,5,20251023,084500,0.23,0.23,0.23,0.23,2000,0
6816.HK,5,20251023,091500,0.22,0.22,0.22,0.22,2000,0
6816.HK,5,20251023,093000,0.22,0.22,0.219,0.219,2000,0
6816.HK,5,20251028,024500,0.179,0.18,0.179,0.18,4000,0
6816.HK,5,20251028,060500,0.199,0.20,0.196,0.20,8000,0
6816.HK,5,20251103,032500,0.199,0.20,0.199,0.20,80000,0
6816.HK,5,20251104,074500,0.192,0.20,0.192,0.20,130000,0
6816.HK,5,20251104,082500,0.224,0.224,0.224,0.224,10000,0
6816.HK,5,20251104,083500,0.218,0.218,0.218,0.218,2000,0
6816.HK,5,20251104,085000,0.216,0.216,0.215,0.215,58000,0
6816.HK,5,20251104,085500,0.216,0.216,0.216,0.216,114000,0
6816.HK,5,20251117,070000,0.203,0.203,0.203,0.203,2000,0
6816.HK,5,20251117,070500,0.23,0.23,0.23,0.23,2000,0
6816.HK,5,20251127,081000,0.239,0.239,0.239,0.239,2000,0
