<TICKER>,<PER>,<DATE>,<TIME>,<OPEN>,<HIGH>,<LOW>,<CLOSE>,<VOL>,<OPENINT>
6939.HK,5,20250709,040000,0.475,0.475,0.475,0.475,40000,0
6939.HK,5,20250709,043000,0.475,0.475,0.475,0.475,14000,0
6939.HK,5,20250715,095500,0.465,0.465,0.465,0.465,40000,0
6939.HK,5,20250718,042000,0.46,0.46,0.46,0.46,2000,0
6939.HK,5,20250718,052500,0.47,0.47,0.47,0.47,10000,0
6939.HK,5,20250718,072000,0.47,0.47,0.47,0.47,50000,0
6939.HK,5,20250718,075500,0.475,0.475,0.475,0.475,2000,0
6939.HK,5,20250718,091500,0.485,0.485,0.485,0.485,110000,0
6939.HK,5,20250721,044000,0.485,0.485,0.485,0.485,50000,0
6939.HK,5,20250721,045500,0.49,0.49,0.49,0.49,40000,0
6939.HK,5,20250721,080000,0.485,0.485,0.485,0.485,4000,0
6939.HK,5,20250721,081000,0.485,0.485,0.485,0.485,102000,0
6939.HK,5,20250721,083500,0.47,0.48,0.47,0.48,8000,0
6939.HK,5,20250722,035500,0.48,0.48,0.48,0.48,50000,0
6939.HK,5,20250722,041000,0.50,0.50,0.50,0.50,50000,0
6939.HK,5,20250722,050500,0.49,0.49,0.49,0.49,12000,0
6939.HK,5,20250722,093000,0.485,0.485,0.485,0.485,10000,0
6939.HK,5,20250723,053500,0.485,0.485,0.485,0.485,2000,0
6939.HK,5,20250723,054000,0.485,0.485,0.46,0.47,30000,0
6939.HK,5,20250730,035000,0.47,0.47,0.47,0.47,2000,0
6939.HK,5,20250730,044500,0.47,0.47,0.47,0.47,2000,0
6939.HK,5,20250730,075000,0.47,0.47,0.47,0.47,10000,0
6939.HK,5,20250801,094500,0.47,0.47,0.47,0.47,8000,0
6939.HK,5,20250804,033500,0.47,0.47,0.47,0.47,4000,0
6939.HK,5,20250804,055000,0.49,0.49,0.49,0.49,2000,0
6939.HK,5,20250804,073000,0.47,0.47,0.47,0.47,2000,0
6939.HK,5,20250804,082500,0.465,0.465,0.465,0.465,2000,0
6939.HK,5,20250804,085000,0.46,0.46,0.455,0.455,8000,0
6939.HK,5,20250804,095000,0.455,0.455,0.455,0.455,2000,0
6939.HK,5,20250805,051500,0.46,0.46,0.46,0.46,40000,0
6939.HK,5,20250805,053000,0.465,0.465,0.465,0.465,4000,0
6939.HK,5,20250805,084000,0.47,0.47,0.47,0.47,14000,0
6939.HK,5,20250808,043000,0.46,0.46,0.46,0.46,26000,0
6939.HK,5,20250808,073500,0.46,0.46,0.46,0.46,2000,0
6939.HK,5,20250815,050000,0.455,0.46,0.455,0.46,56000,0
6939.HK,5,20250815,051000,0.47,0.475,0.47,0.475,22000,0
6939.HK,5,20250815,051500,0.475,0.475,0.475,0.475,8000,0
6939.HK,5,20250815,052000,0.475,0.475,0.475,0.475,30000,0
6939.HK,5,20250815,054500,0.475,0.475,0.475,0.475,10000,0
6939.HK,5,20250815,073500,0.475,0.475,0.475,0.475,200000,0
6939.HK,5,20250815,093500,0.465,0.465,0.46,0.46,10000,0
6939.HK,5,20250818,041500,0.475,0.475,0.475,0.475,10000,0
6939.HK,5,20250818,071500,0.47,0.47,0.47,0.47,46000,0
6939.HK,5,20250818,075000,0.47,0.47,0.47,0.47,2000,0
6939.HK,5,20250818,094500,0.46,0.46,0.46,0.46,26000,0
6939.HK,5,20250819,045500,0.455,0.455,0.455,0.455,18000,0
6939.HK,5,20250819,085000,0.46,0.46,0.46,0.46,10000,0
6939.HK,5,20250820,035500,0.455,0.455,0.455,0.455,38000,0
6939.HK,5,20250820,040000,0.45,0.45,0.45,0.45,6000,0
6939.HK,5,20250820,041500,0.45,0.45,0.445,0.445,58000,0
6939.HK,5,20250820,042000,0.445,0.445,0.445,0.445,2000,0
6939.HK,5,20250820,042500,0.445,0.445,0.445,0.445,10000,0
6939.HK,5,20250820,094500,0.445,0.445,0.445,0.445,8000,0
6939.HK,5,20250821,044000,0.445,0.445,0.445,0.445,2000,0
6939.HK,5,20250821,072000,0.445,0.445,0.445,0.445,2000,0
6939.HK,5,20250821,085000,0.44,0.44,0.44,0.44,20000,0
6939.HK,5,20250822,044000,0.43,0.435,0.43,0.435,24000,0
6939.HK,5,20250822,045000,0.435,0.435,0.435,0.435,16000,0
6939.HK,5,20250822,051000,0.435,0.435,0.435,0.435,4000,0
6939.HK,5,20250822,054000,0.435,0.435,0.435,0.435,30000,0
6939.HK,5,20250822,085500,0.445,0.445,0.445,0.445,10000,0
6939.HK,5,20250822,090500,0.44,0.44,0.44,0.44,4000,0
6939.HK,5,20250825,040500,0.44,0.445,0.44,0.445,20000,0
6939.HK,5,20250825,070500,0.445,0.445,0.445,0.445,12000,0
6939.HK,5,20250825,071000,0.445,0.445,0.445,0.445,20000,0
6939.HK,5,20250825,071500,0.445,0.445,0.445,0.445,10000,0
6939.HK,5,20250825,090500,0.445,0.445,0.445,0.445,6000,0
6939.HK,5,20250825,095500,0.445,0.445,0.445,0.445,2000,0
6939.HK,5,20250826,040000,0.44,0.44,0.44,0.44,20000,0
6939.HK,5,20250826,043000,0.445,0.45,0.445,0.45,26000,0
6939.HK,5,20250826,043500,0.45,0.45,0.45,0.45,22000,0
6939.HK,5,20250826,044500,0.44,0.44,0.44,0.44,16000,0
6939.HK,5,20250826,071000,0.44,0.44,0.44,0.44,26000,0
6939.HK,5,20250826,084500,0.43,0.435,0.43,0.435,54000,0
6939.HK,5,20250827,041500,0.445,0.445,0.445,0.445,50000,0
6939.HK,5,20250827,042500,0.45,0.45,0.45,0.45,52000,0
6939.HK,5,20250827,081500,0.45,0.45,0.45,0.45,10000,0
6939.HK,5,20250828,084000,0.435,0.44,0.435,0.44,2000,0
6939.HK,5,20250829,080000,0.44,0.44,0.44,0.44,50000,0
6939.HK,5,20250901,052000,0.425,0.43,0.425,0.43,2000,0
6939.HK,5,20250902,070000,0.44,0.44,0.44,0.44,2000,0
6939.HK,5,20250902,071500,0.435,0.435,0.435,0.435,6000,0
6939.HK,5,20250902,090000,0.435,0.435,0.435,0.435,10000,0
6939.HK,5,20250902,091000,0.435,0.435,0.435,0.435,6000,0
6939.HK,5,20250902,095500,0.455,0.455,0.455,0.455,16000,0
6939.HK,5,20250903,073000,0.455,0.455,0.455,0.455,8000,0
6939.HK,5,20250903,090500,0.435,0.435,0.435,0.435,40000,0
6939.HK,5,20250904,092000,0.45,0.45,0.45,0.45,50000,0
6939.HK,5,20250905,040500,0.46,0.46,0.46,0.46,50000,0
6939.HK,5,20250905,081500,0.435,0.435,0.435,0.435,2000,0
6939.HK,5,20250905,084000,0.445,0.45,0.445,0.45,50000,0
6939.HK,5,20250905,091500,0.44,0.44,0.44,0.44,10000,0
6939.HK,5,20250908,043500,0.46,0.46,0.46,0.46,50000,0
6939.HK,5,20250908,050500,0.47,0.47,0.47,0.47,10000,0
6939.HK,5,20250908,051000,0.45,0.45,0.45,0.45,100000,0
6939.HK,5,20250908,080500,0.465,0.465,0.465,0.465,46000,0
6939.HK,5,20250908,083000,0.47,0.475,0.47,0.475,28000,0
6939.HK,5,20250908,083500,0.48,0.48,0.48,0.48,28000,0
6939.HK,5,20250908,094500,0.475,0.48,0.475,0.48,30000,0
6939.HK,5,20250909,034500,0.485,0.485,0.485,0.485,58000,0
6939.HK,5,20250909,040000,0.49,0.49,0.49,0.49,14000,0
6939.HK,5,20250909,051000,0.485,0.485,0.485,0.485,2000,0
6939.HK,5,20250909,070000,0.485,0.485,0.485,0.485,38000,0
6939.HK,5,20250909,072500,0.485,0.485,0.485,0.485,12000,0
6939.HK,5,20250910,075000,0.48,0.48,0.48,0.48,26000,0
6939.HK,5,20250910,082000,0.48,0.48,0.48,0.48,6000,0
6939.HK,5,20250911,041000,0.49,0.49,0.49,0.49,50000,0
6939.HK,5,20250912,042000,0.48,0.48,0.48,0.48,50000,0
6939.HK,5,20250915,051000,0.48,0.48,0.48,0.48,10000,0
6939.HK,5,20250915,073000,0.455,0.455,0.455,0.455,42000,0
6939.HK,5,20250915,073500,0.455,0.455,0.455,0.455,400000,0
6939.HK,5,20250915,074000,0.455,0.455,0.455,0.455,48000,0
6939.HK,5,20250915,074500,0.455,0.455,0.45,0.455,550000,0
6939.HK,5,20250917,033500,0.45,0.45,0.45,0.45,30000,0
6939.HK,5,20250917,040000,0.45,0.45,0.45,0.45,100000,0
6939.HK,5,20250917,054500,0.44,0.44,0.44,0.44,8000,0
6939.HK,5,20250917,073000,0.445,0.445,0.445,0.445,2000,0
6939.HK,5,20250917,092000,0.44,0.44,0.44,0.44,2000,0
6939.HK,5,20250917,093000,0.44,0.44,0.44,0.44,10000,0
6939.HK,5,20250918,035000,0.43,0.43,0.43,0.43,68000,0
6939.HK,5,20250918,035500,0.43,0.43,0.43,0.43,12000,0
6939.HK,5,20250918,041000,0.43,0.43,0.43,0.43,2000,0
6939.HK,5,20250918,041500,0.43,0.43,0.43,0.43,18000,0
6939.HK,5,20250918,050500,0.43,0.43,0.43,0.43,6000,0
6939.HK,5,20250918,070000,0.43,0.43,0.43,0.43,40000,0
6939.HK,5,20250918,082000,0.425,0.43,0.425,0.43,100000,0
6939.HK,5,20250919,042000,0.425,0.425,0.425,0.425,12000,0
6939.HK,5,20250919,055000,0.425,0.425,0.425,0.425,4000,0
6939.HK,5,20250919,095500,0.425,0.425,0.425,0.425,2000,0
6939.HK,5,20250922,042500,0.425,0.425,0.425,0.425,12000,0
6939.HK,5,20250922,054500,0.425,0.425,0.425,0.425,10000,0
6939.HK,5,20250922,081500,0.43,0.43,0.43,0.43,4000,0
6939.HK,5,20250922,082000,0.43,0.43,0.43,0.43,12000,0
6939.HK,5,20250922,083500,0.43,0.43,0.43,0.43,4000,0
6939.HK,5,20250922,091500,0.43,0.43,0.43,0.43,2000,0
6939.HK,5,20250922,093000,0.435,0.435,0.435,0.435,18000,0
6939.HK,5,20250922,095500,0.44,0.44,0.44,0.44,14000,0
6939.HK,5,20250923,035500,0.445,0.445,0.44,0.44,12000,0
6939.HK,5,20250923,040000,0.44,0.44,0.435,0.435,6000,0
6939.HK,5,20250923,040500,0.435,0.44,0.435,0.44,30000,0
6939.HK,5,20250923,044500,0.48,0.48,0.48,0.48,2000,0
6939.HK,5,20250923,070500,0.46,0.46,0.46,0.46,14000,0
6939.HK,5,20250923,082500,0.46,0.465,0.46,0.465,90000,0
6939.HK,5,20250923,083000,0.465,0.465,0.45,0.455,20000,0
6939.HK,5,20250923,083500,0.465,0.465,0.465,0.465,22000,0
6939.HK,5,20250923,084000,0.46,0.46,0.46,0.46,2000,0
6939.HK,5,20250923,085500,0.46,0.46,0.455,0.455,10000,0
6939.HK,5,20250923,095500,0.45,0.45,0.45,0.45,2000,0
6939.HK,5,20250925,072000,0.445,0.45,0.445,0.45,6000,0
6939.HK,5,20250925,091500,0.445,0.445,0.445,0.445,2000,0
6939.HK,5,20250926,052000,0.45,0.45,0.445,0.45,22000,0
6939.HK,5,20250926,081500,0.455,0.455,0.455,0.455,40000,0
6939.HK,5,20250926,090500,0.45,0.45,0.445,0.445,6000,0
6939.HK,5,20250926,092000,0.45,0.45,0.45,0.45,24000,0
6939.HK,5,20250929,035000,0.47,0.47,0.47,0.47,18000,0
6939.HK,5,20250929,041500,0.47,0.47,0.47,0.47,20000,0
6939.HK,5,20250929,042000,0.47,0.47,0.47,0.47,10000,0
6939.HK,5,20250929,044500,0.48,0.48,0.48,0.48,12000,0
6939.HK,5,20250929,052500,0.475,0.475,0.475,0.475,20000,0
6939.HK,5,20250929,055500,0.48,0.48,0.48,0.48,20000,0
6939.HK,5,20250929,070000,0.48,0.48,0.48,0.48,22000,0
6939.HK,5,20250929,070500,0.485,0.485,0.485,0.485,30000,0
6939.HK,5,20250929,080500,0.495,0.50,0.495,0.50,24000,0
6939.HK,5,20250929,082000,0.51,0.51,0.51,0.51,10000,0
6939.HK,5,20250929,082500,0.52,0.53,0.52,0.53,128000,0
6939.HK,5,20250929,083000,0.54,0.58,0.54,0.57,132000,0
6939.HK,5,20250929,083500,0.58,0.59,0.58,0.59,22000,0
6939.HK,5,20250929,084000,0.59,0.61,0.59,0.61,176000,0
6939.HK,5,20250929,084500,0.60,0.62,0.60,0.61,138000,0
6939.HK,5,20250929,085000,0.61,0.61,0.59,0.59,40000,0
6939.HK,5,20250929,085500,0.61,0.62,0.61,0.62,102000,0
6939.HK,5,20250929,090000,0.62,0.63,0.62,0.63,94000,0
6939.HK,5,20250929,090500,0.63,0.63,0.63,0.63,6000,0
6939.HK,5,20250929,091000,0.64,0.64,0.61,0.64,68000,0
6939.HK,5,20250929,091500,0.63,0.64,0.62,0.64,116000,0
6939.HK,5,20250929,092000,0.62,0.62,0.61,0.61,6000,0
6939.HK,5,20250929,092500,0.60,0.61,0.60,0.61,18000,0
6939.HK,5,20250929,093000,0.61,0.61,0.60,0.60,24000,0
6939.HK,5,20250929,093500,0.61,0.61,0.59,0.60,10000,0
6939.HK,5,20250929,094000,0.59,0.59,0.59,0.59,8000,0
6939.HK,5,20250929,095000,0.60,0.60,0.59,0.60,82000,0
6939.HK,5,20250929,095500,0.60,0.60,0.60,0.60,22000,0
6939.HK,5,20250930,033000,0.60,0.61,0.60,0.61,10000,0
6939.HK,5,20250930,033500,0.61,0.61,0.59,0.59,18000,0
6939.HK,5,20250930,034000,0.57,0.57,0.57,0.57,8000,0
6939.HK,5,20250930,034500,0.56,0.62,0.56,0.62,38000,0
6939.HK,5,20250930,035000,0.61,0.61,0.61,0.61,4000,0
6939.HK,5,20250930,035500,0.61,0.61,0.60,0.60,34000,0
6939.HK,5,20250930,040000,0.60,0.60,0.60,0.60,2000,0
6939.HK,5,20250930,040500,0.60,0.60,0.60,0.60,6000,0
6939.HK,5,20250930,042000,0.57,0.57,0.56,0.56,26000,0
6939.HK,5,20250930,042500,0.57,0.57,0.57,0.57,26000,0
6939.HK,5,20250930,043000,0.59,0.59,0.59,0.59,4000,0
6939.HK,5,20250930,043500,0.58,0.58,0.58,0.58,2000,0
6939.HK,5,20250930,044000,0.58,0.59,0.58,0.59,14000,0
6939.HK,5,20250930,051500,0.54,0.55,0.54,0.55,38000,0
6939.HK,5,20250930,052500,0.55,0.55,0.55,0.55,10000,0
6939.HK,5,20250930,080500,0.58,0.58,0.58,0.58,2000,0
6939.HK,5,20250930,081500,0.57,0.57,0.56,0.57,26000,0
6939.HK,5,20250930,082500,0.57,0.57,0.56,0.56,26000,0
6939.HK,5,20250930,084000,0.56,0.56,0.56,0.56,2000,0
6939.HK,5,20250930,091500,0.56,0.56,0.56,0.56,24000,0
6939.HK,5,20250930,093500,0.56,0.56,0.56,0.56,6000,0
6939.HK,5,20250930,094500,0.55,0.55,0.55,0.55,20000,0
6939.HK,5,20250930,095500,0.56,0.57,0.56,0.57,16000,0
6939.HK,5,20251002,041000,0.61,0.61,0.61,0.61,10000,0
6939.HK,5,20251002,041500,0.61,0.61,0.61,0.61,8000,0
6939.HK,5,20251002,042000,0.60,0.60,0.60,0.60,2000,0
6939.HK,5,20251002,044500,0.58,0.58,0.58,0.58,28000,0
6939.HK,5,20251002,050000,0.58,0.58,0.57,0.57,4000,0
6939.HK,5,20251002,052000,0.57,0.57,0.57,0.57,2000,0
6939.HK,5,20251002,053500,0.57,0.57,0.57,0.57,2000,0
6939.HK,5,20251002,072500,0.57,0.57,0.57,0.57,2000,0
6939.HK,5,20251002,091500,0.59,0.59,0.59,0.59,2000,0
6939.HK,5,20251002,092000,0.58,0.58,0.58,0.58,16000,0
6939.HK,5,20251002,095000,0.59,0.59,0.59,0.59,22000,0
6939.HK,5,20251002,095500,0.58,0.58,0.58,0.58,50000,0
6939.HK,5,20251003,050500,0.62,0.62,0.62,0.62,8000,0
6939.HK,5,20251003,080500,0.59,0.60,0.59,0.60,118000,0
6939.HK,5,20251003,081000,0.59,0.59,0.59,0.59,40000,0
6939.HK,5,20251003,082000,0.61,0.62,0.61,0.62,134000,0
6939.HK,5,20251003,092000,0.62,0.63,0.62,0.63,22000,0
6939.HK,5,20251003,092500,0.62,0.63,0.62,0.63,4000,0
6939.HK,5,20251003,093000,0.62,0.62,0.62,0.62,16000,0
6939.HK,5,20251003,094500,0.62,0.62,0.62,0.62,68000,0
6939.HK,5,20251003,095000,0.62,0.62,0.62,0.62,4000,0
6939.HK,5,20251003,095500,0.62,0.62,0.62,0.62,10000,0
6939.HK,5,20251006,033500,0.60,0.60,0.60,0.60,20000,0
6939.HK,5,20251006,034000,0.60,0.60,0.60,0.60,10000,0
6939.HK,5,20251006,034500,0.62,0.62,0.62,0.62,4000,0
6939.HK,5,20251008,033000,0.60,0.60,0.60,0.60,6000,0
6939.HK,5,20251008,034000,0.64,0.64,0.64,0.64,2000,0
6939.HK,5,20251008,034500,0.64,0.65,0.63,0.64,46000,0
6939.HK,5,20251008,035000,0.63,0.63,0.62,0.62,4000,0
6939.HK,5,20251008,040000,0.61,0.61,0.61,0.61,2000,0
6939.HK,5,20251008,040500,0.61,0.61,0.61,0.61,18000,0
6939.HK,5,20251008,041000,0.61,0.61,0.60,0.60,20000,0
6939.HK,5,20251008,051000,0.60,0.60,0.60,0.60,14000,0
6939.HK,5,20251008,052000,0.61,0.61,0.61,0.61,6000,0
6939.HK,5,20251008,072500,0.61,0.61,0.61,0.61,8000,0
6939.HK,5,20251008,080500,0.61,0.61,0.61,0.61,50000,0
6939.HK,5,20251008,085500,0.61,0.61,0.61,0.61,4000,0
6939.HK,5,20251009,033500,0.61,0.63,0.61,0.63,3844000,0
6939.HK,5,20251009,034000,0.63,0.63,0.63,0.63,2000,0
6939.HK,5,20251009,034500,0.63,0.64,0.62,0.63,14000,0
6939.HK,5,20251009,035000,0.63,0.63,0.62,0.62,10000,0
6939.HK,5,20251009,042500,0.63,0.64,0.63,0.64,32000,0
6939.HK,5,20251009,044000,0.63,0.63,0.62,0.62,14000,0
6939.HK,5,20251009,044500,0.63,0.63,0.63,0.63,4000,0
6939.HK,5,20251009,045000,0.63,0.63,0.61,0.61,32000,0
6939.HK,5,20251009,070000,0.62,0.62,0.62,0.62,10000,0
6939.HK,5,20251009,075500,0.61,0.61,0.61,0.61,4000,0
6939.HK,5,20251009,081000,0.60,0.61,0.60,0.61,22000,0
6939.HK,5,20251009,082500,0.62,0.62,0.62,0.62,26000,0
6939.HK,5,20251009,083000,0.62,0.62,0.62,0.62,4000,0
6939.HK,5,20251009,090500,0.62,0.62,0.62,0.62,2000,0
6939.HK,5,20251009,092000,0.61,0.61,0.61,0.61,4000,0
6939.HK,5,20251009,092500,0.61,0.61,0.61,0.61,2000,0
6939.HK,5,20251009,093500,0.61,0.61,0.60,0.60,42000,0
6939.HK,5,20251010,033500,0.58,0.58,0.58,0.58,10000,0
6939.HK,5,20251010,034000,0.58,0.58,0.57,0.57,70000,0
6939.HK,5,20251010,040000,0.57,0.57,0.57,0.57,14000,0
6939.HK,5,20251010,043000,0.56,0.56,0.56,0.56,6000,0
6939.HK,5,20251010,045500,0.56,0.56,0.56,0.56,4000,0
6939.HK,5,20251010,052500,0.56,0.56,0.56,0.56,18000,0
6939.HK,5,20251010,053500,0.57,0.57,0.57,0.57,2000,0
6939.HK,5,20251010,071500,0.56,0.56,0.56,0.56,4000,0
6939.HK,5,20251010,075000,0.56,0.56,0.56,0.56,18000,0
6939.HK,5,20251010,075500,0.57,0.57,0.57,0.57,6000,0
6939.HK,5,20251010,080000,0.56,0.56,0.56,0.56,8000,0
6939.HK,5,20251010,082500,0.56,0.56,0.56,0.56,2000,0
6939.HK,5,20251010,091000,0.57,0.57,0.57,0.57,80000,0
6939.HK,5,20251010,094500,0.56,0.56,0.56,0.56,2000,0
6939.HK,5,20251010,095500,0.56,0.56,0.56,0.56,26000,0
6939.HK,5,20251013,033000,0.51,0.52,0.51,0.52,4000,0
6939.HK,5,20251013,041500,0.53,0.53,0.53,0.53,26000,0
6939.HK,5,20251013,042000,0.53,0.53,0.53,0.53,8000,0
6939.HK,5,20251013,043000,0.52,0.52,0.52,0.52,60000,0
6939.HK,5,20251013,044000,0.52,0.52,0.52,0.52,24000,0
6939.HK,5,20251013,044500,0.52,0.52,0.52,0.52,2000,0
6939.HK,5,20251013,052500,0.51,0.51,0.51,0.51,4000,0
6939.HK,5,20251013,053500,0.51,0.51,0.495,0.495,100000,0
6939.HK,5,20251013,071500,0.495,0.495,0.495,0.495,90000,0
6939.HK,5,20251013,074500,0.52,0.52,0.52,0.52,2000,0
6939.HK,5,20251013,075500,0.52,0.52,0.52,0.52,30000,0
6939.HK,5,20251013,095500,0.58,0.58,0.56,0.56,4000,0
6939.HK,5,20251015,054000,0.50,0.50,0.495,0.495,4000,0
6939.HK,5,20251015,055000,0.495,0.495,0.495,0.495,6000,0
6939.HK,5,20251015,071500,0.50,0.50,0.50,0.50,2000,0
6939.HK,5,20251015,072500,0.56,0.56,0.55,0.55,2000,0
6939.HK,5,20251016,052500,0.53,0.53,0.53,0.53,4000,0
6939.HK,5,20251016,072500,0.53,0.53,0.52,0.52,4000,0
6939.HK,5,20251016,074000,0.52,0.52,0.52,0.52,2000,0
6939.HK,5,20251016,075500,0.495,0.495,0.495,0.495,4000,0
6939.HK,5,20251016,085500,0.51,0.51,0.51,0.51,2000,0
6939.HK,5,20251016,093000,0.54,0.54,0.53,0.53,8000,0
6939.HK,5,20251017,033000,0.53,0.53,0.53,0.53,4000,0
6939.HK,5,20251017,090000,0.50,0.50,0.50,0.50,2000,0
6939.HK,5,20251020,070500,0.50,0.50,0.50,0.50,40000,0
6939.HK,5,20251020,084000,0.50,0.50,0.50,0.50,4000,0
6939.HK,5,20251021,080000,0.53,0.53,0.52,0.52,6000,0
6939.HK,5,20251021,080500,0.52,0.52,0.52,0.52,38000,0
6939.HK,5,20251021,094000,0.52,0.52,0.52,0.52,68000,0
6939.HK,5,20251021,095500,0.52,0.52,0.52,0.52,50000,0
6939.HK,5,20251022,044500,0.52,0.52,0.50,0.50,8000,0
6939.HK,5,20251022,045000,0.51,0.51,0.51,0.51,6000,0
6939.HK,5,20251022,045500,0.51,0.51,0.51,0.51,4000,0
6939.HK,5,20251022,051500,0.50,0.50,0.50,0.50,174000,0
6939.HK,5,20251022,052000,0.50,0.50,0.50,0.50,42000,0
6939.HK,5,20251022,052500,0.495,0.50,0.495,0.50,12000,0
6939.HK,5,20251022,072500,0.54,0.54,0.54,0.54,46000,0
6939.HK,5,20251022,084000,0.53,0.53,0.52,0.52,70000,0
6939.HK,5,20251022,084500,0.53,0.53,0.53,0.53,12000,0
6939.HK,5,20251023,055500,0.54,0.54,0.51,0.51,14000,0
6939.HK,5,20251023,072500,0.52,0.52,0.52,0.52,50000,0
6939.HK,5,20251023,082000,0.51,0.51,0.51,0.51,22000,0
6939.HK,5,20251023,095500,0.51,0.51,0.50,0.51,26000,0
6939.HK,5,20251024,084000,0.51,0.52,0.51,0.52,10000,0
6939.HK,5,20251027,040000,0.51,0.51,0.51,0.51,6000,0
6939.HK,5,20251027,041000,0.52,0.52,0.52,0.52,8000,0
6939.HK,5,20251028,034500,0.50,0.50,0.50,0.50,6000,0
6939.HK,5,20251028,085500,0.50,0.50,0.50,0.50,8000,0
6939.HK,5,20251030,041500,0.51,0.52,0.51,0.52,2000,0
6939.HK,5,20251031,042500,0.52,0.52,0.52,0.52,38000,0
6939.HK,5,20251103,062500,0.51,0.51,0.51,0.51,16000,0
6939.HK,5,20251103,064000,0.52,0.52,0.52,0.52,2000,0
6939.HK,5,20251103,073000,0.51,0.51,0.51,0.51,2000,0
6939.HK,5,20251103,080000,0.51,0.51,0.51,0.51,2000,0
6939.HK,5,20251103,081500,0.52,0.52,0.52,0.52,10000,0
6939.HK,5,20251103,085500,0.51,0.51,0.51,0.51,24000,0
6939.HK,5,20251104,074000,0.52,0.52,0.52,0.52,2000,0
6939.HK,5,20251106,072500,0.52,0.52,0.52,0.52,2000,0
6939.HK,5,20251106,080000,0.52,0.52,0.52,0.52,2000,0
6939.HK,5,20251107,075000,0.52,0.52,0.52,0.52,10000,0
6939.HK,5,20251107,085000,0.52,0.52,0.52,0.52,64000,0
6939.HK,5,20251110,032000,0.50,0.50,0.50,0.50,2000,0
6939.HK,5,20251110,032500,0.51,0.51,0.50,0.50,8000,0
6939.HK,5,20251110,060000,0.52,0.52,0.52,0.52,2000,0
6939.HK,5,20251110,060500,0.51,0.51,0.51,0.51,6000,0
6939.HK,5,20251110,061000,0.51,0.51,0.51,0.51,2000,0
6939.HK,5,20251110,070000,0.52,0.52,0.52,0.52,30000,0
6939.HK,5,20251110,073500,0.52,0.52,0.52,0.52,20000,0
6939.HK,5,20251110,080000,0.51,0.51,0.51,0.51,18000,0
6939.HK,5,20251110,081500,0.51,0.51,0.51,0.51,4000,0
6939.HK,5,20251110,082500,0.51,0.51,0.51,0.51,18000,0
6939.HK,5,20251111,024000,0.56,0.56,0.56,0.56,10000,0
6939.HK,5,20251111,031500,0.57,0.57,0.57,0.57,10000,0
6939.HK,5,20251111,033500,0.57,0.57,0.57,0.57,32000,0
6939.HK,5,20251111,034000,0.53,0.53,0.53,0.53,2000,0
6939.HK,5,20251111,041500,0.54,0.54,0.54,0.54,2000,0
6939.HK,5,20251111,061500,0.56,0.56,0.56,0.56,14000,0
6939.HK,5,20251111,064000,0.56,0.56,0.56,0.56,2000,0
6939.HK,5,20251111,070500,0.56,0.56,0.56,0.56,10000,0
6939.HK,5,20251112,063000,0.54,0.54,0.54,0.54,38000,0
6939.HK,5,20251113,045500,0.58,0.58,0.58,0.58,10000,0
6939.HK,5,20251113,060000,0.57,0.57,0.57,0.57,2000,0
6939.HK,5,20251113,061500,0.57,0.57,0.57,0.57,8000,0
6939.HK,5,20251113,062000,0.58,0.58,0.58,0.58,56000,0
6939.HK,5,20251113,063500,0.60,0.60,0.60,0.60,40000,0
6939.HK,5,20251113,065000,0.60,0.60,0.60,0.60,4000,0
6939.HK,5,20251113,065500,0.60,0.60,0.60,0.60,16000,0
6939.HK,5,20251113,071500,0.60,0.60,0.60,0.60,14000,0
6939.HK,5,20251113,075000,0.57,0.57,0.57,0.57,2000,0
6939.HK,5,20251113,080000,0.58,0.59,0.58,0.59,12000,0
6939.HK,5,20251113,081500,0.59,0.59,0.59,0.59,4000,0
6939.HK,5,20251113,082000,0.59,0.59,0.59,0.59,2000,0
6939.HK,5,20251113,083000,0.58,0.58,0.58,0.58,4000,0
6939.HK,5,20251113,085500,0.58,0.58,0.57,0.57,10000,0
6939.HK,5,20251114,041000,0.60,0.60,0.60,0.60,32000,0
6939.HK,5,20251114,060000,0.62,0.62,0.62,0.62,12000,0
6939.HK,5,20251114,063500,0.60,0.60,0.60,0.60,20000,0
6939.HK,5,20251114,074000,0.58,0.58,0.58,0.58,50000,0
6939.HK,5,20251114,075500,0.60,0.60,0.60,0.60,38000,0
6939.HK,5,20251114,081000,0.58,0.58,0.58,0.58,2000,0
6939.HK,5,20251117,023500,0.57,0.57,0.57,0.57,4000,0
6939.HK,5,20251117,024000,0.62,0.62,0.60,0.60,138000,0
6939.HK,5,20251117,024500,0.62,0.62,0.62,0.62,108000,0
6939.HK,5,20251117,025000,0.62,0.62,0.61,0.62,22000,0
6939.HK,5,20251117,025500,0.62,0.63,0.62,0.63,40000,0
6939.HK,5,20251117,030000,0.63,0.63,0.61,0.61,10000,0
6939.HK,5,20251117,030500,0.63,0.72,0.63,0.70,408000,0
6939.HK,5,20251117,031000,0.69,0.69,0.64,0.65,38000,0
6939.HK,5,20251117,031500,0.65,0.67,0.65,0.67,28000,0
6939.HK,5,20251117,032000,0.66,0.67,0.65,0.67,42000,0
6939.HK,5,20251117,032500,0.66,0.67,0.66,0.67,14000,0
6939.HK,5,20251117,035500,0.66,0.66,0.63,0.65,72000,0
6939.HK,5,20251117,041500,0.67,0.67,0.67,0.67,2000,0
6939.HK,5,20251117,043000,0.65,0.65,0.61,0.61,20000,0
6939.HK,5,20251117,043500,0.65,0.65,0.65,0.65,2000,0
6939.HK,5,20251117,044500,0.64,0.64,0.64,0.64,2000,0
6939.HK,5,20251117,060000,0.62,0.62,0.62,0.62,12000,0
6939.HK,5,20251117,063500,0.66,0.67,0.66,0.67,130000,0
6939.HK,5,20251117,064000,0.67,0.67,0.67,0.67,120000,0
6939.HK,5,20251117,065000,0.67,0.67,0.67,0.67,130000,0
6939.HK,5,20251117,071500,0.65,0.65,0.65,0.65,2000,0
6939.HK,5,20251117,072500,0.65,0.65,0.65,0.65,2000,0
6939.HK,5,20251117,074000,0.65,0.65,0.65,0.65,16000,0
6939.HK,5,20251117,080500,0.66,0.66,0.66,0.66,12000,0
6939.HK,5,20251117,081500,0.69,0.69,0.69,0.69,82000,0
6939.HK,5,20251117,082000,0.69,0.69,0.69,0.69,8000,0
6939.HK,5,20251117,082500,0.69,0.69,0.69,0.69,54000,0
6939.HK,5,20251117,083000,0.69,0.69,0.69,0.69,50000,0
6939.HK,5,20251117,083500,0.70,0.72,0.70,0.72,74000,0
6939.HK,5,20251117,084000,0.72,0.74,0.71,0.71,142000,0
6939.HK,5,20251117,085500,0.74,0.74,0.74,0.74,34000,0
6939.HK,5,20251118,024500,0.68,0.73,0.68,0.72,16000,0
6939.HK,5,20251118,025500,0.72,0.77,0.72,0.77,24000,0
6939.HK,5,20251118,032500,0.72,0.72,0.72,0.72,4000,0
6939.HK,5,20251118,033000,0.72,0.72,0.71,0.71,22000,0
6939.HK,5,20251118,034000,0.71,0.71,0.71,0.71,10000,0
6939.HK,5,20251118,035500,0.71,0.71,0.71,0.71,2000,0
6939.HK,5,20251118,040000,0.71,0.71,0.71,0.71,10000,0
6939.HK,5,20251118,040500,0.71,0.71,0.71,0.71,20000,0
6939.HK,5,20251118,041000,0.71,0.72,0.71,0.72,12000,0
6939.HK,5,20251118,042000,0.71,0.71,0.71,0.71,10000,0
6939.HK,5,20251118,042500,0.71,0.71,0.71,0.71,34000,0
6939.HK,5,20251118,043500,0.71,0.71,0.71,0.71,20000,0
6939.HK,5,20251118,045000,0.69,0.69,0.69,0.69,4000,0
6939.HK,5,20251118,045500,0.69,0.69,0.69,0.69,2000,0
6939.HK,5,20251118,060000,0.69,0.69,0.69,0.69,6000,0
6939.HK,5,20251118,062500,0.69,0.69,0.69,0.69,2000,0
6939.HK,5,20251118,064500,0.69,0.70,0.69,0.70,96000,0
6939.HK,5,20251118,073500,0.71,0.71,0.71,0.71,14000,0
6939.HK,5,20251118,074000,0.72,0.72,0.72,0.72,142000,0
6939.HK,5,20251118,075500,0.72,0.72,0.72,0.72,2000,0
6939.HK,5,20251118,081500,0.73,0.73,0.73,0.73,40000,0
6939.HK,5,20251118,082500,0.72,0.72,0.72,0.72,2000,0
6939.HK,5,20251118,083000,0.72,0.72,0.72,0.72,2000,0
6939.HK,5,20251118,083500,0.72,0.72,0.72,0.72,6000,0
6939.HK,5,20251118,084500,0.70,0.70,0.69,0.69,16000,0
6939.HK,5,20251118,085500,0.69,0.69,0.69,0.69,2000,0
6939.HK,5,20251119,034500,0.73,0.73,0.71,0.71,8000,0
6939.HK,5,20251119,035000,0.74,0.75,0.74,0.75,128000,0
6939.HK,5,20251119,035500,0.75,0.75,0.75,0.75,152000,0
6939.HK,5,20251119,040500,0.76,0.77,0.76,0.77,94000,0
6939.HK,5,20251119,041000,0.77,0.77,0.77,0.77,16000,0
6939.HK,5,20251119,041500,0.77,0.77,0.77,0.77,10000,0
6939.HK,5,20251119,042000,0.75,0.75,0.75,0.75,2000,0
6939.HK,5,20251119,043000,0.75,0.75,0.75,0.75,4000,0
6939.HK,5,20251119,043500,0.77,0.77,0.77,0.77,4000,0
6939.HK,5,20251119,044500,0.77,0.78,0.77,0.78,50000,0
6939.HK,5,20251119,060000,0.78,0.78,0.78,0.78,50000,0
6939.HK,5,20251119,060500,0.78,0.78,0.78,0.78,14000,0
6939.HK,5,20251119,061500,0.79,0.79,0.79,0.79,66000,0
6939.HK,5,20251119,062000,0.77,0.77,0.74,0.74,10000,0
6939.HK,5,20251119,070000,0.78,0.78,0.78,0.78,2000,0
6939.HK,5,20251119,070500,0.78,0.78,0.78,0.78,2000,0
6939.HK,5,20251119,071000,0.78,0.80,0.78,0.80,214000,0
6939.HK,5,20251119,071500,0.81,0.81,0.81,0.81,2000,0
6939.HK,5,20251119,072000,0.81,0.81,0.81,0.81,8000,0
6939.HK,5,20251119,072500,0.81,0.81,0.81,0.81,6000,0
6939.HK,5,20251119,080000,0.81,0.81,0.81,0.81,98000,0
6939.HK,5,20251119,080500,0.81,0.81,0.81,0.81,2000,0
6939.HK,5,20251119,082000,0.82,0.83,0.82,0.83,36000,0
6939.HK,5,20251119,084000,0.79,0.82,0.78,0.82,28000,0
6939.HK,5,20251119,085500,0.78,0.78,0.78,0.78,20000,0
6939.HK,5,20251120,042500,0.78,0.78,0.76,0.76,12000,0
6939.HK,5,20251120,044500,0.76,0.76,0.76,0.76,2000,0
6939.HK,5,20251120,060000,0.73,0.73,0.73,0.73,4000,0
6939.HK,5,20251120,062500,0.70,0.71,0.70,0.71,50000,0
6939.HK,5,20251120,065500,0.71,0.71,0.71,0.71,2000,0
6939.HK,5,20251120,070000,0.73,0.73,0.73,0.73,2000,0
6939.HK,5,20251120,072000,0.72,0.72,0.71,0.71,4000,0
6939.HK,5,20251120,072500,0.71,0.73,0.71,0.73,10000,0
6939.HK,5,20251120,073500,0.73,0.73,0.73,0.73,2000,0
6939.HK,5,20251120,075000,0.71,0.71,0.71,0.71,4000,0
6939.HK,5,20251120,080500,0.73,0.73,0.73,0.73,2000,0
6939.HK,5,20251121,031500,0.67,0.68,0.67,0.68,24000,0
6939.HK,5,20251121,065500,0.73,0.73,0.73,0.73,18000,0
6939.HK,5,20251121,070500,0.74,0.75,0.74,0.75,48000,0
6939.HK,5,20251121,073000,0.75,0.75,0.75,0.75,4000,0
6939.HK,5,20251121,080500,0.75,0.75,0.75,0.75,4000,0
6939.HK,5,20251121,081000,0.74,0.74,0.74,0.74,2000,0
6939.HK,5,20251121,083500,0.74,0.74,0.74,0.74,28000,0
6939.HK,5,20251124,023500,0.64,0.64,0.64,0.64,4000,0
6939.HK,5,20251124,024000,0.64,0.64,0.64,0.64,2000,0
6939.HK,5,20251124,025000,0.65,0.65,0.65,0.65,22000,0
6939.HK,5,20251124,025500,0.66,0.66,0.66,0.66,16000,0
6939.HK,5,20251124,031000,0.64,0.64,0.63,0.63,12000,0
6939.HK,5,20251124,031500,0.63,0.63,0.63,0.63,24000,0
6939.HK,5,20251124,032500,0.62,0.64,0.62,0.64,52000,0
6939.HK,5,20251124,034000,0.65,0.65,0.65,0.65,4000,0
6939.HK,5,20251124,040500,0.65,0.65,0.65,0.65,42000,0
6939.HK,5,20251124,061500,0.67,0.67,0.67,0.67,20000,0
6939.HK,5,20251124,062000,0.67,0.67,0.67,0.67,4000,0
6939.HK,5,20251124,070000,0.67,0.67,0.67,0.67,28000,0
6939.HK,5,20251124,075000,0.70,0.70,0.70,0.70,84000,0
6939.HK,5,20251124,083000,0.70,0.71,0.70,0.71,4000,0
6939.HK,5,20251124,085500,0.71,0.71,0.71,0.71,6000,0
6939.HK,5,20251125,073000,0.67,0.67,0.67,0.67,2000,0
6939.HK,5,20251125,085000,0.64,0.64,0.64,0.64,12000,0
6939.HK,5,20251126,044500,0.66,0.68,0.64,0.64,34000,0
6939.HK,5,20251126,082500,0.63,0.63,0.63,0.63,2000,0
6939.HK,5,20251126,084500,0.64,0.66,0.64,0.66,2000,0
6939.HK,5,20251127,032500,0.65,0.65,0.65,0.65,2000,0
6939.HK,5,20251127,040500,0.69,0.69,0.69,0.69,6000,0
6939.HK,5,20251127,071000,0.69,0.69,0.69,0.69,32000,0
6939.HK,5,20251127,072000,0.69,0.69,0.69,0.69,16000,0
6939.HK,5,20251128,033500,0.69,0.69,0.69,0.69,12000,0
6939.HK,5,20251128,065000,0.69,0.69,0.69,0.69,4000,0
6939.HK,5,20251128,072500,0.69,0.69,0.69,0.69,2000,0
6939.HK,5,20251201,023000,0.63,0.66,0.63,0.66,14000,0
6939.HK,5,20251201,025000,0.65,0.65,0.65,0.65,2000,0
6939.HK,5,20251201,025500,0.66,0.66,0.66,0.66,38000,0
6939.HK,5,20251201,030500,0.66,0.66,0.66,0.66,16000,0
6939.HK,5,20251201,040500,0.66,0.66,0.66,0.66,36000,0
6939.HK,5,20251201,083000,0.66,0.66,0.66,0.66,2000,0
6939.HK,5,20251202,044500,0.71,0.71,0.71,0.71,2000,0
6939.HK,5,20251202,063500,0.70,0.70,0.70,0.70,20000,0
6939.HK,5,20251202,065000,0.71,0.71,0.71,0.71,2000,0
6939.HK,5,20251202,071000,0.70,0.71,0.70,0.71,14000,0
6939.HK,5,20251202,072500,0.71,0.71,0.71,0.71,14000,0
6939.HK,5,20251202,080000,0.71,0.71,0.71,0.71,28000,0
6939.HK,5,20251202,083500,0.71,0.71,0.71,0.71,6000,0
6939.HK,5,20251203,043000,0.72,0.74,0.72,0.72,16000,0
6939.HK,5,20251203,044000,0.74,0.74,0.74,0.74,2000,0
6939.HK,5,20251203,045000,0.74,0.74,0.74,0.74,48000,0
6939.HK,5,20251203,062500,0.73,0.73,0.73,0.73,4000,0
6939.HK,5,20251203,063500,0.73,0.73,0.73,0.73,2000,0
6939.HK,5,20251203,064000,0.73,0.74,0.73,0.74,30000,0
6939.HK,5,20251203,072000,0.72,0.72,0.72,0.72,116000,0
6939.HK,5,20251204,064500,0.73,0.73,0.73,0.73,20000,0
6939.HK,5,20251204,075500,0.74,0.74,0.74,0.74,40000,0
6939.HK,5,20251204,083500,0.73,0.73,0.73,0.73,10000,0
6939.HK,5,20251204,084000,0.73,0.73,0.73,0.73,4000,0
