<TICKER>,<PER>,<DATE>,<TIME>,<OPEN>,<HIGH>,<LOW>,<CLOSE>,<VOL>,<OPENINT>
750.HK,5,20250709,033000,0.26,0.26,0.26,0.26,25000,0
750.HK,5,20250709,033500,0.255,0.255,0.255,0.255,58000,0
750.HK,5,20250709,042500,0.255,0.255,0.255,0.255,10000,0
750.HK,5,20250709,045000,0.255,0.255,0.255,0.255,31000,0
750.HK,5,20250709,052500,0.255,0.255,0.255,0.255,1000,0
750.HK,5,20250709,070000,0.255,0.255,0.255,0.255,480000,0
750.HK,5,20250709,071000,0.255,0.26,0.255,0.26,353000,0
750.HK,5,20250709,071500,0.26,0.26,0.26,0.26,5000,0
750.HK,5,20250709,075500,0.26,0.26,0.26,0.26,9000,0
750.HK,5,20250709,094500,0.26,0.26,0.26,0.26,1000,0
750.HK,5,20250709,095000,0.26,0.26,0.26,0.26,200000,0
750.HK,5,20250709,095500,0.26,0.26,0.255,0.26,51000,0
750.HK,5,20250710,033000,0.265,0.27,0.265,0.265,178000,0
750.HK,5,20250710,034000,0.265,0.265,0.265,0.265,25000,0
750.HK,5,20250710,034500,0.265,0.265,0.265,0.265,30000,0
750.HK,5,20250710,040000,0.265,0.27,0.265,0.27,18000,0
750.HK,5,20250710,041000,0.27,0.27,0.27,0.27,948000,0
750.HK,5,20250710,041500,0.27,0.27,0.27,0.27,17000,0
750.HK,5,20250710,042000,0.27,0.27,0.27,0.27,47000,0
750.HK,5,20250710,042500,0.275,0.275,0.27,0.27,273000,0
750.HK,5,20250710,043000,0.28,0.28,0.28,0.28,530000,0
750.HK,5,20250710,043500,0.285,0.29,0.28,0.29,427000,0
750.HK,5,20250710,044000,0.285,0.29,0.285,0.29,98000,0
750.HK,5,20250710,044500,0.285,0.285,0.275,0.275,88000,0
750.HK,5,20250710,045000,0.275,0.28,0.275,0.28,94000,0
750.HK,5,20250710,045500,0.28,0.28,0.27,0.27,269000,0
750.HK,5,20250710,050000,0.28,0.28,0.28,0.28,24000,0
750.HK,5,20250710,052000,0.275,0.28,0.275,0.28,56000,0
750.HK,5,20250710,052500,0.28,0.28,0.28,0.28,36000,0
750.HK,5,20250710,053000,0.28,0.28,0.28,0.28,5000,0
750.HK,5,20250710,054500,0.28,0.285,0.28,0.285,93000,0
750.HK,5,20250710,055500,0.285,0.285,0.285,0.285,90000,0
750.HK,5,20250710,070000,0.285,0.285,0.28,0.28,203000,0
750.HK,5,20250710,071000,0.275,0.275,0.275,0.275,160000,0
750.HK,5,20250710,074000,0.28,0.28,0.28,0.28,1000,0
750.HK,5,20250710,075000,0.28,0.28,0.28,0.28,9000,0
750.HK,5,20250710,082000,0.28,0.28,0.28,0.28,10000,0
750.HK,5,20250710,082500,0.285,0.285,0.285,0.285,46000,0
750.HK,5,20250710,083000,0.285,0.29,0.285,0.29,510000,0
750.HK,5,20250710,084500,0.285,0.285,0.28,0.28,34000,0
750.HK,5,20250710,085000,0.285,0.285,0.285,0.285,82000,0
750.HK,5,20250710,085500,0.29,0.29,0.285,0.285,863000,0
750.HK,5,20250710,090000,0.29,0.29,0.29,0.29,3000,0
750.HK,5,20250710,091500,0.29,0.29,0.29,0.29,120000,0
750.HK,5,20250710,092000,0.29,0.29,0.29,0.29,180000,0
750.HK,5,20250710,092500,0.29,0.29,0.29,0.29,125000,0
750.HK,5,20250710,094500,0.29,0.29,0.29,0.29,283000,0
750.HK,5,20250710,095500,0.29,0.29,0.29,0.29,10000,0
750.HK,5,20250711,033000,0.29,0.29,0.29,0.29,22000,0
750.HK,5,20250711,033500,0.29,0.29,0.27,0.27,959000,0
750.HK,5,20250711,034000,0.27,0.27,0.25,0.255,2999000,0
750.HK,5,20250711,034500,0.26,0.275,0.25,0.275,875000,0
750.HK,5,20250711,035000,0.26,0.27,0.26,0.27,244000,0
750.HK,5,20250711,040000,0.27,0.27,0.26,0.26,1505000,0
750.HK,5,20250711,040500,0.265,0.265,0.265,0.265,97000,0
750.HK,5,20250711,041500,0.26,0.26,0.26,0.26,190000,0
750.HK,5,20250711,043000,0.26,0.26,0.26,0.26,60000,0
750.HK,5,20250711,044000,0.27,0.27,0.27,0.27,1000,0
750.HK,5,20250711,044500,0.26,0.26,0.26,0.26,20000,0
750.HK,5,20250711,045500,0.265,0.265,0.265,0.265,1000,0
750.HK,5,20250711,050000,0.26,0.26,0.26,0.26,51000,0
750.HK,5,20250711,050500,0.265,0.265,0.265,0.265,115000,0
750.HK,5,20250711,052500,0.27,0.27,0.27,0.27,1000,0
750.HK,5,20250711,071500,0.27,0.27,0.27,0.27,30000,0
750.HK,5,20250711,072500,0.27,0.27,0.27,0.27,18000,0
750.HK,5,20250711,082500,0.265,0.265,0.265,0.265,1000,0
750.HK,5,20250711,084500,0.27,0.27,0.27,0.27,40000,0
750.HK,5,20250711,095500,0.265,0.265,0.265,0.265,208000,0
750.HK,5,20250714,033000,0.265,0.265,0.265,0.265,7000,0
750.HK,5,20250714,035000,0.275,0.275,0.275,0.275,1000,0
750.HK,5,20250714,040000,0.275,0.275,0.275,0.275,14000,0
750.HK,5,20250714,040500,0.27,0.27,0.27,0.27,10000,0
750.HK,5,20250714,042000,0.27,0.27,0.27,0.27,4000,0
750.HK,5,20250714,042500,0.27,0.27,0.27,0.27,10000,0
750.HK,5,20250714,052500,0.275,0.275,0.275,0.275,51000,0
750.HK,5,20250714,055000,0.275,0.275,0.275,0.275,17000,0
750.HK,5,20250714,071500,0.27,0.27,0.27,0.27,51000,0
750.HK,5,20250714,080000,0.275,0.275,0.275,0.275,1000,0
750.HK,5,20250714,081000,0.27,0.27,0.27,0.27,1000,0
750.HK,5,20250714,084500,0.27,0.27,0.265,0.265,149000,0
750.HK,5,20250714,085000,0.265,0.265,0.265,0.265,3000,0
750.HK,5,20250714,092500,0.265,0.265,0.265,0.265,1000,0
750.HK,5,20250714,094500,0.265,0.265,0.265,0.265,49000,0
750.HK,5,20250714,095500,0.27,0.27,0.27,0.27,1000,0
750.HK,5,20250715,033000,0.275,0.28,0.275,0.28,180000,0
750.HK,5,20250715,035500,0.285,0.285,0.285,0.285,1000,0
750.HK,5,20250715,040000,0.28,0.28,0.28,0.28,12000,0
750.HK,5,20250715,042000,0.275,0.275,0.275,0.275,9000,0
750.HK,5,20250715,044500,0.275,0.275,0.275,0.275,100000,0
750.HK,5,20250715,050500,0.265,0.265,0.265,0.265,1000,0
750.HK,5,20250715,053000,0.27,0.27,0.27,0.27,40000,0
750.HK,5,20250715,053500,0.27,0.275,0.27,0.275,40000,0
750.HK,5,20250715,080000,0.27,0.27,0.27,0.27,2000,0
750.HK,5,20250715,080500,0.275,0.275,0.275,0.275,1000,0
750.HK,5,20250715,081500,0.27,0.275,0.27,0.275,11000,0
750.HK,5,20250715,091000,0.275,0.275,0.275,0.275,1000,0
750.HK,5,20250715,093500,0.27,0.27,0.27,0.27,1000,0
750.HK,5,20250715,094000,0.27,0.27,0.27,0.27,16000,0
750.HK,5,20250715,094500,0.27,0.275,0.27,0.275,40000,0
750.HK,5,20250715,095500,0.275,0.28,0.275,0.28,3000,0
750.HK,5,20250716,050000,0.275,0.275,0.275,0.275,15000,0
750.HK,5,20250716,053000,0.28,0.28,0.28,0.28,1000,0
750.HK,5,20250716,071500,0.27,0.27,0.27,0.27,20000,0
750.HK,5,20250716,073500,0.275,0.275,0.275,0.275,40000,0
750.HK,5,20250716,080000,0.27,0.275,0.27,0.275,28000,0
750.HK,5,20250716,093500,0.27,0.27,0.27,0.27,5000,0
750.HK,5,20250716,095000,0.27,0.27,0.27,0.27,1000,0
750.HK,5,20250716,095500,0.27,0.27,0.27,0.27,50000,0
750.HK,5,20250717,041500,0.28,0.28,0.28,0.28,1000,0
750.HK,5,20250717,044500,0.275,0.275,0.275,0.275,45000,0
750.HK,5,20250717,052500,0.275,0.275,0.275,0.275,1000,0
750.HK,5,20250717,070000,0.275,0.275,0.275,0.275,16000,0
750.HK,5,20250717,072000,0.275,0.275,0.275,0.275,540000,0
750.HK,5,20250717,072500,0.27,0.27,0.27,0.27,23000,0
750.HK,5,20250717,074500,0.27,0.27,0.27,0.27,124000,0
750.HK,5,20250717,080500,0.265,0.265,0.255,0.26,520000,0
750.HK,5,20250717,081000,0.265,0.275,0.265,0.275,62000,0
750.HK,5,20250717,092000,0.275,0.275,0.275,0.275,1000,0
750.HK,5,20250717,092500,0.275,0.275,0.275,0.275,14000,0
750.HK,5,20250717,094000,0.275,0.275,0.27,0.27,2000,0
750.HK,5,20250717,094500,0.27,0.27,0.27,0.27,1000,0
750.HK,5,20250717,095000,0.275,0.275,0.275,0.275,2000,0
750.HK,5,20250717,095500,0.27,0.275,0.27,0.275,4000,0
750.HK,5,20250718,033000,0.28,0.28,0.28,0.28,1000,0
750.HK,5,20250718,033500,0.28,0.28,0.28,0.28,20000,0
750.HK,5,20250718,034500,0.28,0.28,0.28,0.28,44000,0
750.HK,5,20250718,040000,0.28,0.28,0.28,0.28,30000,0
750.HK,5,20250721,041500,0.29,0.29,0.29,0.29,343000,0
750.HK,5,20250721,042000,0.30,0.30,0.29,0.29,616000,0
750.HK,5,20250721,042500,0.29,0.295,0.29,0.29,219000,0
750.HK,5,20250721,043000,0.29,0.29,0.29,0.29,97000,0
750.HK,5,20250721,043500,0.29,0.29,0.285,0.285,77000,0
750.HK,5,20250721,044500,0.28,0.28,0.28,0.28,50000,0
750.HK,5,20250721,051500,0.28,0.28,0.28,0.28,160000,0
750.HK,5,20250721,052000,0.29,0.29,0.29,0.29,13000,0
750.HK,5,20250721,053000,0.29,0.29,0.29,0.29,15000,0
750.HK,5,20250721,054500,0.29,0.29,0.29,0.29,17000,0
750.HK,5,20250721,070000,0.29,0.29,0.29,0.29,24000,0
750.HK,5,20250721,070500,0.29,0.29,0.29,0.29,29000,0
750.HK,5,20250721,072000,0.285,0.285,0.285,0.285,10000,0
750.HK,5,20250721,073500,0.285,0.285,0.285,0.285,20000,0
750.HK,5,20250721,075000,0.29,0.29,0.29,0.29,1000,0
750.HK,5,20250721,075500,0.285,0.29,0.285,0.29,308000,0
750.HK,5,20250721,081000,0.29,0.29,0.29,0.29,119000,0
750.HK,5,20250721,081500,0.29,0.29,0.29,0.29,80000,0
750.HK,5,20250721,082000,0.295,0.295,0.295,0.295,1000,0
750.HK,5,20250721,085500,0.295,0.295,0.295,0.295,1000000,0
750.HK,5,20250721,090000,0.295,0.30,0.295,0.30,301000,0
750.HK,5,20250721,090500,0.30,0.30,0.295,0.30,975000,0
750.HK,5,20250721,091000,0.30,0.30,0.30,0.30,11000,0
750.HK,5,20250721,091500,0.30,0.30,0.30,0.30,5000,0
750.HK,5,20250721,092000,0.30,0.30,0.30,0.30,127000,0
750.HK,5,20250721,092500,0.30,0.30,0.295,0.30,77000,0
750.HK,5,20250721,093000,0.30,0.30,0.295,0.30,24000,0
750.HK,5,20250721,093500,0.30,0.31,0.30,0.31,713000,0
750.HK,5,20250721,094000,0.305,0.305,0.305,0.305,110000,0
750.HK,5,20250721,094500,0.305,0.305,0.305,0.305,1000,0
750.HK,5,20250721,095000,0.30,0.30,0.30,0.30,69000,0
750.HK,5,20250721,095500,0.305,0.305,0.305,0.305,5000,0
750.HK,5,20250722,033000,0.305,0.305,0.295,0.295,201000,0
750.HK,5,20250722,034000,0.295,0.305,0.295,0.305,169000,0
750.HK,5,20250722,034500,0.305,0.305,0.30,0.30,50000,0
750.HK,5,20250722,035000,0.30,0.30,0.30,0.30,2000,0
750.HK,5,20250722,035500,0.30,0.305,0.295,0.305,61000,0
750.HK,5,20250722,041500,0.30,0.30,0.30,0.30,50000,0
750.HK,5,20250722,042000,0.295,0.295,0.295,0.295,60000,0
750.HK,5,20250722,042500,0.30,0.30,0.30,0.30,84000,0
750.HK,5,20250722,043000,0.30,0.305,0.30,0.30,34000,0
750.HK,5,20250722,044000,0.30,0.30,0.30,0.30,81000,0
750.HK,5,20250722,044500,0.30,0.30,0.30,0.30,300000,0
750.HK,5,20250722,045000,0.305,0.305,0.305,0.305,1000,0
750.HK,5,20250722,051500,0.295,0.295,0.295,0.295,124000,0
750.HK,5,20250722,052000,0.305,0.305,0.305,0.305,1000,0
750.HK,5,20250722,054000,0.30,0.30,0.30,0.30,12000,0
750.HK,5,20250722,055500,0.295,0.30,0.295,0.30,31000,0
750.HK,5,20250722,070500,0.30,0.30,0.30,0.30,22000,0
750.HK,5,20250722,073000,0.30,0.30,0.30,0.30,120000,0
750.HK,5,20250722,073500,0.295,0.295,0.295,0.295,8000,0
750.HK,5,20250722,074000,0.295,0.295,0.295,0.295,104000,0
750.HK,5,20250722,080000,0.295,0.295,0.295,0.295,138000,0
750.HK,5,20250722,080500,0.30,0.305,0.30,0.305,17000,0
750.HK,5,20250722,081000,0.30,0.30,0.30,0.30,103000,0
750.HK,5,20250722,081500,0.30,0.30,0.30,0.30,1000,0
750.HK,5,20250722,082000,0.30,0.30,0.295,0.295,125000,0
750.HK,5,20250722,083000,0.305,0.305,0.305,0.305,1000,0
750.HK,5,20250722,085500,0.305,0.305,0.305,0.305,2000,0
750.HK,5,20250722,091500,0.30,0.30,0.30,0.30,36000,0
750.HK,5,20250722,094500,0.30,0.30,0.30,0.30,10000,0
750.HK,5,20250722,095500,0.295,0.295,0.295,0.295,30000,0
750.HK,5,20250723,033000,0.30,0.305,0.30,0.305,780000,0
750.HK,5,20250723,033500,0.305,0.305,0.305,0.305,47000,0
750.HK,5,20250723,034000,0.31,0.31,0.31,0.31,17000,0
750.HK,5,20250723,035000,0.31,0.315,0.31,0.315,366000,0
750.HK,5,20250723,035500,0.315,0.315,0.31,0.315,199000,0
750.HK,5,20250723,040000,0.315,0.32,0.315,0.32,205000,0
750.HK,5,20250723,040500,0.32,0.32,0.31,0.31,33000,0
750.HK,5,20250723,041000,0.31,0.315,0.31,0.315,144000,0
750.HK,5,20250723,041500,0.315,0.315,0.31,0.31,30000,0
750.HK,5,20250723,042000,0.31,0.315,0.31,0.315,42000,0
750.HK,5,20250723,042500,0.31,0.31,0.31,0.31,95000,0
750.HK,5,20250723,044500,0.315,0.315,0.315,0.315,1000,0
750.HK,5,20250723,050000,0.31,0.31,0.31,0.31,81000,0
750.HK,5,20250723,050500,0.31,0.31,0.31,0.31,25000,0
750.HK,5,20250723,051000,0.305,0.31,0.305,0.31,11000,0
750.HK,5,20250723,052000,0.31,0.31,0.305,0.305,9000,0
750.HK,5,20250723,052500,0.31,0.31,0.31,0.31,1000,0
750.HK,5,20250723,055500,0.305,0.31,0.305,0.31,6000,0
750.HK,5,20250723,070000,0.31,0.31,0.305,0.31,50000,0
750.HK,5,20250723,072500,0.31,0.31,0.31,0.31,50000,0
750.HK,5,20250723,073500,0.30,0.30,0.30,0.30,754000,0
750.HK,5,20250723,074500,0.305,0.305,0.305,0.305,1000,0
750.HK,5,20250723,075000,0.305,0.305,0.305,0.305,11000,0
750.HK,5,20250723,084000,0.305,0.305,0.305,0.305,1000,0
750.HK,5,20250723,085000,0.305,0.305,0.305,0.305,18000,0
750.HK,5,20250723,094000,0.305,0.305,0.305,0.305,1000,0
750.HK,5,20250724,035500,0.295,0.30,0.295,0.30,50000,0
750.HK,5,20250724,040000,0.305,0.305,0.305,0.305,62000,0
750.HK,5,20250724,040500,0.30,0.30,0.30,0.30,38000,0
750.HK,5,20250724,041500,0.30,0.31,0.30,0.31,23000,0
750.HK,5,20250724,042000,0.30,0.31,0.30,0.30,59000,0
750.HK,5,20250724,044500,0.30,0.30,0.30,0.30,100000,0
750.HK,5,20250724,045000,0.305,0.305,0.305,0.305,19000,0
750.HK,5,20250724,050000,0.30,0.30,0.30,0.30,17000,0
750.HK,5,20250724,051000,0.305,0.305,0.305,0.305,300000,0
750.HK,5,20250724,053000,0.31,0.31,0.30,0.31,52000,0
750.HK,5,20250724,053500,0.305,0.305,0.305,0.305,9000,0
750.HK,5,20250724,055500,0.31,0.31,0.31,0.31,1000,0
750.HK,5,20250724,070500,0.31,0.31,0.31,0.31,30000,0
750.HK,5,20250724,073000,0.305,0.305,0.305,0.305,1000,0
750.HK,5,20250724,073500,0.305,0.305,0.305,0.305,30000,0
750.HK,5,20250724,075500,0.305,0.305,0.30,0.30,38000,0
750.HK,5,20250724,080500,0.31,0.31,0.31,0.31,1000,0
750.HK,5,20250724,085500,0.31,0.31,0.31,0.31,281000,0
750.HK,5,20250724,091000,0.305,0.305,0.305,0.305,30000,0
750.HK,5,20250724,092000,0.31,0.31,0.31,0.31,1000,0
750.HK,5,20250724,093500,0.30,0.30,0.30,0.30,1000,0
750.HK,5,20250724,094000,0.31,0.31,0.31,0.31,2000,0
750.HK,5,20250724,095000,0.30,0.305,0.295,0.305,513000,0
750.HK,5,20250724,095500,0.295,0.295,0.285,0.295,782000,0
750.HK,5,20250725,034500,0.295,0.295,0.295,0.295,80000,0
750.HK,5,20250725,041000,0.295,0.295,0.295,0.295,60000,0
750.HK,5,20250725,042000,0.30,0.30,0.30,0.30,1000,0
750.HK,5,20250725,042500,0.295,0.30,0.295,0.30,101000,0
750.HK,5,20250725,043000,0.295,0.30,0.295,0.30,24000,0
750.HK,5,20250725,050000,0.30,0.30,0.30,0.30,15000,0
750.HK,5,20250725,051500,0.30,0.30,0.30,0.30,1000,0
750.HK,5,20250725,070500,0.30,0.30,0.30,0.30,1000,0
750.HK,5,20250725,073000,0.295,0.295,0.295,0.295,55000,0
750.HK,5,20250725,075000,0.295,0.295,0.295,0.295,1000,0
750.HK,5,20250725,081000,0.295,0.295,0.295,0.295,259000,0
750.HK,5,20250725,083000,0.295,0.295,0.295,0.295,89000,0
750.HK,5,20250725,083500,0.30,0.30,0.30,0.30,1000,0
750.HK,5,20250725,092500,0.30,0.30,0.30,0.30,1000,0
750.HK,5,20250725,093500,0.30,0.30,0.30,0.30,15000,0
750.HK,5,20250725,094500,0.30,0.30,0.30,0.30,53000,0
750.HK,5,20250725,095500,0.30,0.30,0.30,0.30,38000,0
750.HK,5,20250728,033000,0.30,0.30,0.30,0.30,6000,0
750.HK,5,20250728,035000,0.31,0.31,0.31,0.31,1000,0
750.HK,5,20250728,040500,0.305,0.305,0.305,0.305,60000,0
750.HK,5,20250728,041000,0.31,0.31,0.31,0.31,1000,0
750.HK,5,20250728,041500,0.31,0.31,0.31,0.31,100000,0
750.HK,5,20250728,042000,0.31,0.31,0.31,0.31,159000,0
750.HK,5,20250728,042500,0.31,0.31,0.31,0.31,23000,0
750.HK,5,20250728,043000,0.31,0.31,0.31,0.31,13000,0
750.HK,5,20250728,043500,0.31,0.31,0.31,0.31,34000,0
750.HK,5,20250728,044500,0.315,0.315,0.315,0.315,5000,0
750.HK,5,20250728,045500,0.315,0.315,0.315,0.315,1734000,0
750.HK,5,20250728,050000,0.315,0.315,0.315,0.315,111000,0
750.HK,5,20250728,050500,0.32,0.32,0.32,0.32,1000,0
750.HK,5,20250728,051500,0.315,0.315,0.315,0.315,100000,0
750.HK,5,20250728,052000,0.32,0.32,0.32,0.32,1000,0
750.HK,5,20250728,053000,0.315,0.315,0.30,0.315,2030000,0
750.HK,5,20250728,054000,0.305,0.31,0.30,0.31,1001000,0
750.HK,5,20250728,055000,0.305,0.305,0.305,0.305,1000,0
750.HK,5,20250728,055500,0.29,0.30,0.29,0.30,50000,0
750.HK,5,20250728,070000,0.30,0.30,0.30,0.30,50000,0
750.HK,5,20250728,070500,0.30,0.30,0.30,0.30,47000,0
750.HK,5,20250728,071500,0.30,0.30,0.30,0.30,22000,0
750.HK,5,20250728,080000,0.30,0.30,0.30,0.30,1000,0
750.HK,5,20250728,081500,0.30,0.30,0.295,0.295,101000,0
750.HK,5,20250728,084000,0.30,0.30,0.295,0.295,61000,0
750.HK,5,20250728,090000,0.30,0.30,0.30,0.30,1000,0
750.HK,5,20250728,092500,0.295,0.295,0.295,0.295,10000,0
750.HK,5,20250728,093000,0.30,0.30,0.30,0.30,1000,0
750.HK,5,20250728,094000,0.295,0.30,0.295,0.30,76000,0
750.HK,5,20250729,044000,0.29,0.29,0.29,0.29,124000,0
750.HK,5,20250729,045500,0.30,0.30,0.30,0.30,1000,0
750.HK,5,20250729,051500,0.30,0.30,0.30,0.30,2000,0
750.HK,5,20250729,053000,0.30,0.30,0.30,0.30,2000,0
750.HK,5,20250729,054000,0.30,0.30,0.30,0.30,2000,0
750.HK,5,20250729,054500,0.30,0.30,0.30,0.30,1000,0
750.HK,5,20250729,072500,0.295,0.295,0.29,0.29,3000,0
750.HK,5,20250729,074000,0.295,0.295,0.295,0.295,2000,0
750.HK,5,20250729,075500,0.295,0.295,0.295,0.295,2000,0
750.HK,5,20250729,080000,0.295,0.295,0.295,0.295,100000,0
750.HK,5,20250729,081000,0.295,0.295,0.295,0.295,2000,0
750.HK,5,20250729,082500,0.295,0.295,0.295,0.295,2000,0
750.HK,5,20250729,083000,0.295,0.295,0.295,0.295,65000,0
750.HK,5,20250729,084500,0.30,0.30,0.29,0.30,4000,0
750.HK,5,20250729,090000,0.30,0.30,0.30,0.30,2000,0
750.HK,5,20250729,091000,0.30,0.30,0.30,0.30,2000,0
750.HK,5,20250729,092500,0.30,0.30,0.30,0.30,2000,0
750.HK,5,20250729,093000,0.30,0.30,0.30,0.30,2000,0
750.HK,5,20250729,093500,0.30,0.30,0.30,0.30,28000,0
750.HK,5,20250729,094000,0.30,0.30,0.295,0.295,52000,0
750.HK,5,20250729,095000,0.295,0.30,0.295,0.30,3000,0
750.HK,5,20250729,095500,0.30,0.30,0.295,0.30,6000,0
750.HK,5,20250730,040500,0.30,0.30,0.30,0.30,4000,0
750.HK,5,20250730,051000,0.30,0.30,0.30,0.30,1000,0
750.HK,5,20250730,052000,0.30,0.30,0.30,0.30,1000,0
750.HK,5,20250730,055000,0.30,0.30,0.30,0.30,23000,0
750.HK,5,20250730,074500,0.30,0.30,0.30,0.30,101000,0
750.HK,5,20250730,080500,0.30,0.30,0.30,0.30,12000,0
750.HK,5,20250730,081500,0.30,0.30,0.30,0.30,1000,0
750.HK,5,20250730,084000,0.30,0.30,0.30,0.30,12000,0
750.HK,5,20250730,085000,0.30,0.30,0.30,0.30,1000,0
750.HK,5,20250730,085500,0.30,0.30,0.30,0.30,1000,0
750.HK,5,20250730,091500,0.30,0.30,0.30,0.30,1000,0
750.HK,5,20250730,094500,0.30,0.30,0.30,0.30,1000,0
750.HK,5,20250730,095500,0.30,0.30,0.30,0.30,4000,0
750.HK,5,20250731,033000,0.30,0.30,0.30,0.30,15000,0
750.HK,5,20250731,040000,0.295,0.295,0.295,0.295,8000,0
750.HK,5,20250731,045500,0.295,0.295,0.295,0.295,1000,0
750.HK,5,20250731,051000,0.295,0.295,0.295,0.295,1000,0
750.HK,5,20250731,080500,0.295,0.295,0.295,0.295,200000,0
750.HK,5,20250731,083000,0.30,0.30,0.30,0.30,19000,0
750.HK,5,20250731,091500,0.30,0.30,0.30,0.30,1000,0
750.HK,5,20250801,044000,0.29,0.30,0.29,0.30,2000,0
750.HK,5,20250801,050000,0.30,0.30,0.30,0.30,1000,0
750.HK,5,20250801,055000,0.295,0.295,0.295,0.295,1000,0
750.HK,5,20250801,070000,0.30,0.30,0.30,0.30,20000,0
750.HK,5,20250801,085500,0.30,0.30,0.30,0.30,18000,0
750.HK,5,20250801,095500,0.29,0.30,0.29,0.30,2000,0
750.HK,5,20250804,050000,0.295,0.295,0.295,0.295,170000,0
750.HK,5,20250804,051500,0.30,0.30,0.30,0.30,1000,0
750.HK,5,20250804,053000,0.30,0.30,0.30,0.30,100000,0
750.HK,5,20250804,072500,0.30,0.30,0.30,0.30,1000,0
750.HK,5,20250804,074000,0.30,0.30,0.30,0.30,12000,0
750.HK,5,20250804,090000,0.30,0.30,0.30,0.30,1000,0
750.HK,5,20250804,091500,0.29,0.29,0.29,0.29,1000,0
750.HK,5,20250804,092500,0.30,0.30,0.30,0.30,1000,0
750.HK,5,20250804,094000,0.29,0.30,0.29,0.30,21000,0
750.HK,5,20250804,095500,0.29,0.30,0.29,0.30,2000,0
750.HK,5,20250805,041500,0.30,0.30,0.30,0.30,56000,0
750.HK,5,20250805,042000,0.30,0.30,0.30,0.30,17000,0
750.HK,5,20250805,053000,0.30,0.30,0.30,0.30,200000,0
750.HK,5,20250805,054500,0.305,0.305,0.305,0.305,11000,0
750.HK,5,20250805,072500,0.30,0.30,0.30,0.30,40000,0
750.HK,5,20250805,081000,0.30,0.30,0.30,0.30,19000,0
750.HK,5,20250805,084000,0.305,0.305,0.305,0.305,1000,0
750.HK,5,20250805,090000,0.30,0.30,0.30,0.30,5000,0
750.HK,5,20250805,092000,0.29,0.295,0.29,0.295,2000,0
750.HK,5,20250806,041500,0.30,0.30,0.30,0.30,142000,0
750.HK,5,20250806,042500,0.30,0.30,0.30,0.30,29000,0
750.HK,5,20250806,045500,0.30,0.30,0.30,0.30,5000,0
750.HK,5,20250806,050000,0.295,0.295,0.295,0.295,7000,0
750.HK,5,20250806,051500,0.305,0.305,0.30,0.30,151000,0
750.HK,5,20250806,070000,0.295,0.295,0.295,0.295,95000,0
750.HK,5,20250806,074500,0.295,0.295,0.295,0.295,5000,0
750.HK,5,20250806,090500,0.30,0.30,0.30,0.30,4000,0
750.HK,5,20250806,092500,0.30,0.30,0.30,0.30,10000,0
750.HK,5,20250806,094000,0.30,0.305,0.295,0.305,135000,0
750.HK,5,20250807,042500,0.305,0.305,0.305,0.305,11000,0
750.HK,5,20250807,070000,0.30,0.30,0.30,0.30,1000,0
750.HK,5,20250807,082000,0.30,0.30,0.30,0.30,1000,0
750.HK,5,20250807,090000,0.30,0.30,0.30,0.30,1000,0
750.HK,5,20250808,050000,0.30,0.305,0.30,0.305,31000,0
750.HK,5,20250808,050500,0.305,0.305,0.305,0.305,9000,0
750.HK,5,20250808,051500,0.305,0.305,0.305,0.305,1000,0
750.HK,5,20250808,052000,0.305,0.31,0.305,0.31,40000,0
750.HK,5,20250808,052500,0.305,0.305,0.305,0.305,45000,0
750.HK,5,20250808,054500,0.305,0.31,0.305,0.31,162000,0
750.HK,5,20250808,070000,0.31,0.31,0.31,0.31,40000,0
750.HK,5,20250808,071500,0.31,0.31,0.31,0.31,9000,0
750.HK,5,20250808,074500,0.31,0.31,0.31,0.31,40000,0
750.HK,5,20250808,083500,0.30,0.305,0.30,0.305,71000,0
750.HK,5,20250808,090500,0.305,0.305,0.305,0.305,3000,0
750.HK,5,20250815,033000,0.29,0.29,0.29,0.29,28000,0
750.HK,5,20250815,040000,0.29,0.29,0.29,0.29,3000,0
750.HK,5,20250815,041000,0.29,0.29,0.29,0.29,1000,0
750.HK,5,20250815,042500,0.29,0.29,0.29,0.29,186000,0
750.HK,5,20250815,045000,0.29,0.29,0.29,0.29,62000,0
750.HK,5,20250815,053500,0.29,0.29,0.29,0.29,200000,0
750.HK,5,20250815,075000,0.29,0.29,0.29,0.29,91000,0
750.HK,5,20250815,075500,0.29,0.29,0.29,0.29,24000,0
750.HK,5,20250815,080000,0.29,0.29,0.29,0.29,7000,0
750.HK,5,20250815,083500,0.29,0.29,0.29,0.29,1000,0
750.HK,5,20250815,092500,0.29,0.29,0.29,0.29,1000,0
750.HK,5,20250815,093000,0.29,0.29,0.29,0.29,150000,0
750.HK,5,20250818,071000,0.295,0.295,0.295,0.295,100000,0
750.HK,5,20250818,074000,0.295,0.295,0.295,0.295,1000,0
750.HK,5,20250818,080000,0.295,0.295,0.295,0.295,1000,0
750.HK,5,20250818,081500,0.295,0.295,0.295,0.295,1000,0
750.HK,5,20250818,083000,0.295,0.295,0.295,0.295,8000,0
750.HK,5,20250818,084500,0.295,0.295,0.295,0.295,1000,0
750.HK,5,20250818,090500,0.295,0.295,0.295,0.295,1000,0
750.HK,5,20250818,091500,0.295,0.295,0.295,0.295,45000,0
750.HK,5,20250818,092000,0.295,0.295,0.295,0.295,1000,0
750.HK,5,20250818,093000,0.295,0.295,0.295,0.295,1000,0
750.HK,5,20250818,094000,0.295,0.295,0.295,0.295,1000,0
750.HK,5,20250818,095000,0.295,0.295,0.295,0.295,1000,0
750.HK,5,20250818,095500,0.295,0.295,0.295,0.295,3000,0
750.HK,5,20250819,073500,0.295,0.295,0.295,0.295,1000,0
750.HK,5,20250819,085000,0.295,0.295,0.295,0.295,7000,0
750.HK,5,20250819,090500,0.295,0.295,0.295,0.295,1000,0
750.HK,5,20250820,034000,0.29,0.30,0.29,0.30,8000,0
750.HK,5,20250820,035000,0.30,0.30,0.30,0.30,1000,0
750.HK,5,20250820,054500,0.29,0.29,0.29,0.29,2000,0
750.HK,5,20250820,080000,0.29,0.29,0.29,0.29,1000,0
750.HK,5,20250820,081000,0.29,0.295,0.29,0.295,30000,0
750.HK,5,20250820,082500,0.29,0.29,0.29,0.29,8000,0
750.HK,5,20250820,084000,0.295,0.295,0.295,0.295,1000,0
750.HK,5,20250820,085000,0.295,0.295,0.295,0.295,5000,0
750.HK,5,20250820,094000,0.29,0.295,0.29,0.295,21000,0
750.HK,5,20250820,095500,0.295,0.295,0.295,0.295,140000,0
750.HK,5,20250821,040000,0.30,0.30,0.30,0.30,1000,0
750.HK,5,20250821,041500,0.30,0.30,0.30,0.30,4000,0
750.HK,5,20250821,083000,0.295,0.295,0.295,0.295,1000,0
750.HK,5,20250821,095500,0.295,0.295,0.295,0.295,113000,0
750.HK,5,20250822,050000,0.295,0.295,0.295,0.295,8000,0
750.HK,5,20250822,054500,0.295,0.295,0.295,0.295,5000,0
750.HK,5,20250822,055500,0.295,0.295,0.295,0.295,11000,0
750.HK,5,20250822,072500,0.30,0.30,0.30,0.30,1000,0
750.HK,5,20250822,073500,0.30,0.30,0.30,0.30,4000,0
750.HK,5,20250822,082500,0.295,0.295,0.295,0.295,1000,0
750.HK,5,20250822,092500,0.295,0.295,0.295,0.295,1000,0
750.HK,5,20250822,095500,0.295,0.295,0.295,0.295,175000,0
750.HK,5,20250825,034000,0.295,0.295,0.295,0.295,16000,0
750.HK,5,20250825,050500,0.295,0.295,0.295,0.295,1000,0
750.HK,5,20250825,075000,0.295,0.295,0.295,0.295,1000,0
750.HK,5,20250825,090000,0.295,0.295,0.295,0.295,4000,0
750.HK,5,20250825,092000,0.295,0.295,0.295,0.295,39000,0
750.HK,5,20250826,090500,0.29,0.295,0.29,0.295,7000,0
750.HK,5,20250826,092000,0.29,0.295,0.29,0.295,2000,0
750.HK,5,20250826,092500,0.29,0.295,0.29,0.295,2000,0
750.HK,5,20250826,095000,0.29,0.295,0.29,0.295,2000,0
750.HK,5,20250827,033500,0.29,0.29,0.29,0.29,3000,0
750.HK,5,20250827,034000,0.29,0.29,0.285,0.285,14000,0
750.HK,5,20250827,034500,0.285,0.285,0.285,0.285,155000,0
750.HK,5,20250827,040000,0.29,0.295,0.29,0.295,8000,0
750.HK,5,20250827,040500,0.29,0.295,0.29,0.295,2000,0
750.HK,5,20250827,044500,0.285,0.29,0.28,0.29,75000,0
750.HK,5,20250827,070000,0.29,0.29,0.29,0.29,4000,0
750.HK,5,20250827,071500,0.285,0.29,0.285,0.29,42000,0
750.HK,5,20250827,080000,0.285,0.29,0.285,0.29,2000,0
750.HK,5,20250827,081000,0.285,0.29,0.285,0.29,3000,0
750.HK,5,20250827,082500,0.285,0.29,0.285,0.29,200000,0
750.HK,5,20250827,083000,0.285,0.29,0.285,0.29,20000,0
750.HK,5,20250827,084000,0.285,0.29,0.28,0.29,3000,0
750.HK,5,20250827,085000,0.285,0.29,0.285,0.29,4000,0
750.HK,5,20250827,092500,0.285,0.29,0.285,0.29,329000,0
750.HK,5,20250827,093500,0.285,0.29,0.285,0.29,23000,0
750.HK,5,20250827,094500,0.285,0.29,0.285,0.29,80000,0
750.HK,5,20250827,095500,0.285,0.29,0.28,0.29,20000,0
750.HK,5,20250828,072000,0.28,0.29,0.28,0.29,89000,0
750.HK,5,20250829,033500,0.275,0.28,0.27,0.275,17000,0
750.HK,5,20250829,034000,0.275,0.28,0.275,0.275,3000,0
750.HK,5,20250829,034500,0.275,0.275,0.27,0.27,140000,0
750.HK,5,20250829,035000,0.27,0.275,0.27,0.27,50000,0
750.HK,5,20250829,035500,0.27,0.275,0.27,0.27,51000,0
750.HK,5,20250829,040500,0.27,0.27,0.27,0.27,41000,0
750.HK,5,20250829,041000,0.27,0.275,0.27,0.275,27000,0
750.HK,5,20250829,044500,0.275,0.275,0.275,0.275,36000,0
750.HK,5,20250829,045000,0.285,0.285,0.285,0.285,1000,0
750.HK,5,20250829,071000,0.275,0.275,0.275,0.275,64000,0
750.HK,5,20250829,071500,0.275,0.275,0.275,0.275,66000,0
750.HK,5,20250829,072000,0.275,0.275,0.275,0.275,26000,0
750.HK,5,20250829,072500,0.275,0.275,0.275,0.275,34000,0
750.HK,5,20250829,073500,0.285,0.285,0.285,0.285,1000,0
750.HK,5,20250829,075500,0.275,0.285,0.275,0.285,30000,0
750.HK,5,20250829,082000,0.285,0.285,0.285,0.285,1000,0
750.HK,5,20250829,095500,0.275,0.275,0.275,0.275,30000,0
750.HK,5,20250901,033000,0.275,0.275,0.275,0.275,1000,0
750.HK,5,20250901,050000,0.275,0.275,0.275,0.275,27000,0
750.HK,5,20250901,052500,0.275,0.275,0.275,0.275,2000,0
750.HK,5,20250901,054000,0.28,0.28,0.28,0.28,1000,0
750.HK,5,20250901,071000,0.275,0.275,0.275,0.275,2000,0
750.HK,5,20250901,071500,0.275,0.275,0.275,0.275,7000,0
750.HK,5,20250901,072500,0.275,0.28,0.275,0.28,53000,0
750.HK,5,20250901,073500,0.28,0.28,0.28,0.28,150000,0
750.HK,5,20250901,074500,0.285,0.285,0.285,0.285,1000,0
750.HK,5,20250901,092500,0.285,0.285,0.285,0.285,10000,0
750.HK,5,20250902,041000,0.29,0.29,0.29,0.29,1000,0
750.HK,5,20250902,042500,0.285,0.29,0.285,0.29,42000,0
750.HK,5,20250902,053500,0.285,0.29,0.285,0.29,5000,0
750.HK,5,20250902,055000,0.29,0.29,0.29,0.29,5000,0
750.HK,5,20250902,073500,0.275,0.275,0.275,0.275,6000,0
750.HK,5,20250902,074000,0.28,0.28,0.28,0.28,1000,0
750.HK,5,20250902,083000,0.28,0.285,0.28,0.285,5000,0
750.HK,5,20250902,090000,0.275,0.275,0.275,0.275,5000,0
750.HK,5,20250902,090500,0.275,0.275,0.275,0.275,10000,0
750.HK,5,20250902,091500,0.285,0.285,0.285,0.285,1000,0
750.HK,5,20250903,033000,0.29,0.29,0.29,0.29,1000,0
750.HK,5,20250903,042000,0.29,0.29,0.29,0.29,50000,0
750.HK,5,20250903,050000,0.29,0.29,0.29,0.29,5000,0
750.HK,5,20250903,070000,0.285,0.29,0.285,0.29,75000,0
750.HK,5,20250903,092000,0.28,0.28,0.28,0.28,10000,0
750.HK,5,20250903,093000,0.29,0.29,0.29,0.29,1000,0
750.HK,5,20250903,095500,0.29,0.29,0.29,0.29,5000,0
750.HK,5,20250904,044500,0.275,0.29,0.275,0.29,21000,0
750.HK,5,20250904,045000,0.29,0.29,0.29,0.29,1000,0
750.HK,5,20250904,045500,0.29,0.29,0.29,0.29,4000,0
750.HK,5,20250904,073000,0.275,0.285,0.27,0.285,61000,0
750.HK,5,20250904,094500,0.275,0.275,0.275,0.275,3000,0
750.HK,5,20250904,095000,0.28,0.285,0.28,0.285,10000,0
750.HK,5,20250905,041500,0.285,0.29,0.285,0.29,100000,0
750.HK,5,20250905,042000,0.29,0.29,0.29,0.29,30000,0
750.HK,5,20250905,044000,0.29,0.29,0.29,0.29,2000,0
750.HK,5,20250905,044500,0.29,0.29,0.29,0.29,63000,0
750.HK,5,20250905,045000,0.29,0.29,0.29,0.29,5000,0
750.HK,5,20250905,070000,0.29,0.29,0.29,0.29,20000,0
750.HK,5,20250905,071000,0.29,0.295,0.29,0.295,1505000,0
750.HK,5,20250905,071500,0.295,0.295,0.295,0.295,40000,0
750.HK,5,20250905,072500,0.29,0.295,0.285,0.295,31000,0
750.HK,5,20250905,075000,0.295,0.295,0.295,0.295,17000,0
750.HK,5,20250905,080500,0.285,0.285,0.285,0.285,34000,0
750.HK,5,20250905,081000,0.295,0.295,0.295,0.295,1000,0
750.HK,5,20250905,082500,0.295,0.295,0.295,0.295,140000,0
750.HK,5,20250905,083000,0.295,0.295,0.295,0.295,5000,0
750.HK,5,20250905,084000,0.295,0.295,0.295,0.295,10000,0
750.HK,5,20250905,085000,0.295,0.295,0.295,0.295,102000,0
750.HK,5,20250905,085500,0.295,0.295,0.295,0.295,5000,0
750.HK,5,20250905,090000,0.295,0.295,0.295,0.295,20000,0
750.HK,5,20250905,090500,0.295,0.315,0.295,0.315,707000,0
750.HK,5,20250905,091000,0.31,0.31,0.30,0.30,457000,0
750.HK,5,20250905,091500,0.31,0.31,0.305,0.31,435000,0
750.HK,5,20250905,092000,0.31,0.31,0.31,0.31,10000,0
750.HK,5,20250905,092500,0.31,0.31,0.31,0.31,160000,0
750.HK,5,20250905,093000,0.31,0.31,0.31,0.31,100000,0
750.HK,5,20250905,093500,0.30,0.30,0.30,0.30,100000,0
750.HK,5,20250905,094000,0.305,0.305,0.305,0.305,21000,0
750.HK,5,20250905,095000,0.305,0.305,0.305,0.305,50000,0
750.HK,5,20250905,095500,0.305,0.31,0.305,0.31,100000,0
750.HK,5,20250908,033000,0.31,0.31,0.31,0.31,87000,0
750.HK,5,20250908,033500,0.305,0.31,0.305,0.31,46000,0
750.HK,5,20250908,034000,0.31,0.31,0.31,0.31,69000,0
750.HK,5,20250908,034500,0.30,0.31,0.30,0.31,61000,0
750.HK,5,20250908,035000,0.31,0.32,0.31,0.32,853000,0
750.HK,5,20250908,035500,0.315,0.315,0.315,0.315,330000,0
750.HK,5,20250908,040000,0.31,0.31,0.31,0.31,327000,0
750.HK,5,20250908,040500,0.315,0.315,0.315,0.315,1000,0
750.HK,5,20250908,041000,0.31,0.315,0.305,0.305,1069000,0
750.HK,5,20250908,041500,0.31,0.31,0.31,0.31,1000,0
750.HK,5,20250908,043000,0.305,0.305,0.305,0.305,47000,0
750.HK,5,20250908,044000,0.305,0.305,0.305,0.305,31000,0
750.HK,5,20250908,052000,0.305,0.305,0.305,0.305,1000,0
750.HK,5,20250908,054000,0.305,0.305,0.305,0.305,48000,0
750.HK,5,20250908,054500,0.30,0.30,0.30,0.30,27000,0
750.HK,5,20250908,055000,0.30,0.30,0.30,0.30,102000,0
750.HK,5,20250908,070500,0.30,0.30,0.30,0.30,1000,0
750.HK,5,20250908,071000,0.30,0.30,0.30,0.30,40000,0
750.HK,5,20250908,073500,0.30,0.30,0.30,0.30,20000,0
750.HK,5,20250908,074500,0.30,0.30,0.30,0.30,4000,0
750.HK,5,20250908,080500,0.30,0.30,0.30,0.30,1000,0
750.HK,5,20250908,082500,0.30,0.30,0.30,0.30,50000,0
750.HK,5,20250908,084500,0.30,0.30,0.30,0.30,52000,0
750.HK,5,20250908,085500,0.30,0.30,0.30,0.30,1000,0
750.HK,5,20250908,091500,0.30,0.30,0.30,0.30,68000,0
750.HK,5,20250908,092000,0.30,0.30,0.30,0.30,10000,0
750.HK,5,20250908,093500,0.30,0.30,0.30,0.30,1000,0
750.HK,5,20250908,095000,0.305,0.305,0.305,0.305,5000,0
750.HK,5,20250908,095500,0.305,0.305,0.305,0.305,18000,0
750.HK,5,20250909,033000,0.30,0.30,0.30,0.30,150000,0
750.HK,5,20250909,034000,0.305,0.305,0.305,0.305,1000,0
750.HK,5,20250909,042500,0.295,0.30,0.295,0.30,2000,0
750.HK,5,20250909,043000,0.30,0.30,0.30,0.30,30000,0
750.HK,5,20250909,045000,0.295,0.30,0.295,0.30,101000,0
750.HK,5,20250909,045500,0.295,0.295,0.295,0.295,34000,0
750.HK,5,20250909,050000,0.295,0.30,0.295,0.30,83000,0
750.HK,5,20250909,050500,0.295,0.295,0.295,0.295,8000,0
750.HK,5,20250909,051000,0.30,0.30,0.30,0.30,1000,0
750.HK,5,20250909,051500,0.295,0.295,0.295,0.295,18000,0
750.HK,5,20250909,052000,0.29,0.29,0.29,0.29,163000,0
750.HK,5,20250909,052500,0.29,0.29,0.29,0.29,13000,0
750.HK,5,20250909,053500,0.29,0.29,0.29,0.29,20000,0
750.HK,5,20250909,074000,0.29,0.29,0.29,0.29,6000,0
750.HK,5,20250909,075500,0.29,0.29,0.29,0.29,7000,0
750.HK,5,20250909,081000,0.29,0.29,0.29,0.29,1000,0
750.HK,5,20250909,084500,0.29,0.29,0.29,0.29,36000,0
750.HK,5,20250909,085000,0.29,0.29,0.29,0.29,200000,0
750.HK,5,20250910,043000,0.29,0.29,0.29,0.29,13000,0
750.HK,5,20250910,051000,0.29,0.29,0.29,0.29,1000,0
750.HK,5,20250910,090500,0.29,0.29,0.29,0.29,1000,0
750.HK,5,20250910,095500,0.285,0.29,0.28,0.29,74000,0
750.HK,5,20250911,034500,0.285,0.285,0.285,0.285,1000,0
750.HK,5,20250911,035500,0.285,0.285,0.285,0.285,100000,0
750.HK,5,20250911,040500,0.285,0.285,0.285,0.285,1000,0
750.HK,5,20250911,044500,0.285,0.285,0.285,0.285,1000,0
750.HK,5,20250911,072500,0.285,0.285,0.285,0.285,1000,0
750.HK,5,20250911,073500,0.285,0.285,0.285,0.285,9000,0
750.HK,5,20250911,080000,0.285,0.285,0.285,0.285,81000,0
750.HK,5,20250912,034000,0.29,0.29,0.29,0.29,146000,0
750.HK,5,20250912,035000,0.295,0.295,0.295,0.295,1000,0
750.HK,5,20250912,040500,0.295,0.295,0.295,0.295,222000,0
750.HK,5,20250912,043000,0.295,0.295,0.295,0.295,70000,0
750.HK,5,20250912,044500,0.295,0.295,0.295,0.295,308000,0
750.HK,5,20250912,045000,0.30,0.30,0.30,0.30,1000,0
750.HK,5,20250912,054000,0.30,0.30,0.30,0.30,200000,0
750.HK,5,20250912,055000,0.30,0.30,0.30,0.30,13000,0
750.HK,5,20250912,070500,0.295,0.30,0.295,0.30,9000,0
750.HK,5,20250912,074500,0.30,0.30,0.30,0.30,29000,0
750.HK,5,20250912,075500,0.30,0.30,0.30,0.30,1000,0
750.HK,5,20250912,080500,0.295,0.295,0.295,0.295,6000,0
750.HK,5,20250912,091500,0.29,0.295,0.29,0.295,101000,0
750.HK,5,20250912,092000,0.295,0.295,0.295,0.295,99000,0
750.HK,5,20250912,092500,0.30,0.30,0.30,0.30,298000,0
750.HK,5,20250912,094000,0.30,0.30,0.30,0.30,11000,0
750.HK,5,20250915,043500,0.295,0.295,0.295,0.295,20000,0
750.HK,5,20250915,045500,0.29,0.29,0.29,0.29,11000,0
750.HK,5,20250915,055500,0.29,0.29,0.29,0.29,1000,0
750.HK,5,20250915,072000,0.29,0.29,0.29,0.29,50000,0
750.HK,5,20250915,073500,0.29,0.29,0.29,0.29,100000,0
750.HK,5,20250915,074500,0.29,0.29,0.29,0.29,100000,0
750.HK,5,20250915,080000,0.29,0.29,0.29,0.29,5000,0
750.HK,5,20250916,033000,0.305,0.305,0.305,0.305,1000,0
750.HK,5,20250916,033500,0.29,0.29,0.29,0.29,2000,0
750.HK,5,20250916,044000,0.29,0.29,0.29,0.29,1000,0
750.HK,5,20250916,050000,0.285,0.285,0.285,0.285,1000,0
750.HK,5,20250916,051500,0.285,0.285,0.285,0.285,20000,0
750.HK,5,20250916,070000,0.285,0.285,0.285,0.285,10000,0
750.HK,5,20250916,075500,0.285,0.29,0.285,0.29,30000,0
750.HK,5,20250916,085000,0.285,0.29,0.285,0.29,5000,0
750.HK,5,20250916,092500,0.285,0.29,0.285,0.29,4000,0
750.HK,5,20250916,093000,0.28,0.29,0.28,0.29,6000,0
750.HK,5,20250916,095500,0.29,0.29,0.29,0.29,10000,0
750.HK,5,20250917,035000,0.285,0.285,0.285,0.285,36000,0
750.HK,5,20250917,050500,0.285,0.285,0.285,0.285,90000,0
750.HK,5,20250917,074500,0.29,0.29,0.29,0.29,9000,0
750.HK,5,20250917,090000,0.285,0.285,0.285,0.285,53000,0
750.HK,5,20250917,090500,0.285,0.285,0.285,0.285,10000,0
750.HK,5,20250917,092500,0.29,0.29,0.29,0.29,1000,0
750.HK,5,20250918,033500,0.285,0.29,0.285,0.29,1000,0
750.HK,5,20250918,044500,0.29,0.29,0.29,0.29,1000,0
750.HK,5,20250918,050500,0.29,0.29,0.29,0.29,5000,0
750.HK,5,20250918,072500,0.295,0.295,0.295,0.295,1000,0
750.HK,5,20250918,073000,0.29,0.29,0.29,0.29,55000,0
750.HK,5,20250918,074000,0.29,0.295,0.29,0.295,20000,0
750.HK,5,20250918,082500,0.29,0.29,0.29,0.29,10000,0
750.HK,5,20250919,040500,0.285,0.285,0.285,0.285,51000,0
750.HK,5,20250919,045500,0.285,0.285,0.285,0.285,1000,0
750.HK,5,20250919,050500,0.285,0.285,0.285,0.285,1000,0
750.HK,5,20250919,052000,0.285,0.285,0.285,0.285,1000,0
750.HK,5,20250919,052500,0.285,0.285,0.285,0.285,1000,0
750.HK,5,20250919,084000,0.285,0.285,0.285,0.285,9000,0
750.HK,5,20250919,085000,0.285,0.285,0.285,0.285,1000,0
750.HK,5,20250919,095500,0.285,0.285,0.285,0.285,1000,0
750.HK,5,20250922,051000,0.28,0.285,0.28,0.285,109000,0
750.HK,5,20250922,054000,0.28,0.285,0.28,0.285,7000,0
750.HK,5,20250922,081500,0.285,0.285,0.285,0.285,1000,0
750.HK,5,20250924,055500,0.28,0.285,0.28,0.285,2000,0
750.HK,5,20250924,074000,0.28,0.285,0.28,0.285,16000,0
750.HK,5,20250924,075000,0.28,0.285,0.28,0.285,47000,0
750.HK,5,20250924,081000,0.285,0.285,0.285,0.285,1000,0
750.HK,5,20250924,083500,0.285,0.285,0.285,0.285,8000,0
750.HK,5,20250924,091000,0.285,0.285,0.285,0.285,1000,0
750.HK,5,20250924,092000,0.28,0.285,0.28,0.285,6000,0
750.HK,5,20250924,093000,0.285,0.285,0.285,0.285,1000,0
750.HK,5,20250924,093500,0.285,0.285,0.285,0.285,1000,0
750.HK,5,20250924,095500,0.285,0.285,0.285,0.285,4000,0
750.HK,5,20250925,052000,0.285,0.285,0.285,0.285,102000,0
750.HK,5,20250925,052500,0.28,0.285,0.28,0.28,197000,0
750.HK,5,20250925,053500,0.28,0.28,0.28,0.28,12000,0
750.HK,5,20250925,055000,0.285,0.285,0.285,0.285,1000,0
750.HK,5,20250925,071500,0.285,0.285,0.285,0.285,1000,0
750.HK,5,20250925,082000,0.285,0.285,0.285,0.285,7000,0
750.HK,5,20250925,084000,0.28,0.28,0.28,0.28,1000,0
750.HK,5,20250925,085000,0.28,0.28,0.28,0.28,1000,0
750.HK,5,20250925,090000,0.28,0.28,0.28,0.28,100000,0
750.HK,5,20250925,090500,0.28,0.28,0.28,0.28,100000,0
750.HK,5,20250925,091000,0.28,0.28,0.28,0.28,1000,0
750.HK,5,20250925,092000,0.28,0.28,0.28,0.28,1000,0
750.HK,5,20250925,094000,0.28,0.28,0.28,0.28,1000,0
750.HK,5,20250925,095000,0.28,0.285,0.28,0.285,50000,0
750.HK,5,20250925,095500,0.285,0.285,0.285,0.285,3000,0
750.HK,5,20250926,043500,0.28,0.28,0.28,0.28,9000,0
750.HK,5,20250926,050000,0.28,0.28,0.28,0.28,10000,0
750.HK,5,20250926,050500,0.275,0.275,0.275,0.275,1000,0
750.HK,5,20250926,052000,0.275,0.28,0.275,0.28,2000,0
750.HK,5,20250926,052500,0.275,0.275,0.275,0.275,64000,0
750.HK,5,20250926,053000,0.275,0.275,0.275,0.275,6000,0
750.HK,5,20250926,053500,0.28,0.28,0.275,0.275,68000,0
750.HK,5,20250926,054000,0.275,0.28,0.275,0.28,21000,0
750.HK,5,20250926,055500,0.275,0.275,0.275,0.275,4000,0
750.HK,5,20250926,071000,0.275,0.275,0.275,0.275,1000,0
750.HK,5,20250926,071500,0.28,0.28,0.28,0.28,1000,0
750.HK,5,20250926,072000,0.275,0.275,0.275,0.275,189000,0
750.HK,5,20250926,072500,0.275,0.275,0.27,0.275,211000,0
750.HK,5,20250926,073000,0.275,0.275,0.275,0.275,4000,0
750.HK,5,20250926,073500,0.275,0.275,0.275,0.275,5000,0
750.HK,5,20250926,085000,0.275,0.28,0.275,0.275,174000,0
750.HK,5,20250926,090000,0.28,0.28,0.28,0.28,1000,0
750.HK,5,20250926,090500,0.275,0.28,0.275,0.28,2000,0
750.HK,5,20250926,094500,0.275,0.28,0.275,0.275,4000,0
750.HK,5,20250926,095000,0.28,0.28,0.28,0.28,1000,0
750.HK,5,20250926,095500,0.28,0.28,0.275,0.275,166000,0
750.HK,5,20250929,045500,0.28,0.285,0.28,0.285,20000,0
750.HK,5,20250929,050500,0.28,0.28,0.28,0.28,42000,0
750.HK,5,20250929,054000,0.28,0.28,0.28,0.28,134000,0
750.HK,5,20250929,072500,0.285,0.29,0.285,0.29,174000,0
750.HK,5,20250929,080000,0.285,0.29,0.285,0.29,44000,0
750.HK,5,20250929,081000,0.29,0.29,0.29,0.29,40000,0
750.HK,5,20250929,082000,0.285,0.285,0.285,0.285,10000,0
750.HK,5,20250929,083000,0.28,0.285,0.28,0.285,165000,0
750.HK,5,20250929,090000,0.28,0.285,0.28,0.285,67000,0
750.HK,5,20250929,090500,0.28,0.285,0.28,0.285,5000,0
750.HK,5,20250929,091000,0.28,0.285,0.28,0.285,2000,0
750.HK,5,20250929,091500,0.28,0.28,0.28,0.28,1000,0
750.HK,5,20250929,092000,0.285,0.285,0.285,0.285,1000,0
750.HK,5,20250929,092500,0.28,0.285,0.28,0.285,2000,0
750.HK,5,20250929,094500,0.28,0.285,0.28,0.285,2000,0
750.HK,5,20250929,095000,0.28,0.28,0.28,0.28,20000,0
750.HK,5,20250929,095500,0.285,0.285,0.28,0.28,29000,0
750.HK,5,20250930,041000,0.285,0.285,0.285,0.285,111000,0
750.HK,5,20250930,045000,0.285,0.285,0.285,0.285,115000,0
750.HK,5,20250930,050500,0.285,0.285,0.285,0.285,35000,0
750.HK,5,20250930,070000,0.285,0.285,0.285,0.285,117000,0
750.HK,5,20250930,075000,0.29,0.29,0.29,0.29,1000,0
750.HK,5,20250930,081000,0.285,0.285,0.285,0.285,214000,0
750.HK,5,20250930,084000,0.285,0.285,0.285,0.285,1000,0
750.HK,5,20250930,091500,0.28,0.285,0.28,0.285,21000,0
750.HK,5,20250930,092000,0.28,0.285,0.28,0.285,126000,0
750.HK,5,20250930,094000,0.285,0.285,0.285,0.285,1000,0
750.HK,5,20250930,095500,0.285,0.285,0.285,0.285,8000,0
750.HK,5,20251002,033000,0.285,0.285,0.285,0.285,1000,0
750.HK,5,20251002,035000,0.285,0.285,0.285,0.285,1000,0
750.HK,5,20251002,041500,0.285,0.285,0.285,0.285,15000,0
750.HK,5,20251002,042000,0.285,0.285,0.285,0.285,10000,0
750.HK,5,20251002,044500,0.28,0.28,0.28,0.28,1000,0
750.HK,5,20251002,045500,0.285,0.285,0.285,0.285,1000,0
750.HK,5,20251002,050000,0.28,0.28,0.28,0.28,20000,0
750.HK,5,20251002,050500,0.285,0.285,0.285,0.285,1000,0
750.HK,5,20251002,053500,0.28,0.28,0.28,0.28,2000,0
750.HK,5,20251002,054500,0.285,0.285,0.285,0.285,1000,0
750.HK,5,20251002,070000,0.285,0.285,0.285,0.285,196000,0
750.HK,5,20251002,071500,0.285,0.285,0.285,0.285,1000,0
750.HK,5,20251002,073500,0.285,0.285,0.285,0.285,28000,0
750.HK,5,20251002,085500,0.285,0.285,0.285,0.285,6000,0
750.HK,5,20251002,090000,0.28,0.285,0.28,0.285,21000,0
750.HK,5,20251003,033500,0.29,0.29,0.28,0.29,82000,0
750.HK,5,20251003,035000,0.29,0.29,0.29,0.29,15000,0
750.HK,5,20251003,050500,0.28,0.28,0.275,0.28,81000,0
750.HK,5,20251003,051000,0.285,0.285,0.28,0.28,10000,0
750.HK,5,20251003,051500,0.285,0.285,0.285,0.285,1000,0
750.HK,5,20251003,055000,0.285,0.285,0.285,0.285,73000,0
750.HK,5,20251003,080000,0.28,0.28,0.28,0.28,30000,0
750.HK,5,20251003,083500,0.285,0.285,0.285,0.285,13000,0
750.HK,5,20251003,084500,0.28,0.28,0.28,0.28,70000,0
750.HK,5,20251003,091500,0.285,0.285,0.285,0.285,1000,0
750.HK,5,20251003,094500,0.285,0.285,0.285,0.285,10000,0
750.HK,5,20251003,095500,0.28,0.28,0.28,0.28,69000,0
750.HK,5,20251006,033000,0.28,0.28,0.28,0.28,1000,0
750.HK,5,20251006,035000,0.28,0.28,0.28,0.28,11000,0
750.HK,5,20251006,044000,0.28,0.28,0.28,0.28,1000,0
750.HK,5,20251006,053000,0.28,0.28,0.28,0.28,36000,0
750.HK,5,20251006,054500,0.28,0.28,0.28,0.28,15000,0
750.HK,5,20251006,091500,0.285,0.285,0.285,0.285,10000,0
750.HK,5,20251008,044000,0.285,0.285,0.285,0.285,61000,0
750.HK,5,20251008,053500,0.285,0.285,0.285,0.285,1000,0
750.HK,5,20251008,081500,0.29,0.29,0.29,0.29,182000,0
750.HK,5,20251008,091500,0.295,0.295,0.295,0.295,8000,0
750.HK,5,20251008,094000,0.295,0.295,0.295,0.295,38000,0
750.HK,5,20251009,035500,0.295,0.295,0.295,0.295,108000,0
750.HK,5,20251009,044000,0.295,0.295,0.295,0.295,1000,0
750.HK,5,20251009,050000,0.295,0.295,0.295,0.295,1000,0
750.HK,5,20251009,054500,0.295,0.295,0.295,0.295,23000,0
750.HK,5,20251009,070000,0.285,0.285,0.28,0.285,166000,0
750.HK,5,20251009,070500,0.29,0.29,0.29,0.29,91000,0
750.HK,5,20251009,073000,0.29,0.295,0.29,0.295,16000,0
750.HK,5,20251009,080500,0.29,0.29,0.29,0.29,5000,0
750.HK,5,20251009,081000,0.29,0.29,0.29,0.29,1000,0
750.HK,5,20251009,085000,0.285,0.29,0.285,0.29,16000,0
750.HK,5,20251009,095000,0.285,0.285,0.285,0.285,2000,0
750.HK,5,20251010,033000,0.28,0.28,0.28,0.28,38000,0
750.HK,5,20251010,070000,0.28,0.28,0.28,0.28,1000,0
750.HK,5,20251010,070500,0.28,0.28,0.28,0.28,21000,0
750.HK,5,20251010,074000,0.28,0.28,0.28,0.28,1000,0
750.HK,5,20251010,082000,0.28,0.28,0.28,0.28,9000,0
750.HK,5,20251010,090500,0.28,0.28,0.28,0.28,1000,0
750.HK,5,20251010,093000,0.28,0.28,0.28,0.28,16000,0
750.HK,5,20251013,033500,0.275,0.275,0.265,0.27,124000,0
750.HK,5,20251013,034500,0.28,0.28,0.28,0.28,1000,0
750.HK,5,20251013,044000,0.27,0.27,0.27,0.27,2000,0
750.HK,5,20251013,045500,0.27,0.27,0.27,0.27,40000,0
750.HK,5,20251013,050500,0.27,0.27,0.27,0.27,20000,0
750.HK,5,20251013,051500,0.28,0.28,0.28,0.28,1000,0
750.HK,5,20251013,053500,0.27,0.27,0.27,0.27,39000,0
750.HK,5,20251013,073500,0.27,0.27,0.27,0.27,10000,0
750.HK,5,20251013,074000,0.27,0.27,0.27,0.27,18000,0
750.HK,5,20251013,075000,0.27,0.27,0.27,0.27,15000,0
750.HK,5,20251013,080000,0.27,0.27,0.27,0.27,2000,0
750.HK,5,20251013,085500,0.275,0.275,0.275,0.275,60000,0
750.HK,5,20251013,093000,0.28,0.28,0.28,0.28,1000,0
750.HK,5,20251013,093500,0.27,0.275,0.27,0.275,18000,0
750.HK,5,20251013,095000,0.28,0.28,0.275,0.275,1000,0
750.HK,5,20251014,035500,0.275,0.28,0.275,0.28,10000,0
750.HK,5,20251014,040000,0.28,0.28,0.28,0.28,10000,0
750.HK,5,20251014,042000,0.28,0.28,0.28,0.28,5000,0
750.HK,5,20251014,042500,0.275,0.275,0.275,0.275,1000,0
750.HK,5,20251014,043000,0.285,0.285,0.285,0.285,1000,0
750.HK,5,20251014,044000,0.28,0.28,0.27,0.27,114000,0
750.HK,5,20251014,044500,0.27,0.27,0.26,0.27,779000,0
750.HK,5,20251014,045000,0.265,0.265,0.26,0.26,288000,0
750.HK,5,20251014,045500,0.26,0.265,0.26,0.265,377000,0
750.HK,5,20251014,050000,0.265,0.265,0.26,0.26,92000,0
750.HK,5,20251014,050500,0.26,0.265,0.26,0.265,140000,0
750.HK,5,20251014,053000,0.265,0.265,0.265,0.265,9000,0
750.HK,5,20251014,070500,0.26,0.26,0.26,0.26,1000,0
750.HK,5,20251014,071500,0.265,0.265,0.265,0.265,1000,0
750.HK,5,20251014,073000,0.26,0.26,0.26,0.26,64000,0
750.HK,5,20251014,074500,0.26,0.26,0.255,0.255,38000,0
750.HK,5,20251014,075000,0.26,0.26,0.26,0.26,58000,0
750.HK,5,20251014,080000,0.26,0.26,0.26,0.26,30000,0
750.HK,5,20251014,080500,0.265,0.265,0.265,0.265,20000,0
750.HK,5,20251014,082000,0.26,0.26,0.26,0.26,30000,0
750.HK,5,20251014,090500,0.26,0.26,0.26,0.26,30000,0
750.HK,5,20251014,091000,0.255,0.255,0.255,0.255,300000,0
750.HK,5,20251014,091500,0.255,0.255,0.255,0.255,54000,0
750.HK,5,20251014,092000,0.255,0.255,0.255,0.255,11000,0
750.HK,5,20251014,092500,0.255,0.26,0.255,0.26,380000,0
750.HK,5,20251014,095000,0.26,0.26,0.26,0.26,320000,0
750.HK,5,20251014,095500,0.26,0.265,0.26,0.265,79000,0
750.HK,5,20251015,041000,0.265,0.265,0.265,0.265,178000,0
750.HK,5,20251015,042500,0.265,0.265,0.265,0.265,8000,0
750.HK,5,20251015,044000,0.265,0.265,0.265,0.265,19000,0
750.HK,5,20251015,044500,0.265,0.265,0.265,0.265,36000,0
750.HK,5,20251015,075500,0.27,0.27,0.265,0.265,31000,0
750.HK,5,20251015,080000,0.27,0.27,0.27,0.27,1000,0
750.HK,5,20251015,080500,0.265,0.265,0.265,0.265,19000,0
750.HK,5,20251015,081000,0.27,0.27,0.27,0.27,1000,0
750.HK,5,20251015,081500,0.265,0.265,0.265,0.265,18000,0
750.HK,5,20251015,082000,0.27,0.27,0.27,0.27,1000,0
750.HK,5,20251015,095000,0.27,0.27,0.27,0.27,30000,0
750.HK,5,20251016,034000,0.28,0.28,0.28,0.28,1000,0
750.HK,5,20251016,050500,0.275,0.275,0.275,0.275,76000,0
750.HK,5,20251016,054000,0.275,0.275,0.275,0.275,10000,0
750.HK,5,20251016,071500,0.275,0.275,0.275,0.275,10000,0
750.HK,5,20251017,040500,0.27,0.27,0.27,0.27,1000,0
750.HK,5,20251017,042000,0.275,0.275,0.275,0.275,1000,0
750.HK,5,20251017,042500,0.27,0.27,0.27,0.27,1000,0
750.HK,5,20251017,053000,0.27,0.27,0.27,0.27,10000,0
750.HK,5,20251017,072500,0.265,0.265,0.265,0.265,1000,0
750.HK,5,20251017,080000,0.265,0.265,0.265,0.265,2000,0
750.HK,5,20251017,083500,0.265,0.265,0.265,0.265,1000,0
750.HK,5,20251017,094000,0.265,0.265,0.265,0.265,2000,0
750.HK,5,20251017,095500,0.265,0.265,0.265,0.265,50000,0
750.HK,5,20251020,040500,0.265,0.27,0.265,0.27,25000,0
750.HK,5,20251020,052000,0.27,0.27,0.27,0.27,9000,0
750.HK,5,20251020,054000,0.27,0.27,0.27,0.27,4000,0
750.HK,5,20251020,073000,0.265,0.27,0.265,0.27,3000,0
750.HK,5,20251020,073500,0.265,0.27,0.265,0.27,3000,0
750.HK,5,20251020,080000,0.27,0.27,0.27,0.27,1000,0
750.HK,5,20251020,093000,0.27,0.27,0.27,0.27,61000,0
750.HK,5,20251021,034500,0.27,0.27,0.27,0.27,13000,0
750.HK,5,20251021,041500,0.265,0.265,0.265,0.265,7000,0
750.HK,5,20251021,042000,0.265,0.265,0.265,0.265,37000,0
750.HK,5,20251021,044500,0.265,0.265,0.265,0.265,20000,0
750.HK,5,20251021,045500,0.265,0.265,0.265,0.265,108000,0
750.HK,5,20251021,050500,0.265,0.265,0.265,0.265,2000,0
750.HK,5,20251021,051000,0.27,0.27,0.27,0.27,1000,0
750.HK,5,20251021,052500,0.265,0.27,0.265,0.265,21000,0
750.HK,5,20251021,053000,0.265,0.27,0.265,0.27,10000,0
750.HK,5,20251021,054500,0.27,0.27,0.27,0.27,19000,0
750.HK,5,20251021,074500,0.265,0.265,0.265,0.265,13000,0
750.HK,5,20251021,075000,0.27,0.27,0.27,0.27,9000,0
750.HK,5,20251021,081500,0.27,0.27,0.27,0.27,4000,0
750.HK,5,20251021,093000,0.265,0.265,0.265,0.265,16000,0
750.HK,5,20251021,095500,0.265,0.265,0.265,0.265,9000,0
750.HK,5,20251022,033000,0.27,0.285,0.27,0.285,28000,0
750.HK,5,20251022,035000,0.27,0.28,0.27,0.28,7000,0
750.HK,5,20251022,040000,0.28,0.28,0.28,0.28,74000,0
750.HK,5,20251022,040500,0.285,0.285,0.285,0.285,64000,0
750.HK,5,20251022,042000,0.285,0.285,0.285,0.285,1000,0
750.HK,5,20251022,042500,0.28,0.285,0.28,0.285,10000,0
750.HK,5,20251022,045500,0.285,0.285,0.285,0.285,25000,0
750.HK,5,20251022,051000,0.28,0.285,0.28,0.285,390000,0
750.HK,5,20251022,070000,0.28,0.28,0.28,0.28,12000,0
750.HK,5,20251022,070500,0.28,0.28,0.28,0.28,31000,0
750.HK,5,20251022,082000,0.28,0.28,0.28,0.28,50000,0
750.HK,5,20251022,082500,0.28,0.28,0.28,0.28,9000,0
750.HK,5,20251022,083000,0.28,0.28,0.28,0.28,2000,0
750.HK,5,20251022,083500,0.28,0.28,0.28,0.28,4000,0
750.HK,5,20251022,084000,0.28,0.28,0.28,0.28,5000,0
750.HK,5,20251022,084500,0.28,0.28,0.28,0.28,5000,0
750.HK,5,20251022,085000,0.28,0.28,0.28,0.28,4000,0
750.HK,5,20251022,085500,0.28,0.28,0.28,0.28,3000,0
750.HK,5,20251022,090000,0.28,0.28,0.28,0.28,1000,0
750.HK,5,20251022,090500,0.28,0.285,0.28,0.285,235000,0
750.HK,5,20251022,091000,0.285,0.285,0.285,0.285,2000,0
750.HK,5,20251022,092000,0.275,0.28,0.275,0.28,3000,0
750.HK,5,20251022,092500,0.28,0.28,0.28,0.28,118000,0
750.HK,5,20251022,093000,0.28,0.285,0.28,0.285,42000,0
750.HK,5,20251022,093500,0.275,0.28,0.275,0.28,201000,0
750.HK,5,20251022,094500,0.285,0.285,0.285,0.285,1000,0
750.HK,5,20251022,095500,0.285,0.29,0.285,0.29,343000,0
750.HK,5,20251023,033000,0.28,0.29,0.28,0.29,58000,0
750.HK,5,20251023,034000,0.275,0.275,0.275,0.275,17000,0
750.HK,5,20251023,034500,0.275,0.275,0.275,0.275,5000,0
750.HK,5,20251023,035000,0.275,0.275,0.275,0.275,5000,0
750.HK,5,20251023,035500,0.275,0.275,0.275,0.275,8000,0
750.HK,5,20251023,040000,0.275,0.275,0.275,0.275,5000,0
750.HK,5,20251023,040500,0.275,0.275,0.275,0.275,5000,0
750.HK,5,20251023,041000,0.275,0.275,0.275,0.275,1000,0
750.HK,5,20251023,041500,0.27,0.275,0.27,0.275,130000,0
750.HK,5,20251023,043000,0.275,0.275,0.275,0.275,205000,0
750.HK,5,20251023,044500,0.275,0.275,0.275,0.275,5000,0
750.HK,5,20251023,045000,0.275,0.275,0.275,0.275,5000,0
750.HK,5,20251023,045500,0.275,0.275,0.275,0.275,3000,0
750.HK,5,20251023,080000,0.275,0.275,0.275,0.275,9000,0
750.HK,5,20251023,084000,0.27,0.275,0.27,0.275,80000,0
750.HK,5,20251023,091000,0.27,0.275,0.27,0.275,300000,0
750.HK,5,20251023,095500,0.275,0.275,0.275,0.275,1000,0
750.HK,5,20251024,041000,0.285,0.285,0.285,0.285,10000,0
750.HK,5,20251024,081500,0.28,0.28,0.275,0.28,3000,0
750.HK,5,20251024,082000,0.275,0.28,0.275,0.28,2000,0
750.HK,5,20251024,091500,0.28,0.28,0.28,0.28,1000,0
750.HK,5,20251024,095000,0.28,0.28,0.28,0.28,1000,0
750.HK,5,20251027,023000,0.285,0.285,0.285,0.285,1000,0
750.HK,5,20251027,023500,0.285,0.285,0.285,0.285,29000,0
750.HK,5,20251027,042500,0.285,0.285,0.285,0.285,9000,0
750.HK,5,20251027,045000,0.28,0.285,0.28,0.285,30000,0
750.HK,5,20251027,045500,0.28,0.285,0.28,0.28,101000,0
750.HK,5,20251027,060000,0.28,0.28,0.28,0.28,3000,0
750.HK,5,20251027,062000,0.28,0.28,0.28,0.28,4000,0
750.HK,5,20251027,064000,0.285,0.285,0.285,0.285,1000,0
750.HK,5,20251027,080000,0.28,0.285,0.28,0.285,110000,0
750.HK,5,20251027,080500,0.285,0.29,0.285,0.29,61000,0
750.HK,5,20251027,081000,0.28,0.28,0.28,0.28,6000,0
750.HK,5,20251027,082500,0.285,0.285,0.285,0.285,1000,0
750.HK,5,20251027,083000,0.285,0.285,0.285,0.285,37000,0
750.HK,5,20251027,085500,0.28,0.285,0.28,0.285,80000,0
750.HK,5,20251028,023500,0.275,0.275,0.275,0.275,6000,0
750.HK,5,20251028,024000,0.275,0.275,0.275,0.275,7000,0
750.HK,5,20251028,024500,0.275,0.28,0.275,0.28,24000,0
750.HK,5,20251028,031000,0.28,0.28,0.28,0.28,10000,0
750.HK,5,20251028,034000,0.28,0.285,0.28,0.285,5000,0
750.HK,5,20251028,084000,0.275,0.28,0.275,0.28,2000,0
750.HK,5,20251028,085500,0.28,0.28,0.28,0.28,2000,0
750.HK,5,20251030,023000,0.275,0.29,0.275,0.29,8000,0
750.HK,5,20251030,035000,0.275,0.275,0.275,0.275,1000,0
750.HK,5,20251030,035500,0.27,0.285,0.27,0.285,33000,0
750.HK,5,20251030,041000,0.28,0.28,0.28,0.28,8000,0
750.HK,5,20251030,045000,0.275,0.28,0.275,0.28,236000,0
750.HK,5,20251030,060000,0.275,0.275,0.275,0.275,65000,0
750.HK,5,20251030,060500,0.28,0.28,0.28,0.28,1000,0
750.HK,5,20251030,062000,0.275,0.275,0.275,0.275,2000,0
750.HK,5,20251030,062500,0.275,0.275,0.275,0.275,2000,0
750.HK,5,20251030,063000,0.275,0.275,0.275,0.275,5000,0
750.HK,5,20251030,063500,0.275,0.275,0.275,0.275,3000,0
750.HK,5,20251030,064000,0.275,0.28,0.275,0.28,5000,0
750.HK,5,20251030,083000,0.275,0.28,0.275,0.28,59000,0
750.HK,5,20251030,083500,0.275,0.28,0.275,0.28,10000,0
750.HK,5,20251030,084500,0.275,0.275,0.275,0.275,2000,0
750.HK,5,20251030,085500,0.28,0.28,0.28,0.28,1000,0
750.HK,5,20251031,024000,0.27,0.28,0.27,0.28,3000,0
750.HK,5,20251031,072500,0.28,0.28,0.28,0.28,8000,0
750.HK,5,20251031,075500,0.28,0.28,0.28,0.28,6000,0
750.HK,5,20251031,081500,0.27,0.27,0.27,0.27,50000,0
750.HK,5,20251031,082500,0.275,0.275,0.275,0.275,1000,0
750.HK,5,20251031,083000,0.27,0.27,0.27,0.27,207000,0
750.HK,5,20251103,061500,0.265,0.275,0.265,0.275,11000,0
750.HK,5,20251103,074500,0.275,0.275,0.275,0.275,96000,0
750.HK,5,20251103,085000,0.27,0.27,0.27,0.27,80000,0
750.HK,5,20251103,085500,0.275,0.275,0.275,0.275,1000,0
750.HK,5,20251104,061500,0.275,0.275,0.275,0.275,50000,0
750.HK,5,20251104,063000,0.275,0.275,0.275,0.275,1000,0
750.HK,5,20251104,064500,0.275,0.275,0.275,0.275,7000,0
750.HK,5,20251104,071000,0.275,0.275,0.275,0.275,200000,0
750.HK,5,20251104,071500,0.275,0.275,0.275,0.275,29000,0
750.HK,5,20251104,072500,0.275,0.275,0.275,0.275,1000,0
750.HK,5,20251104,083000,0.275,0.275,0.275,0.275,1000,0
750.HK,5,20251105,023000,0.27,0.275,0.27,0.275,201000,0
750.HK,5,20251105,023500,0.27,0.27,0.27,0.27,5000,0
750.HK,5,20251105,024000,0.27,0.27,0.27,0.27,1000,0
750.HK,5,20251105,024500,0.27,0.27,0.27,0.27,1000,0
750.HK,5,20251105,041500,0.27,0.27,0.27,0.27,2000,0
750.HK,5,20251105,044500,0.27,0.27,0.27,0.27,29000,0
750.HK,5,20251105,045500,0.27,0.27,0.27,0.27,2000,0
750.HK,5,20251105,060000,0.27,0.27,0.27,0.27,1000,0
750.HK,5,20251105,061000,0.27,0.27,0.27,0.27,7000,0
750.HK,5,20251105,075500,0.27,0.27,0.27,0.27,1000,0
750.HK,5,20251106,081000,0.27,0.27,0.27,0.27,8000,0
750.HK,5,20251106,083000,0.27,0.27,0.27,0.27,1000,0
750.HK,5,20251106,084000,0.265,0.27,0.265,0.27,2000,0
750.HK,5,20251107,024000,0.27,0.275,0.27,0.275,5000,0
750.HK,5,20251107,024500,0.275,0.28,0.275,0.28,27000,0
750.HK,5,20251107,025500,0.275,0.275,0.275,0.275,12000,0
750.HK,5,20251107,032500,0.275,0.275,0.275,0.275,20000,0
750.HK,5,20251107,060000,0.275,0.275,0.275,0.275,30000,0
750.HK,5,20251107,063500,0.27,0.27,0.27,0.27,2000,0
750.HK,5,20251107,064000,0.27,0.27,0.27,0.27,7000,0
750.HK,5,20251107,071500,0.27,0.27,0.27,0.27,10000,0
750.HK,5,20251107,075500,0.27,0.27,0.27,0.27,5000,0
750.HK,5,20251107,080000,0.27,0.27,0.27,0.27,20000,0
750.HK,5,20251107,085500,0.27,0.27,0.27,0.27,10000,0
750.HK,5,20251110,024000,0.27,0.27,0.27,0.27,1000,0
750.HK,5,20251110,033500,0.27,0.27,0.27,0.27,18000,0
750.HK,5,20251110,044500,0.27,0.27,0.27,0.27,6000,0
750.HK,5,20251110,064500,0.27,0.27,0.27,0.27,1000,0
750.HK,5,20251110,074000,0.27,0.27,0.27,0.27,6000,0
750.HK,5,20251110,084000,0.27,0.27,0.27,0.27,1000,0
750.HK,5,20251110,085000,0.27,0.27,0.27,0.27,1000,0
750.HK,5,20251111,024500,0.265,0.265,0.265,0.265,26000,0
750.HK,5,20251111,025500,0.265,0.265,0.26,0.265,307000,0
750.HK,5,20251111,030000,0.265,0.265,0.265,0.265,15000,0
750.HK,5,20251111,031000,0.265,0.265,0.265,0.265,30000,0
750.HK,5,20251111,032500,0.265,0.265,0.265,0.265,1000,0
750.HK,5,20251111,033000,0.265,0.265,0.265,0.265,3000,0
750.HK,5,20251111,041000,0.265,0.265,0.265,0.265,1000,0
750.HK,5,20251111,060500,0.265,0.265,0.265,0.265,50000,0
750.HK,5,20251111,074500,0.265,0.265,0.265,0.265,75000,0
750.HK,5,20251111,080500,0.265,0.265,0.265,0.265,75000,0
750.HK,5,20251111,081000,0.27,0.27,0.27,0.27,1000,0
750.HK,5,20251111,083000,0.265,0.265,0.265,0.265,7000,0
750.HK,5,20251111,083500,0.265,0.265,0.265,0.265,1000,0
750.HK,5,20251111,085500,0.265,0.27,0.265,0.27,48000,0
750.HK,5,20251112,061500,0.26,0.265,0.26,0.265,309000,0
750.HK,5,20251112,062500,0.26,0.26,0.26,0.26,35000,0
750.HK,5,20251112,065000,0.26,0.26,0.26,0.26,15000,0
750.HK,5,20251112,070500,0.265,0.265,0.265,0.265,1000,0
750.HK,5,20251112,074000,0.26,0.26,0.26,0.26,174000,0
750.HK,5,20251112,081000,0.26,0.26,0.26,0.26,20000,0
750.HK,5,20251112,082500,0.26,0.26,0.26,0.26,527000,0
750.HK,5,20251112,083000,0.26,0.26,0.26,0.26,10000,0
750.HK,5,20251112,083500,0.26,0.265,0.26,0.265,24000,0
750.HK,5,20251112,084500,0.26,0.265,0.26,0.265,6000,0
750.HK,5,20251112,085000,0.26,0.26,0.26,0.26,2000,0
750.HK,5,20251113,035000,0.265,0.265,0.26,0.26,4000,0
750.HK,5,20251113,040500,0.265,0.265,0.265,0.265,1000,0
750.HK,5,20251113,042000,0.26,0.26,0.26,0.26,1000,0
750.HK,5,20251113,070500,0.26,0.26,0.26,0.26,6000,0
750.HK,5,20251113,084500,0.26,0.26,0.26,0.26,10000,0
750.HK,5,20251113,085000,0.26,0.26,0.26,0.26,1000,0
750.HK,5,20251114,030500,0.26,0.26,0.26,0.26,30000,0
750.HK,5,20251114,044000,0.26,0.26,0.26,0.26,1000,0
750.HK,5,20251114,060000,0.26,0.26,0.26,0.26,203000,0
750.HK,5,20251114,063000,0.26,0.26,0.26,0.26,19000,0
750.HK,5,20251114,072500,0.255,0.255,0.255,0.255,73000,0
750.HK,5,20251114,073500,0.255,0.255,0.255,0.255,8000,0
750.HK,5,20251114,074500,0.255,0.255,0.255,0.255,3000,0
750.HK,5,20251114,075000,0.26,0.26,0.26,0.26,18000,0
750.HK,5,20251114,084000,0.255,0.255,0.255,0.255,10000,0
750.HK,5,20251114,084500,0.26,0.26,0.26,0.26,2000,0
750.HK,5,20251117,031500,0.255,0.255,0.255,0.255,1000,0
750.HK,5,20251117,032000,0.255,0.255,0.255,0.255,1000,0
750.HK,5,20251117,033000,0.255,0.255,0.255,0.255,10000,0
750.HK,5,20251117,034500,0.255,0.255,0.255,0.255,1000,0
750.HK,5,20251117,035000,0.255,0.255,0.255,0.255,1000,0
750.HK,5,20251117,035500,0.255,0.255,0.255,0.255,1000,0
750.HK,5,20251117,040000,0.255,0.255,0.255,0.255,1000,0
750.HK,5,20251117,062500,0.255,0.255,0.255,0.255,20000,0
750.HK,5,20251117,063500,0.255,0.255,0.255,0.255,48000,0
750.HK,5,20251117,082000,0.255,0.255,0.255,0.255,1000,0
750.HK,5,20251117,084000,0.255,0.255,0.255,0.255,1000,0
750.HK,5,20251118,032500,0.255,0.255,0.255,0.255,362000,0
750.HK,5,20251118,040000,0.255,0.255,0.255,0.255,10000,0
750.HK,5,20251118,063500,0.255,0.255,0.255,0.255,14000,0
750.HK,5,20251118,070500,0.255,0.255,0.255,0.255,40000,0
750.HK,5,20251118,072500,0.255,0.255,0.255,0.255,53000,0
750.HK,5,20251118,084500,0.255,0.255,0.255,0.255,88000,0
750.HK,5,20251118,085000,0.255,0.255,0.255,0.255,60000,0
750.HK,5,20251119,023000,0.26,0.26,0.26,0.26,1000,0
750.HK,5,20251119,081000,0.26,0.26,0.26,0.26,1000,0
750.HK,5,20251119,082000,0.26,0.26,0.26,0.26,10000,0
750.HK,5,20251119,084000,0.25,0.26,0.25,0.26,2000,0
750.HK,5,20251120,025500,0.26,0.26,0.26,0.26,3000,0
750.HK,5,20251120,064000,0.26,0.26,0.26,0.26,7000,0
750.HK,5,20251120,085500,0.26,0.26,0.26,0.26,1000,0
750.HK,5,20251121,030500,0.26,0.26,0.26,0.26,6000,0
750.HK,5,20251121,035000,0.255,0.255,0.255,0.255,1000,0
750.HK,5,20251121,044000,0.255,0.255,0.255,0.255,62000,0
750.HK,5,20251121,045000,0.255,0.255,0.255,0.255,51000,0
750.HK,5,20251121,064000,0.255,0.255,0.255,0.255,12000,0
750.HK,5,20251121,065500,0.255,0.255,0.255,0.255,6000,0
750.HK,5,20251121,070000,0.26,0.26,0.26,0.26,43000,0
750.HK,5,20251121,071500,0.275,0.275,0.275,0.275,1000,0
750.HK,5,20251121,075000,0.26,0.26,0.26,0.26,1000,0
750.HK,5,20251121,080500,0.27,0.27,0.27,0.27,1000,0
750.HK,5,20251121,081500,0.26,0.27,0.26,0.27,12000,0
750.HK,5,20251121,083000,0.255,0.255,0.255,0.255,1000,0
750.HK,5,20251121,084500,0.255,0.255,0.255,0.255,1000,0
750.HK,5,20251124,040500,0.26,0.26,0.26,0.26,6000,0
750.HK,5,20251125,031500,0.26,0.265,0.26,0.265,92000,0
750.HK,5,20251125,063000,0.265,0.265,0.26,0.26,1000,0
750.HK,5,20251126,033000,0.25,0.255,0.25,0.255,36000,0
750.HK,5,20251126,044500,0.255,0.255,0.255,0.255,1000,0
750.HK,5,20251126,045000,0.255,0.255,0.255,0.255,100000,0
750.HK,5,20251126,073500,0.255,0.255,0.255,0.255,6000,0
750.HK,5,20251126,081500,0.255,0.255,0.255,0.255,270000,0
750.HK,5,20251127,033000,0.255,0.255,0.255,0.255,1000,0
750.HK,5,20251127,041000,0.255,0.255,0.255,0.255,1000,0
750.HK,5,20251127,075500,0.255,0.255,0.255,0.255,1000,0
750.HK,5,20251127,080000,0.255,0.255,0.255,0.255,6000,0
750.HK,5,20251127,082000,0.255,0.255,0.255,0.255,289000,0
750.HK,5,20251127,084000,0.255,0.255,0.255,0.255,1000,0
750.HK,5,20251128,023000,0.25,0.25,0.25,0.25,6000,0
750.HK,5,20251128,031500,0.25,0.25,0.25,0.25,9000,0
750.HK,5,20251128,032000,0.25,0.25,0.25,0.25,730000,0
750.HK,5,20251128,033000,0.25,0.25,0.25,0.25,5000,0
750.HK,5,20251128,033500,0.25,0.25,0.25,0.25,55000,0
750.HK,5,20251128,071000,0.255,0.255,0.255,0.255,7000,0
750.HK,5,20251128,083000,0.25,0.25,0.249,0.249,145000,0
750.HK,5,20251128,083500,0.248,0.248,0.248,0.248,1000,0
750.HK,5,20251128,084000,0.247,0.247,0.247,0.247,10000,0
750.HK,5,20251128,084500,0.246,0.25,0.246,0.25,50000,0
750.HK,5,20251128,085500,0.249,0.249,0.249,0.249,10000,0
750.HK,5,20251201,025500,0.25,0.25,0.25,0.25,92000,0
750.HK,5,20251201,032000,0.25,0.25,0.25,0.25,5000,0
750.HK,5,20251201,035500,0.255,0.255,0.255,0.255,9000,0
750.HK,5,20251201,042000,0.25,0.25,0.25,0.25,9000,0
750.HK,5,20251201,060000,0.242,0.242,0.242,0.242,16000,0
750.HK,5,20251201,060500,0.249,0.249,0.249,0.249,1000,0
750.HK,5,20251201,062000,0.249,0.249,0.249,0.249,300000,0
750.HK,5,20251201,075000,0.241,0.241,0.241,0.241,185000,0
750.HK,5,20251201,081000,0.241,0.241,0.241,0.241,123000,0
750.HK,5,20251201,084000,0.243,0.243,0.243,0.243,66000,0
750.HK,5,20251201,085000,0.243,0.243,0.243,0.243,74000,0
750.HK,5,20251201,085500,0.243,0.243,0.243,0.243,65000,0
750.HK,5,20251202,030500,0.24,0.24,0.24,0.24,20000,0
750.HK,5,20251202,043500,0.241,0.241,0.241,0.241,1000,0
750.HK,5,20251202,045000,0.241,0.241,0.241,0.241,1000,0
750.HK,5,20251202,045500,0.241,0.241,0.241,0.241,1000,0
750.HK,5,20251202,060000,0.242,0.242,0.242,0.242,50000,0
750.HK,5,20251202,062500,0.241,0.241,0.24,0.24,288000,0
750.HK,5,20251202,064500,0.24,0.24,0.24,0.24,30000,0
750.HK,5,20251202,070000,0.24,0.242,0.24,0.242,476000,0
750.HK,5,20251202,075000,0.243,0.243,0.243,0.243,7000,0
750.HK,5,20251202,080500,0.243,0.243,0.243,0.243,10000,0
750.HK,5,20251202,085500,0.243,0.243,0.243,0.243,158000,0
750.HK,5,20251203,043500,0.241,0.241,0.241,0.241,200000,0
750.HK,5,20251203,060500,0.24,0.24,0.24,0.24,200000,0
750.HK,5,20251203,061000,0.24,0.24,0.24,0.24,1000,0
750.HK,5,20251203,061500,0.24,0.24,0.24,0.24,20000,0
750.HK,5,20251203,074000,0.241,0.241,0.241,0.241,11000,0
750.HK,5,20251203,080000,0.24,0.24,0.24,0.24,56000,0
750.HK,5,20251203,081000,0.239,0.239,0.239,0.239,60000,0
750.HK,5,20251203,085000,0.239,0.239,0.239,0.239,1000,0
750.HK,5,20251203,085500,0.239,0.239,0.239,0.239,5000,0
750.HK,5,20251204,040000,0.236,0.236,0.236,0.236,100000,0
750.HK,5,20251204,043500,0.236,0.236,0.236,0.236,60000,0
750.HK,5,20251204,045000,0.236,0.236,0.236,0.236,100000,0
750.HK,5,20251204,065500,0.237,0.237,0.237,0.237,27000,0
750.HK,5,20251204,073000,0.238,0.238,0.238,0.238,13000,0
750.HK,5,20251204,074500,0.238,0.238,0.238,0.238,12000,0
750.HK,5,20251204,081500,0.237,0.237,0.237,0.237,15000,0
750.HK,5,20251204,083500,0.237,0.237,0.237,0.237,10000,0
750.HK,5,20251204,085000,0.238,0.238,0.238,0.238,239000,0
750.HK,5,20251204,085500,0.238,0.238,0.238,0.238,44000,0
