<TICKER>,<PER>,<DATE>,<TIME>,<OPEN>,<HIGH>,<LOW>,<CLOSE>,<VOL>,<OPENINT>
7777.HK,5,20250709,033000,61.70,61.70,61.70,61.70,600,0
7777.HK,5,20250709,034500,61.70,61.70,61.70,61.70,30,0
7777.HK,5,20250709,035000,61.96,61.96,61.92,61.92,290,0
7777.HK,5,20250709,041000,61.92,61.92,61.92,61.92,10,0
7777.HK,5,20250709,041500,61.92,61.92,61.92,61.92,890,0
7777.HK,5,20250709,043500,61.92,61.92,61.92,61.92,20,0
7777.HK,5,20250709,044000,61.88,61.88,61.88,61.88,130,0
7777.HK,5,20250709,044500,61.40,61.40,61.40,61.40,110,0
7777.HK,5,20250709,045000,61.38,61.38,61.38,61.38,200,0
7777.HK,5,20250709,070000,61.88,61.88,61.88,61.88,240,0
7777.HK,5,20250709,082000,61.66,61.66,61.66,61.66,160,0
7777.HK,5,20250709,085500,61.86,61.86,61.86,61.86,500,0
7777.HK,5,20250709,093500,61.86,61.86,61.86,61.86,10,0
7777.HK,5,20250710,033000,62.22,62.22,62.22,62.22,680,0
7777.HK,5,20250710,033500,62.22,62.22,62.22,62.22,290,0
7777.HK,5,20250710,034500,62.16,62.16,62.16,62.16,30,0
7777.HK,5,20250710,042500,62.10,62.10,62.10,62.10,20,0
7777.HK,5,20250710,052000,62.06,62.06,62.06,62.06,210,0
7777.HK,5,20250710,052500,61.74,61.74,61.74,61.74,10,0
7777.HK,5,20250710,054500,61.74,61.74,61.74,61.74,320,0
7777.HK,5,20250710,070000,61.74,61.74,61.74,61.74,350,0
7777.HK,5,20250710,070500,61.74,61.74,61.74,61.74,100,0
7777.HK,5,20250710,074000,61.74,61.74,61.74,61.74,30,0
7777.HK,5,20250710,084500,61.74,61.74,61.74,61.74,30,0
7777.HK,5,20250711,033500,61.68,61.68,61.68,61.68,140,0
7777.HK,5,20250711,034500,61.68,61.68,61.66,61.66,400,0
7777.HK,5,20250711,035500,61.66,61.66,61.66,61.66,1100,0
7777.HK,5,20250711,041500,61.62,61.62,61.62,61.62,130,0
7777.HK,5,20250711,044500,61.56,61.56,61.56,61.56,10,0
7777.HK,5,20250711,050500,61.36,61.36,61.36,61.36,50,0
7777.HK,5,20250711,054000,61.38,61.38,61.38,61.38,100,0
7777.HK,5,20250711,054500,61.54,61.54,61.54,61.54,160,0
7777.HK,5,20250711,055500,61.38,61.38,61.38,61.38,2840,0
7777.HK,5,20250711,070000,61.44,61.44,61.42,61.42,1500,0
7777.HK,5,20250711,072500,61.44,61.44,61.42,61.42,490,0
7777.HK,5,20250711,075000,61.38,61.38,61.38,61.38,160,0
7777.HK,5,20250711,084000,61.36,61.36,61.36,61.36,650,0
7777.HK,5,20250711,084500,61.34,61.34,61.34,61.34,640,0
7777.HK,5,20250711,091500,61.34,61.34,61.34,61.34,100,0
7777.HK,5,20250711,092000,61.30,61.90,61.30,61.90,20,0
7777.HK,5,20250711,093000,61.90,61.90,61.90,61.90,10,0
7777.HK,5,20250711,094500,61.82,61.82,61.82,61.82,200,0
7777.HK,5,20250714,033000,61.00,61.00,60.98,60.98,510,0
7777.HK,5,20250714,034000,60.96,60.96,60.88,60.88,100,0
7777.HK,5,20250714,035000,60.88,60.88,60.88,60.88,20,0
7777.HK,5,20250714,040000,60.88,60.88,60.88,60.88,10,0
7777.HK,5,20250714,042000,61.00,61.00,61.00,61.00,100,0
7777.HK,5,20250714,042500,61.00,61.00,61.00,61.00,100,0
7777.HK,5,20250714,043500,61.04,61.04,61.00,61.00,160,0
7777.HK,5,20250714,045000,60.86,60.86,60.66,60.66,200,0
7777.HK,5,20250714,050500,60.62,60.62,60.60,60.60,170,0
7777.HK,5,20250714,052000,60.60,60.60,60.60,60.60,50,0
7777.HK,5,20250714,054500,60.62,60.62,60.62,60.62,10,0
7777.HK,5,20250714,070500,61.08,61.08,60.60,60.60,390,0
7777.HK,5,20250714,073000,61.00,61.00,61.00,61.00,160,0
7777.HK,5,20250714,085500,60.70,60.70,60.70,60.70,300,0
7777.HK,5,20250715,033000,61.00,61.00,61.00,61.00,200,0
7777.HK,5,20250715,034000,61.08,61.08,61.08,61.08,100,0
7777.HK,5,20250715,034500,61.12,61.12,61.12,61.12,500,0
7777.HK,5,20250715,035500,61.40,61.40,61.40,61.40,100,0
7777.HK,5,20250715,041000,61.20,61.20,61.20,61.20,130,0
7777.HK,5,20250715,042500,61.20,61.20,61.20,61.20,20,0
7777.HK,5,20250715,050500,61.20,61.20,61.20,61.20,60,0
7777.HK,5,20250715,055500,61.22,61.22,61.22,61.22,340,0
7777.HK,5,20250715,070000,61.20,61.20,61.20,61.20,170,0
7777.HK,5,20250715,081000,61.20,61.20,61.20,61.20,100,0
7777.HK,5,20250715,082500,61.20,61.20,61.20,61.20,130,0
7777.HK,5,20250715,083000,61.20,61.20,61.20,61.20,10,0
7777.HK,5,20250715,090000,61.20,61.22,61.20,61.22,1620,0
7777.HK,5,20250715,092000,61.22,61.22,61.22,61.22,10,0
7777.HK,5,20250715,093000,61.16,61.16,61.10,61.10,1110,0
7777.HK,5,20250715,095000,61.10,61.10,61.10,61.10,260,0
7777.HK,5,20250715,095500,61.12,61.12,61.12,61.12,340,0
7777.HK,5,20250716,033000,60.50,60.50,59.76,59.76,2400,0
7777.HK,5,20250716,033500,59.74,59.74,59.74,59.74,10,0
7777.HK,5,20250716,035000,59.76,59.76,59.76,59.76,150,0
7777.HK,5,20250716,035500,59.80,59.80,59.80,59.80,200,0
7777.HK,5,20250716,040500,59.80,59.80,59.80,59.80,410,0
7777.HK,5,20250716,043500,59.86,59.86,59.86,59.86,440,0
7777.HK,5,20250716,044000,59.80,59.80,59.80,59.80,320,0
7777.HK,5,20250716,051000,59.84,59.84,59.84,59.84,200,0
7777.HK,5,20250716,053000,59.80,59.80,59.80,59.80,10,0
7777.HK,5,20250716,055000,59.86,59.86,59.86,59.86,20,0
7777.HK,5,20250716,055500,59.86,59.86,59.86,59.86,400,0
7777.HK,5,20250716,070000,59.86,59.86,59.84,59.84,420,0
7777.HK,5,20250716,070500,59.80,59.80,59.80,59.80,670,0
7777.HK,5,20250716,073000,59.86,59.86,59.86,59.86,600,0
7777.HK,5,20250716,074500,59.78,59.78,59.78,59.78,210,0
7777.HK,5,20250716,082500,59.78,59.78,59.78,59.78,170,0
7777.HK,5,20250716,083500,59.76,59.76,59.74,59.74,730,0
7777.HK,5,20250716,084500,59.78,59.78,59.78,59.78,10,0
7777.HK,5,20250716,085000,59.76,59.76,59.76,59.76,1000,0
7777.HK,5,20250716,085500,59.78,59.78,59.78,59.78,60,0
7777.HK,5,20250716,090500,59.74,59.74,59.72,59.72,580,0
7777.HK,5,20250716,091000,59.70,59.74,59.70,59.74,140,0
7777.HK,5,20250716,092500,59.74,59.74,59.74,59.74,1000,0
7777.HK,5,20250716,093500,59.74,59.74,59.74,59.74,100,0
7777.HK,5,20250716,095000,59.72,59.72,59.70,59.70,190,0
7777.HK,5,20250717,050000,59.74,59.74,59.74,59.74,100,0
7777.HK,5,20250717,051500,59.74,59.74,59.74,59.74,600,0
7777.HK,5,20250717,075000,59.76,59.76,59.76,59.76,340,0
7777.HK,5,20250717,081500,59.78,59.78,59.78,59.78,170,0
7777.HK,5,20250717,082500,59.78,59.78,59.78,59.78,590,0
7777.HK,5,20250717,084500,59.78,59.78,59.78,59.78,300,0
7777.HK,5,20250717,090000,59.78,59.78,59.74,59.74,30,0
7777.HK,5,20250717,091000,59.74,59.74,59.74,59.74,300,0
7777.HK,5,20250717,092500,59.74,59.74,59.74,59.74,40,0
7777.HK,5,20250717,093500,59.76,59.78,59.76,59.78,1080,0
7777.HK,5,20250718,033500,60.66,60.66,60.66,60.66,160,0
7777.HK,5,20250718,034500,60.66,60.66,60.66,60.66,100,0
7777.HK,5,20250718,035500,60.50,60.50,60.50,60.50,150,0
7777.HK,5,20250718,041000,60.50,60.50,60.50,60.50,10,0
7777.HK,5,20250718,041500,60.50,60.50,60.50,60.50,100,0
7777.HK,5,20250718,043000,60.50,60.50,60.50,60.50,180,0
7777.HK,5,20250718,043500,60.34,60.34,60.34,60.34,20,0
7777.HK,5,20250718,045000,60.34,60.34,60.34,60.34,150,0
7777.HK,5,20250718,051000,60.22,60.22,60.22,60.22,100,0
7777.HK,5,20250718,054500,60.22,60.22,60.22,60.22,150,0
7777.HK,5,20250718,055500,60.22,60.22,60.22,60.22,20,0
7777.HK,5,20250718,070000,60.24,60.24,60.24,60.24,40,0
7777.HK,5,20250718,081500,60.28,60.28,60.28,60.28,20,0
7777.HK,5,20250718,082000,60.34,60.34,60.34,60.34,10,0
7777.HK,5,20250718,084000,60.42,60.42,60.42,60.42,60,0
7777.HK,5,20250718,085000,60.44,60.44,60.44,60.44,20,0
7777.HK,5,20250718,094500,60.56,60.56,60.56,60.56,10,0
7777.HK,5,20250721,041000,61.00,61.00,61.00,61.00,120,0
7777.HK,5,20250721,041500,61.10,61.10,61.10,61.10,120,0
7777.HK,5,20250721,042500,61.10,61.10,61.10,61.10,100,0
7777.HK,5,20250721,052500,60.72,60.72,60.72,60.72,140,0
7777.HK,5,20250721,074000,60.72,60.72,60.72,60.72,10,0
7777.HK,5,20250721,084500,60.70,60.70,60.70,60.70,10,0
7777.HK,5,20250721,085500,60.60,60.60,60.60,60.60,50,0
7777.HK,5,20250721,093500,60.64,60.64,60.64,60.64,100,0
7777.HK,5,20250721,095000,60.64,60.64,60.62,60.62,910,0
7777.HK,5,20250721,095500,60.66,60.66,60.66,60.66,20,0
7777.HK,5,20250722,033000,60.84,60.84,60.84,60.84,100,0
7777.HK,5,20250722,033500,60.84,60.84,60.84,60.84,300,0
7777.HK,5,20250722,034000,60.84,60.84,60.84,60.84,500,0
7777.HK,5,20250722,035000,60.90,60.90,60.90,60.90,360,0
7777.HK,5,20250722,040500,60.90,60.90,60.90,60.90,10,0
7777.HK,5,20250722,041000,60.92,60.92,60.92,60.92,650,0
7777.HK,5,20250722,041500,60.94,60.94,60.94,60.94,100,0
7777.HK,5,20250722,042000,60.94,60.94,60.94,60.94,10,0
7777.HK,5,20250722,042500,60.90,60.90,60.90,60.90,100,0
7777.HK,5,20250722,043000,60.84,60.84,60.84,60.84,160,0
7777.HK,5,20250722,045000,60.84,60.84,60.84,60.84,280,0
7777.HK,5,20250722,050500,60.84,60.84,60.84,60.84,60,0
7777.HK,5,20250722,053000,60.90,60.90,60.90,60.90,100,0
7777.HK,5,20250722,054000,60.84,60.84,60.84,60.84,680,0
7777.HK,5,20250722,070000,60.82,60.82,60.80,60.80,110,0
7777.HK,5,20250722,071000,60.74,60.74,60.74,60.74,50,0
7777.HK,5,20250722,074000,60.74,60.74,60.74,60.74,170,0
7777.HK,5,20250722,083500,60.80,60.80,60.80,60.80,200,0
7777.HK,5,20250722,091000,60.76,60.76,60.70,60.70,240,0
7777.HK,5,20250723,033500,61.86,61.86,61.86,61.86,100,0
7777.HK,5,20250723,034000,61.86,61.86,61.84,61.84,230,0
7777.HK,5,20250723,034500,61.84,61.84,61.84,61.84,10,0
7777.HK,5,20250723,040500,61.82,61.82,61.82,61.82,10,0
7777.HK,5,20250723,043500,61.80,61.80,61.80,61.80,20,0
7777.HK,5,20250723,044000,61.78,61.78,61.78,61.78,300,0
7777.HK,5,20250723,044500,61.72,61.72,61.70,61.70,1060,0
7777.HK,5,20250723,045000,61.78,61.78,61.78,61.78,240,0
7777.HK,5,20250723,050500,61.76,61.76,61.76,61.76,240,0
7777.HK,5,20250723,051000,61.76,61.78,61.76,61.78,330,0
7777.HK,5,20250723,051500,61.78,61.78,61.78,61.78,100,0
7777.HK,5,20250723,055500,61.78,61.78,61.78,61.78,2290,0
7777.HK,5,20250723,070000,61.80,61.80,61.80,61.80,130,0
7777.HK,5,20250723,071000,61.78,61.78,61.72,61.72,590,0
7777.HK,5,20250723,080000,61.90,61.90,61.90,61.90,200,0
7777.HK,5,20250723,081500,61.90,61.90,61.90,61.90,20,0
7777.HK,5,20250723,083000,61.86,61.86,61.86,61.86,800,0
7777.HK,5,20250723,085000,61.86,61.86,61.86,61.86,120,0
7777.HK,5,20250723,085500,61.86,61.86,61.86,61.86,320,0
7777.HK,5,20250723,094500,61.90,61.90,61.90,61.90,10,0
7777.HK,5,20250724,034500,62.98,62.98,62.98,62.98,330,0
7777.HK,5,20250724,035000,62.98,62.98,62.98,62.98,470,0
7777.HK,5,20250724,035500,62.98,62.98,62.98,62.98,10,0
7777.HK,5,20250724,041000,62.98,62.98,62.98,62.98,10,0
7777.HK,5,20250724,041500,62.90,62.90,62.70,62.70,640,0
7777.HK,5,20250724,042000,62.68,62.68,62.66,62.66,230,0
7777.HK,5,20250724,042500,62.66,62.66,62.66,62.66,130,0
7777.HK,5,20250724,045000,62.66,62.66,62.66,62.66,50,0
7777.HK,5,20250724,055000,62.90,62.90,62.90,62.90,40,0
7777.HK,5,20250724,055500,62.90,62.90,62.90,62.90,20,0
7777.HK,5,20250724,070000,62.88,62.88,62.88,62.88,340,0
7777.HK,5,20250724,072500,62.86,62.86,62.86,62.86,100,0
7777.HK,5,20250724,074500,62.86,62.86,62.86,62.86,190,0
7777.HK,5,20250724,081500,62.86,62.86,62.70,62.70,260,0
7777.HK,5,20250724,083500,62.70,62.70,62.70,62.70,500,0
7777.HK,5,20250724,085000,62.70,62.70,62.70,62.70,20,0
7777.HK,5,20250724,090000,62.86,62.86,62.86,62.86,200,0
7777.HK,5,20250724,093000,62.86,62.88,62.82,62.88,2130,0
7777.HK,5,20250724,093500,62.88,62.88,62.88,62.88,30,0
7777.HK,5,20250724,095500,62.88,62.88,62.88,62.88,690,0
7777.HK,5,20250725,033000,62.68,62.68,62.46,62.46,130,0
7777.HK,5,20250725,033500,62.44,62.44,62.44,62.44,300,0
7777.HK,5,20250725,034500,62.48,62.48,62.48,62.48,500,0
7777.HK,5,20250725,035000,62.50,62.50,62.50,62.50,500,0
7777.HK,5,20250725,035500,62.54,62.54,62.54,62.54,300,0
7777.HK,5,20250725,040500,62.54,62.54,62.54,62.54,10,0
7777.HK,5,20250725,041000,62.52,62.52,62.52,62.52,100,0
7777.HK,5,20250725,041500,62.54,62.54,62.54,62.54,30,0
7777.HK,5,20250725,042000,62.54,62.54,62.54,62.54,2590,0
7777.HK,5,20250725,043000,62.50,62.50,62.50,62.50,100,0
7777.HK,5,20250725,044000,62.56,62.56,62.56,62.56,80,0
7777.HK,5,20250725,044500,62.56,62.56,62.56,62.56,100,0
7777.HK,5,20250725,050500,62.54,62.54,62.54,62.54,170,0
7777.HK,5,20250725,053500,62.50,62.50,62.48,62.48,540,0
7777.HK,5,20250725,073000,62.40,62.40,62.40,62.40,10,0
7777.HK,5,20250725,082000,62.48,62.48,62.48,62.48,170,0
7777.HK,5,20250725,090000,62.42,62.42,62.28,62.28,590,0
7777.HK,5,20250725,092000,62.44,62.44,62.44,62.44,300,0
7777.HK,5,20250725,094000,62.00,62.00,62.00,62.00,310,0
7777.HK,5,20250728,033000,62.46,63.50,62.46,63.48,330,0
7777.HK,5,20250728,034000,63.46,63.48,63.46,63.48,1790,0
7777.HK,5,20250728,034500,63.48,63.48,63.48,63.48,100,0
7777.HK,5,20250728,035500,63.42,63.42,63.42,63.42,300,0
7777.HK,5,20250728,040000,63.06,63.06,63.06,63.06,20,0
7777.HK,5,20250728,041000,63.06,63.06,63.06,63.06,200,0
7777.HK,5,20250728,042500,63.20,63.20,63.20,63.20,440,0
7777.HK,5,20250728,043500,63.22,63.50,63.22,63.50,200,0
7777.HK,5,20250728,044000,63.46,63.46,63.46,63.46,800,0
7777.HK,5,20250728,052000,63.46,63.46,63.46,63.46,20,0
7777.HK,5,20250728,054000,63.46,63.46,63.46,63.46,10,0
7777.HK,5,20250728,070000,63.46,63.46,63.46,63.46,980,0
7777.HK,5,20250728,080000,63.42,63.42,63.42,63.42,1140,0
7777.HK,5,20250728,080500,63.38,63.38,63.38,63.38,40,0
7777.HK,5,20250728,090500,63.38,63.44,63.38,63.44,60,0
7777.HK,5,20250728,092000,63.44,63.44,63.44,63.44,220,0
7777.HK,5,20250728,093500,63.38,63.38,63.38,63.38,70,0
7777.HK,5,20250728,094000,63.38,63.38,63.38,63.38,300,0
7777.HK,5,20250729,033000,63.38,63.38,62.56,62.56,2000,0
7777.HK,5,20250729,035500,62.54,62.54,62.54,62.54,100,0
7777.HK,5,20250729,040000,62.54,62.54,62.54,62.54,20,0
7777.HK,5,20250729,042500,62.50,62.50,62.50,62.50,10,0
7777.HK,5,20250729,043000,62.50,62.50,62.50,62.50,70,0
7777.HK,5,20250729,045000,62.50,62.50,62.50,62.50,20,0
7777.HK,5,20250729,052000,62.50,62.50,62.50,62.50,10,0
7777.HK,5,20250729,070000,62.50,62.54,62.50,62.54,200,0
7777.HK,5,20250729,072500,62.48,62.48,62.48,62.48,400,0
7777.HK,5,20250729,090000,62.48,62.48,62.48,62.48,220,0
7777.HK,5,20250729,092500,62.54,62.54,62.54,62.54,300,0
7777.HK,5,20250729,093000,62.66,62.66,62.66,62.66,50,0
7777.HK,5,20250729,095500,62.56,62.56,62.56,62.56,110,0
7777.HK,5,20250730,033000,62.00,62.00,61.24,61.24,240,0
7777.HK,5,20250730,033500,61.26,61.26,61.26,61.26,270,0
7777.HK,5,20250730,034500,61.26,61.26,61.26,61.26,100,0
7777.HK,5,20250730,041000,61.26,61.26,61.26,61.26,570,0
7777.HK,5,20250730,041500,61.26,61.26,61.26,61.26,100,0
7777.HK,5,20250730,042500,61.32,61.32,61.32,61.32,10,0
7777.HK,5,20250730,045000,61.26,61.26,61.26,61.26,160,0
7777.HK,5,20250730,053000,61.00,61.22,61.00,61.22,130,0
7777.HK,5,20250730,054000,61.22,61.22,61.22,61.22,40,0
7777.HK,5,20250730,070000,61.24,61.24,61.22,61.22,290,0
7777.HK,5,20250730,072000,61.04,61.04,61.04,61.04,100,0
7777.HK,5,20250730,072500,61.04,61.04,61.04,61.04,110,0
7777.HK,5,20250730,075000,61.04,61.04,61.04,61.04,20,0
7777.HK,5,20250730,083500,61.04,61.04,61.00,61.00,1760,0
7777.HK,5,20250730,085000,61.00,61.00,61.00,61.00,160,0
7777.HK,5,20250730,090500,61.00,61.00,61.00,61.00,320,0
7777.HK,5,20250730,092000,61.00,61.00,61.00,61.00,1120,0
7777.HK,5,20250730,095000,61.20,61.20,61.20,61.20,40,0
7777.HK,5,20250731,033000,60.48,60.48,60.48,60.48,100,0
7777.HK,5,20250731,034500,60.72,60.72,60.72,60.72,100,0
7777.HK,5,20250731,040000,60.48,60.48,60.48,60.48,100,0
7777.HK,5,20250731,042000,60.64,60.64,60.48,60.48,400,0
7777.HK,5,20250731,042500,60.18,60.18,60.18,60.18,610,0
7777.HK,5,20250731,043000,60.16,60.16,60.16,60.16,40,0
7777.HK,5,20250731,054000,60.48,60.48,60.48,60.48,160,0
7777.HK,5,20250731,072000,60.22,60.22,60.22,60.22,70,0
7777.HK,5,20250731,073000,60.22,60.22,60.22,60.22,100,0
7777.HK,5,20250731,074000,60.22,60.22,60.22,60.22,200,0
7777.HK,5,20250731,080500,60.24,60.24,60.20,60.20,2230,0
7777.HK,5,20250731,093000,60.24,60.46,60.24,60.46,40,0
7777.HK,5,20250731,095500,60.46,60.46,60.46,60.46,30,0
7777.HK,5,20250801,033000,60.00,60.00,60.00,60.00,490,0
7777.HK,5,20250801,034000,59.96,59.96,59.78,59.78,80,0
7777.HK,5,20250801,034500,59.74,59.74,59.74,59.74,270,0
7777.HK,5,20250801,041500,59.76,59.76,59.76,59.76,20,0
7777.HK,5,20250801,042500,59.76,59.76,59.76,59.76,2850,0
7777.HK,5,20250801,043000,59.76,59.76,59.50,59.50,230,0
7777.HK,5,20250801,043500,59.50,59.50,59.50,59.50,260,0
7777.HK,5,20250801,044000,59.50,59.50,59.50,59.50,20,0
7777.HK,5,20250801,052500,59.48,59.48,59.48,59.48,10,0
7777.HK,5,20250801,055000,59.48,59.48,59.48,59.48,730,0
7777.HK,5,20250801,073000,59.50,59.50,59.50,59.50,200,0
7777.HK,5,20250801,075000,59.76,59.76,59.76,59.76,50,0
7777.HK,5,20250801,080500,59.72,59.72,59.70,59.70,1010,0
7777.HK,5,20250801,081500,59.70,59.70,59.70,59.70,500,0
7777.HK,5,20250801,083500,59.70,59.70,59.70,59.70,20,0
7777.HK,5,20250801,090500,59.76,59.76,59.76,59.76,150,0
7777.HK,5,20250801,092000,59.70,59.70,59.70,59.70,610,0
7777.HK,5,20250801,093500,59.50,59.50,59.50,59.50,500,0
7777.HK,5,20250801,094000,59.50,59.50,59.50,59.50,600,0
7777.HK,5,20250804,033500,58.08,58.16,58.08,58.16,180,0
7777.HK,5,20250804,034000,58.60,58.60,58.60,58.60,100,0
7777.HK,5,20250804,034500,58.50,58.50,58.50,58.50,10,0
7777.HK,5,20250804,035000,58.24,58.34,58.24,58.34,310,0
7777.HK,5,20250804,040000,58.30,58.30,58.30,58.30,110,0
7777.HK,5,20250804,050000,58.54,58.54,58.34,58.34,600,0
7777.HK,5,20250804,054500,58.48,58.50,58.48,58.50,300,0
7777.HK,5,20250804,055500,58.56,58.56,58.56,58.56,160,0
7777.HK,5,20250804,071000,58.56,58.56,58.56,58.56,10,0
7777.HK,5,20250804,074000,58.56,58.56,58.56,58.56,20,0
7777.HK,5,20250804,080000,58.56,58.56,58.56,58.56,10,0
7777.HK,5,20250804,083500,58.58,58.58,58.50,58.50,410,0
7777.HK,5,20250804,084500,58.52,58.52,58.52,58.52,500,0
7777.HK,5,20250804,090500,58.60,58.64,58.60,58.64,2750,0
7777.HK,5,20250804,093500,58.74,58.74,58.74,58.74,3460,0
7777.HK,5,20250804,095500,59.24,59.24,59.20,59.20,200,0
7777.HK,5,20250805,033000,58.00,58.00,56.34,56.44,4100,0
7777.HK,5,20250805,033500,56.42,56.44,56.40,56.40,150,0
7777.HK,5,20250805,034000,56.44,56.44,56.44,56.44,60,0
7777.HK,5,20250805,040000,56.60,56.60,56.60,56.60,10,0
7777.HK,5,20250805,040500,56.60,56.60,56.60,56.60,700,0
7777.HK,5,20250805,041000,56.60,56.60,56.60,56.60,600,0
7777.HK,5,20250805,041500,56.60,56.60,56.60,56.60,10,0
7777.HK,5,20250805,042500,56.60,56.60,56.60,56.60,50,0
7777.HK,5,20250805,043000,56.62,56.62,56.62,56.62,20,0
7777.HK,5,20250805,043500,56.62,56.62,56.62,56.62,370,0
7777.HK,5,20250805,044000,56.60,56.60,56.60,56.60,600,0
7777.HK,5,20250805,044500,56.60,56.60,56.60,56.60,520,0
7777.HK,5,20250805,045000,56.60,56.60,56.60,56.60,30,0
7777.HK,5,20250805,050000,56.62,56.62,56.60,56.60,890,0
7777.HK,5,20250805,050500,56.60,56.60,56.60,56.60,620,0
7777.HK,5,20250805,055000,56.60,56.62,56.60,56.62,250,0
7777.HK,5,20250805,055500,56.62,56.62,56.62,56.62,130,0
7777.HK,5,20250805,070000,56.68,56.68,56.62,56.68,390,0
7777.HK,5,20250805,070500,56.62,56.62,56.60,56.60,350,0
7777.HK,5,20250805,072000,56.60,56.60,56.60,56.60,200,0
7777.HK,5,20250805,073000,56.60,56.60,56.60,56.60,1460,0
7777.HK,5,20250805,082500,56.64,56.64,56.62,56.62,960,0
7777.HK,5,20250805,083000,56.64,56.64,56.62,56.62,610,0
7777.HK,5,20250805,083500,56.62,56.62,56.62,56.62,430,0
7777.HK,5,20250805,084000,56.62,56.62,56.62,56.62,250,0
7777.HK,5,20250805,084500,56.80,56.80,56.80,56.80,100,0
7777.HK,5,20250805,085000,56.80,56.80,56.80,56.80,100,0
7777.HK,5,20250805,091000,56.62,56.62,56.62,56.62,280,0
7777.HK,5,20250805,093000,56.70,56.72,56.70,56.72,590,0
7777.HK,5,20250805,094000,56.72,56.72,56.72,56.72,210,0
7777.HK,5,20250805,094500,56.64,56.64,56.60,56.60,620,0
7777.HK,5,20250805,095000,56.60,56.60,56.58,56.58,230,0
7777.HK,5,20250805,095500,56.58,56.58,56.56,56.56,210,0
7777.HK,5,20250806,034500,57.48,57.48,57.48,57.48,100,0
7777.HK,5,20250806,035500,57.48,57.48,57.48,57.48,120,0
7777.HK,5,20250806,041500,57.48,57.48,57.48,57.48,100,0
7777.HK,5,20250806,043000,57.48,57.48,57.48,57.48,20,0
7777.HK,5,20250806,044000,57.46,57.48,57.46,57.48,60,0
7777.HK,5,20250806,054500,57.48,57.48,57.48,57.48,240,0
7777.HK,5,20250806,070000,57.48,57.88,57.48,57.88,690,0
7777.HK,5,20250806,072000,57.86,57.86,57.80,57.80,300,0
7777.HK,5,20250806,074500,57.88,57.88,57.88,57.88,130,0
7777.HK,5,20250806,075500,57.94,57.94,57.94,57.94,10,0
7777.HK,5,20250806,081000,57.92,57.92,57.90,57.90,410,0
7777.HK,5,20250806,083000,57.90,57.90,57.90,57.90,440,0
7777.HK,5,20250806,085500,57.96,58.00,57.96,58.00,1200,0
7777.HK,5,20250806,091500,58.04,58.04,58.04,58.04,20,0
7777.HK,5,20250806,093500,58.04,58.04,58.04,58.04,100,0
7777.HK,5,20250806,094500,58.04,58.04,58.04,58.04,140,0
7777.HK,5,20250806,095500,58.02,58.04,58.02,58.04,10,0
7777.HK,5,20250807,033000,58.96,58.96,58.96,58.96,460,0
7777.HK,5,20250807,033500,58.96,58.96,58.96,58.96,100,0
7777.HK,5,20250807,035000,58.94,59.00,58.94,59.00,2410,0
7777.HK,5,20250807,040000,58.98,58.98,58.98,58.98,200,0
7777.HK,5,20250807,040500,58.98,58.98,58.98,58.98,300,0
7777.HK,5,20250807,041000,58.98,58.98,58.98,58.98,630,0
7777.HK,5,20250807,041500,58.98,58.98,58.98,58.98,540,0
7777.HK,5,20250807,042500,58.96,58.98,58.96,58.98,20,0
7777.HK,5,20250807,044000,58.96,58.98,58.96,58.98,1550,0
7777.HK,5,20250807,045500,58.98,58.98,58.98,58.98,50,0
7777.HK,5,20250807,050000,58.98,58.98,58.98,58.98,780,0
7777.HK,5,20250807,051000,58.96,58.96,58.96,58.96,1490,0
7777.HK,5,20250807,051500,58.98,58.98,58.98,58.98,850,0
7777.HK,5,20250807,054500,59.00,59.00,59.00,59.00,500,0
7777.HK,5,20250807,055000,59.00,59.00,59.00,59.00,900,0
7777.HK,5,20250807,055500,59.00,59.00,59.00,59.00,100,0
7777.HK,5,20250807,070000,59.00,59.00,59.00,59.00,240,0
7777.HK,5,20250807,070500,58.96,58.96,58.96,58.96,400,0
7777.HK,5,20250807,072000,58.96,58.96,58.96,58.96,10,0
7777.HK,5,20250807,074500,58.90,58.90,58.90,58.90,160,0
7777.HK,5,20250807,080000,58.98,58.98,58.98,58.98,600,0
7777.HK,5,20250807,081500,58.98,59.04,58.98,59.04,3200,0
7777.HK,5,20250807,082500,59.04,59.06,59.04,59.06,200,0
7777.HK,5,20250807,083000,59.06,59.06,59.06,59.06,1020,0
7777.HK,5,20250807,084000,59.04,59.04,59.04,59.04,260,0
7777.HK,5,20250807,085000,59.04,59.04,59.04,59.04,10,0
7777.HK,5,20250807,093500,59.00,59.00,59.00,59.00,170,0
7777.HK,5,20250807,094500,59.06,59.06,59.06,59.06,80,0
7777.HK,5,20250807,095000,58.98,58.98,58.96,58.96,260,0
7777.HK,5,20250807,095500,59.06,59.06,59.06,59.06,430,0
7777.HK,5,20250808,033000,59.06,59.06,57.38,57.38,100,0
7777.HK,5,20250808,045000,57.40,57.40,57.40,57.40,100,0
7777.HK,5,20250808,083500,57.40,57.40,57.40,57.40,50,0
7777.HK,5,20250808,091000,57.40,57.40,57.40,57.40,20,0
7777.HK,5,20250808,092000,57.38,57.50,57.38,57.50,2080,0
7777.HK,5,20250808,095500,57.46,57.46,57.44,57.44,1580,0
7777.HK,5,20250815,033000,61.42,61.42,61.42,61.42,1000,0
7777.HK,5,20250815,034500,61.70,61.70,61.68,61.68,300,0
7777.HK,5,20250815,035000,61.68,61.68,61.68,61.68,10,0
7777.HK,5,20250815,035500,61.54,61.62,61.50,61.50,410,0
7777.HK,5,20250815,040000,61.50,61.50,61.50,61.50,40,0
7777.HK,5,20250815,041000,61.50,61.50,61.42,61.42,800,0
7777.HK,5,20250815,054500,61.40,61.40,61.40,61.40,170,0
7777.HK,5,20250815,055000,61.40,61.40,61.40,61.40,140,0
7777.HK,5,20250815,080500,61.42,61.42,61.42,61.42,500,0
7777.HK,5,20250815,082000,61.44,61.44,61.44,61.44,60,0
7777.HK,5,20250815,083500,61.44,61.44,61.44,61.44,300,0
7777.HK,5,20250815,084500,61.44,61.44,61.44,61.44,330,0
7777.HK,5,20250815,085500,61.40,61.40,61.40,61.40,200,0
7777.HK,5,20250815,090000,61.40,61.40,61.40,61.40,10,0
7777.HK,5,20250815,091000,61.44,61.44,61.44,61.44,100,0
7777.HK,5,20250815,091500,61.40,61.40,61.40,61.40,80,0
7777.HK,5,20250815,093500,61.44,61.50,61.44,61.50,1060,0
7777.HK,5,20250815,094000,61.50,61.50,61.50,61.50,30,0
7777.HK,5,20250815,095000,61.50,61.52,61.50,61.52,1000,0
7777.HK,5,20250815,095500,61.54,61.56,61.52,61.52,1000,0
7777.HK,5,20250818,033000,61.00,61.00,60.80,60.80,230,0
7777.HK,5,20250818,034000,60.70,60.70,60.70,60.70,360,0
7777.HK,5,20250818,034500,60.70,60.70,60.70,60.70,100,0
7777.HK,5,20250818,040000,60.70,60.70,60.70,60.70,40,0
7777.HK,5,20250818,041000,60.70,60.70,60.70,60.70,200,0
7777.HK,5,20250818,042000,60.72,60.72,60.72,60.72,30,0
7777.HK,5,20250818,050000,60.72,60.72,60.70,60.70,500,0
7777.HK,5,20250818,051000,60.70,60.70,60.70,60.70,100,0
7777.HK,5,20250818,054000,60.70,60.70,60.70,60.70,200,0
7777.HK,5,20250818,071000,60.70,60.70,60.70,60.70,1020,0
7777.HK,5,20250818,071500,60.70,60.70,60.70,60.70,480,0
7777.HK,5,20250818,072500,60.70,60.70,60.70,60.70,300,0
7777.HK,5,20250818,073000,60.70,60.70,60.70,60.70,100,0
7777.HK,5,20250818,081000,60.70,60.70,60.70,60.70,10,0
7777.HK,5,20250818,082000,60.66,60.66,60.66,60.66,10,0
7777.HK,5,20250818,084000,60.60,60.60,60.60,60.60,20,0
7777.HK,5,20250818,084500,60.52,60.52,60.52,60.52,10,0
7777.HK,5,20250818,090500,60.52,60.52,60.52,60.52,900,0
7777.HK,5,20250819,043000,60.54,60.54,60.54,60.54,300,0
7777.HK,5,20250819,045000,60.52,60.52,60.52,60.52,10,0
7777.HK,5,20250819,053000,60.52,60.52,60.52,60.52,10,0
7777.HK,5,20250819,054000,60.52,60.52,60.50,60.50,510,0
7777.HK,5,20250819,074500,60.52,60.52,60.52,60.52,500,0
7777.HK,5,20250819,083500,60.54,60.54,60.54,60.54,270,0
7777.HK,5,20250819,094500,60.54,60.54,60.54,60.54,120,0
7777.HK,5,20250820,033000,62.00,62.06,62.00,62.06,190,0
7777.HK,5,20250820,033500,62.24,62.30,62.24,62.30,110,0
7777.HK,5,20250820,034000,62.26,62.26,62.26,62.26,200,0
7777.HK,5,20250820,035500,62.26,62.26,62.26,62.26,200,0
7777.HK,5,20250820,040000,62.26,62.26,61.84,61.84,110,0
7777.HK,5,20250820,043500,61.90,61.90,61.90,61.90,170,0
7777.HK,5,20250820,054000,62.00,62.00,62.00,62.00,90,0
7777.HK,5,20250820,054500,62.00,62.00,62.00,62.00,90,0
7777.HK,5,20250820,070500,62.08,62.08,62.08,62.08,100,0
7777.HK,5,20250820,071000,62.08,62.08,62.08,62.08,150,0
7777.HK,5,20250820,074500,61.96,61.96,61.96,61.96,370,0
7777.HK,5,20250820,080000,62.00,62.00,61.96,61.96,510,0
7777.HK,5,20250820,080500,61.70,61.70,61.70,61.70,10,0
7777.HK,5,20250820,083500,61.70,61.70,61.70,61.70,100,0
7777.HK,5,20250820,084000,62.00,62.00,62.00,62.00,800,0
7777.HK,5,20250820,090500,62.00,62.00,62.00,62.00,100,0
7777.HK,5,20250820,095000,62.00,62.00,62.00,62.00,10,0
7777.HK,5,20250820,095500,62.02,62.02,62.02,62.02,10,0
7777.HK,5,20250821,033500,62.58,62.58,62.58,62.58,30,0
7777.HK,5,20250821,035000,62.58,62.60,62.58,62.60,1270,0
7777.HK,5,20250821,040500,63.16,63.16,63.16,63.16,20,0
7777.HK,5,20250821,042000,63.16,63.16,63.16,63.16,200,0
7777.HK,5,20250821,042500,62.96,62.96,62.96,62.96,600,0
7777.HK,5,20250821,043000,63.00,63.00,63.00,63.00,100,0
7777.HK,5,20250821,044000,63.00,63.00,63.00,63.00,300,0
7777.HK,5,20250821,050000,62.96,62.96,62.96,62.96,200,0
7777.HK,5,20250821,050500,62.96,62.96,62.96,62.96,10,0
7777.HK,5,20250821,051500,62.66,62.66,62.66,62.66,650,0
7777.HK,5,20250821,070500,62.80,62.80,62.80,62.80,700,0
7777.HK,5,20250821,071000,62.80,62.80,62.80,62.80,350,0
7777.HK,5,20250821,072500,62.80,62.80,62.80,62.80,2200,0
7777.HK,5,20250821,095500,63.00,63.00,63.00,63.00,210,0
7777.HK,5,20250822,041000,62.80,62.80,62.80,62.80,1330,0
7777.HK,5,20250822,041500,62.80,62.80,62.80,62.80,100,0
7777.HK,5,20250822,044500,62.82,62.82,62.82,62.82,40,0
7777.HK,5,20250822,045000,62.80,62.80,62.80,62.80,550,0
7777.HK,5,20250822,050000,62.94,62.94,62.94,62.94,30,0
7777.HK,5,20250822,055500,63.00,63.00,63.00,63.00,460,0
7777.HK,5,20250822,070000,63.00,63.00,63.00,63.00,670,0
7777.HK,5,20250822,070500,63.00,63.00,63.00,63.00,710,0
7777.HK,5,20250822,072500,63.00,63.00,63.00,63.00,480,0
7777.HK,5,20250822,073000,63.00,63.00,63.00,63.00,730,0
7777.HK,5,20250822,074000,62.82,62.82,62.80,62.80,50,0
7777.HK,5,20250822,082000,62.80,62.80,62.66,62.66,780,0
7777.HK,5,20250822,082500,62.66,62.66,62.66,62.66,150,0
7777.HK,5,20250822,090000,62.66,62.74,62.66,62.74,10,0
7777.HK,5,20250825,035000,62.82,62.82,62.80,62.80,500,0
7777.HK,5,20250825,035500,62.80,62.80,62.80,62.80,200,0
7777.HK,5,20250825,040500,62.82,62.82,62.80,62.80,370,0
7777.HK,5,20250825,041000,62.80,62.80,62.78,62.78,640,0
7777.HK,5,20250825,041500,63.02,63.02,62.98,62.98,510,0
7777.HK,5,20250825,042000,62.92,62.92,62.92,62.92,600,0
7777.HK,5,20250825,042500,62.94,62.94,62.94,62.94,510,0
7777.HK,5,20250825,043000,62.80,62.94,62.80,62.94,550,0
7777.HK,5,20250825,043500,62.96,62.96,62.86,62.86,570,0
7777.HK,5,20250825,044000,62.92,62.92,62.92,62.92,500,0
7777.HK,5,20250825,044500,62.94,62.94,62.94,62.94,500,0
7777.HK,5,20250825,045000,62.98,62.98,62.98,62.98,600,0
7777.HK,5,20250825,045500,63.00,63.06,63.00,63.06,1000,0
7777.HK,5,20250825,050000,63.06,63.06,62.92,62.92,820,0
7777.HK,5,20250825,050500,63.06,63.06,63.06,63.06,1000,0
7777.HK,5,20250825,051000,63.08,63.08,63.08,63.08,800,0
7777.HK,5,20250825,051500,63.08,63.08,63.08,63.08,900,0
7777.HK,5,20250825,052000,63.06,63.06,63.06,63.06,880,0
7777.HK,5,20250825,052500,63.08,63.08,63.08,63.08,700,0
7777.HK,5,20250825,053000,63.08,63.08,63.08,63.08,620,0
7777.HK,5,20250825,053500,63.12,63.12,63.12,63.12,800,0
7777.HK,5,20250825,054000,63.12,63.12,63.12,63.12,1110,0
7777.HK,5,20250825,054500,63.12,63.12,63.12,63.12,880,0
7777.HK,5,20250825,055000,63.14,63.14,63.14,63.14,850,0
7777.HK,5,20250825,055500,63.18,63.18,63.16,63.16,1650,0
7777.HK,5,20250825,070000,63.20,63.20,63.20,63.20,500,0
7777.HK,5,20250825,070500,63.16,63.16,63.16,63.16,500,0
7777.HK,5,20250825,071000,63.18,63.20,63.18,63.20,790,0
7777.HK,5,20250825,071500,63.18,63.20,63.18,63.20,600,0
7777.HK,5,20250825,072000,63.20,63.20,63.20,63.20,880,0
7777.HK,5,20250825,072500,63.20,63.20,63.20,63.20,880,0
7777.HK,5,20250825,073000,63.20,63.20,63.20,63.20,1080,0
7777.HK,5,20250825,073500,63.20,63.20,63.20,63.20,880,0
7777.HK,5,20250825,075000,63.22,63.26,63.22,63.26,1300,0
7777.HK,5,20250825,075500,63.26,63.26,63.20,63.20,700,0
7777.HK,5,20250825,080500,63.28,63.28,63.28,63.28,1100,0
7777.HK,5,20250825,082000,63.30,63.30,63.30,63.30,1000,0
7777.HK,5,20250825,082500,63.32,63.32,63.32,63.32,1260,0
7777.HK,5,20250825,083000,63.22,63.22,63.22,63.22,80,0
7777.HK,5,20250825,083500,63.32,63.32,63.32,63.32,100,0
7777.HK,5,20250825,084500,63.22,63.22,63.20,63.20,1180,0
7777.HK,5,20250825,090000,63.16,63.16,63.16,63.16,150,0
7777.HK,5,20250825,090500,63.18,63.18,63.16,63.16,1430,0
7777.HK,5,20250825,092000,63.16,63.16,63.16,63.16,370,0
7777.HK,5,20250825,094000,63.22,63.22,63.22,63.22,10,0
7777.HK,5,20250826,033000,62.40,62.40,62.40,62.40,400,0
7777.HK,5,20250826,035000,62.16,62.16,62.16,62.16,10,0
7777.HK,5,20250826,035500,62.08,62.08,62.08,62.08,20,0
7777.HK,5,20250826,040000,61.88,61.88,61.88,61.88,150,0
7777.HK,5,20250826,043000,62.08,62.08,62.08,62.08,10,0
7777.HK,5,20250826,044000,62.02,62.02,62.02,62.02,30,0
7777.HK,5,20250826,050000,61.92,61.92,61.88,61.88,40,0
7777.HK,5,20250826,052500,61.88,61.88,61.88,61.88,30,0
7777.HK,5,20250826,054500,61.88,61.88,61.88,61.88,150,0
7777.HK,5,20250826,095000,62.26,62.26,62.20,62.20,10,0
7777.HK,5,20250827,033500,63.20,63.20,63.20,63.20,690,0
7777.HK,5,20250827,035000,63.20,63.20,63.18,63.18,2520,0
7777.HK,5,20250827,041500,63.20,63.20,63.20,63.20,200,0
7777.HK,5,20250827,042000,63.22,63.22,63.20,63.22,410,0
7777.HK,5,20250827,043500,63.22,63.22,63.22,63.22,390,0
7777.HK,5,20250827,070500,63.20,63.20,63.20,63.20,500,0
7777.HK,5,20250827,071000,63.14,63.14,63.14,63.14,500,0
7777.HK,5,20250827,073000,63.14,63.14,63.14,63.14,50,0
7777.HK,5,20250827,074500,63.16,63.28,63.16,63.28,490,0
7777.HK,5,20250827,090000,63.28,63.28,63.28,63.28,30,0
7777.HK,5,20250827,092500,63.28,63.28,63.28,63.28,480,0
7777.HK,5,20250827,095000,63.08,63.10,63.08,63.10,100,0
7777.HK,5,20250828,033000,63.80,64.12,63.80,64.12,220,0
7777.HK,5,20250828,033500,64.66,64.66,64.66,64.66,30,0
7777.HK,5,20250828,035000,64.54,64.54,64.54,64.54,10,0
7777.HK,5,20250828,042500,64.40,64.40,64.40,64.40,20,0
7777.HK,5,20250828,045000,64.40,64.40,64.40,64.40,10,0
7777.HK,5,20250828,051500,64.38,64.38,64.38,64.38,110,0
7777.HK,5,20250828,053500,64.20,64.20,64.20,64.20,100,0
7777.HK,5,20250828,054500,64.20,64.20,64.20,64.20,20,0
7777.HK,5,20250828,071500,64.20,64.20,64.20,64.20,200,0
7777.HK,5,20250828,073000,64.20,64.20,64.20,64.20,30,0
7777.HK,5,20250828,074500,64.14,64.14,64.14,64.14,140,0
7777.HK,5,20250828,075000,64.14,64.14,64.14,64.14,70,0
7777.HK,5,20250828,082000,64.28,64.30,64.28,64.30,300,0
7777.HK,5,20250828,083000,64.40,64.40,64.40,64.40,670,0
7777.HK,5,20250828,090500,64.66,64.68,64.66,64.68,600,0
7777.HK,5,20250828,091000,64.38,64.38,64.38,64.38,100,0
7777.HK,5,20250828,093500,64.80,64.80,64.80,64.80,1000,0
7777.HK,5,20250828,095000,64.80,64.88,64.80,64.88,60,0
7777.HK,5,20250828,095500,64.62,64.62,64.62,64.62,500,0
7777.HK,5,20250829,033000,65.04,65.04,65.04,65.04,120,0
7777.HK,5,20250829,034000,65.70,65.70,65.70,65.70,100,0
7777.HK,5,20250829,034500,65.54,65.54,65.02,65.02,1070,0
7777.HK,5,20250829,035500,65.04,65.04,65.04,65.04,20,0
7777.HK,5,20250829,042000,65.44,65.44,65.44,65.44,10,0
7777.HK,5,20250829,042500,65.44,65.44,65.44,65.44,20,0
7777.HK,5,20250829,044500,65.32,65.32,65.32,65.32,850,0
7777.HK,5,20250829,051000,65.20,65.20,65.20,65.20,20,0
7777.HK,5,20250829,070500,65.22,65.22,65.22,65.22,10,0
7777.HK,5,20250829,080500,65.22,65.22,65.22,65.22,130,0
7777.HK,5,20250829,083000,65.40,65.40,65.40,65.40,300,0
7777.HK,5,20250829,092500,65.46,65.46,65.46,65.46,610,0
7777.HK,5,20250829,093500,65.46,65.46,65.40,65.40,660,0
7777.HK,5,20250829,094000,65.40,65.40,65.40,65.40,60,0
7777.HK,5,20250829,095000,65.40,65.40,65.40,65.40,10,0
7777.HK,5,20250829,095500,65.38,65.38,65.20,65.22,760,0
7777.HK,5,20250901,033500,65.96,65.96,65.96,65.96,160,0
7777.HK,5,20250901,034500,66.32,66.32,66.32,66.32,10,0
7777.HK,5,20250901,041000,66.38,66.38,66.36,66.36,1260,0
7777.HK,5,20250901,043000,66.50,66.50,66.50,66.50,60,0
7777.HK,5,20250901,044000,66.50,66.50,66.50,66.50,30,0
7777.HK,5,20250901,050000,66.34,66.34,66.34,66.34,30,0
7777.HK,5,20250901,053500,66.46,66.46,66.46,66.46,220,0
7777.HK,5,20250901,070500,66.34,66.34,66.30,66.30,650,0
7777.HK,5,20250901,071000,66.30,66.30,66.30,66.30,50,0
7777.HK,5,20250901,073000,66.30,66.30,66.30,66.30,600,0
7777.HK,5,20250901,080500,66.30,66.30,66.30,66.30,60,0
7777.HK,5,20250901,082500,66.30,66.30,66.30,66.30,300,0
7777.HK,5,20250901,090000,66.32,66.48,66.32,66.48,2000,0
7777.HK,5,20250901,092000,66.48,66.48,66.48,66.48,50,0
7777.HK,5,20250901,094000,66.30,66.30,66.20,66.20,740,0
7777.HK,5,20250901,095000,66.38,66.38,66.38,66.38,20,0
7777.HK,5,20250901,095500,66.38,66.38,66.38,66.38,60,0
7777.HK,5,20250902,033000,66.44,66.44,66.44,66.44,20,0
7777.HK,5,20250902,033500,66.44,66.44,66.44,66.44,10,0
7777.HK,5,20250902,044000,66.44,66.44,66.44,66.44,110,0
7777.HK,5,20250902,044500,66.44,66.44,66.44,66.44,180,0
7777.HK,5,20250902,045500,66.44,66.44,66.44,66.44,140,0
7777.HK,5,20250902,050500,66.50,66.50,66.50,66.50,30,0
7777.HK,5,20250902,051000,66.68,66.68,66.68,66.68,500,0
7777.HK,5,20250902,051500,66.70,66.74,66.70,66.74,320,0
7777.HK,5,20250902,053000,66.50,66.50,66.50,66.50,10,0
7777.HK,5,20250902,054000,66.44,66.44,66.44,66.44,190,0
7777.HK,5,20250902,070500,66.44,66.44,66.44,66.44,20,0
7777.HK,5,20250902,071500,66.50,66.50,66.50,66.50,10,0
7777.HK,5,20250902,075000,66.50,66.50,66.50,66.50,1070,0
7777.HK,5,20250902,080000,66.40,66.40,66.40,66.40,100,0
7777.HK,5,20250902,080500,66.40,66.40,66.40,66.40,50,0
7777.HK,5,20250902,090500,66.46,66.46,66.46,66.46,80,0
7777.HK,5,20250902,091000,66.46,66.46,66.46,66.46,100,0
7777.HK,5,20250902,093500,66.46,66.46,66.46,66.46,20,0
7777.HK,5,20250902,094500,66.50,66.68,66.50,66.68,8000,0
7777.HK,5,20250902,095000,66.46,66.46,66.46,66.46,580,0
7777.HK,5,20250903,033500,65.76,65.94,65.76,65.94,1160,0
7777.HK,5,20250903,034000,65.58,65.58,65.58,65.58,40,0
7777.HK,5,20250903,041000,65.62,65.62,65.62,65.62,30,0
7777.HK,5,20250903,042000,65.64,65.64,65.64,65.64,390,0
7777.HK,5,20250903,053000,65.62,65.62,65.62,65.62,20,0
7777.HK,5,20250903,075500,65.66,65.66,65.66,65.66,10,0
7777.HK,5,20250903,080000,65.62,65.62,65.62,65.62,20,0
7777.HK,5,20250904,033500,65.68,65.68,65.68,65.68,880,0
7777.HK,5,20250904,034000,65.68,65.68,65.68,65.68,50,0
7777.HK,5,20250904,034500,65.62,65.62,65.62,65.62,20,0
7777.HK,5,20250904,040000,65.68,65.68,65.68,65.68,1300,0
7777.HK,5,20250904,041500,65.68,65.68,65.68,65.68,1100,0
7777.HK,5,20250904,043000,66.20,66.20,66.20,66.20,40,0
7777.HK,5,20250904,051500,66.12,66.12,66.12,66.12,20,0
7777.HK,5,20250904,054000,66.12,66.12,66.12,66.12,20,0
7777.HK,5,20250904,084500,66.04,66.04,66.04,66.04,100,0
7777.HK,5,20250904,085000,66.04,66.04,66.04,66.04,50,0
7777.HK,5,20250904,095000,65.92,65.92,65.92,65.92,50,0
7777.HK,5,20250905,033000,66.98,66.98,66.98,66.98,650,0
7777.HK,5,20250905,034000,67.00,67.04,67.00,67.04,350,0
7777.HK,5,20250905,035000,67.00,67.00,67.00,67.00,310,0
7777.HK,5,20250905,035500,67.00,67.00,67.00,67.00,50,0
7777.HK,5,20250905,043000,67.00,67.00,67.00,67.00,240,0
7777.HK,5,20250905,043500,67.04,67.04,67.04,67.04,30,0
7777.HK,5,20250905,044000,67.04,67.04,67.00,67.00,1470,0
7777.HK,5,20250905,045000,66.98,66.98,66.98,66.98,430,0
7777.HK,5,20250905,052000,66.92,66.92,66.92,66.92,10,0
7777.HK,5,20250905,052500,66.96,66.96,66.96,66.96,500,0
7777.HK,5,20250905,054000,66.96,66.96,66.96,66.96,500,0
7777.HK,5,20250905,055000,66.96,66.96,66.96,66.96,500,0
7777.HK,5,20250905,055500,66.96,66.96,66.96,66.96,500,0
7777.HK,5,20250905,071500,66.98,66.98,66.98,66.98,1100,0
7777.HK,5,20250905,073500,67.00,67.00,67.00,67.00,100,0
7777.HK,5,20250905,075000,67.06,67.06,67.06,67.06,50,0
7777.HK,5,20250905,083000,67.24,67.24,67.24,67.24,80,0
7777.HK,5,20250905,091500,66.96,66.96,66.96,66.96,3880,0
7777.HK,5,20250905,093000,66.90,66.96,66.90,66.96,860,0
7777.HK,5,20250908,034000,65.42,65.42,65.42,65.42,60,0
7777.HK,5,20250908,040000,65.40,65.40,65.40,65.40,10,0
7777.HK,5,20250908,040500,65.36,65.36,65.36,65.36,130,0
7777.HK,5,20250908,042000,65.36,65.36,65.36,65.36,50,0
7777.HK,5,20250908,043500,65.30,65.30,65.30,65.30,400,0
7777.HK,5,20250908,050000,65.30,65.30,65.30,65.30,20,0
7777.HK,5,20250908,051000,65.24,65.24,65.24,65.24,10,0
7777.HK,5,20250908,052500,65.24,65.24,65.10,65.10,510,0
7777.HK,5,20250908,054500,65.10,65.10,65.10,65.10,300,0
7777.HK,5,20250908,070000,65.10,65.10,65.10,65.10,10,0
7777.HK,5,20250908,071000,64.76,64.76,64.76,64.76,220,0
7777.HK,5,20250908,073500,64.76,64.76,64.76,64.76,30,0
7777.HK,5,20250908,074000,64.76,64.76,64.76,64.76,240,0
7777.HK,5,20250908,074500,64.76,64.76,64.76,64.76,20,0
7777.HK,5,20250908,075000,64.76,64.76,64.76,64.76,380,0
7777.HK,5,20250908,081000,64.80,64.80,64.80,64.80,260,0
7777.HK,5,20250908,083000,64.86,64.86,64.86,64.86,300,0
7777.HK,5,20250908,083500,65.00,65.00,65.00,65.00,1000,0
7777.HK,5,20250908,093000,65.02,65.02,65.02,65.02,470,0
7777.HK,5,20250909,033000,64.48,64.48,63.76,63.76,620,0
7777.HK,5,20250909,033500,63.70,63.70,63.64,63.64,1100,0
7777.HK,5,20250909,034500,63.64,63.64,63.64,63.64,10,0
7777.HK,5,20250909,035000,63.58,63.58,63.58,63.58,10,0
7777.HK,5,20250909,035500,63.58,63.58,63.58,63.58,300,0
7777.HK,5,20250909,040000,63.58,63.58,63.58,63.58,800,0
7777.HK,5,20250909,040500,63.58,63.58,63.58,63.58,160,0
7777.HK,5,20250909,044000,63.48,63.48,63.48,63.48,160,0
7777.HK,5,20250909,050000,63.30,63.30,63.30,63.30,20,0
7777.HK,5,20250909,053500,63.20,63.20,63.20,63.20,10,0
7777.HK,5,20250909,054500,63.20,63.20,63.20,63.20,350,0
7777.HK,5,20250909,055500,63.20,63.20,63.20,63.20,60,0
7777.HK,5,20250909,070000,63.42,63.42,63.42,63.42,10,0
7777.HK,5,20250909,072500,63.40,63.40,63.40,63.40,500,0
7777.HK,5,20250909,074500,63.40,63.40,63.40,63.40,10,0
7777.HK,5,20250909,080500,63.30,63.30,63.30,63.30,10,0
7777.HK,5,20250909,084000,63.40,63.48,63.40,63.48,280,0
7777.HK,5,20250909,091000,63.54,63.62,63.54,63.62,150,0
7777.HK,5,20250909,091500,63.66,63.66,63.66,63.66,240,0
7777.HK,5,20250909,095000,63.68,63.68,63.68,63.68,790,0
7777.HK,5,20250909,095500,63.86,63.86,63.66,63.66,520,0
7777.HK,5,20250910,033000,63.22,63.22,63.00,63.00,1010,0
7777.HK,5,20250910,033500,62.90,62.90,62.90,62.90,20,0
7777.HK,5,20250910,035500,62.90,62.90,62.90,62.90,10,0
7777.HK,5,20250910,040000,62.92,62.92,62.92,62.92,80,0
7777.HK,5,20250910,042000,63.00,63.00,63.00,63.00,110,0
7777.HK,5,20250910,042500,62.90,62.90,62.90,62.90,10,0
7777.HK,5,20250910,044000,62.90,62.90,62.90,62.90,10,0
7777.HK,5,20250910,054000,62.92,62.92,62.92,62.92,500,0
7777.HK,5,20250910,070000,62.92,62.92,62.92,62.92,40,0
7777.HK,5,20250910,071000,62.92,62.92,62.92,62.92,50,0
7777.HK,5,20250910,071500,62.92,62.92,62.92,62.92,750,0
7777.HK,5,20250910,080000,62.90,62.90,62.88,62.88,3080,0
7777.HK,5,20250910,090000,63.10,63.12,63.10,63.12,20,0
7777.HK,5,20250911,033000,62.86,62.86,62.28,62.28,300,0
7777.HK,5,20250911,034000,62.34,62.34,62.34,62.34,160,0
7777.HK,5,20250911,040000,62.48,62.48,62.48,62.48,30,0
7777.HK,5,20250911,043500,62.50,62.50,62.50,62.50,530,0
7777.HK,5,20250911,054500,62.56,62.56,62.56,62.56,10,0
7777.HK,5,20250911,070000,62.56,62.56,62.56,62.56,10,0
7777.HK,5,20250911,071500,62.56,62.56,62.56,62.56,220,0
7777.HK,5,20250911,072500,62.56,62.56,62.56,62.56,50,0
7777.HK,5,20250911,080000,62.56,62.56,62.56,62.56,430,0
7777.HK,5,20250911,081000,62.56,62.56,62.56,62.56,100,0
7777.HK,5,20250911,083000,62.68,62.68,62.68,62.68,40,0
7777.HK,5,20250911,091000,62.56,62.56,62.52,62.52,300,0
7777.HK,5,20250911,094000,62.52,62.52,62.50,62.50,1670,0
7777.HK,5,20250912,033000,64.00,64.00,64.00,64.00,80,0
7777.HK,5,20250912,041000,64.02,64.02,64.02,64.02,10,0
7777.HK,5,20250912,042000,64.02,64.02,64.00,64.00,410,0
7777.HK,5,20250912,044500,64.00,64.00,63.90,63.90,350,0
7777.HK,5,20250912,070000,63.92,64.12,63.90,64.12,840,0
7777.HK,5,20250912,071500,64.02,64.02,64.02,64.02,240,0
7777.HK,5,20250912,072500,64.02,64.02,64.02,64.02,150,0
7777.HK,5,20250912,074000,64.02,64.02,64.02,64.02,600,0
7777.HK,5,20250912,081500,64.22,64.22,64.22,64.22,20,0
7777.HK,5,20250912,082000,64.22,64.22,64.22,64.22,470,0
7777.HK,5,20250912,085000,64.22,64.22,64.22,64.22,70,0
7777.HK,5,20250912,085500,64.02,64.02,64.00,64.00,1690,0
7777.HK,5,20250912,093000,64.12,64.18,64.12,64.18,650,0
7777.HK,5,20250915,033000,63.46,63.46,63.46,63.46,180,0
7777.HK,5,20250915,034000,63.48,63.48,63.48,63.48,50,0
7777.HK,5,20250915,041000,63.30,63.30,63.30,63.30,430,0
7777.HK,5,20250915,042500,63.30,63.30,63.30,63.30,20,0
7777.HK,5,20250915,044000,63.30,63.30,63.30,63.30,60,0
7777.HK,5,20250915,054500,63.40,63.40,63.40,63.40,400,0
7777.HK,5,20250915,071000,63.30,63.30,63.30,63.30,340,0
7777.HK,5,20250915,073000,63.30,63.30,63.30,63.30,70,0
7777.HK,5,20250915,074000,63.30,63.30,63.30,63.30,600,0
7777.HK,5,20250915,074500,63.30,63.30,63.30,63.30,600,0
7777.HK,5,20250915,083500,63.30,63.30,63.30,63.30,210,0
7777.HK,5,20250915,085500,63.30,63.30,63.30,63.30,790,0
7777.HK,5,20250915,093000,63.30,63.30,63.30,63.30,130,0
7777.HK,5,20250916,033000,62.82,62.82,62.80,62.80,620,0
7777.HK,5,20250916,034000,62.80,62.80,62.80,62.80,100,0
7777.HK,5,20250916,035000,62.80,62.80,62.80,62.80,290,0
7777.HK,5,20250916,041500,62.86,62.86,62.86,62.86,300,0
7777.HK,5,20250916,042000,62.84,62.84,62.80,62.80,670,0
7777.HK,5,20250916,053000,62.78,62.78,62.78,62.78,10,0
7777.HK,5,20250916,071000,62.78,62.78,62.78,62.78,80,0
7777.HK,5,20250916,083000,62.78,62.78,62.78,62.78,30,0
7777.HK,5,20250916,084000,62.78,62.78,62.78,62.78,90,0
7777.HK,5,20250916,084500,62.78,62.78,62.78,62.78,100,0
7777.HK,5,20250916,094000,62.78,62.78,62.78,62.78,40,0
7777.HK,5,20250917,033000,62.76,62.76,62.76,62.76,100,0
7777.HK,5,20250917,035000,62.70,62.70,62.70,62.70,560,0
7777.HK,5,20250917,035500,62.70,62.70,62.70,62.70,240,0
7777.HK,5,20250917,041000,62.72,62.72,62.72,62.72,120,0
7777.HK,5,20250917,041500,62.72,62.72,62.72,62.72,150,0
7777.HK,5,20250917,042000,62.72,62.72,62.72,62.72,160,0
7777.HK,5,20250917,050000,62.74,62.74,62.74,62.74,100,0
7777.HK,5,20250917,052000,62.74,62.74,62.74,62.74,10,0
7777.HK,5,20250917,052500,62.74,62.74,62.74,62.74,200,0
7777.HK,5,20250917,053000,62.64,62.64,62.64,62.64,300,0
7777.HK,5,20250917,054000,62.52,62.52,62.52,62.52,50,0
7777.HK,5,20250917,070000,62.54,62.60,62.54,62.60,250,0
7777.HK,5,20250917,070500,62.60,62.60,62.60,62.60,470,0
7777.HK,5,20250917,082000,62.60,62.60,62.60,62.60,50,0
7777.HK,5,20250917,084000,62.56,62.56,62.56,62.56,50,0
7777.HK,5,20250917,092500,62.56,62.56,62.56,62.56,370,0
7777.HK,5,20250917,095000,62.56,62.56,62.56,62.56,200,0
7777.HK,5,20250918,033500,62.56,62.56,62.56,62.56,400,0
7777.HK,5,20250918,034000,62.56,62.56,62.56,62.56,100,0
7777.HK,5,20250918,042000,62.68,63.08,62.68,63.08,270,0
7777.HK,5,20250918,042500,63.08,63.08,63.08,63.08,90,0
7777.HK,5,20250918,043000,63.08,63.10,63.08,63.10,3270,0
7777.HK,5,20250918,045000,63.10,63.12,63.10,63.12,430,0
7777.HK,5,20250918,051000,62.62,62.62,62.62,62.62,150,0
7777.HK,5,20250918,052500,62.62,62.62,62.62,62.62,500,0
7777.HK,5,20250918,075000,62.68,62.68,62.68,62.68,20,0
7777.HK,5,20250918,082500,62.70,62.70,62.70,62.70,40,0
7777.HK,5,20250918,093000,62.74,62.74,62.74,62.74,40,0
7777.HK,5,20250919,033000,62.62,62.62,62.54,62.60,1010,0
7777.HK,5,20250919,034000,62.60,62.60,62.60,62.60,10,0
7777.HK,5,20250919,040000,62.20,62.20,62.16,62.16,30,0
7777.HK,5,20250919,041000,62.16,62.16,62.16,62.16,330,0
7777.HK,5,20250919,041500,62.20,62.20,62.16,62.16,390,0
7777.HK,5,20250919,080000,62.44,62.44,62.44,62.44,140,0
7777.HK,5,20250919,082000,62.44,62.44,62.44,62.44,10,0
7777.HK,5,20250919,090000,62.32,62.32,62.32,62.32,100,0
7777.HK,5,20250919,090500,62.32,62.32,62.30,62.30,580,0
7777.HK,5,20250922,033000,62.34,62.34,62.34,62.34,770,0
7777.HK,5,20250922,042500,62.40,62.40,62.40,62.40,160,0
7777.HK,5,20250922,095000,62.82,62.82,62.82,62.82,70,0
7777.HK,5,20250923,033000,62.52,63.22,62.52,63.22,90,0
7777.HK,5,20250923,033500,63.22,63.22,63.22,63.22,60,0
7777.HK,5,20250923,035000,63.24,63.24,63.22,63.22,820,0
7777.HK,5,20250923,040500,63.22,63.22,63.22,63.22,50,0
7777.HK,5,20250923,042500,63.22,63.22,63.22,63.22,180,0
7777.HK,5,20250923,043500,63.22,63.22,63.22,63.22,640,0
7777.HK,5,20250923,050000,63.24,63.24,63.24,63.24,70,0
7777.HK,5,20250923,055000,63.18,63.18,63.18,63.18,730,0
7777.HK,5,20250923,070000,63.18,63.18,63.18,63.18,500,0
7777.HK,5,20250923,072500,63.20,63.20,63.20,63.20,270,0
7777.HK,5,20250923,081500,63.18,63.18,63.18,63.18,100,0
7777.HK,5,20250923,082500,63.20,63.20,63.18,63.18,2020,0
7777.HK,5,20250923,091500,63.20,63.20,63.20,63.20,100,0
7777.HK,5,20250923,092500,63.20,63.20,63.20,63.20,310,0
7777.HK,5,20250923,094000,63.20,63.20,63.20,63.20,10,0
7777.HK,5,20250923,095500,63.22,63.22,63.18,63.18,2000,0
7777.HK,5,20250924,040000,63.18,63.18,63.18,63.18,500,0
7777.HK,5,20250924,044000,62.98,62.98,62.98,62.98,10,0
7777.HK,5,20250924,073500,62.98,62.98,62.98,62.98,100,0
7777.HK,5,20250924,074500,62.98,62.98,62.98,62.98,320,0
7777.HK,5,20250924,083000,63.00,63.00,63.00,63.00,440,0
7777.HK,5,20250924,092500,62.98,62.98,62.98,62.98,10,0
7777.HK,5,20250924,095500,62.98,62.98,62.98,62.98,10,0
7777.HK,5,20250925,034000,63.54,63.54,63.54,63.54,630,0
7777.HK,5,20250925,034500,63.60,63.60,63.60,63.60,100,0
7777.HK,5,20250925,035500,63.60,63.60,63.60,63.60,1000,0
7777.HK,5,20250925,050500,63.62,63.62,63.62,63.62,540,0
7777.HK,5,20250925,054500,63.60,63.60,63.60,63.60,500,0
7777.HK,5,20250925,070000,63.60,63.60,63.60,63.60,140,0
7777.HK,5,20250925,081000,63.60,63.60,63.60,63.60,330,0
7777.HK,5,20250925,082500,63.60,63.60,63.60,63.60,200,0
7777.HK,5,20250925,085500,63.60,63.60,63.60,63.60,200,0
7777.HK,5,20250925,091500,63.60,63.60,63.60,63.60,400,0
7777.HK,5,20250925,092000,63.62,63.62,63.62,63.62,150,0
7777.HK,5,20250925,092500,63.62,63.62,63.62,63.62,210,0
7777.HK,5,20250925,094500,63.64,63.66,63.64,63.66,490,0
7777.HK,5,20250925,095000,63.68,63.68,63.68,63.68,430,0
7777.HK,5,20250925,095500,63.76,63.76,63.76,63.76,160,0
7777.HK,5,20250926,033000,63.76,63.76,63.76,63.76,20,0
7777.HK,5,20250926,033500,63.58,63.58,63.58,63.58,60,0
7777.HK,5,20250926,034000,63.56,63.56,63.56,63.56,800,0
7777.HK,5,20250926,035500,63.48,63.48,63.48,63.48,80,0
7777.HK,5,20250926,041000,63.48,63.48,63.48,63.48,330,0
7777.HK,5,20250926,042000,63.48,63.48,63.48,63.48,100,0
7777.HK,5,20250926,043000,63.48,63.48,63.48,63.48,100,0
7777.HK,5,20250926,044000,63.48,63.48,63.48,63.48,600,0
7777.HK,5,20250926,071500,63.42,63.42,63.42,63.42,10,0
7777.HK,5,20250926,080500,63.38,63.38,63.38,63.38,240,0
7777.HK,5,20250926,084000,63.42,63.42,63.42,63.42,1000,0
7777.HK,5,20250926,085000,63.42,63.42,63.42,63.42,100,0
7777.HK,5,20250926,094500,63.38,63.40,63.38,63.40,120,0
7777.HK,5,20250926,095000,63.40,63.40,63.40,63.40,20,0
7777.HK,5,20250926,095500,63.40,63.40,63.40,63.40,50,0
7777.HK,5,20250929,033000,64.22,64.22,64.22,64.22,10,0
7777.HK,5,20250929,034000,64.26,64.26,64.26,64.26,300,0
7777.HK,5,20250929,042000,64.26,64.26,64.26,64.26,200,0
7777.HK,5,20250929,070500,64.30,64.30,64.30,64.30,500,0
7777.HK,5,20250929,072000,64.28,64.28,64.28,64.28,500,0
7777.HK,5,20250929,072500,64.28,64.28,64.28,64.28,10,0
7777.HK,5,20250929,073000,64.28,64.28,64.28,64.28,70,0
7777.HK,5,20250929,075500,64.32,64.32,64.32,64.32,50,0
7777.HK,5,20250929,085500,64.32,64.32,64.32,64.32,100,0
7777.HK,5,20250929,091000,64.34,64.34,64.34,64.34,670,0
7777.HK,5,20250929,093000,64.32,64.32,64.32,64.32,1730,0
7777.HK,5,20250929,093500,64.32,64.32,64.32,64.32,880,0
7777.HK,5,20250929,095000,64.32,64.64,64.32,64.64,1000,0
7777.HK,5,20250930,035000,64.40,64.40,64.40,64.40,100,0
7777.HK,5,20250930,040000,64.20,64.20,64.20,64.20,160,0
7777.HK,5,20250930,050500,64.16,64.16,64.16,64.16,20,0
7777.HK,5,20250930,083500,64.40,64.40,64.40,64.40,100,0
7777.HK,5,20250930,090000,64.40,64.40,64.34,64.34,1240,0
7777.HK,5,20251002,034000,63.60,63.60,63.58,63.60,1160,0
7777.HK,5,20251002,034500,63.66,63.66,63.66,63.66,230,0
7777.HK,5,20251002,035000,63.58,63.58,63.58,63.58,2910,0
7777.HK,5,20251002,041000,63.60,63.60,63.60,63.60,300,0
7777.HK,5,20251002,042500,63.60,63.60,63.60,63.60,750,0
7777.HK,5,20251002,043500,63.60,63.60,63.60,63.60,140,0
7777.HK,5,20251002,045000,63.60,63.60,63.60,63.60,300,0
7777.HK,5,20251002,050000,63.60,63.64,63.60,63.64,90,0
7777.HK,5,20251002,070500,63.64,63.92,63.64,63.92,510,0
7777.HK,5,20251002,071500,63.92,63.92,63.92,63.92,1620,0
7777.HK,5,20251002,073000,63.92,63.92,63.92,63.92,70,0
7777.HK,5,20251002,080000,63.92,63.92,63.92,63.92,40,0
7777.HK,5,20251002,081500,63.92,63.92,63.92,63.92,70,0
7777.HK,5,20251002,082000,63.78,63.78,63.78,63.78,120,0
7777.HK,5,20251002,084000,63.76,63.76,63.76,63.76,600,0
7777.HK,5,20251003,033000,63.68,63.68,63.68,63.68,30,0
7777.HK,5,20251003,033500,63.66,63.66,63.66,63.66,10,0
7777.HK,5,20251003,034000,63.64,63.64,63.64,63.64,50,0
7777.HK,5,20251003,034500,63.50,63.50,63.50,63.50,210,0
7777.HK,5,20251003,035000,63.50,63.50,63.50,63.50,10,0
7777.HK,5,20251003,042000,63.50,63.50,63.50,63.50,280,0
7777.HK,5,20251003,071000,63.50,63.50,63.50,63.50,50,0
7777.HK,5,20251003,075500,63.50,63.50,63.50,63.50,50,0
7777.HK,5,20251003,082500,63.50,63.50,63.50,63.50,230,0
7777.HK,5,20251003,091500,63.24,63.24,63.24,63.24,20,0
7777.HK,5,20251003,095500,63.26,63.26,63.26,63.26,60,0
7777.HK,5,20251006,033000,63.66,63.66,63.66,63.66,180,0
7777.HK,5,20251006,034500,63.66,63.66,63.66,63.66,10,0
7777.HK,5,20251006,035500,63.72,63.72,63.72,63.72,2390,0
7777.HK,5,20251006,042000,63.90,63.90,63.90,63.90,10,0
7777.HK,5,20251006,043000,63.74,63.74,63.74,63.74,390,0
7777.HK,5,20251006,075000,63.74,63.74,63.74,63.74,100,0
7777.HK,5,20251006,083000,63.80,63.80,63.80,63.80,300,0
7777.HK,5,20251006,090500,63.80,63.80,63.80,63.80,10,0
7777.HK,5,20251006,092000,63.80,63.80,63.80,63.80,110,0
7777.HK,5,20251006,092500,64.22,64.22,64.22,64.22,120,0
7777.HK,5,20251006,095500,64.22,64.22,64.22,64.22,100,0
7777.HK,5,20251008,033500,64.48,64.64,64.48,64.64,280,0
7777.HK,5,20251008,034000,64.94,64.94,64.40,64.44,1130,0
7777.HK,5,20251008,034500,64.44,64.44,64.44,64.44,150,0
7777.HK,5,20251008,035500,64.46,64.46,64.46,64.46,20,0
7777.HK,5,20251008,040000,64.48,64.48,64.48,64.48,850,0
7777.HK,5,20251008,042000,64.48,64.48,64.48,64.48,80,0
7777.HK,5,20251008,075500,64.50,64.50,64.50,64.50,300,0
7777.HK,5,20251008,083500,64.60,64.60,64.60,64.60,620,0
7777.HK,5,20251008,092500,64.88,64.88,64.88,64.88,160,0
7777.HK,5,20251008,093000,64.98,64.98,64.98,64.98,240,0
7777.HK,5,20251008,093500,64.98,64.98,64.98,64.98,500,0
7777.HK,5,20251008,094500,65.00,65.00,65.00,65.00,190,0
7777.HK,5,20251008,095500,64.94,64.94,64.94,64.94,170,0
7777.HK,5,20251009,033000,64.34,64.36,64.34,64.36,310,0
7777.HK,5,20251009,034000,64.30,64.30,64.30,64.30,200,0
7777.HK,5,20251009,035500,63.98,63.98,63.98,63.98,300,0
7777.HK,5,20251009,051000,63.86,63.86,63.74,63.74,1050,0
7777.HK,5,20251009,052500,63.80,63.80,63.80,63.80,380,0
7777.HK,5,20251009,053000,63.74,63.74,63.74,63.74,200,0
7777.HK,5,20251009,054000,63.74,63.74,63.74,63.74,400,0
7777.HK,5,20251009,072000,63.76,63.76,63.76,63.76,400,0
7777.HK,5,20251009,085000,63.98,63.98,63.98,63.98,80,0
7777.HK,5,20251009,090000,63.98,63.98,63.98,63.98,80,0
7777.HK,5,20251009,091000,63.98,64.00,63.98,64.00,790,0
7777.HK,5,20251009,092500,64.00,64.00,64.00,64.00,80,0
7777.HK,5,20251009,093000,64.00,64.00,64.00,64.00,20,0
7777.HK,5,20251009,095500,63.94,63.94,63.94,63.94,70,0
7777.HK,5,20251010,033000,63.80,63.80,63.80,63.80,100,0
7777.HK,5,20251010,034000,63.62,63.62,63.62,63.62,10,0
7777.HK,5,20251010,035500,63.62,63.62,63.62,63.62,160,0
7777.HK,5,20251010,044500,62.98,62.98,62.98,62.98,190,0
7777.HK,5,20251010,045000,62.98,62.98,62.98,62.98,50,0
7777.HK,5,20251010,050500,62.98,62.98,62.98,62.98,100,0
7777.HK,5,20251010,054000,62.98,63.00,62.98,63.00,230,0
7777.HK,5,20251010,070500,63.56,63.56,63.56,63.56,200,0
7777.HK,5,20251010,075500,63.56,63.56,63.30,63.30,50,0
7777.HK,5,20251010,080000,63.04,63.04,63.04,63.04,10,0
7777.HK,5,20251010,081000,63.30,63.30,63.30,63.30,10,0
7777.HK,5,20251010,083500,63.04,63.04,63.04,63.04,830,0
7777.HK,5,20251010,091000,63.08,63.08,63.06,63.06,1000,0
7777.HK,5,20251010,094500,63.06,63.10,63.06,63.10,30,0
7777.HK,5,20251013,033000,60.80,61.44,60.46,61.44,1420,0
7777.HK,5,20251013,033500,61.46,61.46,61.42,61.42,810,0
7777.HK,5,20251013,034500,61.48,61.48,61.48,61.48,200,0
7777.HK,5,20251013,035000,61.88,61.88,61.88,61.88,770,0
7777.HK,5,20251013,035500,61.84,61.84,61.84,61.84,500,0
7777.HK,5,20251013,040000,61.84,61.84,61.84,61.84,850,0
7777.HK,5,20251013,040500,61.84,61.86,61.84,61.86,180,0
7777.HK,5,20251013,041000,61.86,61.86,61.84,61.84,60,0
7777.HK,5,20251013,045500,61.84,61.84,61.54,61.54,150,0
7777.HK,5,20251013,050500,61.54,61.54,61.54,61.54,150,0
7777.HK,5,20251013,052500,61.56,61.56,61.56,61.56,50,0
7777.HK,5,20251013,070000,61.60,61.60,61.60,61.60,20,0
7777.HK,5,20251013,071000,61.68,61.68,61.68,61.68,150,0
7777.HK,5,20251013,073000,61.68,61.68,61.68,61.68,90,0
7777.HK,5,20251013,080000,61.68,61.68,61.68,61.68,200,0
7777.HK,5,20251013,081000,61.68,61.68,61.68,61.68,200,0
7777.HK,5,20251013,082000,61.74,61.74,61.74,61.74,50,0
7777.HK,5,20251013,084000,61.82,61.82,61.82,61.82,700,0
7777.HK,5,20251013,085500,61.80,61.80,61.80,61.80,150,0
7777.HK,5,20251013,092000,61.86,61.86,61.86,61.86,10,0
7777.HK,5,20251013,092500,61.90,61.90,61.90,61.90,20,0
7777.HK,5,20251013,093000,62.00,62.00,62.00,62.00,200,0
7777.HK,5,20251013,095000,62.10,62.10,62.10,62.10,3600,0
7777.HK,5,20251013,095500,62.14,62.14,62.14,62.14,130,0
7777.HK,5,20251014,033000,62.24,62.24,62.24,62.24,1500,0
7777.HK,5,20251014,040000,62.18,62.18,62.18,62.18,140,0
7777.HK,5,20251014,041000,62.18,62.18,62.18,62.18,10,0
7777.HK,5,20251014,044500,61.64,61.64,61.64,61.64,90,0
7777.HK,5,20251014,052500,61.64,61.64,61.64,61.64,10,0
7777.HK,5,20251014,070000,61.94,61.94,61.94,61.94,400,0
7777.HK,5,20251014,072000,61.72,61.72,61.64,61.64,200,0
7777.HK,5,20251014,074000,61.66,61.66,61.64,61.64,130,0
7777.HK,5,20251014,080500,61.38,61.38,61.32,61.32,150,0
7777.HK,5,20251014,081000,61.32,61.32,61.32,61.32,1900,0
7777.HK,5,20251014,082000,61.32,61.32,61.32,61.32,10,0
7777.HK,5,20251014,084500,61.32,61.32,61.32,61.32,190,0
7777.HK,5,20251014,085500,61.32,61.32,61.32,61.32,870,0
7777.HK,5,20251014,091500,61.28,61.28,61.28,61.28,50,0
7777.HK,5,20251014,094000,61.28,61.28,61.28,61.28,310,0
7777.HK,5,20251014,095500,61.28,61.28,60.88,61.18,180,0
7777.HK,5,20251015,033500,62.66,62.66,62.66,62.66,1090,0
7777.HK,5,20251015,041000,62.66,62.66,62.66,62.66,500,0
7777.HK,5,20251015,042000,62.66,62.66,62.66,62.66,80,0
7777.HK,5,20251015,053000,62.80,62.80,62.80,62.80,150,0
7777.HK,5,20251015,054500,62.80,62.80,62.80,62.80,200,0
7777.HK,5,20251015,075000,62.80,62.80,62.80,62.80,300,0
7777.HK,5,20251015,081000,62.80,62.80,62.80,62.80,100,0
7777.HK,5,20251015,082500,62.80,62.80,62.80,62.80,500,0
7777.HK,5,20251015,083000,62.80,62.80,62.80,62.80,200,0
7777.HK,5,20251015,090500,62.90,62.90,62.90,62.90,950,0
7777.HK,5,20251015,092500,63.20,63.20,63.20,63.20,20,0
7777.HK,5,20251015,095500,62.80,63.20,62.80,63.20,70,0
7777.HK,5,20251016,042000,62.80,62.80,62.80,62.80,2450,0
7777.HK,5,20251016,045000,62.80,62.80,62.80,62.80,120,0
7777.HK,5,20251016,054500,63.00,63.00,63.00,63.00,2030,0
7777.HK,5,20251016,055500,63.00,63.00,63.00,63.00,1880,0
7777.HK,5,20251016,070000,62.80,62.80,62.64,62.78,80,0
7777.HK,5,20251017,033000,61.24,61.24,61.24,61.24,10,0
7777.HK,5,20251017,033500,61.24,61.24,61.24,61.24,40,0
7777.HK,5,20251017,034000,61.24,61.24,61.24,61.24,40,0
7777.HK,5,20251017,034500,61.16,61.16,61.16,61.16,180,0
7777.HK,5,20251017,044500,61.10,61.10,61.10,61.10,1000,0
7777.HK,5,20251017,050000,61.10,61.10,61.10,61.10,590,0
7777.HK,5,20251017,051000,61.10,61.10,61.10,61.10,500,0
7777.HK,5,20251017,053500,61.10,61.10,61.10,61.10,8910,0
7777.HK,5,20251017,054000,61.00,61.00,61.00,61.00,200,0
7777.HK,5,20251017,071000,61.00,61.00,61.00,61.00,10,0
7777.HK,5,20251017,072000,60.90,60.90,60.90,60.90,80,0
7777.HK,5,20251017,073500,60.88,60.88,60.88,60.88,10,0
7777.HK,5,20251017,080500,60.90,60.90,60.90,60.90,10,0
7777.HK,5,20251017,081000,60.76,60.76,60.76,60.76,100,0
7777.HK,5,20251017,083500,60.70,60.70,60.70,60.70,160,0
7777.HK,5,20251017,090000,60.60,60.60,60.60,60.60,20,0
7777.HK,5,20251017,090500,60.50,60.50,60.20,60.20,210,0
7777.HK,5,20251017,091000,60.20,60.20,60.20,60.20,440,0
7777.HK,5,20251017,091500,60.08,60.08,60.08,60.08,310,0
7777.HK,5,20251017,092000,59.98,60.02,59.98,60.02,1550,0
7777.HK,5,20251017,095000,60.30,60.30,60.30,60.30,10,0
7777.HK,5,20251017,095500,60.30,60.30,60.30,60.30,450,0
7777.HK,5,20251020,040500,61.66,61.66,61.66,61.66,70,0
7777.HK,5,20251020,041000,61.68,61.68,61.68,61.68,450,0
7777.HK,5,20251020,042000,61.68,61.68,61.68,61.68,60,0
7777.HK,5,20251020,042500,61.68,61.68,61.68,61.68,200,0
7777.HK,5,20251020,044500,61.68,61.68,61.68,61.68,220,0
7777.HK,5,20251020,070000,61.70,61.70,61.70,61.70,40,0
7777.HK,5,20251020,070500,61.74,61.74,61.74,61.74,200,0
7777.HK,5,20251020,091000,61.86,61.86,61.86,61.86,20,0
7777.HK,5,20251020,093000,61.94,61.94,61.94,61.94,160,0
7777.HK,5,20251020,094000,61.94,61.94,61.94,61.94,240,0
7777.HK,5,20251021,033000,61.96,62.12,61.96,62.12,360,0
7777.HK,5,20251021,033500,62.12,62.12,62.12,62.12,690,0
7777.HK,5,20251021,040000,62.12,62.12,62.12,62.12,10,0
7777.HK,5,20251021,041500,62.00,62.00,62.00,62.00,200,0
7777.HK,5,20251021,051000,62.00,62.00,62.00,62.00,30,0
7777.HK,5,20251021,070000,62.06,62.06,62.06,62.06,30,0
7777.HK,5,20251021,075000,62.12,62.12,62.12,62.12,200,0
7777.HK,5,20251021,090000,62.18,62.18,62.18,62.18,800,0
7777.HK,5,20251022,033000,61.96,61.96,61.44,61.44,1240,0
7777.HK,5,20251022,034000,61.14,61.14,61.14,61.14,140,0
7777.HK,5,20251022,070500,61.42,61.64,61.42,61.64,170,0
7777.HK,5,20251023,051500,61.34,61.48,61.34,61.48,40,0
7777.HK,5,20251024,080000,61.20,61.20,61.20,61.20,100,0
7777.HK,5,20251024,082000,61.04,61.04,61.04,61.04,20,0
7777.HK,5,20251024,082500,61.04,61.04,61.04,61.04,20,0
7777.HK,5,20251024,093000,61.20,61.20,61.20,61.20,680,0
7777.HK,5,20251024,093500,61.20,61.20,61.18,61.18,1300,0
7777.HK,5,20251027,023000,61.18,61.18,61.18,61.18,10,0
7777.HK,5,20251027,023500,61.40,61.40,61.40,61.40,1010,0
7777.HK,5,20251027,025000,61.36,61.36,61.36,61.36,50,0
7777.HK,5,20251027,031500,61.38,61.38,61.38,61.38,50,0
7777.HK,5,20251027,035000,61.38,61.38,61.38,61.38,150,0
7777.HK,5,20251027,040500,61.38,61.40,61.38,61.40,20,0
7777.HK,5,20251027,041500,61.46,61.46,61.46,61.46,10,0
7777.HK,5,20251027,074000,61.56,61.56,61.56,61.56,900,0
7777.HK,5,20251027,074500,61.70,61.70,61.70,61.70,50,0
7777.HK,5,20251027,082000,61.70,61.70,61.70,61.70,80,0
7777.HK,5,20251027,083500,61.70,61.70,61.70,61.70,200,0
7777.HK,5,20251027,085500,61.50,61.50,61.50,61.50,110,0
7777.HK,5,20251028,023000,61.18,61.18,60.70,60.70,170,0
7777.HK,5,20251028,023500,60.70,60.70,60.70,60.70,10,0
7777.HK,5,20251028,025000,60.70,60.70,60.70,60.70,10,0
7777.HK,5,20251028,032000,60.70,60.70,60.70,60.70,100,0
7777.HK,5,20251028,033000,60.70,60.70,60.70,60.70,20,0
7777.HK,5,20251028,035000,60.50,60.50,60.50,60.50,20,0
7777.HK,5,20251028,041500,60.30,60.30,60.22,60.22,140,0
7777.HK,5,20251028,042000,60.22,60.22,60.22,60.22,10,0
7777.HK,5,20251028,045000,60.22,60.22,60.22,60.22,10,0
7777.HK,5,20251028,061000,60.22,60.22,60.22,60.22,40,0
7777.HK,5,20251028,062500,60.18,60.18,60.18,60.18,130,0
7777.HK,5,20251028,070500,60.18,60.18,60.18,60.18,10,0
7777.HK,5,20251028,073500,60.18,60.18,60.18,60.18,40,0
7777.HK,5,20251030,023000,58.00,58.00,57.54,57.54,1040,0
7777.HK,5,20251030,023500,57.54,57.54,57.38,57.38,620,0
7777.HK,5,20251030,024500,57.38,57.38,57.38,57.38,540,0
7777.HK,5,20251030,025000,57.48,57.48,57.48,57.48,200,0
7777.HK,5,20251030,030000,57.42,57.42,57.42,57.42,70,0
7777.HK,5,20251030,030500,57.42,57.42,57.42,57.42,10,0
7777.HK,5,20251030,031000,57.42,57.46,57.38,57.38,880,0
7777.HK,5,20251030,034500,57.46,57.46,57.46,57.46,300,0
7777.HK,5,20251030,035500,57.44,57.46,57.44,57.46,170,0
7777.HK,5,20251030,040000,57.48,57.48,57.48,57.48,140,0
7777.HK,5,20251030,040500,57.48,57.48,57.48,57.48,100,0
7777.HK,5,20251030,041500,57.48,57.48,57.48,57.48,50,0
7777.HK,5,20251030,060500,57.52,57.52,57.52,57.52,40,0
7777.HK,5,20251030,064500,57.54,57.54,57.54,57.54,500,0
7777.HK,5,20251030,071500,57.56,57.56,57.56,57.56,1000,0
7777.HK,5,20251030,072500,57.54,57.54,57.54,57.54,510,0
7777.HK,5,20251030,073000,57.52,57.52,57.50,57.50,780,0
7777.HK,5,20251030,074000,57.44,57.44,57.44,57.44,270,0
7777.HK,5,20251030,075000,57.40,57.40,57.38,57.38,1000,0
7777.HK,5,20251030,082000,57.40,57.40,57.40,57.40,20,0
7777.HK,5,20251030,082500,57.44,57.44,57.44,57.44,500,0
7777.HK,5,20251030,084500,57.40,57.40,57.40,57.40,220,0
7777.HK,5,20251030,085500,57.50,57.50,57.50,57.50,50,0
7777.HK,5,20251031,023000,57.86,57.90,57.86,57.90,390,0
7777.HK,5,20251031,023500,57.92,57.98,57.92,57.98,2000,0
7777.HK,5,20251031,025500,57.98,58.08,57.96,58.08,2420,0
7777.HK,5,20251031,031000,58.04,58.04,57.58,57.58,120,0
7777.HK,5,20251031,033000,58.00,58.00,58.00,58.00,220,0
7777.HK,5,20251031,034000,58.10,58.10,58.10,58.10,70,0
7777.HK,5,20251031,035000,58.00,58.00,58.00,58.00,780,0
7777.HK,5,20251031,042000,58.06,58.06,58.06,58.06,500,0
7777.HK,5,20251031,045500,58.08,58.08,58.08,58.08,2640,0
7777.HK,5,20251031,061500,58.20,58.20,58.20,58.20,10,0
7777.HK,5,20251031,063000,58.10,58.10,58.10,58.10,30,0
7777.HK,5,20251031,072500,58.10,58.10,58.10,58.10,190,0
7777.HK,5,20251031,080500,58.08,58.08,58.08,58.08,130,0
7777.HK,5,20251031,084500,58.10,58.10,58.10,58.10,10,0
7777.HK,5,20251031,085000,58.06,58.06,58.06,58.06,20,0
7777.HK,5,20251103,023000,59.68,59.70,59.68,59.70,2030,0
7777.HK,5,20251103,023500,59.68,59.74,59.68,59.74,870,0
7777.HK,5,20251103,024000,59.70,59.70,59.70,59.70,100,0
7777.HK,5,20251103,024500,59.74,59.74,59.74,59.74,1210,0
7777.HK,5,20251103,030500,59.88,59.88,59.88,59.88,2510,0
7777.HK,5,20251103,032000,59.76,59.76,59.76,59.76,30,0
7777.HK,5,20251103,035500,59.88,59.88,59.88,59.88,780,0
7777.HK,5,20251103,040500,59.88,59.88,59.88,59.88,190,0
7777.HK,5,20251103,045500,59.92,59.92,59.90,59.90,20,0
7777.HK,5,20251103,060500,59.90,59.90,59.90,59.90,10,0
7777.HK,5,20251103,061500,59.90,59.90,59.90,59.90,570,0
7777.HK,5,20251103,064000,59.88,59.88,59.88,59.88,10,0
7777.HK,5,20251103,072000,59.86,59.86,59.86,59.86,20,0
7777.HK,5,20251103,073500,59.84,59.84,59.70,59.70,1350,0
7777.HK,5,20251103,081000,59.72,59.72,59.72,59.72,350,0
7777.HK,5,20251103,083000,59.54,59.86,59.54,59.86,11070,0
7777.HK,5,20251103,084000,59.86,59.86,59.86,59.86,100,0
7777.HK,5,20251103,085000,59.88,59.88,59.86,59.86,20,0
7777.HK,5,20251103,085500,59.86,59.86,59.86,59.86,10,0
7777.HK,5,20251104,023000,59.98,59.98,57.56,57.56,8460,0
7777.HK,5,20251104,025000,57.60,57.60,57.56,57.56,210,0
7777.HK,5,20251104,031000,57.56,57.56,57.56,57.56,10,0
7777.HK,5,20251104,032500,57.58,57.58,57.58,57.58,2000,0
7777.HK,5,20251104,033000,57.60,57.60,57.60,57.60,400,0
7777.HK,5,20251104,034500,57.56,57.56,57.56,57.56,350,0
7777.HK,5,20251104,035000,57.56,57.56,57.50,57.50,1990,0
7777.HK,5,20251104,043500,57.54,57.54,57.54,57.54,630,0
7777.HK,5,20251104,044000,57.50,57.50,57.50,57.50,20,0
7777.HK,5,20251104,045500,57.34,57.48,57.28,57.48,380,0
7777.HK,5,20251104,060000,57.58,57.58,57.48,57.48,1610,0
7777.HK,5,20251104,062000,57.46,57.46,57.46,57.46,10,0
7777.HK,5,20251104,062500,57.46,57.46,57.46,57.46,200,0
7777.HK,5,20251104,063500,57.46,57.46,57.46,57.46,10,0
7777.HK,5,20251104,064000,57.34,57.34,57.34,57.34,400,0
7777.HK,5,20251104,065500,57.36,57.36,57.36,57.36,20,0
7777.HK,5,20251104,070000,57.34,57.34,57.34,57.34,100,0
7777.HK,5,20251104,071000,57.34,57.34,57.34,57.34,180,0
7777.HK,5,20251104,073000,57.34,57.34,57.30,57.30,120,0
7777.HK,5,20251104,075500,57.40,57.40,57.40,57.40,650,0
7777.HK,5,20251104,081500,57.28,57.28,57.20,57.20,170,0
7777.HK,5,20251105,023000,59.70,60.36,59.70,60.36,2030,0
7777.HK,5,20251105,023500,60.36,60.38,60.36,60.36,380,0
7777.HK,5,20251105,024000,60.34,60.34,60.34,60.34,330,0
7777.HK,5,20251105,024500,60.34,60.34,60.34,60.34,100,0
7777.HK,5,20251105,025000,60.34,60.44,60.34,60.44,2000,0
7777.HK,5,20251105,030000,60.40,60.40,60.40,60.40,410,0
7777.HK,5,20251105,032000,60.30,60.30,60.30,60.30,510,0
7777.HK,5,20251105,032500,60.28,60.28,60.28,60.28,10,0
7777.HK,5,20251105,042000,60.02,60.02,60.02,60.02,10,0
7777.HK,5,20251105,042500,60.02,60.02,60.02,60.02,2270,0
7777.HK,5,20251105,043000,60.00,60.00,60.00,60.00,150,0
7777.HK,5,20251105,043500,60.00,60.00,59.92,59.92,1210,0
7777.HK,5,20251105,044500,60.00,60.06,60.00,60.06,880,0
7777.HK,5,20251105,045500,60.04,60.04,60.02,60.02,1200,0
7777.HK,5,20251105,060000,59.82,59.96,59.82,59.96,2550,0
7777.HK,5,20251105,060500,59.98,59.98,59.98,59.98,10,0
7777.HK,5,20251105,061000,60.02,60.02,60.02,60.02,1150,0
7777.HK,5,20251105,062500,60.02,60.02,60.02,60.02,10,0
7777.HK,5,20251105,070000,60.02,60.02,60.02,60.02,100,0
7777.HK,5,20251105,072000,60.02,60.40,60.02,60.40,1930,0
7777.HK,5,20251105,074000,60.30,60.30,60.20,60.20,70,0
7777.HK,5,20251105,074500,60.12,60.12,60.02,60.02,70,0
7777.HK,5,20251105,080500,60.04,60.04,60.04,60.04,120,0
7777.HK,5,20251105,081500,60.34,60.34,60.34,60.34,1000,0
7777.HK,5,20251105,083000,60.34,60.34,60.34,60.34,10,0
7777.HK,5,20251105,085500,60.08,60.08,60.06,60.06,20,0
7777.HK,5,20251106,023000,60.64,60.64,60.64,60.64,380,0
7777.HK,5,20251106,025500,60.12,60.12,60.12,60.12,20,0
7777.HK,5,20251106,030000,60.50,60.50,60.50,60.50,120,0
7777.HK,5,20251106,031000,60.38,60.38,60.38,60.38,1000,0
7777.HK,5,20251106,033500,60.38,60.48,60.38,60.48,740,0
7777.HK,5,20251106,062000,60.18,60.18,60.12,60.12,200,0
7777.HK,5,20251106,070000,60.12,60.12,60.12,60.12,370,0
7777.HK,5,20251106,070500,60.12,60.12,60.12,60.12,100,0
7777.HK,5,20251106,073000,60.18,60.18,60.18,60.18,10,0
7777.HK,5,20251106,074000,60.20,60.20,60.20,60.20,200,0
7777.HK,5,20251106,080000,60.20,60.20,60.20,60.20,40,0
7777.HK,5,20251106,085000,60.20,60.20,60.20,60.20,100,0
7777.HK,5,20251106,085500,60.46,60.46,60.46,60.46,300,0
7777.HK,5,20251107,023000,61.14,61.14,61.12,61.14,670,0
7777.HK,5,20251107,024500,61.10,61.10,61.10,61.10,40,0
7777.HK,5,20251107,025000,61.10,61.10,61.10,61.10,20,0
7777.HK,5,20251107,025500,61.44,61.44,61.44,61.44,50,0
7777.HK,5,20251107,031000,61.44,61.44,61.44,61.44,150,0
7777.HK,5,20251107,032500,61.20,61.20,61.02,61.02,300,0
7777.HK,5,20251107,035000,61.10,61.10,61.10,61.10,500,0
7777.HK,5,20251107,035500,61.10,61.10,61.10,61.10,100,0
7777.HK,5,20251107,041000,61.10,61.10,61.10,61.10,200,0
7777.HK,5,20251107,063500,61.20,61.20,61.20,61.20,300,0
7777.HK,5,20251107,070000,61.24,61.24,61.24,61.24,20,0
7777.HK,5,20251107,073500,61.24,61.26,61.24,61.26,1080,0
7777.HK,5,20251107,085000,61.30,61.30,61.30,61.30,10,0
7777.HK,5,20251110,023000,62.00,62.24,62.00,62.24,1010,0
7777.HK,5,20251110,024000,62.24,62.26,62.24,62.26,600,0
7777.HK,5,20251110,024500,62.26,62.26,62.26,62.26,500,0
7777.HK,5,20251110,030500,62.02,62.02,62.02,62.02,100,0
7777.HK,5,20251110,031000,62.02,62.02,62.02,62.02,90,0
7777.HK,5,20251110,032500,62.04,62.04,62.00,62.00,70,0
7777.HK,5,20251110,034500,62.10,62.10,62.10,62.10,10,0
7777.HK,5,20251110,041000,62.12,62.12,62.12,62.12,150,0
7777.HK,5,20251110,042500,62.22,62.22,62.22,62.22,130,0
7777.HK,5,20251110,044500,62.14,62.14,62.14,62.14,130,0
7777.HK,5,20251110,062500,62.24,62.24,62.24,62.24,20,0
7777.HK,5,20251110,071500,62.24,62.24,62.24,62.24,70,0
7777.HK,5,20251110,074500,62.24,62.24,62.24,62.24,600,0
7777.HK,5,20251110,080500,62.24,62.24,62.24,62.24,10,0
7777.HK,5,20251110,081000,62.24,62.24,62.24,62.24,10,0
7777.HK,5,20251111,025000,62.24,62.24,62.24,62.24,20,0
7777.HK,5,20251111,032000,62.22,62.22,62.22,62.22,10,0
7777.HK,5,20251111,062500,62.22,62.40,62.22,62.40,840,0
7777.HK,5,20251111,071500,62.40,62.40,62.38,62.38,110,0
7777.HK,5,20251112,023000,62.54,62.54,62.54,62.54,200,0
7777.HK,5,20251112,031500,62.48,62.48,62.48,62.48,360,0
7777.HK,5,20251113,023000,63.32,63.32,63.32,63.32,20,0
7777.HK,5,20251113,025000,63.32,63.32,63.32,63.32,300,0
7777.HK,5,20251113,025500,63.32,63.32,63.32,63.32,200,0
7777.HK,5,20251113,032000,63.36,63.36,63.36,63.36,160,0
7777.HK,5,20251113,033500,63.28,63.28,63.28,63.28,80,0
7777.HK,5,20251113,035500,63.32,63.32,63.32,63.32,50,0
7777.HK,5,20251113,045000,63.26,63.26,63.24,63.24,160,0
7777.HK,5,20251113,045500,63.30,63.30,63.30,63.30,210,0
7777.HK,5,20251113,060000,63.24,63.28,63.24,63.28,310,0
7777.HK,5,20251113,061000,63.30,63.30,63.30,63.30,30,0
7777.HK,5,20251113,061500,63.30,63.30,63.30,63.30,80,0
7777.HK,5,20251113,063500,63.32,63.34,63.32,63.34,20,0
7777.HK,5,20251113,074500,63.34,63.34,63.34,63.34,770,0
7777.HK,5,20251113,081000,63.40,63.56,63.40,63.56,770,0
7777.HK,5,20251113,081500,63.56,63.56,63.56,63.56,100,0
7777.HK,5,20251113,082000,63.56,63.56,63.56,63.56,30,0
7777.HK,5,20251114,023000,64.10,66.00,64.10,66.00,310,0
7777.HK,5,20251114,023500,65.98,65.98,65.98,65.98,300,0
7777.HK,5,20251114,025000,65.86,65.86,65.82,65.82,1080,0
7777.HK,5,20251114,025500,65.80,65.80,65.78,65.80,1070,0
7777.HK,5,20251114,030000,65.80,65.82,65.78,65.78,150,0
7777.HK,5,20251114,030500,65.82,65.88,65.82,65.88,190,0
7777.HK,5,20251114,031000,65.88,65.88,65.88,65.88,20,0
7777.HK,5,20251114,033500,65.96,66.00,65.86,65.86,440,0
7777.HK,5,20251114,034500,66.00,66.00,66.00,66.00,210,0
7777.HK,5,20251114,035000,66.00,66.00,66.00,66.00,70,0
7777.HK,5,20251114,035500,66.00,66.00,66.00,66.00,790,0
7777.HK,5,20251114,040500,66.04,66.06,66.04,66.06,150,0
7777.HK,5,20251114,042000,66.06,66.06,66.06,66.06,30,0
7777.HK,5,20251114,043000,66.06,66.06,66.06,66.06,10,0
7777.HK,5,20251114,061000,66.20,66.24,66.20,66.24,3600,0
7777.HK,5,20251114,061500,66.26,66.26,66.26,66.26,1280,0
7777.HK,5,20251114,064000,66.26,66.26,66.26,66.26,20,0
7777.HK,5,20251114,070500,66.28,66.28,66.28,66.28,500,0
7777.HK,5,20251114,071000,66.26,66.26,66.26,66.26,200,0
7777.HK,5,20251114,072500,66.38,66.44,66.38,66.44,460,0
7777.HK,5,20251114,074500,66.36,66.36,66.36,66.36,550,0
7777.HK,5,20251114,083500,66.42,66.42,66.42,66.42,50,0
7777.HK,5,20251114,084500,66.36,66.42,66.36,66.42,220,0
7777.HK,5,20251114,085000,66.44,66.44,66.44,66.44,10,0
7777.HK,5,20251114,085500,66.50,66.50,66.26,66.26,180,0
7777.HK,5,20251117,030000,64.66,64.66,64.66,64.66,140,0
7777.HK,5,20251117,031000,64.66,64.66,64.66,64.66,60,0
7777.HK,5,20251117,032500,65.10,65.10,65.10,65.10,1300,0
7777.HK,5,20251117,035500,65.04,65.04,65.04,65.04,810,0
7777.HK,5,20251117,040000,65.04,65.04,65.04,65.04,400,0
7777.HK,5,20251117,041000,65.04,65.04,65.04,65.04,290,0
7777.HK,5,20251117,044000,65.04,65.04,65.04,65.04,60,0
7777.HK,5,20251117,062000,64.90,64.90,64.90,64.90,300,0
7777.HK,5,20251117,062500,64.90,64.90,64.90,64.90,330,0
7777.HK,5,20251117,063500,64.90,64.90,64.90,64.90,100,0
7777.HK,5,20251117,071000,64.88,64.88,64.88,64.88,100,0
7777.HK,5,20251117,073500,64.74,64.74,64.74,64.74,30,0
7777.HK,5,20251117,080000,64.88,64.90,64.88,64.90,100,0
7777.HK,5,20251117,081000,64.90,64.90,64.90,64.90,40,0
7777.HK,5,20251117,084500,65.04,65.04,65.04,65.04,10,0
7777.HK,5,20251117,085500,65.04,65.04,65.04,65.04,10,0
7777.HK,5,20251118,023000,63.68,63.68,63.68,63.68,40,0
7777.HK,5,20251118,024500,63.62,63.62,63.62,63.62,10,0
7777.HK,5,20251118,025000,63.62,63.62,63.62,63.62,160,0
7777.HK,5,20251118,031000,63.52,63.60,63.50,63.50,100,0
7777.HK,5,20251118,041500,63.60,63.60,63.60,63.60,80,0
7777.HK,5,20251118,060000,63.50,63.50,63.50,63.50,350,0
7777.HK,5,20251118,062000,63.38,63.38,63.38,63.38,90,0
7777.HK,5,20251118,064500,63.32,63.32,63.32,63.32,440,0
7777.HK,5,20251118,073000,63.34,63.34,63.30,63.30,290,0
7777.HK,5,20251118,081000,63.28,63.28,63.28,63.28,100,0
7777.HK,5,20251118,083000,63.24,63.30,63.24,63.30,1640,0
7777.HK,5,20251118,083500,63.32,63.32,63.26,63.26,1010,0
7777.HK,5,20251119,024000,63.96,63.96,63.92,63.92,1000,0
7777.HK,5,20251119,024500,63.88,63.88,63.88,63.88,580,0
7777.HK,5,20251119,060000,63.86,63.88,63.86,63.88,520,0
7777.HK,5,20251119,072500,63.88,63.88,63.88,63.88,340,0
7777.HK,5,20251119,073000,63.64,63.64,63.64,63.64,330,0
7777.HK,5,20251119,082500,63.98,63.98,63.98,63.98,110,0
7777.HK,5,20251120,031000,63.52,63.52,63.52,63.52,100,0
7777.HK,5,20251120,034500,63.46,63.46,63.46,63.46,400,0
7777.HK,5,20251120,072500,63.14,63.14,63.14,63.14,20,0
7777.HK,5,20251121,023500,63.10,63.10,63.10,63.10,100,0
7777.HK,5,20251121,024500,63.10,63.10,63.10,63.10,1020,0
7777.HK,5,20251121,040000,63.04,63.04,63.04,63.04,10,0
7777.HK,5,20251121,071000,63.04,63.04,63.04,63.04,320,0
7777.HK,5,20251121,082500,63.02,63.02,63.02,63.02,500,0
7777.HK,5,20251121,083000,63.02,63.02,63.02,63.02,500,0
7777.HK,5,20251121,084000,63.02,63.02,63.02,63.02,500,0
7777.HK,5,20251124,023500,63.26,63.26,63.26,63.26,1000,0
7777.HK,5,20251124,031500,63.26,63.26,63.26,63.26,550,0
7777.HK,5,20251124,032000,63.32,63.32,63.32,63.32,20,0
7777.HK,5,20251124,035000,63.44,63.44,63.44,63.44,100,0
7777.HK,5,20251124,040500,63.88,63.88,63.84,63.84,550,0
7777.HK,5,20251124,060000,63.84,63.84,63.84,63.84,10,0
7777.HK,5,20251124,070500,63.58,63.58,63.58,63.58,10,0
7777.HK,5,20251124,073000,63.58,63.58,63.58,63.58,40,0
7777.HK,5,20251124,081000,63.58,63.58,63.58,63.58,110,0
7777.HK,5,20251124,082000,63.60,63.60,63.60,63.60,1650,0
7777.HK,5,20251124,085500,63.74,63.74,63.60,63.60,210,0
7777.HK,5,20251125,023000,63.84,63.84,63.84,63.84,100,0
7777.HK,5,20251125,024500,64.00,64.00,64.00,64.00,470,0
7777.HK,5,20251125,025500,64.00,64.00,64.00,64.00,130,0
7777.HK,5,20251125,030000,64.00,64.00,63.94,64.00,320,0
7777.HK,5,20251125,030500,64.00,64.00,64.00,64.00,780,0
7777.HK,5,20251125,060000,64.00,64.00,64.00,64.00,200,0
7777.HK,5,20251125,070500,64.06,64.06,64.06,64.06,10,0
7777.HK,5,20251125,071500,64.08,64.08,64.08,64.08,50,0
7777.HK,5,20251125,080000,64.08,64.08,64.08,64.08,150,0
7777.HK,5,20251125,080500,64.10,64.10,64.10,64.10,100,0
7777.HK,5,20251125,081500,64.10,64.10,64.10,64.10,100,0
7777.HK,5,20251125,085000,64.44,64.44,64.44,64.44,10,0
7777.HK,5,20251126,023500,64.60,64.60,64.60,64.60,200,0
7777.HK,5,20251126,024500,64.62,64.62,64.62,64.62,180,0
7777.HK,5,20251126,041500,64.60,64.60,64.60,64.60,100,0
7777.HK,5,20251126,064500,64.62,64.62,64.62,64.62,1960,0
7777.HK,5,20251126,070500,64.62,64.62,64.54,64.54,2160,0
7777.HK,5,20251126,071000,64.54,64.54,64.54,64.54,400,0
7777.HK,5,20251126,082000,64.50,64.50,64.48,64.50,840,0
7777.HK,5,20251127,024000,65.00,65.00,65.00,65.00,20,0
7777.HK,5,20251127,043500,65.00,65.02,65.00,65.02,180,0
7777.HK,5,20251128,032500,65.40,65.40,65.40,65.40,360,0
7777.HK,5,20251128,082500,65.40,65.40,65.40,65.40,300,0
7777.HK,5,20251201,023000,65.80,65.98,65.80,65.98,150,0
7777.HK,5,20251201,023500,65.98,65.98,65.98,65.98,130,0
7777.HK,5,20251201,024000,65.98,65.98,65.98,65.98,20,0
7777.HK,5,20251201,031000,66.28,66.28,66.28,66.28,600,0
7777.HK,5,20251201,060000,66.14,66.14,66.14,66.14,10,0
7777.HK,5,20251201,063000,66.00,66.00,66.00,66.00,10,0
7777.HK,5,20251201,074500,65.92,65.92,65.92,65.92,10,0
7777.HK,5,20251201,075000,65.64,65.64,65.64,65.64,10,0
7777.HK,5,20251201,081500,65.64,65.64,65.64,65.64,350,0
7777.HK,5,20251201,085500,65.92,65.92,65.90,65.90,10,0
7777.HK,5,20251202,025500,64.50,64.50,64.50,64.50,300,0
7777.HK,5,20251202,030500,64.50,64.50,64.50,64.50,1810,0
7777.HK,5,20251202,031500,64.42,64.42,64.42,64.42,10,0
7777.HK,5,20251202,060000,64.48,64.50,64.48,64.50,120,0
7777.HK,5,20251202,061500,64.84,64.84,64.84,64.84,100,0
7777.HK,5,20251202,063500,64.62,64.62,64.62,64.62,100,0
7777.HK,5,20251202,072500,64.44,64.44,64.44,64.44,10,0
7777.HK,5,20251202,083000,64.44,64.44,64.44,64.44,160,0
7777.HK,5,20251204,035000,63.78,63.78,63.78,63.78,10,0
7777.HK,5,20251204,080500,63.54,63.54,63.54,63.54,10,0
