<TICKER>,<PER>,<DATE>,<TIME>,<OPEN>,<HIGH>,<LOW>,<CLOSE>,<VOL>,<OPENINT>
952.HK,5,20250709,033000,0.17,0.17,0.17,0.17,20000,0
952.HK,5,20250709,052000,0.174,0.174,0.174,0.174,20000,0
952.HK,5,20250709,070000,0.177,0.177,0.177,0.177,20000,0
952.HK,5,20250709,071000,0.171,0.171,0.171,0.171,110000,0
952.HK,5,20250709,080500,0.172,0.172,0.172,0.172,120000,0
952.HK,5,20250709,081000,0.172,0.172,0.172,0.172,30000,0
952.HK,5,20250709,081500,0.171,0.195,0.171,0.179,640000,0
952.HK,5,20250709,082000,0.178,0.178,0.178,0.178,30000,0
952.HK,5,20250709,090000,0.176,0.176,0.176,0.176,40000,0
952.HK,5,20250709,090500,0.179,0.179,0.179,0.179,20000,0
952.HK,5,20250709,091000,0.179,0.179,0.179,0.179,20000,0
952.HK,5,20250709,093000,0.174,0.174,0.17,0.17,140000,0
952.HK,5,20250709,093500,0.168,0.168,0.168,0.168,20000,0
952.HK,5,20250709,094000,0.171,0.171,0.171,0.171,10000,0
952.HK,5,20250709,094500,0.172,0.172,0.172,0.172,20000,0
952.HK,5,20250709,095000,0.172,0.173,0.172,0.173,60000,0
952.HK,5,20250709,095500,0.17,0.17,0.17,0.17,10000,0
952.HK,5,20250710,033000,0.174,0.174,0.172,0.172,50000,0
952.HK,5,20250710,033500,0.171,0.171,0.171,0.171,70000,0
952.HK,5,20250710,034000,0.175,0.175,0.175,0.175,70000,0
952.HK,5,20250710,034500,0.17,0.17,0.17,0.17,20000,0
952.HK,5,20250710,040000,0.17,0.17,0.17,0.17,30000,0
952.HK,5,20250710,041500,0.17,0.17,0.17,0.17,50000,0
952.HK,5,20250710,042000,0.169,0.169,0.169,0.169,80000,0
952.HK,5,20250710,042500,0.168,0.168,0.168,0.168,30000,0
952.HK,5,20250710,043000,0.167,0.167,0.165,0.165,370000,0
952.HK,5,20250710,044000,0.165,0.165,0.165,0.165,320000,0
952.HK,5,20250710,045000,0.168,0.168,0.168,0.168,30000,0
952.HK,5,20250710,045500,0.17,0.172,0.17,0.172,60000,0
952.HK,5,20250710,051500,0.17,0.17,0.166,0.17,190000,0
952.HK,5,20250710,052000,0.166,0.166,0.166,0.166,200000,0
952.HK,5,20250710,054000,0.168,0.168,0.168,0.168,30000,0
952.HK,5,20250710,070500,0.168,0.168,0.168,0.168,20000,0
952.HK,5,20250710,071000,0.169,0.169,0.169,0.169,80000,0
952.HK,5,20250710,071500,0.169,0.17,0.169,0.17,90000,0
952.HK,5,20250710,072500,0.17,0.17,0.166,0.166,450000,0
952.HK,5,20250710,081000,0.168,0.168,0.168,0.168,70000,0
952.HK,5,20250710,084500,0.166,0.166,0.165,0.165,260000,0
952.HK,5,20250710,090500,0.165,0.165,0.165,0.165,250000,0
952.HK,5,20250710,092500,0.167,0.168,0.165,0.165,2230000,0
952.HK,5,20250710,095000,0.164,0.164,0.164,0.164,40000,0
952.HK,5,20250710,095500,0.163,0.164,0.163,0.164,40000,0
952.HK,5,20250711,034000,0.162,0.162,0.162,0.162,10000,0
952.HK,5,20250711,041500,0.166,0.168,0.166,0.168,160000,0
952.HK,5,20250711,042000,0.168,0.168,0.166,0.166,2030000,0
952.HK,5,20250711,042500,0.166,0.166,0.166,0.166,10000,0
952.HK,5,20250711,043000,0.173,0.173,0.173,0.173,30000,0
952.HK,5,20250711,043500,0.172,0.19,0.172,0.19,710000,0
952.HK,5,20250711,044000,0.177,0.177,0.176,0.176,500000,0
952.HK,5,20250711,044500,0.183,0.185,0.176,0.18,620000,0
952.HK,5,20250711,045000,0.179,0.179,0.179,0.179,10000,0
952.HK,5,20250711,045500,0.172,0.179,0.172,0.179,60000,0
952.HK,5,20250711,052000,0.172,0.172,0.172,0.172,60000,0
952.HK,5,20250711,052500,0.176,0.176,0.176,0.176,120000,0
952.HK,5,20250711,053000,0.175,0.176,0.175,0.176,90000,0
952.HK,5,20250711,053500,0.176,0.176,0.176,0.176,100000,0
952.HK,5,20250711,055500,0.18,0.189,0.174,0.185,300000,0
952.HK,5,20250711,070000,0.184,0.185,0.18,0.18,600000,0
952.HK,5,20250711,072000,0.18,0.18,0.18,0.18,20000,0
952.HK,5,20250711,072500,0.181,0.181,0.18,0.18,120000,0
952.HK,5,20250711,073500,0.18,0.182,0.177,0.182,250000,0
952.HK,5,20250711,074000,0.181,0.181,0.181,0.181,90000,0
952.HK,5,20250711,074500,0.177,0.177,0.177,0.177,10000,0
952.HK,5,20250711,081500,0.177,0.177,0.177,0.177,10000,0
952.HK,5,20250711,083500,0.181,0.185,0.178,0.178,180000,0
952.HK,5,20250711,084000,0.178,0.178,0.178,0.178,70000,0
952.HK,5,20250711,090000,0.176,0.176,0.175,0.175,90000,0
952.HK,5,20250711,091500,0.179,0.179,0.179,0.179,10000,0
952.HK,5,20250711,092000,0.174,0.175,0.173,0.173,200000,0
952.HK,5,20250711,092500,0.173,0.173,0.173,0.173,10000,0
952.HK,5,20250711,093000,0.175,0.175,0.172,0.173,80000,0
952.HK,5,20250711,093500,0.172,0.172,0.172,0.172,90000,0
952.HK,5,20250711,094500,0.175,0.175,0.175,0.175,30000,0
952.HK,5,20250711,095000,0.172,0.172,0.172,0.172,50000,0
952.HK,5,20250711,095500,0.178,0.178,0.178,0.178,30000,0
952.HK,5,20250714,033000,0.187,0.187,0.18,0.18,440000,0
952.HK,5,20250714,034000,0.179,0.182,0.179,0.182,340000,0
952.HK,5,20250714,035000,0.182,0.182,0.182,0.182,50000,0
952.HK,5,20250714,035500,0.18,0.18,0.18,0.18,10000,0
952.HK,5,20250714,041500,0.176,0.176,0.175,0.175,160000,0
952.HK,5,20250714,042000,0.174,0.174,0.174,0.174,10000,0
952.HK,5,20250714,045500,0.177,0.182,0.177,0.182,280000,0
952.HK,5,20250714,052500,0.18,0.182,0.18,0.182,340000,0
952.HK,5,20250714,053500,0.176,0.176,0.176,0.176,50000,0
952.HK,5,20250714,071500,0.176,0.176,0.176,0.176,500000,0
952.HK,5,20250714,072000,0.174,0.174,0.174,0.174,10000,0
952.HK,5,20250714,073500,0.178,0.181,0.178,0.181,210000,0
952.HK,5,20250714,081000,0.177,0.177,0.177,0.177,40000,0
952.HK,5,20250714,081500,0.177,0.177,0.177,0.177,100000,0
952.HK,5,20250714,090000,0.177,0.177,0.177,0.177,100000,0
952.HK,5,20250714,092500,0.175,0.175,0.175,0.175,150000,0
952.HK,5,20250714,094000,0.179,0.181,0.179,0.181,100000,0
952.HK,5,20250714,095000,0.18,0.183,0.18,0.183,410000,0
952.HK,5,20250715,033000,0.176,0.176,0.175,0.176,70000,0
952.HK,5,20250715,033500,0.175,0.175,0.173,0.173,460000,0
952.HK,5,20250715,034000,0.176,0.185,0.176,0.178,630000,0
952.HK,5,20250715,034500,0.183,0.183,0.183,0.183,120000,0
952.HK,5,20250715,040000,0.178,0.178,0.176,0.176,40000,0
952.HK,5,20250715,040500,0.18,0.18,0.18,0.18,500000,0
952.HK,5,20250715,041500,0.18,0.18,0.176,0.176,130000,0
952.HK,5,20250715,042500,0.176,0.176,0.176,0.176,30000,0
952.HK,5,20250715,044500,0.176,0.176,0.176,0.176,30000,0
952.HK,5,20250715,051000,0.175,0.175,0.174,0.174,200000,0
952.HK,5,20250715,053000,0.174,0.174,0.173,0.173,620000,0
952.HK,5,20250715,070000,0.172,0.172,0.172,0.172,40000,0
952.HK,5,20250715,070500,0.175,0.18,0.175,0.175,590000,0
952.HK,5,20250715,071000,0.179,0.179,0.175,0.175,460000,0
952.HK,5,20250715,075000,0.175,0.175,0.175,0.175,60000,0
952.HK,5,20250715,090500,0.175,0.175,0.175,0.175,170000,0
952.HK,5,20250715,091000,0.175,0.175,0.175,0.175,20000,0
952.HK,5,20250715,094000,0.175,0.175,0.175,0.175,210000,0
952.HK,5,20250715,094500,0.174,0.174,0.174,0.174,100000,0
952.HK,5,20250715,095000,0.175,0.175,0.175,0.175,20000,0
952.HK,5,20250715,095500,0.172,0.172,0.17,0.171,330000,0
952.HK,5,20250716,033000,0.17,0.17,0.17,0.17,10000,0
952.HK,5,20250716,035000,0.163,0.171,0.163,0.171,460000,0
952.HK,5,20250716,044500,0.169,0.171,0.169,0.171,60000,0
952.HK,5,20250716,073500,0.17,0.174,0.169,0.169,230000,0
952.HK,5,20250716,074500,0.168,0.168,0.168,0.168,30000,0
952.HK,5,20250717,033000,0.168,0.168,0.168,0.168,10000,0
952.HK,5,20250717,033500,0.167,0.167,0.166,0.166,1110000,0
952.HK,5,20250717,041500,0.17,0.17,0.17,0.17,140000,0
952.HK,5,20250717,043000,0.17,0.17,0.17,0.17,180000,0
952.HK,5,20250717,043500,0.17,0.17,0.17,0.17,100000,0
952.HK,5,20250717,072000,0.17,0.17,0.169,0.169,20000,0
952.HK,5,20250717,094500,0.169,0.169,0.169,0.169,10000,0
952.HK,5,20250717,095500,0.169,0.17,0.167,0.167,240000,0
952.HK,5,20250718,040000,0.167,0.167,0.167,0.167,10000,0
952.HK,5,20250718,041000,0.167,0.167,0.167,0.167,40000,0
952.HK,5,20250718,042500,0.166,0.166,0.166,0.166,100000,0
952.HK,5,20250718,055500,0.168,0.168,0.167,0.167,270000,0
952.HK,5,20250718,074000,0.17,0.17,0.17,0.17,10000,0
952.HK,5,20250718,074500,0.167,0.167,0.167,0.167,50000,0
952.HK,5,20250718,092000,0.167,0.167,0.167,0.167,40000,0
952.HK,5,20250718,092500,0.167,0.167,0.167,0.167,140000,0
952.HK,5,20250718,095000,0.167,0.167,0.167,0.167,130000,0
952.HK,5,20250721,033500,0.174,0.174,0.165,0.165,20000,0
952.HK,5,20250721,034000,0.164,0.164,0.164,0.164,120000,0
952.HK,5,20250721,034500,0.164,0.164,0.164,0.164,110000,0
952.HK,5,20250721,040500,0.165,0.165,0.164,0.164,100000,0
952.HK,5,20250721,043500,0.167,0.167,0.164,0.164,110000,0
952.HK,5,20250721,045000,0.163,0.163,0.163,0.163,300000,0
952.HK,5,20250721,055000,0.164,0.164,0.164,0.164,50000,0
952.HK,5,20250721,055500,0.166,0.166,0.166,0.166,40000,0
952.HK,5,20250721,075500,0.167,0.167,0.167,0.167,10000,0
952.HK,5,20250721,094500,0.167,0.167,0.167,0.167,30000,0
952.HK,5,20250721,095500,0.167,0.167,0.167,0.167,10000,0
952.HK,5,20250722,033000,0.163,0.163,0.163,0.163,510000,0
952.HK,5,20250722,052500,0.167,0.167,0.167,0.167,30000,0
952.HK,5,20250722,074000,0.169,0.17,0.169,0.17,30000,0
952.HK,5,20250722,074500,0.17,0.17,0.17,0.17,40000,0
952.HK,5,20250722,080000,0.17,0.17,0.17,0.17,60000,0
952.HK,5,20250722,080500,0.17,0.17,0.17,0.17,20000,0
952.HK,5,20250722,083000,0.172,0.172,0.172,0.172,10000,0
952.HK,5,20250722,092500,0.171,0.171,0.171,0.171,30000,0
952.HK,5,20250722,093000,0.17,0.17,0.17,0.17,20000,0
952.HK,5,20250722,095000,0.17,0.17,0.17,0.17,10000,0
952.HK,5,20250723,033000,0.165,0.176,0.165,0.17,150000,0
952.HK,5,20250723,033500,0.167,0.167,0.166,0.166,160000,0
952.HK,5,20250723,034000,0.166,0.166,0.165,0.165,660000,0
952.HK,5,20250723,035000,0.169,0.169,0.169,0.169,30000,0
952.HK,5,20250723,042000,0.169,0.169,0.169,0.169,20000,0
952.HK,5,20250723,043500,0.169,0.169,0.169,0.169,90000,0
952.HK,5,20250723,050500,0.169,0.169,0.169,0.169,20000,0
952.HK,5,20250723,071000,0.169,0.169,0.169,0.169,30000,0
952.HK,5,20250723,075500,0.169,0.169,0.169,0.169,30000,0
952.HK,5,20250723,090000,0.17,0.17,0.17,0.17,20000,0
952.HK,5,20250723,095500,0.169,0.169,0.169,0.169,30000,0
952.HK,5,20250724,033500,0.166,0.166,0.166,0.166,210000,0
952.HK,5,20250724,035500,0.166,0.166,0.166,0.166,30000,0
952.HK,5,20250724,045000,0.166,0.166,0.166,0.166,70000,0
952.HK,5,20250724,085500,0.169,0.169,0.168,0.168,20000,0
952.HK,5,20250725,033000,0.168,0.168,0.167,0.167,750000,0
952.HK,5,20250725,045000,0.168,0.169,0.168,0.169,90000,0
952.HK,5,20250725,080000,0.169,0.169,0.169,0.169,10000,0
952.HK,5,20250725,081500,0.169,0.169,0.169,0.169,220000,0
952.HK,5,20250725,083500,0.169,0.169,0.169,0.169,290000,0
952.HK,5,20250725,085500,0.167,0.167,0.166,0.166,1020000,0
952.HK,5,20250725,094500,0.168,0.168,0.168,0.168,40000,0
952.HK,5,20250725,095000,0.169,0.169,0.169,0.169,200000,0
952.HK,5,20250725,095500,0.169,0.169,0.169,0.169,100000,0
952.HK,5,20250728,035500,0.171,0.171,0.171,0.171,230000,0
952.HK,5,20250728,041500,0.172,0.172,0.171,0.171,800000,0
952.HK,5,20250728,070000,0.171,0.171,0.171,0.171,20000,0
952.HK,5,20250728,075000,0.171,0.171,0.171,0.171,60000,0
952.HK,5,20250728,084000,0.171,0.171,0.171,0.171,10000,0
952.HK,5,20250728,085000,0.17,0.17,0.17,0.17,50000,0
952.HK,5,20250728,085500,0.172,0.172,0.172,0.172,20000,0
952.HK,5,20250728,091500,0.172,0.172,0.172,0.172,110000,0
952.HK,5,20250729,095500,0.172,0.172,0.172,0.172,10000,0
952.HK,5,20250730,033000,0.17,0.17,0.17,0.17,90000,0
952.HK,5,20250730,033500,0.171,0.171,0.171,0.171,390000,0
952.HK,5,20250730,035500,0.171,0.171,0.169,0.169,220000,0
952.HK,5,20250730,040500,0.169,0.169,0.169,0.169,300000,0
952.HK,5,20250730,043500,0.169,0.169,0.169,0.169,100000,0
952.HK,5,20250730,070000,0.171,0.171,0.171,0.171,50000,0
952.HK,5,20250730,073500,0.171,0.171,0.171,0.171,10000,0
952.HK,5,20250731,034500,0.169,0.17,0.169,0.17,110000,0
952.HK,5,20250731,035500,0.17,0.17,0.17,0.17,70000,0
952.HK,5,20250731,041000,0.17,0.17,0.17,0.17,300000,0
952.HK,5,20250731,043500,0.17,0.17,0.17,0.17,20000,0
952.HK,5,20250731,075500,0.17,0.17,0.17,0.17,60000,0
952.HK,5,20250731,081500,0.17,0.17,0.17,0.17,90000,0
952.HK,5,20250801,033000,0.17,0.17,0.166,0.17,1090000,0
952.HK,5,20250801,035000,0.167,0.167,0.167,0.167,250000,0
952.HK,5,20250801,042000,0.17,0.17,0.17,0.17,30000,0
952.HK,5,20250801,070000,0.17,0.17,0.17,0.17,60000,0
952.HK,5,20250801,072500,0.167,0.167,0.167,0.167,140000,0
952.HK,5,20250801,080500,0.167,0.167,0.167,0.167,150000,0
952.HK,5,20250801,092500,0.167,0.167,0.167,0.167,70000,0
952.HK,5,20250801,093000,0.167,0.167,0.166,0.166,300000,0
952.HK,5,20250801,093500,0.166,0.169,0.166,0.169,600000,0
952.HK,5,20250801,095500,0.166,0.166,0.166,0.166,390000,0
952.HK,5,20250804,033500,0.165,0.165,0.164,0.164,190000,0
952.HK,5,20250804,034000,0.164,0.164,0.164,0.164,50000,0
952.HK,5,20250804,035000,0.163,0.163,0.163,0.163,200000,0
952.HK,5,20250804,035500,0.165,0.165,0.165,0.165,130000,0
952.HK,5,20250804,044000,0.163,0.163,0.163,0.163,50000,0
952.HK,5,20250804,053000,0.165,0.165,0.165,0.165,230000,0
952.HK,5,20250804,085000,0.165,0.165,0.165,0.165,110000,0
952.HK,5,20250804,095500,0.163,0.163,0.163,0.163,30000,0
952.HK,5,20250805,034500,0.165,0.165,0.165,0.165,170000,0
952.HK,5,20250805,040000,0.165,0.167,0.165,0.167,260000,0
952.HK,5,20250805,043000,0.167,0.167,0.167,0.167,180000,0
952.HK,5,20250805,043500,0.167,0.167,0.167,0.167,70000,0
952.HK,5,20250805,044000,0.17,0.17,0.17,0.17,30000,0
952.HK,5,20250805,050500,0.17,0.17,0.17,0.17,120000,0
952.HK,5,20250805,051500,0.17,0.17,0.17,0.17,60000,0
952.HK,5,20250805,054000,0.17,0.17,0.17,0.17,120000,0
952.HK,5,20250805,054500,0.17,0.17,0.17,0.17,10000,0
952.HK,5,20250805,055500,0.167,0.167,0.167,0.167,20000,0
952.HK,5,20250805,093500,0.169,0.169,0.169,0.169,20000,0
952.HK,5,20250805,095500,0.166,0.166,0.166,0.166,20000,0
952.HK,5,20250806,041500,0.164,0.164,0.164,0.164,10000,0
952.HK,5,20250806,042000,0.164,0.165,0.164,0.165,140000,0
952.HK,5,20250806,042500,0.165,0.165,0.165,0.165,200000,0
952.HK,5,20250806,043500,0.165,0.165,0.165,0.165,20000,0
952.HK,5,20250806,051000,0.165,0.165,0.165,0.165,100000,0
952.HK,5,20250806,092500,0.165,0.165,0.165,0.165,200000,0
952.HK,5,20250807,042500,0.163,0.163,0.163,0.163,10000,0
952.HK,5,20250807,055000,0.163,0.163,0.163,0.163,110000,0
952.HK,5,20250807,081500,0.163,0.163,0.163,0.163,20000,0
952.HK,5,20250807,094500,0.165,0.165,0.165,0.165,50000,0
952.HK,5,20250807,095000,0.165,0.165,0.165,0.165,100000,0
952.HK,5,20250807,095500,0.165,0.165,0.165,0.165,60000,0
952.HK,5,20250808,095500,0.165,0.165,0.165,0.165,20000,0
952.HK,5,20250815,033000,0.151,0.151,0.151,0.151,50000,0
952.HK,5,20250815,033500,0.156,0.156,0.156,0.156,50000,0
952.HK,5,20250815,040500,0.157,0.16,0.157,0.158,80000,0
952.HK,5,20250818,075500,0.158,0.16,0.158,0.16,60000,0
952.HK,5,20250819,034000,0.154,0.154,0.154,0.154,30000,0
952.HK,5,20250819,035000,0.154,0.154,0.154,0.154,160000,0
952.HK,5,20250819,073500,0.154,0.154,0.154,0.154,50000,0
952.HK,5,20250819,074000,0.154,0.154,0.154,0.154,10000,0
952.HK,5,20250819,095000,0.157,0.157,0.157,0.157,20000,0
952.HK,5,20250819,095500,0.154,0.154,0.153,0.154,30000,0
952.HK,5,20250820,034500,0.154,0.154,0.154,0.154,10000,0
952.HK,5,20250820,035000,0.157,0.158,0.157,0.158,60000,0
952.HK,5,20250820,040000,0.157,0.157,0.157,0.157,30000,0
952.HK,5,20250821,033000,0.154,0.154,0.154,0.154,20000,0
952.HK,5,20250821,045000,0.154,0.154,0.153,0.153,240000,0
952.HK,5,20250821,090500,0.155,0.155,0.155,0.155,20000,0
952.HK,5,20250822,052000,0.153,0.153,0.153,0.153,30000,0
952.HK,5,20250825,033000,0.151,0.16,0.151,0.16,80000,0
952.HK,5,20250825,043500,0.158,0.158,0.157,0.157,10000,0
952.HK,5,20250826,092000,0.151,0.152,0.151,0.152,20000,0
952.HK,5,20250827,033000,0.152,0.152,0.152,0.152,20000,0
952.HK,5,20250827,043000,0.151,0.151,0.151,0.151,500000,0
952.HK,5,20250827,095500,0.151,0.151,0.151,0.151,100000,0
952.HK,5,20250828,033000,0.152,0.152,0.151,0.151,10000,0
952.HK,5,20250828,033500,0.151,0.151,0.151,0.151,190000,0
952.HK,5,20250828,034500,0.152,0.152,0.152,0.152,10000,0
952.HK,5,20250828,035500,0.154,0.158,0.152,0.152,490000,0
952.HK,5,20250828,040500,0.152,0.152,0.152,0.152,10000,0
952.HK,5,20250828,045000,0.151,0.157,0.151,0.157,280000,0
952.HK,5,20250828,054500,0.154,0.154,0.151,0.151,300000,0
952.HK,5,20250828,055000,0.151,0.151,0.151,0.151,30000,0
952.HK,5,20250828,092500,0.153,0.158,0.153,0.158,260000,0
952.HK,5,20250828,093000,0.16,0.16,0.16,0.16,150000,0
952.HK,5,20250828,094000,0.162,0.163,0.162,0.163,680000,0
952.HK,5,20250828,094500,0.163,0.163,0.161,0.161,30000,0
952.HK,5,20250828,095000,0.161,0.161,0.161,0.161,50000,0
952.HK,5,20250901,033500,0.152,0.153,0.152,0.152,70000,0
952.HK,5,20250901,041000,0.151,0.151,0.151,0.151,10000,0
952.HK,5,20250901,044000,0.152,0.152,0.152,0.152,10000,0
952.HK,5,20250901,045000,0.155,0.155,0.153,0.153,150000,0
952.HK,5,20250901,051000,0.153,0.153,0.153,0.153,10000,0
952.HK,5,20250901,052500,0.153,0.153,0.153,0.153,40000,0
952.HK,5,20250901,053500,0.152,0.152,0.152,0.152,220000,0
952.HK,5,20250901,083000,0.151,0.151,0.151,0.151,30000,0
952.HK,5,20250901,084000,0.151,0.151,0.151,0.151,190000,0
952.HK,5,20250901,093500,0.153,0.154,0.153,0.154,110000,0
952.HK,5,20250901,094500,0.154,0.154,0.154,0.154,90000,0
952.HK,5,20250902,033500,0.151,0.151,0.151,0.151,10000,0
952.HK,5,20250902,034000,0.151,0.151,0.151,0.151,180000,0
952.HK,5,20250902,035000,0.154,0.154,0.154,0.154,30000,0
952.HK,5,20250902,070000,0.152,0.152,0.151,0.151,200000,0
952.HK,5,20250902,083500,0.151,0.151,0.151,0.151,10000,0
952.HK,5,20250902,094500,0.151,0.151,0.151,0.151,30000,0
952.HK,5,20250902,095500,0.154,0.154,0.154,0.154,10000,0
952.HK,5,20250903,033000,0.15,0.151,0.15,0.151,220000,0
952.HK,5,20250903,053500,0.15,0.15,0.15,0.15,20000,0
952.HK,5,20250903,070000,0.15,0.15,0.15,0.15,520000,0
952.HK,5,20250903,090500,0.15,0.15,0.15,0.15,10000,0
952.HK,5,20250904,033000,0.15,0.15,0.15,0.15,20000,0
952.HK,5,20250904,034000,0.154,0.154,0.154,0.154,20000,0
952.HK,5,20250904,070000,0.151,0.151,0.151,0.151,30000,0
952.HK,5,20250904,071500,0.15,0.15,0.15,0.15,200000,0
952.HK,5,20250904,085500,0.153,0.154,0.153,0.154,50000,0
952.HK,5,20250904,090000,0.154,0.16,0.154,0.16,630000,0
952.HK,5,20250905,033500,0.153,0.153,0.153,0.153,20000,0
952.HK,5,20250905,042500,0.153,0.153,0.152,0.152,400000,0
952.HK,5,20250905,051500,0.152,0.152,0.152,0.152,50000,0
952.HK,5,20250905,054500,0.153,0.153,0.153,0.153,20000,0
952.HK,5,20250905,073000,0.152,0.152,0.152,0.152,10000,0
952.HK,5,20250905,080000,0.152,0.152,0.152,0.152,50000,0
952.HK,5,20250905,095500,0.152,0.152,0.151,0.152,120000,0
952.HK,5,20250908,033000,0.151,0.151,0.151,0.151,210000,0
952.HK,5,20250908,033500,0.152,0.152,0.152,0.152,110000,0
952.HK,5,20250908,052000,0.152,0.152,0.152,0.152,10000,0
952.HK,5,20250908,052500,0.151,0.151,0.151,0.151,80000,0
952.HK,5,20250909,043000,0.149,0.15,0.149,0.15,20000,0
952.HK,5,20250909,044000,0.15,0.15,0.15,0.15,150000,0
952.HK,5,20250909,044500,0.15,0.15,0.15,0.15,200000,0
952.HK,5,20250909,052500,0.153,0.153,0.153,0.153,20000,0
952.HK,5,20250909,070000,0.15,0.15,0.15,0.15,350000,0
952.HK,5,20250909,082000,0.15,0.15,0.15,0.15,300000,0
952.HK,5,20250909,092000,0.153,0.153,0.153,0.153,20000,0
952.HK,5,20250910,095500,0.153,0.153,0.153,0.153,10000,0
952.HK,5,20250912,035000,0.15,0.15,0.15,0.15,50000,0
952.HK,5,20250912,035500,0.15,0.15,0.15,0.15,10000,0
952.HK,5,20250912,040500,0.15,0.15,0.15,0.15,200000,0
952.HK,5,20250912,094000,0.15,0.15,0.15,0.15,100000,0
952.HK,5,20250912,095500,0.153,0.153,0.153,0.153,10000,0
952.HK,5,20250915,072500,0.153,0.153,0.153,0.153,10000,0
952.HK,5,20250916,033000,0.154,0.162,0.154,0.162,810000,0
952.HK,5,20250916,033500,0.161,0.161,0.158,0.158,270000,0
952.HK,5,20250916,034000,0.16,0.16,0.16,0.16,70000,0
952.HK,5,20250916,034500,0.159,0.159,0.159,0.159,350000,0
952.HK,5,20250916,035500,0.16,0.16,0.16,0.16,300000,0
952.HK,5,20250916,042500,0.161,0.161,0.161,0.161,300000,0
952.HK,5,20250916,053000,0.16,0.16,0.157,0.157,310000,0
952.HK,5,20250916,054000,0.158,0.158,0.157,0.157,320000,0
952.HK,5,20250916,054500,0.158,0.158,0.157,0.157,150000,0
952.HK,5,20250916,074000,0.157,0.157,0.157,0.157,320000,0
952.HK,5,20250916,092500,0.16,0.165,0.16,0.165,270000,0
952.HK,5,20250916,093500,0.162,0.162,0.161,0.161,260000,0
952.HK,5,20250917,034000,0.158,0.158,0.158,0.158,200000,0
952.HK,5,20250917,041000,0.158,0.158,0.158,0.158,10000,0
952.HK,5,20250917,042000,0.158,0.158,0.158,0.158,10000,0
952.HK,5,20250917,095000,0.159,0.159,0.159,0.159,60000,0
952.HK,5,20250918,033000,0.156,0.156,0.155,0.155,430000,0
952.HK,5,20250918,035000,0.155,0.155,0.155,0.155,320000,0
952.HK,5,20250918,035500,0.155,0.155,0.155,0.155,300000,0
952.HK,5,20250918,040500,0.155,0.155,0.155,0.155,200000,0
952.HK,5,20250918,043000,0.155,0.155,0.155,0.155,300000,0
952.HK,5,20250918,081000,0.155,0.155,0.153,0.153,200000,0
952.HK,5,20250918,081500,0.153,0.153,0.153,0.153,300000,0
952.HK,5,20250918,082000,0.153,0.153,0.153,0.153,300000,0
952.HK,5,20250918,082500,0.153,0.153,0.153,0.153,90000,0
952.HK,5,20250918,083000,0.153,0.153,0.153,0.153,130000,0
952.HK,5,20250918,083500,0.153,0.153,0.151,0.151,380000,0
952.HK,5,20250918,084000,0.151,0.151,0.151,0.151,150000,0
952.HK,5,20250918,095500,0.15,0.151,0.15,0.151,240000,0
952.HK,5,20250919,033500,0.15,0.15,0.15,0.15,210000,0
952.HK,5,20250919,070000,0.151,0.151,0.151,0.151,10000,0
952.HK,5,20250919,073000,0.15,0.15,0.15,0.15,10000,0
952.HK,5,20250919,073500,0.15,0.15,0.15,0.15,300000,0
952.HK,5,20250919,094000,0.15,0.15,0.15,0.15,200000,0
952.HK,5,20250922,034000,0.15,0.151,0.15,0.15,210000,0
952.HK,5,20250922,040500,0.15,0.15,0.15,0.15,150000,0
952.HK,5,20250922,044500,0.15,0.15,0.15,0.15,150000,0
952.HK,5,20250922,045000,0.15,0.15,0.15,0.15,150000,0
952.HK,5,20250922,055500,0.153,0.153,0.153,0.153,30000,0
952.HK,5,20250922,070000,0.153,0.153,0.153,0.153,120000,0
952.HK,5,20250922,075000,0.153,0.153,0.153,0.153,600000,0
952.HK,5,20250922,080000,0.153,0.153,0.153,0.153,10000,0
952.HK,5,20250922,091000,0.153,0.153,0.153,0.153,10000,0
952.HK,5,20250922,095000,0.15,0.15,0.15,0.15,1000000,0
952.HK,5,20250923,095500,0.153,0.153,0.153,0.153,50000,0
952.HK,5,20250924,033000,0.151,0.151,0.151,0.151,20000,0
952.HK,5,20250924,033500,0.151,0.151,0.151,0.151,20000,0
952.HK,5,20250924,085500,0.151,0.153,0.151,0.153,160000,0
952.HK,5,20250924,091500,0.15,0.151,0.15,0.151,200000,0
952.HK,5,20250925,040500,0.151,0.151,0.151,0.151,20000,0
952.HK,5,20250925,041500,0.152,0.153,0.152,0.153,300000,0
952.HK,5,20250925,042500,0.151,0.152,0.151,0.152,40000,0
952.HK,5,20250925,054000,0.152,0.152,0.152,0.152,20000,0
952.HK,5,20250925,095500,0.151,0.151,0.151,0.151,60000,0
952.HK,5,20250926,033000,0.15,0.15,0.15,0.15,180000,0
952.HK,5,20250926,040500,0.15,0.15,0.15,0.15,40000,0
952.HK,5,20250926,042500,0.15,0.15,0.15,0.15,10000,0
952.HK,5,20250926,095000,0.15,0.15,0.15,0.15,40000,0
952.HK,5,20250926,095500,0.151,0.151,0.151,0.151,250000,0
952.HK,5,20250929,033000,0.153,0.155,0.153,0.155,50000,0
952.HK,5,20250929,033500,0.155,0.155,0.152,0.152,140000,0
952.HK,5,20250929,034000,0.157,0.157,0.157,0.157,100000,0
952.HK,5,20250929,035000,0.153,0.153,0.153,0.153,40000,0
952.HK,5,20250929,040500,0.152,0.154,0.152,0.152,2780000,0
952.HK,5,20250929,045500,0.154,0.154,0.153,0.153,610000,0
952.HK,5,20250929,073500,0.154,0.154,0.154,0.154,60000,0
952.HK,5,20250929,090000,0.156,0.156,0.156,0.156,130000,0
952.HK,5,20250929,094000,0.157,0.158,0.157,0.158,90000,0
952.HK,5,20250929,094500,0.158,0.158,0.158,0.158,40000,0
952.HK,5,20250929,095000,0.157,0.157,0.157,0.157,110000,0
952.HK,5,20250930,033500,0.155,0.155,0.155,0.155,300000,0
952.HK,5,20250930,034000,0.155,0.157,0.155,0.157,440000,0
952.HK,5,20250930,034500,0.157,0.157,0.157,0.157,60000,0
952.HK,5,20250930,035000,0.153,0.155,0.153,0.155,110000,0
952.HK,5,20250930,035500,0.155,0.155,0.155,0.155,10000,0
952.HK,5,20250930,040000,0.155,0.155,0.155,0.155,50000,0
952.HK,5,20250930,050500,0.155,0.155,0.155,0.155,30000,0
952.HK,5,20250930,052000,0.152,0.152,0.152,0.152,600000,0
952.HK,5,20250930,072500,0.152,0.153,0.152,0.153,40000,0
952.HK,5,20250930,073500,0.152,0.152,0.152,0.152,40000,0
952.HK,5,20250930,081000,0.152,0.152,0.152,0.152,10000,0
952.HK,5,20250930,083000,0.152,0.152,0.152,0.152,10000,0
952.HK,5,20250930,083500,0.153,0.153,0.152,0.153,240000,0
952.HK,5,20250930,091500,0.154,0.156,0.154,0.156,430000,0
952.HK,5,20250930,095000,0.156,0.156,0.156,0.156,10000,0
952.HK,5,20250930,095500,0.156,0.158,0.155,0.158,590000,0
952.HK,5,20251002,035000,0.158,0.158,0.158,0.158,30000,0
952.HK,5,20251002,040000,0.158,0.158,0.158,0.158,200000,0
952.HK,5,20251002,040500,0.159,0.16,0.159,0.16,390000,0
952.HK,5,20251002,041000,0.16,0.16,0.16,0.16,150000,0
952.HK,5,20251002,041500,0.16,0.16,0.16,0.16,200000,0
952.HK,5,20251002,042000,0.16,0.161,0.16,0.16,1050000,0
952.HK,5,20251002,042500,0.161,0.161,0.161,0.161,110000,0
952.HK,5,20251002,043000,0.161,0.162,0.161,0.162,560000,0
952.HK,5,20251002,043500,0.162,0.162,0.161,0.161,200000,0
952.HK,5,20251002,044000,0.161,0.161,0.159,0.159,560000,0
952.HK,5,20251002,044500,0.159,0.159,0.159,0.159,20000,0
952.HK,5,20251002,045500,0.16,0.16,0.16,0.16,10000,0
952.HK,5,20251002,052000,0.16,0.16,0.16,0.16,60000,0
952.HK,5,20251002,053000,0.159,0.159,0.159,0.159,20000,0
952.HK,5,20251002,055500,0.158,0.158,0.157,0.157,120000,0
952.HK,5,20251002,075500,0.159,0.159,0.159,0.159,20000,0
952.HK,5,20251002,081000,0.16,0.16,0.16,0.16,40000,0
952.HK,5,20251002,084500,0.16,0.16,0.16,0.16,100000,0
952.HK,5,20251002,095500,0.158,0.16,0.156,0.16,260000,0
952.HK,5,20251003,033500,0.157,0.157,0.157,0.157,20000,0
952.HK,5,20251003,043000,0.157,0.157,0.157,0.157,20000,0
952.HK,5,20251003,043500,0.157,0.157,0.157,0.157,80000,0
952.HK,5,20251003,051500,0.157,0.157,0.157,0.157,60000,0
952.HK,5,20251003,093000,0.157,0.157,0.157,0.157,50000,0
952.HK,5,20251006,034500,0.156,0.157,0.156,0.157,150000,0
952.HK,5,20251006,073500,0.158,0.158,0.158,0.158,100000,0
952.HK,5,20251006,083500,0.158,0.158,0.158,0.158,110000,0
952.HK,5,20251006,084000,0.158,0.158,0.158,0.158,60000,0
952.HK,5,20251006,085000,0.158,0.158,0.158,0.158,30000,0
952.HK,5,20251008,045000,0.156,0.16,0.156,0.16,1000000,0
952.HK,5,20251008,051500,0.16,0.16,0.16,0.16,20000,0
952.HK,5,20251008,055500,0.16,0.16,0.16,0.16,10000,0
952.HK,5,20251008,072000,0.162,0.162,0.162,0.162,10000,0
952.HK,5,20251008,072500,0.162,0.162,0.162,0.162,10000,0
952.HK,5,20251008,080000,0.162,0.163,0.162,0.163,850000,0
952.HK,5,20251008,081500,0.162,0.162,0.162,0.162,520000,0
952.HK,5,20251008,083500,0.163,0.165,0.163,0.165,1700000,0
952.HK,5,20251008,084000,0.165,0.168,0.165,0.168,130000,0
952.HK,5,20251008,084500,0.168,0.168,0.168,0.168,20000,0
952.HK,5,20251008,085000,0.168,0.173,0.168,0.173,730000,0
952.HK,5,20251008,085500,0.174,0.175,0.17,0.17,230000,0
952.HK,5,20251008,090000,0.174,0.174,0.174,0.174,10000,0
952.HK,5,20251008,091500,0.175,0.18,0.175,0.18,320000,0
952.HK,5,20251008,093500,0.179,0.179,0.179,0.179,110000,0
952.HK,5,20251008,094500,0.181,0.186,0.181,0.186,660000,0
952.HK,5,20251008,095000,0.188,0.188,0.188,0.188,30000,0
952.HK,5,20251008,095500,0.183,0.187,0.183,0.184,110000,0
952.HK,5,20251009,033500,0.183,0.184,0.183,0.184,60000,0
952.HK,5,20251009,043500,0.183,0.183,0.183,0.183,10000,0
952.HK,5,20251009,073000,0.171,0.171,0.17,0.17,80000,0
952.HK,5,20251009,074000,0.17,0.17,0.17,0.17,30000,0
952.HK,5,20251009,074500,0.169,0.169,0.168,0.168,60000,0
952.HK,5,20251009,080000,0.171,0.171,0.171,0.171,10000,0
952.HK,5,20251009,083000,0.168,0.17,0.168,0.17,70000,0
952.HK,5,20251009,084500,0.17,0.17,0.17,0.17,20000,0
952.HK,5,20251009,092000,0.166,0.166,0.166,0.166,290000,0
952.HK,5,20251009,093000,0.166,0.166,0.166,0.166,20000,0
952.HK,5,20251009,094000,0.164,0.165,0.164,0.165,20000,0
952.HK,5,20251009,095000,0.164,0.166,0.164,0.166,70000,0
952.HK,5,20251009,095500,0.166,0.166,0.163,0.164,130000,0
952.HK,5,20251010,034000,0.162,0.162,0.161,0.161,30000,0
952.HK,5,20251010,042500,0.161,0.164,0.161,0.164,60000,0
952.HK,5,20251010,081000,0.167,0.167,0.167,0.167,10000,0
952.HK,5,20251010,084000,0.166,0.166,0.166,0.166,10000,0
952.HK,5,20251010,093000,0.168,0.168,0.168,0.168,10000,0
952.HK,5,20251010,093500,0.166,0.166,0.165,0.165,600000,0
952.HK,5,20251010,095500,0.161,0.161,0.161,0.161,10000,0
952.HK,5,20251013,033000,0.154,0.16,0.151,0.156,110000,0
952.HK,5,20251014,034000,0.152,0.153,0.152,0.153,50000,0
952.HK,5,20251014,083500,0.155,0.155,0.155,0.155,10000,0
952.HK,5,20251014,084500,0.154,0.154,0.154,0.154,30000,0
952.HK,5,20251014,095500,0.153,0.153,0.153,0.153,20000,0
952.HK,5,20251015,033000,0.152,0.153,0.151,0.151,70000,0
952.HK,5,20251015,033500,0.152,0.152,0.152,0.152,10000,0
952.HK,5,20251015,092500,0.155,0.155,0.155,0.155,80000,0
952.HK,5,20251015,093500,0.153,0.154,0.153,0.154,310000,0
952.HK,5,20251015,095500,0.165,0.165,0.163,0.163,10000,0
952.HK,5,20251016,033500,0.155,0.155,0.155,0.155,10000,0
952.HK,5,20251016,041000,0.155,0.155,0.155,0.155,10000,0
952.HK,5,20251017,034000,0.152,0.152,0.152,0.152,10000,0
952.HK,5,20251017,051500,0.152,0.152,0.152,0.152,10000,0
952.HK,5,20251017,075500,0.152,0.152,0.152,0.152,110000,0
952.HK,5,20251017,095500,0.152,0.152,0.152,0.152,100000,0
952.HK,5,20251020,041500,0.151,0.151,0.151,0.151,10000,0
952.HK,5,20251020,055500,0.151,0.151,0.151,0.151,10000,0
952.HK,5,20251021,033000,0.151,0.151,0.151,0.151,50000,0
952.HK,5,20251021,035000,0.151,0.151,0.151,0.151,10000,0
952.HK,5,20251021,040000,0.151,0.151,0.151,0.151,50000,0
952.HK,5,20251021,044000,0.151,0.151,0.151,0.151,10000,0
952.HK,5,20251022,042000,0.151,0.151,0.151,0.151,160000,0
952.HK,5,20251022,044000,0.151,0.151,0.151,0.151,100000,0
952.HK,5,20251022,082000,0.151,0.151,0.151,0.151,180000,0
952.HK,5,20251023,033000,0.15,0.15,0.15,0.15,310000,0
952.HK,5,20251023,033500,0.15,0.15,0.15,0.15,10000,0
952.HK,5,20251024,033500,0.148,0.148,0.148,0.148,20000,0
952.HK,5,20251024,034000,0.148,0.148,0.148,0.148,30000,0
952.HK,5,20251024,051500,0.146,0.146,0.146,0.146,20000,0
952.HK,5,20251024,074500,0.147,0.147,0.139,0.139,1500000,0
952.HK,5,20251024,075000,0.144,0.145,0.141,0.142,1000000,0
952.HK,5,20251024,083000,0.142,0.142,0.142,0.142,30000,0
952.HK,5,20251024,091500,0.142,0.142,0.142,0.142,30000,0
952.HK,5,20251024,092000,0.142,0.143,0.14,0.14,600000,0
952.HK,5,20251024,093000,0.141,0.141,0.141,0.141,20000,0
952.HK,5,20251024,093500,0.141,0.141,0.141,0.141,90000,0
952.HK,5,20251024,095000,0.141,0.141,0.141,0.141,50000,0
952.HK,5,20251024,095500,0.14,0.141,0.139,0.139,170000,0
952.HK,5,20251027,024500,0.14,0.141,0.14,0.141,10000,0
952.HK,5,20251028,023500,0.14,0.14,0.14,0.14,60000,0
952.HK,5,20251028,034500,0.138,0.138,0.138,0.138,30000,0
952.HK,5,20251028,043500,0.139,0.139,0.139,0.139,20000,0
952.HK,5,20251028,070500,0.146,0.147,0.144,0.144,50000,0
952.HK,5,20251031,030500,0.136,0.136,0.136,0.136,20000,0
952.HK,5,20251031,035000,0.14,0.149,0.14,0.149,310000,0
952.HK,5,20251031,042500,0.149,0.149,0.149,0.149,100000,0
952.HK,5,20251031,043500,0.149,0.149,0.149,0.149,110000,0
952.HK,5,20251031,085000,0.142,0.142,0.141,0.141,40000,0
952.HK,5,20251031,085500,0.136,0.139,0.136,0.139,40000,0
952.HK,5,20251103,030000,0.139,0.139,0.139,0.139,10000,0
952.HK,5,20251103,071500,0.139,0.139,0.139,0.139,30000,0
952.HK,5,20251104,023000,0.139,0.14,0.139,0.14,30000,0
952.HK,5,20251104,074000,0.14,0.14,0.14,0.14,20000,0
952.HK,5,20251105,025000,0.14,0.14,0.14,0.14,10000,0
952.HK,5,20251105,064000,0.139,0.14,0.138,0.14,30000,0
952.HK,5,20251106,025500,0.14,0.14,0.139,0.139,80000,0
952.HK,5,20251106,032500,0.139,0.139,0.139,0.139,10000,0
952.HK,5,20251107,032000,0.139,0.139,0.139,0.139,10000,0
952.HK,5,20251110,085500,0.142,0.142,0.142,0.142,10000,0
952.HK,5,20251111,031000,0.139,0.141,0.139,0.141,10000,0
952.HK,5,20251112,074500,0.139,0.141,0.139,0.141,10000,0
952.HK,5,20251113,080000,0.141,0.141,0.141,0.141,10000,0
952.HK,5,20251113,083500,0.14,0.14,0.14,0.14,10000,0
952.HK,5,20251114,041500,0.139,0.139,0.139,0.139,40000,0
952.HK,5,20251114,073000,0.139,0.139,0.139,0.139,30000,0
952.HK,5,20251114,082000,0.139,0.139,0.139,0.139,20000,0
952.HK,5,20251114,084500,0.139,0.139,0.139,0.139,170000,0
952.HK,5,20251114,085500,0.139,0.14,0.139,0.14,50000,0
952.HK,5,20251117,025500,0.14,0.14,0.14,0.14,10000,0
952.HK,5,20251118,045000,0.139,0.139,0.139,0.139,60000,0
952.HK,5,20251118,071500,0.141,0.141,0.141,0.141,20000,0
952.HK,5,20251118,074000,0.141,0.141,0.141,0.141,20000,0
952.HK,5,20251119,033500,0.141,0.142,0.141,0.142,30000,0
952.HK,5,20251120,063000,0.141,0.141,0.141,0.141,20000,0
952.HK,5,20251120,083000,0.146,0.146,0.146,0.146,100000,0
952.HK,5,20251121,033000,0.141,0.141,0.141,0.141,10000,0
952.HK,5,20251121,084500,0.143,0.143,0.143,0.143,90000,0
952.HK,5,20251124,031500,0.139,0.139,0.139,0.139,10000,0
952.HK,5,20251124,034500,0.142,0.142,0.142,0.142,160000,0
952.HK,5,20251124,041000,0.14,0.141,0.138,0.141,140000,0
952.HK,5,20251125,035000,0.138,0.139,0.138,0.139,10000,0
952.HK,5,20251126,042000,0.14,0.14,0.14,0.14,20000,0
952.HK,5,20251127,075500,0.142,0.142,0.142,0.142,10000,0
952.HK,5,20251128,031500,0.143,0.143,0.143,0.143,10000,0
952.HK,5,20251128,061500,0.143,0.143,0.143,0.143,50000,0
952.HK,5,20251128,065000,0.143,0.143,0.143,0.143,10000,0
952.HK,5,20251201,085500,0.142,0.142,0.142,0.142,10000,0
952.HK,5,20251203,085000,0.142,0.142,0.142,0.142,160000,0
952.HK,5,20251204,023000,0.142,0.142,0.142,0.142,10000,0
952.HK,5,20251204,031000,0.141,0.141,0.141,0.141,10000,0
952.HK,5,20251204,075500,0.14,0.14,0.136,0.136,480000,0
952.HK,5,20251204,082000,0.139,0.141,0.139,0.141,300000,0
952.HK,5,20251204,082500,0.141,0.141,0.141,0.141,140000,0
