<TICKER>,<PER>,<DATE>,<TIME>,<OPEN>,<HIGH>,<LOW>,<CLOSE>,<VOL>,<OPENINT>
BIP,5,20250707,090000,18.3905,18.3905,18.3905,18.3905,48.285714287999994,0
BIP,5,20250707,135500,18.3408,18.3408,18.2911,18.2911,493.922619071,0
BIP,5,20250707,164500,18.2911,18.2911,18.2911,18.2911,1.005952381,0
BIP,5,20250708,091000,17.9929,17.9929,17.9929,17.9929,10.05952381,0
BIP,5,20250708,093000,18.2911,18.2911,18.2911,18.2911,1.005952381,0
BIP,5,20250708,155000,17.9929,17.9929,17.8935,17.8935,159.94642857899998,0
BIP,5,20250709,091000,17.8935,17.8935,17.8935,17.8935,30.178571429999998,0
BIP,5,20250709,092000,17.7941,17.7941,17.7941,17.7941,462.73809525999997,0
BIP,5,20250709,093000,17.7941,17.7941,17.7941,17.7941,13.077380952999999,0
BIP,5,20250709,100500,17.7941,17.7941,17.7941,17.7941,1.005952381,0
BIP,5,20250709,115500,17.7941,17.7941,17.7941,17.7941,1.005952381,0
BIP,5,20250709,143000,17.7941,17.7941,17.7941,17.7941,8.047619048,0
BIP,5,20250709,150500,17.7941,17.7941,17.7941,17.7941,80.47619048,0
BIP,5,20250709,155000,17.2473,17.2473,17.1976,17.1976,663.92857146,0
BIP,5,20250709,160500,17.297,17.297,17.297,17.297,291.72619048999996,0
BIP,5,20250709,161000,17.2473,17.2473,17.2473,17.2473,261.54761906,0
BIP,5,20250709,161500,17.1479,17.297,16.4024,17.297,3830.6666668479997,0
BIP,5,20250709,163500,16.7006,16.7006,16.7006,16.7006,482.85714287999997,0
BIP,5,20250709,164500,16.9988,16.9988,16.7006,16.9988,605.583333362,0
BIP,5,20250710,090000,16.7006,16.7006,16.7006,16.7006,16.095238096,0
BIP,5,20250710,093500,17.1976,17.1976,17.1976,17.1976,103.61309524299999,0
BIP,5,20250710,113500,17.1479,17.1976,15.9053,16.5018,3275.3809525359998,0
BIP,5,20250710,114500,16.5515,16.5515,16.5515,16.5515,5.029761905,0
BIP,5,20250710,120000,16.5515,16.5515,16.2036,16.2036,140.83333334,0
BIP,5,20250710,122500,16.6012,16.6012,16.6012,16.6012,75.446428575,0
BIP,5,20250710,124000,16.6012,16.6012,16.6012,16.6012,300.779761919,0
BIP,5,20250710,124500,16.6012,16.6012,16.6012,16.6012,107.63690476699999,0
BIP,5,20250710,125500,16.6012,16.6012,16.6012,16.6012,80.47619048,0
BIP,5,20250710,131000,16.6509,16.7503,16.6509,16.7503,198.172619057,0
BIP,5,20250710,132500,16.7503,16.8,16.7503,16.8,150.89285715,0
BIP,5,20250711,113000,17,17.2,17,17.2,650,0
BIP,5,20250711,122500,17,17,17,17,480,0
BIP,5,20250711,125500,17,17,17,17,450,0
BIP,5,20250711,141500,17.2,17.2,17.2,17.2,90,0
BIP,5,20250711,142000,17,17,17,17,223,0
BIP,5,20250711,160500,17.2,17.25,17.2,17.25,34,0
BIP,5,20250711,163000,17.3,17.3,17.3,17.3,25,0
BIP,5,20250711,163500,17.3,17.3,17.3,17.3,3,0
BIP,5,20250711,164500,17.3,17.3,17.3,17.3,3,0
BIP,5,20250714,090000,17.3,17.3,17.3,17.3,6,0
BIP,5,20250714,103000,17.3,17.3,17.3,17.3,10,0
BIP,5,20250714,110500,17.3,17.3,17.3,17.3,2,0
BIP,5,20250714,164500,17.3,17.3,17.3,17.3,30,0
BIP,5,20250715,154500,17.2,17.2,17.2,17.2,1,0
BIP,5,20250715,160000,17.15,17.15,16.7,16.7,1000,0
BIP,5,20250715,160500,17.3,17.7,17.3,17.7,40,0
BIP,5,20250715,164000,17,17,17,17,1,0
BIP,5,20250716,092500,16.65,16.65,16.65,16.65,3,0
BIP,5,20250716,120500,17,17,17,17,1,0
BIP,5,20250716,132500,17,17,17,17,68,0
BIP,5,20250717,090000,17,17,17,17,35,0
BIP,5,20250717,100500,17,17,17,17,5,0
BIP,5,20250717,121000,16.7,16.7,16.5,16.5,9,0
BIP,5,20250718,150500,16.95,17,16.95,17,100,0
BIP,5,20250718,161500,17,17,17,17,31,0
BIP,5,20250718,164500,17,17,17,17,29,0
BIP,5,20250721,092500,17,17,17,17,2,0
BIP,5,20250721,120500,16.8,17,16.8,17,548,0
BIP,5,20250721,123000,17,17,17,17,410,0
BIP,5,20250721,125500,17.5,17.5,17,17,118,0
BIP,5,20250721,143000,17,17,17,17,1050,0
BIP,5,20250721,150000,17,17,17,17,37,0
BIP,5,20250721,164500,17,17,17,17,3,0
BIP,5,20250722,090000,17,17,17,17,175,0
BIP,5,20250722,102500,16.65,16.65,16.6,16.6,3,0
BIP,5,20250722,103500,16.6,16.6,16.6,16.6,8,0
BIP,5,20250722,135000,16.6,16.6,16.6,16.6,150,0
BIP,5,20250722,154000,16.6,17,16.4,17,1010,0
BIP,5,20250722,161500,16.5,16.5,16.5,16.5,43,0
BIP,5,20250722,164500,16.5,17.8,16.5,17.8,573,0
BIP,5,20250723,090500,16.55,16.55,16.55,16.55,9,0
BIP,5,20250723,100000,16.6,16.6,16.6,16.6,10,0
BIP,5,20250723,105000,16.75,16.75,16.7,16.7,50,0
BIP,5,20250723,122000,17.2,17.2,17.2,17.2,3,0
BIP,5,20250723,140500,17.2,17.2,17.2,17.2,164,0
BIP,5,20250724,092500,16.65,16.65,16.65,16.65,80,0
BIP,5,20250724,102500,17.15,17.15,17.15,17.15,10,0
BIP,5,20250724,141500,17.15,17.15,17.15,17.15,16,0
BIP,5,20250725,090000,16.7,16.7,16.7,16.7,1,0
BIP,5,20250725,095500,16.7,16.7,16.7,16.7,1,0
BIP,5,20250725,102000,16.7,16.7,16.7,16.7,38,0
BIP,5,20250725,122000,17.15,17.15,17.15,17.15,10,0
BIP,5,20250725,163000,17.15,17.15,17.15,17.15,53,0
BIP,5,20250728,090000,17.15,17.15,17.15,17.15,10,0
BIP,5,20250728,112500,17.15,17.15,17.15,17.15,1,0
BIP,5,20250728,124000,17.15,17.15,17.15,17.15,10,0
BIP,5,20250728,134000,17.15,17.15,17.15,17.15,7,0
BIP,5,20250728,153500,17.15,17.15,17.15,17.15,1,0
BIP,5,20250729,090000,17.15,17.15,17.15,17.15,10,0
BIP,5,20250729,093000,17.15,17.15,17.15,17.15,20,0
BIP,5,20250729,094000,17,17,17,17,110,0
BIP,5,20250729,104000,17.15,17.15,17.15,17.15,1,0
BIP,5,20250729,145000,16.95,16.95,16.95,16.95,110,0
BIP,5,20250729,164500,17.1,17.1,17.1,17.1,90,0
BIP,5,20250730,090000,17.2,17.2,17.2,17.2,200,0
BIP,5,20250730,091500,16.7,16.7,16.7,16.7,9,0
BIP,5,20250730,101500,16.75,16.75,16.75,16.75,1,0
BIP,5,20250731,094500,16.9,16.9,16.9,16.9,107,0
BIP,5,20250731,101000,17.2,17.2,17.2,17.2,50,0
BIP,5,20250731,123500,17,17,17,17,100,0
BIP,5,20250731,135500,17,17,17,17,74,0
BIP,5,20250731,145000,17.1,17.1,17.1,17.1,185,0
BIP,5,20250801,090000,17.2,17.2,17.2,17.2,115,0
BIP,5,20250801,103000,17.2,17.2,17.2,17.2,3,0
BIP,5,20250801,150500,17.2,17.2,17.2,17.2,200,0
BIP,5,20250804,130000,17.2,17.2,17.2,17.2,32,0
BIP,5,20250804,131500,17.05,17.05,17,17,40,0
BIP,5,20250804,150000,17.2,17.2,17.2,17.2,61,0
BIP,5,20250804,162500,17.2,17.2,17.2,17.2,232,0
BIP,5,20250805,100000,17.05,17.05,17.05,17.05,1,0
BIP,5,20250806,091500,17.2,17.2,17.2,17.2,50,0
BIP,5,20250806,151500,17.1,17.1,16.5,16.5,232,0
BIP,5,20250806,152000,17.2,17.2,17.2,17.2,5,0
BIP,5,20250806,160500,17.2,17.2,17.2,17.2,10,0
BIP,5,20250807,101000,16.8,17.2,16.5,17.2,760,0
BIP,5,20250807,102500,16.5,16.5,16.5,16.5,460,0
BIP,5,20250807,103000,16.55,16.55,16.5,16.5,580,0
BIP,5,20250807,103500,16.45,16.5,15.6,16,3124,0
BIP,5,20250807,104000,16.3,16.45,16.3,16.45,120,0
BIP,5,20250807,110000,16.45,16.45,16.35,16.35,11,0
BIP,5,20250807,111000,16.45,16.45,16.45,16.45,190,0
BIP,5,20250807,121000,16.45,16.5,16.45,16.5,703,0
BIP,5,20250807,131500,16.95,16.95,16.95,16.95,99,0
BIP,5,20250807,132000,17,17,17,17,100,0
BIP,5,20250807,132500,16.95,16.95,16.95,16.95,51,0
BIP,5,20250807,133500,16.95,17.2,16.95,17.2,200,0
BIP,5,20250808,094000,16.55,16.55,16.55,16.55,7,0
BIP,5,20250808,161500,17.2,17.2,17.2,17.2,200,0
BIP,5,20250811,090000,16.5,16.5,16.5,16.5,127,0
BIP,5,20250811,095000,16.55,16.55,16.55,16.55,90,0
BIP,5,20250811,104500,16.65,16.65,16.65,16.65,2,0
BIP,5,20250811,113500,17.15,17.15,17.15,17.15,100,0
BIP,5,20250811,120500,17.2,17.2,17.2,17.2,200,0
BIP,5,20250811,134500,17.15,17.15,17.15,17.15,1,0
BIP,5,20250811,143000,17.15,17.15,17.15,17.15,14,0
BIP,5,20250811,164000,17.2,17.2,17.2,17.2,64,0
BIP,5,20250812,090000,17.2,17.2,17.2,17.2,99,0
BIP,5,20250812,093500,17.15,17.15,17.15,17.15,6,0
BIP,5,20250812,103000,17.15,17.15,17.15,17.15,409,0
BIP,5,20250812,111000,17.15,17.15,17.15,17.15,9,0
BIP,5,20250812,111500,17.15,17.15,17.15,17.15,4,0
BIP,5,20250812,124000,17.2,17.2,17.2,17.2,1,0
BIP,5,20250812,133000,17.15,17.15,17.15,17.15,78,0
BIP,5,20250812,162000,17.15,17.15,17.15,17.15,100,0
BIP,5,20250813,090000,17.15,17.15,17.15,17.15,100,0
BIP,5,20250813,092000,17.15,17.15,17.15,17.15,200,0
BIP,5,20250813,094500,16.75,16.75,16.7,16.7,2,0
BIP,5,20250813,095000,16.55,16.55,16.55,16.55,3,0
BIP,5,20250813,113000,16.75,16.75,16.65,16.65,17,0
BIP,5,20250813,131000,17.15,17.15,17.15,17.15,20,0
BIP,5,20250813,153000,17.15,17.15,17.15,17.15,8,0
BIP,5,20250813,155000,16.65,16.65,15.9,15.9,2643,0
BIP,5,20250813,155500,15.9,16,15.5,16,1557,0
BIP,5,20250813,164500,16.1,16.1,16.1,16.1,483,0
BIP,5,20250814,101500,16.15,16.15,16.15,16.15,3,0
BIP,5,20250814,102000,16.55,16.65,16.55,16.65,170,0
BIP,5,20250814,102500,16.65,16.65,16.65,16.65,90,0
BIP,5,20250814,103000,16.65,16.65,16.65,16.65,80,0
BIP,5,20250814,104500,16.65,16.65,16.65,16.65,100,0
BIP,5,20250814,124000,16.65,16.65,16.65,16.65,13,0
BIP,5,20250814,125500,16.65,16.65,16.25,16.65,13,0
BIP,5,20250814,135500,16.65,16.65,16.65,16.65,135,0
BIP,5,20250814,153000,16.7,16.7,16.7,16.7,147,0
BIP,5,20250818,090000,16.7,16.7,16.7,16.7,170,0
BIP,5,20250818,110500,16.7,16.7,16.7,16.7,60,0
BIP,5,20250818,111000,16.7,16.7,16.7,16.7,10,0
BIP,5,20250818,162500,16.5,16.5,16.5,16.5,107,0
BIP,5,20250819,130000,16.7,16.7,16.7,16.7,100,0
BIP,5,20250819,144000,16.7,16.7,16.7,16.7,181,0
BIP,5,20250819,151500,16.45,16.7,16.4,16.7,8,0
BIP,5,20250820,155000,16.7,16.7,16.7,16.7,100,0
BIP,5,20250820,155500,16.5,16.5,16.5,16.5,10,0
BIP,5,20250821,094000,16.7,16.7,16.7,16.7,8,0
BIP,5,20250821,104500,16.5,16.5,16.35,16.35,60,0
BIP,5,20250821,160000,16.7,16.7,16.7,16.7,150,0
BIP,5,20250822,092500,16.35,16.35,16.35,16.35,10,0
BIP,5,20250822,095000,16.4,16.4,16.4,16.4,43,0
BIP,5,20250822,103500,16.7,16.7,16.7,16.7,100,0
BIP,5,20250822,125000,16.4,16.4,16.4,16.4,225,0
BIP,5,20250822,135500,16.7,16.7,16.7,16.7,200,0
BIP,5,20250822,153000,16.7,16.7,16.7,16.7,1,0
BIP,5,20250826,153500,16.7,16.7,16.7,16.7,1,0
BIP,5,20250828,100000,16.7,16.7,16.7,16.7,30,0
BIP,5,20250901,111000,16.7,16.7,16.7,16.7,380,0
BIP,5,20250901,112500,16.7,16.7,16.7,16.7,139,0
BIP,5,20250901,152500,16.6,16.6,16.6,16.6,7,0
BIP,5,20250902,110500,16.7,16.7,16.7,16.7,1,0
BIP,5,20250902,160000,16.6,16.6,16.6,16.6,230,0
BIP,5,20250902,160500,16.55,16.7,15.8,16.7,2033,0
BIP,5,20250902,161500,16.1,16.1,16.1,16.1,10,0
BIP,5,20250902,163500,16.1,16.1,16.1,16.1,100,0
BIP,5,20250903,122000,16.1,16.1,16.1,16.1,125,0
BIP,5,20250903,130500,16.1,16.1,16.1,16.1,40,0
BIP,5,20250903,135500,16.05,16.05,16.05,16.05,100,0
BIP,5,20250904,091000,16.05,16.1,16.05,16.1,152,0
BIP,5,20250904,092000,16.1,16.1,16.1,16.1,32,0
BIP,5,20250904,093500,16.1,16.1,16.1,16.1,300,0
BIP,5,20250904,100000,16.1,16.1,16.1,16.1,190,0
BIP,5,20250904,101000,16.1,16.1,16.1,16.1,500,0
BIP,5,20250904,102000,16.85,16.85,16.85,16.85,10,0
BIP,5,20250904,111500,16.1,16.5,16.05,16.1,850,0
BIP,5,20250904,122000,16.1,16.1,16.1,16.1,100,0
BIP,5,20250904,135500,16.1,16.1,16.1,16.1,20,0
BIP,5,20250904,142500,16.05,16.05,16,16,300,0
BIP,5,20250904,155000,16.1,16.1,16.1,16.1,480,0
BIP,5,20250904,162500,16.1,16.75,16,16.75,625,0
BIP,5,20250905,090000,16.1,16.1,16.1,16.1,120,0
BIP,5,20250905,090500,16.1,16.5,16.1,16.5,481,0
BIP,5,20250905,152000,16.25,16.5,16,16,545,0
BIP,5,20250905,152500,16.5,16.95,16.5,16.95,305,0
BIP,5,20250905,160000,16.3,16.3,16.3,16.3,1,0
BIP,5,20250905,164000,16,16.95,16,16,103,0
BIP,5,20250905,164500,16.4,17,16.4,17,300,0
BIP,5,20250908,113500,16.7,16.7,16.7,16.7,1,0
BIP,5,20250908,164500,16.65,16.7,16,16.7,670,0
BIP,5,20250909,091000,16.2,16.2,16.2,16.2,157,0
BIP,5,20250909,091500,16.2,16.2,16.2,16.2,125,0
BIP,5,20250909,105500,16.15,16.15,16.15,16.15,99,0
BIP,5,20250909,155500,16.2,16.2,16.2,16.2,480,0
BIP,5,20250909,160000,16.8,16.8,16.8,16.8,1,0
BIP,5,20250910,090000,16.75,16.75,16.75,16.75,5,0
BIP,5,20250910,102000,16.75,16.75,16.75,16.75,2,0
BIP,5,20250910,104000,16.2,16.2,16.2,16.2,2,0
BIP,5,20250910,113000,16.25,16.25,16.2,16.2,30,0
BIP,5,20250910,123500,16.25,16.25,16.2,16.2,413,0
BIP,5,20250910,135500,16.2,16.2,16.2,16.2,122,0
BIP,5,20250910,143500,16.2,16.2,16.2,16.2,5,0
BIP,5,20250910,154000,16,16,16,16,30,0
BIP,5,20250911,091000,16.2,16.2,16.2,16.2,1,0
BIP,5,20250911,124500,16.1,16.1,16.1,16.1,14,0
BIP,5,20250911,155500,16,16,16,16,74,0
BIP,5,20250912,091500,16.2,16.2,16.2,16.2,20,0
BIP,5,20250912,121000,16.2,16.2,16.2,16.2,474,0
BIP,5,20250912,163500,16.65,16.65,16.65,16.65,28,0
BIP,5,20250915,100000,16.2,16.2,16.2,16.2,3,0
BIP,5,20250915,100500,16.65,16.7,16.65,16.7,115,0
BIP,5,20250915,152500,16.2,16.2,16.15,16.15,100,0
BIP,5,20250916,101000,16.7,16.7,16.7,16.7,20,0
BIP,5,20250916,113000,16.1,16.1,16.1,16.1,15,0
BIP,5,20250916,113500,16.1,16.1,16.1,16.1,2,0
BIP,5,20250916,134000,16.1,16.1,16.1,16.1,60,0
BIP,5,20250916,140000,16.1,16.1,16.1,16.1,2,0
BIP,5,20250916,160000,16.1,16.1,16.1,16.1,400,0
BIP,5,20250917,104500,16.1,16.1,16.1,16.1,1,0
BIP,5,20250917,115000,16.1,16.1,16.1,16.1,123,0
BIP,5,20250917,123500,16.05,16.05,16.05,16.05,81,0
BIP,5,20250917,125000,16.05,16.05,16.05,16.05,319,0
BIP,5,20250917,152500,16.1,16.1,16.1,16.1,113,0
BIP,5,20250918,094500,16.1,16.1,16.1,16.1,2,0
BIP,5,20250918,113000,16.1,16.1,16.1,16.1,123,0
BIP,5,20250918,133000,16.1,16.1,16.1,16.1,1,0
BIP,5,20250918,164000,16.05,16.05,16.05,16.05,6,0
BIP,5,20250918,165500,16.1,16.1,16.1,16.1,95,0
BIP,5,20250919,090000,16.4,16.4,16.4,16.4,480,0
BIP,5,20250919,090500,16.7,16.7,16.7,16.7,1,0
BIP,5,20250919,135000,16.45,16.65,16.1,16.65,885,0
BIP,5,20250919,154500,16.1,16.7,16.1,16.7,611,0
BIP,5,20250919,162500,16.15,16.15,16.15,16.15,484,0
BIP,5,20250919,163500,16.6,16.6,16.6,16.6,16,0
BIP,5,20250922,111500,16.15,16.15,16.1,16.1,515,0
BIP,5,20250922,152500,16.2,16.2,16.2,16.2,1,0
BIP,5,20250922,160500,16.2,16.2,16.2,16.2,479,0
BIP,5,20250922,163000,16.25,16.25,16.25,16.25,3,0
BIP,5,20250922,164500,16.25,16.25,16.2,16.2,326,0
BIP,5,20250923,112000,16.6,16.6,16.6,16.6,1,0
BIP,5,20250923,153000,16.6,16.6,16.6,16.6,75,0
BIP,5,20250924,152500,16.6,16.6,16.6,16.6,100,0
BIP,5,20250924,163000,16.6,16.6,16.6,16.6,200,0
BIP,5,20250925,093000,16.55,16.55,16.55,16.55,65,0
BIP,5,20250925,103500,16.5,16.5,16.5,16.5,2,0
BIP,5,20250925,104500,16.55,16.55,16.55,16.55,1,0
BIP,5,20250925,111000,16.55,16.6,16.55,16.6,100,0
BIP,5,20250925,112500,16.6,16.6,16.6,16.6,100,0
BIP,5,20250925,123500,16.6,16.6,16.6,16.6,130,0
BIP,5,20250925,124000,16.65,17,16.65,17,2673,0
BIP,5,20250925,125500,17,17,17,17,34,0
BIP,5,20250925,130500,17,17.1,17,17.1,65,0
BIP,5,20250925,142000,17.1,17.1,17.1,17.1,90,0
BIP,5,20250925,142500,17.1,17.15,17.1,17.15,65,0
BIP,5,20250925,155000,17.15,17.15,17.15,17.15,80,0
BIP,5,20250926,090000,17.2,17.2,17.2,17.2,50,0
BIP,5,20250926,091500,17.15,17.2,17.15,17.2,25,0
BIP,5,20250926,130000,17.2,17.2,17.2,17.2,30,0
BIP,5,20250926,140000,17.05,17.05,17.05,17.05,5,0
BIP,5,20250926,155500,17.1,17.1,17.1,17.1,1,0
BIP,5,20250926,161000,17.05,17.05,16.7,17,50,0
BIP,5,20250926,162500,16.7,16.7,16.7,16.7,1,0
BIP,5,20250929,091500,16.7,16.7,16.7,16.7,13,0
BIP,5,20250929,110000,17.1,17.1,17.1,17.1,1,0
BIP,5,20250929,121000,17.1,17.1,17.1,17.1,35,0
BIP,5,20250929,140500,17.1,17.1,17.1,17.1,50,0
BIP,5,20250929,141000,17.1,17.1,17.1,17.1,175,0
BIP,5,20250929,161500,16.75,17.1,16.75,17.1,181,0
BIP,5,20250930,101000,17.1,17.1,17.1,17.1,3,0
BIP,5,20250930,130500,17.1,17.1,17.1,17.1,10,0
BIP,5,20250930,150500,16.8,16.8,16.8,16.8,60,0
BIP,5,20251001,090000,16.9,16.9,16.9,16.9,15,0
BIP,5,20251001,093000,16.9,16.9,16.8,16.8,120,0
BIP,5,20251001,132500,16.85,16.85,16.85,16.85,1,0
BIP,5,20251001,144500,17.2,17.2,17.2,17.2,200,0
BIP,5,20251001,155000,17.2,17.2,17.2,17.2,15,0
BIP,5,20251001,161000,16.9,16.9,16.9,16.9,1,0
BIP,5,20251001,165500,17.2,17.2,17.2,17.2,300,0
BIP,5,20251002,090000,17.25,17.25,17.25,17.25,185,0
BIP,5,20251002,091500,17.25,17.25,17.25,17.25,50,0
BIP,5,20251002,094000,17.4,17.7,17.4,17.7,295,0
BIP,5,20251002,102000,17.3,17.3,17.3,17.3,3,0
BIP,5,20251002,104000,17.3,17.3,17.3,17.3,1,0
BIP,5,20251002,111500,17.6,17.6,17.6,17.6,2,0
BIP,5,20251002,121500,17.6,17.7,17.6,17.7,247,0
BIP,5,20251002,125000,17.35,17.35,17.3,17.3,200,0
BIP,5,20251002,140000,17.7,17.7,17.7,17.7,1,0
BIP,5,20251002,153000,17.7,17.7,17.7,17.7,282,0
BIP,5,20251002,153500,17.8,18.1,17.7,18.1,1918,0
BIP,5,20251002,154000,18.35,18.85,18.35,18.85,234,0
BIP,5,20251002,154500,18.6,18.6,18.6,18.6,401,0
BIP,5,20251002,155000,18.6,18.6,18.6,18.6,74,0
BIP,5,20251002,160000,18.8,18.8,18.8,18.8,1,0
BIP,5,20251002,161000,18.6,18.6,18.6,18.6,252,0
BIP,5,20251002,162000,18.6,18.6,18.6,18.6,79,0
BIP,5,20251002,163000,18.4,18.4,18.4,18.4,80,0
BIP,5,20251002,163500,18.2,18.2,18.2,18.2,50,0
BIP,5,20251002,164500,18.4,18.6,18.4,18.6,229,0
BIP,5,20251003,100000,18.5,18.5,18.5,18.5,25,0
BIP,5,20251003,101000,18.25,18.25,18.2,18.2,5,0
BIP,5,20251003,101500,18.2,18.2,18.2,18.2,2,0
BIP,5,20251003,112000,18.2,18.2,18.2,18.2,16,0
BIP,5,20251003,122000,18.2,18.2,18.2,18.2,20,0
BIP,5,20251003,131500,18.4,18.4,18.4,18.4,5,0
BIP,5,20251003,142000,18.4,18.4,18.4,18.4,8,0
BIP,5,20251003,142500,18.5,18.6,18.5,18.6,200,0
BIP,5,20251003,160500,18.6,19,18.6,19,20,0
BIP,5,20251006,090000,19,19,19,19,156,0
BIP,5,20251006,091500,18.45,18.45,18.45,18.45,3,0
BIP,5,20251006,094000,18.6,18.6,18.6,18.6,30,0
BIP,5,20251006,143000,18.6,18.6,18.6,18.6,5,0
BIP,5,20251006,164000,18.5,18.5,18.5,18.5,50,0
BIP,5,20251007,091500,18.45,18.45,18.45,18.45,295,0
BIP,5,20251007,092500,18.45,18.45,18.45,18.45,1,0
BIP,5,20251007,160000,18.5,18.5,18.45,18.45,20,0
BIP,5,20251008,090000,18.6,18.6,18.6,18.6,25,0
BIP,5,20251008,093000,18.6,18.6,18.6,18.6,25,0
BIP,5,20251008,093500,18.6,18.6,18.6,18.6,19,0
BIP,5,20251008,095000,18.45,18.45,18.3,18.3,200,0
BIP,5,20251008,111500,18.2,18.2,18,18,500,0
BIP,5,20251008,121000,18.3,18.3,18.3,18.3,100,0
BIP,5,20251008,122000,18.3,18.3,18.3,18.3,81,0
BIP,5,20251008,124500,18.4,18.4,18.4,18.4,200,0
BIP,5,20251008,131500,18.4,18.4,18.4,18.4,5,0
BIP,5,20251008,153500,18.4,18.4,18.4,18.4,200,0
BIP,5,20251008,154000,18.4,18.4,18.4,18.4,92,0
BIP,5,20251008,162500,18.3,18.3,18.3,18.3,90,0
BIP,5,20251009,112000,18.6,18.6,18.6,18.6,15,0
BIP,5,20251009,115500,18.3,18.3,18.3,18.3,282,0
BIP,5,20251009,143500,18.3,18.3,18.3,18.3,85,0
BIP,5,20251009,153000,18.3,18.3,18.3,18.3,470,0
BIP,5,20251009,154000,18.6,19,18.6,19,205,0
BIP,5,20251009,154500,18.4,18.4,18.4,18.4,346,0
BIP,5,20251010,103000,18.3,18.3,18.3,18.3,160,0
BIP,5,20251010,130500,18.3,18.3,18.3,18.3,38,0
BIP,5,20251010,140500,18.35,18.4,18.35,18.4,1645,0
BIP,5,20251010,152000,18.4,18.4,18.4,18.4,460,0
BIP,5,20251010,160000,18.5,19,18.5,19,50,0
BIP,5,20251010,161000,19,19,19,19,1,0
BIP,5,20251010,164500,18.4,18.4,18.4,18.4,70,0
BIP,5,20251013,090000,18.3,18.3,18.3,18.3,51,0
BIP,5,20251013,114000,18.3,18.3,18.3,18.3,50,0
BIP,5,20251013,134500,18.3,18.3,18.3,18.3,560,0
BIP,5,20251013,164000,18.3,18.3,18.1,18.1,2,0
BIP,5,20251014,130500,18.1,18.1,17.8,17.8,500,0
BIP,5,20251014,135000,17.8,17.8,17.8,17.8,450,0
BIP,5,20251014,135500,18.4,18.4,18.4,18.4,10,0
BIP,5,20251016,125000,17.85,17.85,17.85,17.85,14,0
BIP,5,20251016,162000,17.85,17.9,17.85,17.9,100,0
BIP,5,20251016,162500,17.9,17.9,17.9,17.9,150,0
BIP,5,20251016,163000,18.3,18.3,18.3,18.3,4,0
BIP,5,20251016,164500,18.3,18.3,18.3,18.3,91,0
BIP,5,20251017,091000,18.4,18.4,18.4,18.4,7,0
BIP,5,20251017,130000,18.4,18.4,18.4,18.4,1,0
BIP,5,20251017,152000,18.4,18.4,18.4,18.4,6,0
BIP,5,20251017,160000,18.4,18.4,18.4,18.4,26,0
BIP,5,20251017,160500,18.4,18.4,18.4,18.4,3,0
BIP,5,20251017,161000,18.35,18.35,17.7,17.7,84,0
BIP,5,20251020,090000,17.7,17.7,17.7,17.7,7,0
BIP,5,20251020,114500,18.05,18.05,18.05,18.05,8,0
BIP,5,20251020,134000,18.05,18.25,18.05,18.25,175,0
BIP,5,20251021,100000,17.8,17.8,17.8,17.8,5,0
BIP,5,20251021,110500,18.25,18.4,18.25,18.4,550,0
BIP,5,20251021,143500,18.7,18.7,18.7,18.7,90,0
BIP,5,20251022,090500,18.35,18.35,18.3,18.3,36,0
BIP,5,20251022,130500,18.7,19.5,18.7,19.5,2951,0
BIP,5,20251022,154000,19,19,19,19,5,0
BIP,5,20251022,160500,19,19,18.9,18.9,66,0
BIP,5,20251022,162500,19,19,19,19,135,0
BIP,5,20251022,163000,19.3,19.3,19,19,93,0
BIP,5,20251022,163500,19,19,19,19,23,0
BIP,5,20251023,090000,19.45,19.45,17.75,17.75,494,0
BIP,5,20251023,090500,18.3,18.3,18.3,18.3,1,0
BIP,5,20251023,102500,19,19.5,19,19.5,860,0
BIP,5,20251023,103000,19.5,20,19.5,20,1189,0
BIP,5,20251023,104000,20,20,19.95,19.95,444,0
BIP,5,20251023,104500,20,20,20,20,499,0
BIP,5,20251023,105000,19.8,20,19.8,20,5491,0
BIP,5,20251023,111500,19.5,19.5,19.5,19.5,26,0
BIP,5,20251023,112500,19.5,20.5,19.5,20.5,5193,0
BIP,5,20251023,113500,21.4,22,21.4,22,82,0
BIP,5,20251023,114500,22.2,22.2,22.2,22.2,18,0
BIP,5,20251023,115000,22.1,22.1,22,22,100,0
BIP,5,20251023,115500,22,22,20.2,20.2,213,0
BIP,5,20251023,120000,20.1,21,20.1,21,277,0
BIP,5,20251023,120500,21,21,20,20,45,0
BIP,5,20251023,121000,20.9,21,20.9,21,12,0
BIP,5,20251023,121500,20,21.4,20,21.4,495,0
BIP,5,20251023,122500,20.3,20.9,20,20.9,268,0
BIP,5,20251023,123500,20,20,20,20,1,0
BIP,5,20251023,130000,20.1,20.1,20,20,411,0
BIP,5,20251023,134000,19.4,19.4,19.2,19.2,32,0
BIP,5,20251023,134500,19.85,20,19.85,20,2937,0
BIP,5,20251023,135500,20.6,20.9,20.6,20.9,1050,0
BIP,5,20251023,140500,20.2,20.9,20.2,20.9,9,0
BIP,5,20251023,145000,20.9,20.9,20.9,20.9,2,0
BIP,5,20251023,151500,20.9,20.9,20.9,20.9,66,0
BIP,5,20251023,152000,20.9,20.9,20.9,20.9,80,0
BIP,5,20251023,152500,20.1,20.1,20.1,20.1,10,0
BIP,5,20251023,153000,20.9,20.9,20.9,20.9,37,0
BIP,5,20251023,153500,20.9,20.9,20.9,20.9,69,0
BIP,5,20251023,161000,20.1,20.1,20.1,20.1,10,0
BIP,5,20251023,162500,20.7,20.7,20.7,20.7,4,0
BIP,5,20251023,163000,20.7,21,20.7,21,350,0
BIP,5,20251023,163500,20.9,22.2,20.9,22.2,1310,0
BIP,5,20251023,164000,21.1,21.1,21,21,32,0
BIP,5,20251023,164500,21.9,22,21,22,649,0
BIP,5,20251024,090000,22,24.1,22,24.1,1407,0
BIP,5,20251024,090500,24,24,24,24,450,0
BIP,5,20251024,091000,23.9,24,23.6,23.6,185,0
BIP,5,20251024,092000,23.5,23.6,23,23,916,0
BIP,5,20251024,092500,23,24,23,24,177,0
BIP,5,20251024,093000,24,24,24,24,91,0
BIP,5,20251024,094000,24.1,24.2,24,24.2,421,0
BIP,5,20251024,094500,24.2,24.2,24.2,24.2,185,0
BIP,5,20251024,100500,24.7,24.7,24.7,24.7,80,0
BIP,5,20251024,101000,24.6,24.7,24,24.4,346,0
BIP,5,20251024,102000,24.7,24.7,24.7,24.7,1,0
BIP,5,20251024,102500,24,24,24,24,120,0
BIP,5,20251024,103000,24.6,25,24,25,826,0
BIP,5,20251024,103500,24.8,25,24,24,818,0
BIP,5,20251024,104000,23,23,23,23,27,0
BIP,5,20251024,104500,24,24,24,24,90,0
BIP,5,20251024,111000,23.9,23.9,23.9,23.9,5,0
BIP,5,20251024,111500,23.6,24,23.2,24,147,0
BIP,5,20251024,114000,24,24,24,24,1,0
BIP,5,20251024,115000,23.2,23.2,23,23,799,0
BIP,5,20251024,115500,23,24,23,24,73,0
BIP,5,20251024,120500,24,24,24,24,16,0
BIP,5,20251024,121500,24,24,24,24,80,0
BIP,5,20251024,122500,22.5,22.5,22.5,22.5,3,0
BIP,5,20251024,123000,22.5,22.5,22.2,22.2,50,0
BIP,5,20251024,124000,23,23,23,23,65,0
BIP,5,20251024,125000,23,24.6,23,24.6,348,0
BIP,5,20251024,131000,23.1,24,23.1,24,56,0
BIP,5,20251024,142500,24,24,24,24,41,0
BIP,5,20251024,155500,24,24,24,24,4,0
BIP,5,20251024,162000,23.2,23.2,23.2,23.2,124,0
BIP,5,20251024,162500,24,24,24,24,25,0
BIP,5,20251024,164500,24,24,24,24,335,0
BIP,5,20251027,090000,24,24,24,24,808,0
BIP,5,20251027,090500,24,24,24,24,1,0
BIP,5,20251027,091000,24,24,24,24,21,0
BIP,5,20251027,091500,24.6,24.6,24.6,24.6,162,0
BIP,5,20251027,092500,24.6,24.6,24.6,24.6,1,0
BIP,5,20251027,094500,24,24,24,24,247,0
BIP,5,20251027,101500,24,24,24,24,1,0
BIP,5,20251027,103000,24,24,24,24,3,0
BIP,5,20251027,105500,24,24,24,24,65,0
BIP,5,20251027,131500,23,23,23,23,28,0
BIP,5,20251027,132500,23.9,23.9,23.9,23.9,1,0
BIP,5,20251027,150500,23,23,23,23,5,0
BIP,5,20251027,151000,23,23,23,23,16,0
BIP,5,20251027,151500,23,23,23,23,335,0
BIP,5,20251027,152000,22.8,22.8,22.8,22.8,30,0
BIP,5,20251027,154500,23,23,23,23,21,0
BIP,5,20251027,162500,23,24,23,23.9,736,0
BIP,5,20251027,164000,24,24.5,24,24.5,200,0
BIP,5,20251027,164500,23,23,23,23,1,0
BIP,5,20251028,090000,23.5,23.5,23.5,23.5,19,0
BIP,5,20251028,120000,23.1,23.1,23.1,23.1,1,0
BIP,5,20251028,153500,23,23.1,23,23.1,85,0
BIP,5,20251029,101000,23,23,23,23,100,0
BIP,5,20251029,102500,23,23,23,23,3,0
BIP,5,20251029,104000,23,23,23,23,30,0
BIP,5,20251029,111500,23,23,23,23,155,0
BIP,5,20251029,121500,23,23.6,23,23.6,600,0
BIP,5,20251029,122000,23.6,23.9,23.6,23.9,25,0
BIP,5,20251029,135000,23,23,23,23,200,0
BIP,5,20251029,160500,23,23,23,23,10,0
BIP,5,20251030,090000,23,23,23,23,4,0
BIP,5,20251030,091000,23,23,23,23,1,0
BIP,5,20251030,104500,23,23,23,23,1,0
BIP,5,20251030,112000,23,23,23,23,1,0
BIP,5,20251030,112500,23,23,23,23,2,0
BIP,5,20251030,115500,22.9,22.9,22.9,22.9,1,0
BIP,5,20251030,130000,23,23,23,23,1,0
BIP,5,20251030,131500,23,23,23,23,5,0
BIP,5,20251030,140500,22.8,22.8,22.8,22.8,16,0
BIP,5,20251030,144000,22,22,22,22,1,0
BIP,5,20251030,164000,22,24.4,22,24.4,1775,0
BIP,5,20251031,090000,23,23,23,23,9,0
BIP,5,20251031,094500,23,23,23,23,5,0
BIP,5,20251031,102000,23.9,23.9,23.9,23.9,25,0
BIP,5,20251031,124000,23.6,23.6,23.6,23.6,2,0
BIP,5,20251031,143000,23.6,23.9,23.6,23.9,50,0
BIP,5,20251031,155000,23.8,23.8,23.8,23.8,8,0
BIP,5,20251103,090000,23.9,23.9,23.8,23.8,103,0
BIP,5,20251103,092500,23.9,23.9,23.9,23.9,20,0
BIP,5,20251103,102500,23.9,24,23.9,24,200,0
BIP,5,20251103,104000,23.9,23.9,23.9,23.9,123,0
BIP,5,20251103,104500,23.5,23.5,23.5,23.5,50,0
BIP,5,20251103,105500,23.2,23.2,23,23,374,0
BIP,5,20251103,115500,22,22,22,22,298,0
BIP,5,20251103,120500,22.1,22.1,22,22,75,0
BIP,5,20251103,121500,22,22,22,22,1,0
BIP,5,20251103,122500,22,22,22,22,4,0
BIP,5,20251103,134000,22,22,22,22,441,0
BIP,5,20251103,143000,22,22,22,22,153,0
BIP,5,20251103,150500,22,22,22,22,100,0
BIP,5,20251103,161000,22,22,22,22,82,0
BIP,5,20251103,162500,22,22,22,22,130,0
BIP,5,20251103,163500,22,22,22,22,1,0
BIP,5,20251104,090000,22,22,21.2,21.2,269,0
BIP,5,20251104,100500,21.4,21.4,20.5,20.5,1070,0
BIP,5,20251104,101000,21.6,22,21.6,22,100,0
BIP,5,20251104,103500,21,21,21,21,230,0
BIP,5,20251104,105000,21,21,21,21,400,0
BIP,5,20251104,111000,21,21.1,21,21.1,320,0
BIP,5,20251104,111500,21.3,21.3,21.3,21.3,100,0
BIP,5,20251104,112500,21.4,21.4,21.4,21.4,14,0
BIP,5,20251104,131000,21,21.9,21,21.9,325,0
BIP,5,20251104,152000,21.5,21.5,21.5,21.5,4,0
BIP,5,20251104,155000,21.9,22,21.9,22,150,0
BIP,5,20251105,090000,21,21,21,21,1,0
BIP,5,20251105,092000,21.8,21.8,21.8,21.8,3,0
BIP,5,20251105,121500,21.8,21.8,21.8,21.8,2,0
BIP,5,20251106,090000,21.8,21.8,21.8,21.8,12,0
BIP,5,20251106,094000,21.8,21.8,21.8,21.8,1,0
BIP,5,20251106,113000,21.6,21.6,21.6,21.6,1,0
BIP,5,20251106,140000,21.8,22,21.8,22,55,0
BIP,5,20251106,163000,21.6,21.6,21,21,124,0
BIP,5,20251106,164500,22,22,22,22,1,0
BIP,5,20251107,094000,21.9,21.9,21.9,21.9,101,0
BIP,5,20251107,095500,22,22,22,22,79,0
BIP,5,20251107,114500,21,21,21,21,55,0
BIP,5,20251107,130500,22,22,22,22,20,0
BIP,5,20251107,144500,22,22,22,22,5,0
BIP,5,20251110,090000,22,22,22,22,45,0
BIP,5,20251110,105000,21.8,21.8,21.8,21.8,3,0
BIP,5,20251112,090000,22,22,22,22,22,0
BIP,5,20251112,095500,21.8,21.8,21.8,21.8,5,0
BIP,5,20251112,110500,21.8,21.8,21.8,21.8,26,0
BIP,5,20251112,123500,21.8,21.8,21.8,21.8,5,0
BIP,5,20251112,132500,21.8,21.8,21.8,21.8,4,0
BIP,5,20251113,161000,21.8,21.8,21.8,21.8,2,0
BIP,5,20251114,104000,21.7,21.7,21.7,21.7,1,0
BIP,5,20251114,130000,21.6,21.6,21,21,50,0
BIP,5,20251114,133500,21,21,21,21,5,0
BIP,5,20251114,143500,21.3,21.3,21.3,21.3,2,0
BIP,5,20251114,152500,21.2,21.2,21.2,21.2,15,0
BIP,5,20251117,090000,21,21,21,21,45,0
BIP,5,20251117,091000,21.2,21.2,21.2,21.2,10,0
BIP,5,20251117,091500,21.8,22,21.8,22,354,0
BIP,5,20251117,092000,21,21,21,21,206,0
BIP,5,20251117,094500,21,21,21,21,1,0
BIP,5,20251117,114000,21.2,21.2,21.2,21.2,199,0
BIP,5,20251117,142000,21.3,21.3,21.3,21.3,1,0
BIP,5,20251117,152000,21.3,21.3,21.3,21.3,99,0
BIP,5,20251117,164500,21.2,21.2,21.2,21.2,70,0
BIP,5,20251118,102000,22,22,22,22,233,0
BIP,5,20251118,113000,21.4,21.4,21.4,21.4,1,0
BIP,5,20251118,120000,21.4,21.4,21.4,21.4,99,0
BIP,5,20251118,120500,22,22,22,22,131,0
BIP,5,20251118,140500,22,22,22,22,3,0
BIP,5,20251119,090000,22,22,22,22,6,0
BIP,5,20251119,091000,22,22,22,22,226,0
BIP,5,20251119,103500,21.3,21.3,21.3,21.3,110,0
BIP,5,20251119,115500,21.9,22,21.9,22,453,0
BIP,5,20251119,123000,22,22,22,22,152,0
BIP,5,20251119,125000,22.8,23,22.8,23,50,0
BIP,5,20251119,154000,23,23,23,23,2,0
BIP,5,20251119,162000,22.1,22.1,22.1,22.1,4,0
BIP,5,20251119,165500,23,23,23,23,22,0
BIP,5,20251120,090000,23,23,23,23,9,0
BIP,5,20251120,091000,23,23,23,23,146,0
BIP,5,20251120,092500,23.6,23.6,23.6,23.6,11,0
BIP,5,20251120,093000,23.6,23.6,23.6,23.6,92,0
BIP,5,20251120,113500,24,24,24,24,50,0
BIP,5,20251120,134000,23,23,23,23,371,0
BIP,5,20251120,151500,23,23,23,23,217,0
BIP,5,20251120,153000,22.1,22.1,22.1,22.1,80,0
BIP,5,20251120,164500,22.9,23,22.9,23,100,0
BIP,5,20251121,090000,22.1,22.1,22.1,22.1,80,0
BIP,5,20251121,124500,22.2,22.2,22.1,22.1,314,0
BIP,5,20251121,133500,22.5,22.5,22.5,22.5,28,0
BIP,5,20251121,135500,22,22,22,22,1,0
BIP,5,20251121,140500,22.5,22.5,22.5,22.5,182,0
BIP,5,20251121,141000,22.5,22.5,22.5,22.5,22,0
BIP,5,20251121,163000,22.8,22.8,22.8,22.8,8,0
BIP,5,20251124,090000,22.9,22.9,22.9,22.9,45,0
BIP,5,20251124,091000,22.1,22.1,22.1,22.1,8,0
BIP,5,20251124,093500,22.2,22.2,22.2,22.2,5,0
BIP,5,20251124,102500,22.8,23,22.8,23,50,0
BIP,5,20251125,090000,23,23,23,23,345,0
BIP,5,20251125,091000,24,24,24,24,32,0
BIP,5,20251125,142500,23.9,23.9,23.9,23.9,180,0
BIP,5,20251125,163500,24,24,24,24,50,0
BIP,5,20251126,110000,24,24,24,24,238,0
BIP,5,20251126,110500,24,24,24,24,363,0
BIP,5,20251126,125000,23.9,23.9,23.9,23.9,157,0
BIP,5,20251126,125500,23.9,23.9,23.9,23.9,260,0
BIP,5,20251127,162000,23.7,23.7,23.7,23.7,2,0
BIP,5,20251127,164000,23.7,23.7,23.7,23.7,3,0
BIP,5,20251128,090000,23.9,23.9,23.9,23.9,140,0
BIP,5,20251128,091500,24,24,23.9,23.9,278,0
BIP,5,20251128,162500,23.6,23.6,23.6,23.6,1,0
BIP,5,20251201,090000,23.9,23.9,23.9,23.9,40,0
BIP,5,20251201,091500,23.9,23.9,23.9,23.9,5,0
BIP,5,20251201,092500,23.9,23.9,23.9,23.9,83,0
BIP,5,20251201,104500,23.8,23.8,23.8,23.8,179,0
BIP,5,20251201,105500,23.8,23.9,23.8,23.9,418,0
BIP,5,20251201,134500,23.9,23.9,23.9,23.9,8,0
BIP,5,20251201,153500,23.7,23.7,23.1,23.1,180,0
BIP,5,20251201,160500,23.2,23.2,23.2,23.2,45,0
BIP,5,20251202,100000,23.3,23.3,23.3,23.3,2,0
