<TICKER>,<PER>,<DATE>,<TIME>,<OPEN>,<HIGH>,<LOW>,<CLOSE>,<VOL>,<OPENINT>
MLG,5,20250707,090000,84.4,84.4,82.2,82.2,104,0
MLG,5,20250707,091500,84.2,84.2,84.2,84.2,12,0
MLG,5,20250707,092000,82.8,82.8,82.8,82.8,70,0
MLG,5,20250707,092500,82.8,82.8,82.8,82.8,29,0
MLG,5,20250707,094000,84.2,84.2,84.2,84.2,5,0
MLG,5,20250707,114500,82.4,82.4,82.4,82.4,114,0
MLG,5,20250707,115000,82.4,82.4,82.4,82.4,16,0
MLG,5,20250707,120500,84.2,84.2,84.2,84.2,5,0
MLG,5,20250707,155500,83.4,83.4,83.4,83.4,30,0
MLG,5,20250707,160500,84.2,84.2,84.2,84.2,5,0
MLG,5,20250707,161000,83.4,83.4,83.4,83.4,14,0
MLG,5,20250707,164500,83.4,83.4,83.4,83.4,8,0
MLG,5,20250708,090000,84,84,84,84,5,0
MLG,5,20250708,091000,82.6,82.6,82.6,82.6,18,0
MLG,5,20250708,091500,82.6,82.6,82.6,82.6,50,0
MLG,5,20250708,092000,82.6,82.6,82.6,82.6,13,0
MLG,5,20250708,092500,82.6,83.8,82.6,83.8,36,0
MLG,5,20250708,093500,84,84.2,84,84.2,10,0
MLG,5,20250708,110000,82.6,82.6,82.6,82.6,60,0
MLG,5,20250708,112500,82.6,82.6,82.6,82.6,4,0
MLG,5,20250708,122500,82.6,82.6,82.6,82.6,10,0
MLG,5,20250708,124000,82.6,82.6,82.6,82.6,3,0
MLG,5,20250708,124500,82.6,82.6,82.6,82.6,5,0
MLG,5,20250708,145000,82.4,82.4,82.4,82.4,3,0
MLG,5,20250708,152500,82.4,82.4,82.2,82.2,160,0
MLG,5,20250708,153500,84.2,84.2,84.2,84.2,10,0
MLG,5,20250709,090000,84,84,84,84,5,0
MLG,5,20250709,090500,82.2,82.2,82.2,82.2,30,0
MLG,5,20250709,091000,82.2,82.2,82.2,82.2,69,0
MLG,5,20250709,100000,82.2,82.2,82.2,82.2,10,0
MLG,5,20250709,100500,82.2,82.2,82.2,82.2,1,0
MLG,5,20250709,101000,82,82,82,82,350,0
MLG,5,20250709,101500,82,82,82,82,4,0
MLG,5,20250709,102000,82,82,82,82,1,0
MLG,5,20250709,102500,82,82,82,82,5,0
MLG,5,20250709,104500,82,82,82,82,5,0
MLG,5,20250709,111500,82,82,82,82,5,0
MLG,5,20250709,112500,82,82,82,82,18,0
MLG,5,20250709,131000,82,82,82,82,65,0
MLG,5,20250709,132000,82,82,82,82,10,0
MLG,5,20250709,134000,82,82,82,82,5,0
MLG,5,20250709,162000,82,82,82,82,523,0
MLG,5,20250709,164500,82,82,82,82,25,0
MLG,5,20250710,090000,82,82,82,82,88,0
MLG,5,20250710,090500,82,82,81.6,81.6,76,0
MLG,5,20250710,094000,81.6,81.8,81.6,81.6,158,0
MLG,5,20250710,133000,81.8,81.8,81.8,81.8,1,0
MLG,5,20250710,143500,81.8,81.8,81.8,81.8,16,0
MLG,5,20250710,150500,81.8,81.8,81.8,81.8,1,0
MLG,5,20250710,153500,81.6,81.6,81.6,81.6,70,0
MLG,5,20250710,155500,81.6,81.6,81.6,81.6,50,0
MLG,5,20250710,161000,81.8,82,81.8,81.8,100,0
MLG,5,20250711,090000,82,82,81.8,81.8,19,0
MLG,5,20250711,112500,82,82,82,82,20,0
MLG,5,20250711,113000,81,81.2,81,81.2,24,0
MLG,5,20250711,113500,81,81,81,81,15,0
MLG,5,20250711,114000,81,81,81,81,7,0
MLG,5,20250711,122000,81,81,81,81,1,0
MLG,5,20250711,125000,81,81,81,81,10,0
MLG,5,20250711,125500,81,81,81,81,1,0
MLG,5,20250711,133500,81,81,81,81,4,0
MLG,5,20250711,135500,81,81,81,81,32,0
MLG,5,20250711,140500,81,81,81,81,1,0
MLG,5,20250711,141000,81,81,81,81,4,0
MLG,5,20250711,144500,82,82,82,82,50,0
MLG,5,20250711,145000,82,82,82,82,150,0
MLG,5,20250711,155000,82,82,82,82,42,0
MLG,5,20250714,090000,82,82,82,82,1,0
MLG,5,20250714,103000,82,82,82,82,72,0
MLG,5,20250714,161500,82,82,82,82,343,0
MLG,5,20250714,164500,82,82,82,82,5,0
MLG,5,20250715,090000,80.6,80.6,80.6,80.6,35,0
MLG,5,20250715,131000,81.8,81.8,81.8,81.8,2,0
MLG,5,20250715,162500,81.8,81.8,80,80,181,0
MLG,5,20250715,163000,82,82,82,82,5,0
MLG,5,20250716,090000,81.8,81.8,81.8,81.8,1,0
MLG,5,20250716,112500,80.2,80.2,79.8,80,122,0
MLG,5,20250716,114000,80,80,80,80,3,0
MLG,5,20250716,120000,80,80,80,80,16,0
MLG,5,20250716,120500,80,80,79.8,79.8,26,0
MLG,5,20250716,121500,79.8,79.8,79.8,79.8,2,0
MLG,5,20250716,122000,79.8,79.8,79,79,56,0
MLG,5,20250716,123000,79,79,79,79,7,0
MLG,5,20250716,130500,79,79,79,79,16,0
MLG,5,20250716,132000,79,79,79,79,30,0
MLG,5,20250716,132500,79,79,79,79,5,0
MLG,5,20250716,133000,79,79,79,79,5,0
MLG,5,20250716,134000,78,78.4,78,78,217,0
MLG,5,20250716,141000,78.8,78.8,78.8,78.8,2,0
MLG,5,20250716,141500,78.8,78.8,78.8,78.8,1,0
MLG,5,20250716,143000,78.8,78.8,78.8,78.8,2,0
MLG,5,20250716,145500,78.8,78.8,78.8,78.8,5,0
MLG,5,20250716,151000,78.8,78.8,78.8,78.8,2,0
MLG,5,20250716,151500,78.8,78.8,78.8,78.8,1,0
MLG,5,20250716,152000,78.8,78.8,78.8,78.8,3,0
MLG,5,20250716,153500,78.8,78.8,78.8,78.8,2,0
MLG,5,20250716,154000,78.8,78.8,78.8,78.8,3,0
MLG,5,20250716,160500,78,78.2,77.4,77.4,195,0
MLG,5,20250716,161000,79.6,79.6,79.6,79.6,5,0
MLG,5,20250716,164500,79.4,82,79.4,82,138,0
MLG,5,20250717,090500,81.8,81.8,81.8,81.8,18,0
MLG,5,20250717,101500,77.8,81.8,77.8,81.8,15,0
MLG,5,20250717,132500,78.4,78.4,78.4,78.4,120,0
MLG,5,20250717,133500,81.6,81.6,81.6,81.6,3,0
MLG,5,20250717,134000,78.2,78.2,78.2,78.2,10,0
MLG,5,20250717,143500,78.4,78.4,78.2,78.2,20,0
MLG,5,20250717,144000,81,81,81,81,5,0
MLG,5,20250717,145000,78.2,78.2,78.2,78.2,100,0
MLG,5,20250717,151000,78.2,78.2,78,78,72,0
MLG,5,20250717,151500,80,80.2,80,80.2,6,0
MLG,5,20250717,155000,78.4,80.2,78.4,80.2,52,0
MLG,5,20250718,090000,80,80,80,80,2,0
MLG,5,20250718,092000,78.2,78.2,78,78,20,0
MLG,5,20250718,102000,79.6,79.6,79.6,79.6,3,0
MLG,5,20250718,160500,79.6,79.6,79.6,79.6,1,0
MLG,5,20250721,100000,79.4,80,79.4,80,29,0
MLG,5,20250721,112500,80.2,80.2,80.2,80.2,15,0
MLG,5,20250721,162500,80.2,80.2,80.2,80.2,2,0
MLG,5,20250722,090000,82,82,82,82,5,0
MLG,5,20250722,092000,82,82,82,82,2,0
MLG,5,20250723,090000,82,82,82,82,2,0
MLG,5,20250723,095500,80.2,80.2,80.2,80.2,1,0
MLG,5,20250723,111500,80.2,80.2,80.2,80.2,6,0
MLG,5,20250723,162500,80.2,80.2,80,80,9,0
MLG,5,20250723,163000,80.8,80.8,80.8,80.8,9,0
MLG,5,20250723,164500,79.2,80.8,79.2,80.8,77,0
MLG,5,20250724,090000,82,82,82,82,14,0
MLG,5,20250724,122000,80.8,80.8,80.8,80.8,2,0
MLG,5,20250724,123500,80.8,80.8,80.8,80.8,1,0
MLG,5,20250724,130500,80.8,80.8,80.8,80.8,2,0
MLG,5,20250725,090000,80,80,80,80,20,0
MLG,5,20250728,090000,80,80,80,80,3,0
MLG,5,20250728,091500,82,82,82,82,5,0
MLG,5,20250729,090000,81.8,81.8,81.8,81.8,2,0
MLG,5,20250729,090500,81.6,81.6,81.6,81.6,2,0
MLG,5,20250729,105500,80.2,80.2,77.8,77.8,200,0
MLG,5,20250729,111000,80.4,80.4,80.4,80.4,1,0
MLG,5,20250729,161000,80,80,80,80,20,0
MLG,5,20250729,161500,80,80.4,80,80.4,9,0
MLG,5,20250730,090000,78.2,78.2,78.2,78.2,2,0
MLG,5,20250730,091000,80.2,80.2,80.2,80.2,1,0
MLG,5,20250730,115500,79.6,79.6,79.6,79.6,4,0
MLG,5,20250730,122000,80.2,80.2,80.2,80.2,2,0
MLG,5,20250731,090000,80.2,80.2,80.2,80.2,3,0
MLG,5,20250731,104500,80.2,80.2,80.2,80.2,3,0
MLG,5,20250731,132500,78.2,78.2,77.8,77.8,4,0
MLG,5,20250731,133500,78,78,77,77,160,0
MLG,5,20250731,135500,79.8,80,79.8,79.8,5,0
MLG,5,20250731,140000,80.2,80.2,80.2,80.2,1,0
MLG,5,20250801,090000,79.8,79.8,79.8,79.8,3,0
MLG,5,20250801,130000,77.2,77.2,77,77,21,0
MLG,5,20250801,130500,77,77,77,77,17,0
MLG,5,20250801,131500,77,77,77,77,20,0
MLG,5,20250801,132000,77,77,77,77,5,0
MLG,5,20250801,133000,77,77,77,77,15,0
MLG,5,20250801,133500,77,77,77,77,20,0
MLG,5,20250801,134500,77,78.8,77,78.8,3,0
MLG,5,20250804,090000,78.6,78.6,78.6,78.6,3,0
MLG,5,20250804,094000,78.6,78.6,78.6,78.6,15,0
MLG,5,20250804,105000,78.6,78.6,78.6,78.6,30,0
MLG,5,20250804,144000,78.6,78.6,78.6,78.6,25,0
MLG,5,20250804,152000,77.4,77.4,77.4,77.4,39,0
MLG,5,20250804,164500,79.8,79.8,79.8,79.8,3,0
MLG,5,20250805,090000,79.8,79.8,79.8,79.8,3,0
MLG,5,20250805,100000,77.8,77.8,77.8,77.8,13,0
MLG,5,20250805,121500,77.8,77.8,77.8,77.8,15,0
MLG,5,20250805,151500,77.8,77.8,77.8,77.8,1,0
MLG,5,20250806,090000,79.8,79.8,79.8,79.8,3,0
MLG,5,20250806,154500,76.4,76.4,76.4,76.4,5,0
MLG,5,20250806,160000,78.8,78.8,78.8,78.8,1,0
MLG,5,20250806,163000,79.4,79.4,79.4,79.4,2,0
MLG,5,20250807,090000,79.2,79.2,79.2,79.2,3,0
MLG,5,20250808,090000,79.2,79.2,79.2,79.2,2,0
MLG,5,20250808,090500,79.8,79.8,79.8,79.8,2,0
MLG,5,20250808,103000,76.4,76.4,76.2,76.2,83,0
MLG,5,20250808,111500,76.4,79,76.4,79,49,0
MLG,5,20250808,123000,78.8,79.2,78.8,79,101,0
MLG,5,20250808,141500,79.4,79.4,79.4,79.4,99,0
MLG,5,20250808,142000,79.4,79.4,79.4,79.4,1,0
MLG,5,20250808,155500,79.4,79.8,79.4,79.8,59,0
MLG,5,20250808,162500,78.2,79.8,78.2,79.8,28,0
MLG,5,20250811,090000,79.8,79.8,79.8,79.8,3,0
MLG,5,20250811,103500,79.8,80,79.8,79.8,10,0
MLG,5,20250811,112000,80,80,80,80,130,0
MLG,5,20250811,125500,80,80,80,80,2,0
MLG,5,20250812,090000,80,80,80,80,3,0
MLG,5,20250812,104000,78.6,78.6,78.6,78.6,1,0
MLG,5,20250812,123000,79.6,79.6,79.6,79.6,1,0
MLG,5,20250812,151000,78.6,78.6,78.6,78.6,21,0
MLG,5,20250812,164500,80,80,80,80,1,0
MLG,5,20250813,090000,80,80,80,80,3,0
MLG,5,20250813,091000,80,80,80,80,10,0
MLG,5,20250813,113000,78.8,78.8,78.8,78.8,12,0
MLG,5,20250813,134000,79.4,79.4,79.4,79.4,1,0
MLG,5,20250813,144000,79,79,79,79,25,0
MLG,5,20250814,090000,79.4,79.4,79.4,79.4,3,0
MLG,5,20250818,090000,79.4,79.4,79.4,79.4,3,0
MLG,5,20250818,115000,77.6,78.8,77.6,78.8,414,0
MLG,5,20250818,121000,78.6,78.6,78.6,78.6,2,0
MLG,5,20250818,123000,78.6,78.8,78.6,78.8,2,0
MLG,5,20250818,123500,77.6,78.8,77.6,78.8,411,0
MLG,5,20250818,134500,78.6,78.6,78.6,78.6,3,0
MLG,5,20250818,135000,77.6,77.6,77.6,77.6,3,0
MLG,5,20250818,154000,78,78,78,78,20,0
MLG,5,20250818,165500,78.6,78.6,78.6,78.6,1,0
MLG,5,20250819,090000,78.6,78.6,78.6,78.6,3,0
MLG,5,20250819,154000,78.2,78.2,78.2,78.2,10,0
MLG,5,20250819,160000,78.2,78.2,78.2,78.2,75,0
MLG,5,20250819,164500,77.8,79.4,77.8,77.8,10,0
MLG,5,20250820,090000,77.8,77.8,77.8,77.8,3,0
MLG,5,20250820,112000,77.8,77.8,77.8,77.8,235,0
MLG,5,20250820,132500,78.8,78.8,78.8,78.8,85,0
MLG,5,20250820,140000,77.8,77.8,77.8,77.8,3,0
MLG,5,20250820,145500,79.2,79.2,79.2,79.2,5,0
MLG,5,20250820,164500,80,80,80,80,25,0
MLG,5,20250821,090000,80,80,80,80,3,0
MLG,5,20250821,113000,77.4,77.4,77.4,77.4,2,0
MLG,5,20250821,165500,79.8,79.8,79.8,79.8,15,0
MLG,5,20250822,090000,79.8,79.8,79.8,79.8,3,0
MLG,5,20250822,100500,77.8,77.8,77.8,77.8,2,0
MLG,5,20250822,103500,79.8,79.8,79.8,79.8,10,0
MLG,5,20250825,090000,79.6,79.6,79.6,79.6,2,0
MLG,5,20250825,095500,78,78,78,78,110,0
MLG,5,20250825,162500,79.8,79.8,79.8,79.8,1,0
MLG,5,20250826,090000,79,79,79,79,3,0
MLG,5,20250826,094000,78,78,78,78,25,0
MLG,5,20250826,100500,78,78,78,78,22,0
MLG,5,20250826,130500,77.8,77.8,77.8,77.8,15,0
MLG,5,20250826,142500,78,78,78,78,5,0
MLG,5,20250826,150000,78,78,78,78,2,0
MLG,5,20250826,150500,77.4,77.4,77.4,77.4,4,0
MLG,5,20250826,151000,78,78,78,78,10,0
MLG,5,20250826,151500,78,79,77.4,79,50,0
MLG,5,20250826,161500,78.8,78.8,78.8,78.8,2,0
MLG,5,20250826,164500,77.6,79,77.6,79,3,0
MLG,5,20250827,090000,79.8,79.8,79.8,79.8,3,0
MLG,5,20250827,132000,79.8,79.8,79.8,79.8,19,0
MLG,5,20250827,135500,79.8,79.8,79.8,79.8,17,0
MLG,5,20250827,141500,79.8,79.8,79.8,79.8,164,0
MLG,5,20250828,090000,80,80,80,80,10,0
MLG,5,20250828,122000,80,80,80,80,31,0
MLG,5,20250828,154500,78,78,78,78,1,0
MLG,5,20250828,163000,78,80,78,80,17,0
MLG,5,20250829,090000,80,80,80,80,3,0
MLG,5,20250829,110500,78,78,78,78,10,0
MLG,5,20250829,123500,78,78,78,78,5,0
MLG,5,20250829,124000,78,78,78,78,10,0
MLG,5,20250829,134000,78,78,78,78,4,0
MLG,5,20250829,135500,78,78,78,78,15,0
MLG,5,20250829,151500,78,78,78,78,5,0
MLG,5,20250829,161000,78,78,78,78,5,0
MLG,5,20250901,090000,78,78,77.8,77.8,133,0
MLG,5,20250901,121000,77.8,77.8,77.8,77.8,88,0
MLG,5,20250901,125500,78,78,78,78,50,0
MLG,5,20250901,130500,77,77,77,77,3,0
MLG,5,20250901,132500,78,78,78,78,2,0
MLG,5,20250902,090000,78,78,78,78,155,0
MLG,5,20250902,092000,78,78,78,78,1,0
MLG,5,20250902,102000,78,78,78,78,1,0
MLG,5,20250902,111000,78,78,78,78,5,0
MLG,5,20250902,121000,77,77,77,77,108,0
MLG,5,20250902,135500,78,78,78,78,5,0
MLG,5,20250902,163000,77,77,77,77,70,0
MLG,5,20250902,164500,78,78,78,78,3,0
MLG,5,20250903,090000,78,78,78,78,3,0
MLG,5,20250903,091000,78,78,78,78,41,0
MLG,5,20250903,101000,78,78,78,78,155,0
MLG,5,20250903,102000,78,78,78,78,1,0
MLG,5,20250903,124000,78,78,78,78,20,0
MLG,5,20250903,164500,77.8,77.8,77.8,77.8,7,0
MLG,5,20250904,090000,77.8,77.8,77.8,77.8,4,0
MLG,5,20250904,101000,77.8,77.8,77.8,77.8,2,0
MLG,5,20250904,124000,77.8,77.8,77.8,77.8,32,0
MLG,5,20250904,131000,77.8,77.8,77.8,77.8,716,0
MLG,5,20250904,133000,77.8,77.8,77.8,77.8,28,0
MLG,5,20250904,164500,77.8,77.8,77.8,77.8,1244,0
MLG,5,20250905,090000,78,78,78,78,4,0
MLG,5,20250905,092000,78,78,78,78,4,0
MLG,5,20250905,093000,78,78,78,78,3,0
MLG,5,20250905,110000,78,78,78,78,280,0
MLG,5,20250905,115500,78,78,78,78,5,0
MLG,5,20250908,090000,78,78,78,78,3,0
MLG,5,20250908,092000,77,77,77,77,56,0
MLG,5,20250908,092500,77,77,77,77,1,0
MLG,5,20250908,094500,77.8,77.8,77.8,77.8,6,0
MLG,5,20250908,100000,78,78,78,78,10,0
MLG,5,20250908,101500,78,78,78,78,25,0
MLG,5,20250908,102000,78,78,78,78,25,0
MLG,5,20250908,135000,78,78,78,78,25,0
MLG,5,20250908,164000,78,78,78,78,5,0
MLG,5,20250909,090000,78,78,78,78,3,0
MLG,5,20250909,091000,78,78,78,78,4,0
MLG,5,20250909,092500,77.8,77.8,77,77,28,0
MLG,5,20250909,093500,77,77,77,77,14,0
MLG,5,20250909,100000,77,77,77,77,17,0
MLG,5,20250909,102500,77,77,77,77,5,0
MLG,5,20250909,103000,76.8,76.8,76.8,76.8,130,0
MLG,5,20250909,105500,76.6,76.6,76,76,25,0
MLG,5,20250909,110000,76,76,76,76,36,0
MLG,5,20250909,120500,77,77,77,77,30,0
MLG,5,20250910,090000,77.4,77.4,77.4,77.4,3,0
MLG,5,20250910,131500,77,77,77,77,1,0
MLG,5,20250910,132500,77,77,77,77,34,0
MLG,5,20250911,090000,77,77,77,77,3,0
MLG,5,20250911,101500,77.4,77.4,77.4,77.4,7,0
MLG,5,20250911,103500,77.4,77.4,77.4,77.4,10,0
MLG,5,20250911,104000,77.4,77.4,77.4,77.4,5,0
MLG,5,20250911,111500,77.4,77.4,77.4,77.4,10,0
MLG,5,20250911,142000,77.2,77.2,77.2,77.2,1,0
MLG,5,20250911,151000,77.2,77.2,77.2,77.2,19,0
MLG,5,20250912,090000,77.6,77.6,77.6,77.6,3,0
MLG,5,20250912,132500,77.4,77.4,77.4,77.4,24,0
MLG,5,20250912,144000,77.6,77.6,77.6,77.6,37,0
MLG,5,20250912,160000,77.6,77.6,77.6,77.6,13,0
MLG,5,20250915,090000,78,78,78,78,3,0
MLG,5,20250915,164500,77,77,77,77,215,0
MLG,5,20250916,090000,77.8,77.8,77.8,77.8,3,0
MLG,5,20250916,091500,76.4,76.4,76.4,76.4,5,0
MLG,5,20250916,092000,77.6,77.6,77.6,77.6,1,0
MLG,5,20250916,093000,77.6,77.8,77.6,77.8,7,0
MLG,5,20250916,115500,77.8,77.8,77.8,77.8,1,0
MLG,5,20250916,162000,76.6,76.6,76.6,76.6,15,0
MLG,5,20250917,090000,77.8,77.8,77.8,77.8,3,0
MLG,5,20250917,094500,77.8,77.8,77.8,77.8,13,0
MLG,5,20250917,095000,77.8,77.8,77.8,77.8,15987,0
MLG,5,20250917,095500,77.8,78,77.8,78,14923,0
MLG,5,20250917,100000,77.8,77.8,77.8,77.8,60,0
MLG,5,20250917,100500,77.8,77.8,77.8,77.8,27,0
MLG,5,20250917,101000,77.8,77.8,77.8,77.8,19470,0
MLG,5,20250917,121000,77.8,77.8,77.8,77.8,4,0
MLG,5,20250917,124000,77.8,77.8,77.8,77.8,20,0
MLG,5,20250917,164500,77.4,77.4,77.4,77.4,3199,0
MLG,5,20250918,090000,77.8,77.8,77.8,77.8,3,0
MLG,5,20250918,095000,77.8,77.8,77.8,77.8,2,0
MLG,5,20250918,130500,77.8,77.8,77.8,77.8,25,0
MLG,5,20250918,134500,77,77,77,77,115,0
MLG,5,20250918,151500,76.6,76.6,76.6,76.6,69,0
MLG,5,20250918,152000,76.2,76.2,76.2,76.2,61,0
MLG,5,20250918,160500,76.2,76.2,75,75,207,0
MLG,5,20250918,161000,75,75,75,75,25,0
MLG,5,20250918,163000,74.4,74.4,74.4,74.4,180,0
MLG,5,20250918,163500,75.8,75.8,75.8,75.8,1,0
MLG,5,20250918,164000,75.8,75.8,75.8,75.8,20,0
MLG,5,20250919,090000,75.6,75.6,75.6,75.6,5,0
MLG,5,20250919,092000,75.6,75.6,73,73.2,210,0
MLG,5,20250919,092500,75,75,75,75,2,0
MLG,5,20250919,093000,75,75,75,75,2,0
MLG,5,20250919,094500,74,74,73.2,73.2,61,0
MLG,5,20250919,095000,73,73,73,73,118,0
MLG,5,20250919,095500,73,73,73,73,10,0
MLG,5,20250919,100000,73,73,73,73,9,0
MLG,5,20250919,100500,73,73,73,73,108,0
MLG,5,20250919,101000,73,73,73,73,5,0
MLG,5,20250919,102500,73,73,73,73,1,0
MLG,5,20250919,103000,73,73,73,73,14,0
MLG,5,20250919,104000,72.8,72.8,72.8,72.8,4,0
MLG,5,20250919,104500,74.6,74.6,73,73,38,0
MLG,5,20250919,105500,73,73,73,73,14,0
MLG,5,20250919,111500,73,73,73,73,2,0
MLG,5,20250919,112000,73,73,73,73,2,0
MLG,5,20250919,113000,73,73,73,73,8,0
MLG,5,20250919,113500,73,73,73,73,77,0
MLG,5,20250919,114500,73,73,73,73,11,0
MLG,5,20250919,115000,73,73,73,73,1,0
MLG,5,20250919,121000,73,73,73,73,20,0
MLG,5,20250919,121500,73,73,73,73,5,0
MLG,5,20250919,122000,73,73,73,73,11,0
MLG,5,20250919,123000,73,73,73,73,10,0
MLG,5,20250919,125000,73,73,73,73,55,0
MLG,5,20250919,130000,73,73,73,73,94,0
MLG,5,20250919,130500,73,73,73,73,253,0
MLG,5,20250919,131500,73,73,73,73,40,0
MLG,5,20250919,132000,72.8,72.8,71.8,71.8,749,0
MLG,5,20250919,132500,72.2,72.8,72.2,72.8,115,0
MLG,5,20250919,133000,72.8,72.8,72.8,72.8,275,0
MLG,5,20250919,133500,72.8,72.8,72.8,72.8,1,0
MLG,5,20250919,134000,72.8,72.8,72.8,72.8,24,0
MLG,5,20250919,144000,72.8,72.8,72.8,72.8,101,0
MLG,5,20250919,151000,72.8,72.8,72.8,72.8,12,0
MLG,5,20250919,153500,72.6,72.6,72.6,72.6,40,0
MLG,5,20250919,154000,72.6,72.6,72.6,72.6,60,0
MLG,5,20250919,154500,72.4,72.4,72,72,105,0
MLG,5,20250919,155000,72,72,71,71,515,0
MLG,5,20250919,155500,72.6,72.6,72.6,72.6,25,0
MLG,5,20250919,160000,71.6,71.6,71.6,71.6,10,0
MLG,5,20250919,161000,72,72,72,72,1,0
MLG,5,20250919,161500,72,72,72,72,30,0
MLG,5,20250919,162000,72.6,72.6,72.6,72.6,25,0
MLG,5,20250919,162500,72,72,71,71,433,0
MLG,5,20250919,163500,71.2,71.2,71,71,100,0
MLG,5,20250919,164000,71.6,71.6,70,70,1308,0
MLG,5,20250919,164500,70,70,68.4,68.4,5746,0
MLG,5,20250922,090000,69.8,72,69.6,69.6,1184,0
MLG,5,20250922,091500,70.2,70.2,69.6,69.6,10070,0
MLG,5,20250922,092000,69.6,69.6,69.6,69.6,5951,0
MLG,5,20250922,092500,71.4,71.4,71.4,71.4,5,0
MLG,5,20250922,093000,71.4,71.4,71.4,71.4,11,0
MLG,5,20250922,094500,71.4,71.4,71.4,71.4,11,0
MLG,5,20250922,095000,71.2,71.2,71.2,71.2,11,0
MLG,5,20250922,095500,71,71,71,71,50,0
MLG,5,20250922,100000,71.2,71.2,71.2,71.2,1,0
MLG,5,20250922,100500,71.2,71.2,71.2,71.2,51,0
MLG,5,20250922,101500,71.2,71.2,71.2,71.2,13,0
MLG,5,20250922,104000,71.2,71.2,71.2,71.2,11,0
MLG,5,20250922,105000,71.2,71.2,71.2,71.2,100,0
MLG,5,20250922,105500,71,71,71,71,38,0
MLG,5,20250922,110000,71,71,71,71,16,0
MLG,5,20250922,110500,70.6,70.6,70.6,70.6,500,0
MLG,5,20250922,111500,71,71,71,71,11,0
MLG,5,20250922,112500,70.6,70.6,70.4,70.4,215,0
MLG,5,20250922,113000,70.4,70.4,70.2,70.2,80,0
MLG,5,20250922,123000,71.2,71.2,71.2,71.2,20,0
MLG,5,20250922,123500,71.2,71.4,71.2,71.4,11,0
MLG,5,20250922,124500,71.4,71.4,71.4,71.4,50,0
MLG,5,20250922,125000,71.4,71.4,71.4,71.4,647,0
MLG,5,20250922,125500,71.6,72,71.6,72,127,0
MLG,5,20250922,130000,72,72,71.4,71.4,363,0
MLG,5,20250922,130500,72,72,71.4,71.8,107,0
MLG,5,20250922,131000,71.6,71.6,71.4,71.4,9000,0
MLG,5,20250922,132000,71.8,71.8,71.4,71.4,86,0
MLG,5,20250922,132500,71.8,71.8,71.8,71.8,13,0
MLG,5,20250922,133000,71.8,71.8,71.8,71.8,11,0
MLG,5,20250922,133500,71.2,71.2,71.2,71.2,50,0
MLG,5,20250922,134000,71.8,71.8,71.8,71.8,8,0
MLG,5,20250922,134500,71.8,72,71.8,71.8,53,0
MLG,5,20250922,135000,71.6,72,71.6,72,399,0
MLG,5,20250922,140000,72,72.4,72,72.4,210,0
MLG,5,20250922,142000,72.4,72.4,72.4,72.4,25,0
MLG,5,20250922,143500,72.4,72.4,72.4,72.4,49,0
MLG,5,20250922,144500,72.4,72.4,72.4,72.4,67,0
MLG,5,20250922,145000,72.4,72.6,72.4,72.6,425,0
MLG,5,20250922,145500,72.6,72.6,72.6,72.6,15,0
MLG,5,20250922,151000,72.6,72.6,72.6,72.6,75,0
MLG,5,20250922,151500,72.6,72.6,72.6,72.6,88,0
MLG,5,20250922,155000,72.4,72.4,72.4,72.4,22,0
MLG,5,20250922,155500,72.4,72.4,72.4,72.4,28,0
MLG,5,20250922,160000,72.2,72.2,72,72,100,0
MLG,5,20250922,161000,72.4,72.4,72.4,72.4,11,0
MLG,5,20250922,162000,72.4,72.4,72.4,72.4,281,0
MLG,5,20250922,163500,72.4,72.4,72.4,72.4,1,0
MLG,5,20250922,164000,72.4,72.4,72.4,72.4,11,0
MLG,5,20250922,164500,72.4,72.4,72.4,72.4,146,0
MLG,5,20250923,090000,72.6,73.4,72.6,73.4,151,0
MLG,5,20250923,090500,73.4,73.4,73.4,73.4,41,0
MLG,5,20250923,091000,73.4,73.6,73.4,73.6,46,0
MLG,5,20250923,092500,73.6,73.6,73.6,73.6,46,0
MLG,5,20250923,093000,74.6,74.6,74.6,74.6,85,0
MLG,5,20250923,094000,74.6,74.6,74.6,74.6,2,0
MLG,5,20250923,094500,74.6,74.6,74.6,74.6,100,0
MLG,5,20250923,095500,74.8,74.8,74.8,74.8,29,0
MLG,5,20250923,101000,74.2,74.2,74,74,108,0
MLG,5,20250923,102000,73.6,73.6,73.6,73.6,256,0
MLG,5,20250923,102500,73.6,73.6,73.6,73.6,25,0
MLG,5,20250923,103000,73.6,73.6,73.6,73.6,11,0
MLG,5,20250923,103500,73.6,73.6,73.6,73.6,15,0
MLG,5,20250923,104000,73.6,73.6,73.6,73.6,15,0
MLG,5,20250923,105000,73.6,73.6,73.6,73.6,15,0
MLG,5,20250923,105500,73.6,73.6,73.6,73.6,15,0
MLG,5,20250923,110000,73.6,73.6,73.6,73.6,27,0
MLG,5,20250923,110500,73.4,73.4,73.4,73.4,38,0
MLG,5,20250923,113500,73.6,73.6,73.6,73.6,115,0
MLG,5,20250923,115500,73.4,73.4,73.2,73.4,100,0
MLG,5,20250923,120000,73.2,73.2,73.2,73.2,113,0
MLG,5,20250923,120500,73.4,73.4,73.2,73.2,92,0
MLG,5,20250923,125000,73.6,73.6,73.6,73.6,15,0
MLG,5,20250923,125500,73.6,73.6,73.6,73.6,15,0
MLG,5,20250923,130500,73.6,73.6,73.6,73.6,15,0
MLG,5,20250923,131000,73.6,73.6,73.6,73.6,25,0
MLG,5,20250923,131500,73.6,73.6,73.6,73.6,22,0
MLG,5,20250923,132500,73.6,73.6,73.6,73.6,30,0
MLG,5,20250923,133000,73.6,73.6,73.6,73.6,22,0
MLG,5,20250923,140000,73.6,73.6,73.6,73.6,25,0
MLG,5,20250923,160000,73,73,73,73,20,0
MLG,5,20250923,161000,73,73,73,73,50,0
MLG,5,20250923,162500,73,73,73,73,13,0
MLG,5,20250923,165500,73.6,73.6,73.6,73.6,13,0
MLG,5,20250924,090000,73.6,73.6,73.6,73.6,15,0
MLG,5,20250924,090500,73.6,73.6,73.6,73.6,10,0
MLG,5,20250924,092500,73,73,72.6,72.6,67,0
MLG,5,20250924,093500,73,73.6,73,73.6,142,0
MLG,5,20250924,103500,73.2,73.2,73.2,73.2,45,0
MLG,5,20250924,104500,73.2,73.2,73,73,55,0
MLG,5,20250924,113000,73,73,73,73,138,0
MLG,5,20250924,115000,72.4,72.4,72.4,72.4,80,0
MLG,5,20250924,120000,73.2,73.2,72.2,72.2,15,0
MLG,5,20250924,140500,73.2,73.2,73.2,73.2,3,0
MLG,5,20250924,141000,73.2,73.2,73.2,73.2,2,0
MLG,5,20250924,152000,72.4,72.4,72.4,72.4,1,0
MLG,5,20250924,163000,73.2,73.2,73.2,73.2,50,0
MLG,5,20250925,090000,73.6,73.6,73.6,73.6,3,0
MLG,5,20250925,091500,73.6,73.6,73.6,73.6,5,0
MLG,5,20250925,092500,73.6,73.6,73.6,73.6,35,0
MLG,5,20250925,104000,72.6,72.6,72.6,72.6,100,0
MLG,5,20250925,145000,73,73,72.6,72.6,35,0
MLG,5,20250925,163000,72.8,72.8,72.8,72.8,100,0
MLG,5,20250925,163500,73.6,73.6,73.6,73.6,111,0
MLG,5,20250925,164000,73.6,73.6,73.6,73.6,50,0
MLG,5,20250926,090000,73.6,73.6,73.6,73.6,5,0
MLG,5,20250926,100000,72.6,72.6,72.6,72.6,220,0
MLG,5,20250926,100500,73.6,73.6,73.6,73.6,8,0
MLG,5,20250926,122000,73.6,73.6,73.6,73.6,5,0
MLG,5,20250926,140500,73.6,73.6,73.6,73.6,200,0
MLG,5,20250926,155000,73.6,73.6,73.6,73.6,13,0
MLG,5,20250926,163500,73.4,73.4,73,73,33,0
MLG,5,20250926,164000,73,73,73,73,25,0
MLG,5,20250929,090000,73.2,73.2,73.2,73.2,3,0
MLG,5,20250929,090500,73.6,73.6,73.6,73.6,108,0
MLG,5,20250929,100000,73.2,73.2,73,73,50,0
MLG,5,20250929,120000,73,73,73,73,50,0
MLG,5,20250929,134000,73,73,73,73,131,0
MLG,5,20250929,145000,72.4,72.4,72.4,72.4,50,0
MLG,5,20250929,151500,72.4,72.4,72.2,72.2,50,0
MLG,5,20250929,163000,73,73,73,73,10,0
MLG,5,20250929,164500,72.4,72.4,72.4,72.4,1732,0
MLG,5,20250930,090000,72.4,72.4,72.4,72.4,1,0
MLG,5,20250930,091000,72.4,72.4,72.2,72.2,165,0
MLG,5,20250930,091500,72.2,72.2,72.2,72.2,11,0
MLG,5,20250930,092000,72.2,72.2,72.2,72.2,24,0
MLG,5,20250930,094500,73,73,73,73,30,0
MLG,5,20250930,095500,73,73,73,73,8,0
MLG,5,20250930,103500,73,73,73,73,29,0
MLG,5,20250930,105000,73,73,73,73,21,0
MLG,5,20250930,110500,73.6,73.6,73.6,73.6,15,0
MLG,5,20250930,124000,73.6,73.6,73.6,73.6,15,0
MLG,5,20250930,125000,73.6,73.6,73.6,73.6,3,0
MLG,5,20250930,140500,73.4,73.4,73.4,73.4,20,0
MLG,5,20250930,152000,73.4,73.4,73.4,73.4,30,0
MLG,5,20250930,154500,73.4,73.6,73.4,73.6,50,0
MLG,5,20250930,162500,73.6,73.6,73.6,73.6,20,0
MLG,5,20251001,090000,73.6,73.6,73.6,73.6,3,0
MLG,5,20251001,092000,73.6,73.6,73.6,73.6,51,0
MLG,5,20251001,093000,73,73,73,73,7,0
MLG,5,20251001,093500,73,73,73,73,163,0
MLG,5,20251001,114500,72.8,72.8,72.4,72.4,120,0
MLG,5,20251001,115500,73.4,73.4,73.4,73.4,11,0
MLG,5,20251001,144500,73.2,73.2,73.2,73.2,11,0
MLG,5,20251001,155500,73.2,73.2,73.2,73.2,35,0
MLG,5,20251001,160500,73.2,73.2,73.2,73.2,25,0
MLG,5,20251001,161000,73.2,73.2,73.2,73.2,25,0
MLG,5,20251002,090000,73.2,73.2,73.2,73.2,30,0
MLG,5,20251002,091000,73.2,73.2,73.2,73.2,35,0
MLG,5,20251002,091500,73.2,73.2,73.2,73.2,45,0
MLG,5,20251002,092500,73.2,73.2,73.2,73.2,7,0
MLG,5,20251002,100500,73.2,73.2,73.2,73.2,70,0
MLG,5,20251002,102500,73.2,73.4,73.2,73.4,301,0
MLG,5,20251002,105000,73.6,73.6,73.6,73.6,11,0
MLG,5,20251002,110000,73.6,73.6,73.6,73.6,28,0
MLG,5,20251002,123000,73.6,73.6,73.6,73.6,21,0
MLG,5,20251002,143000,73.6,73.6,73.6,73.6,20,0
MLG,5,20251002,144500,73.4,73.4,73.4,73.4,40,0
MLG,5,20251002,145500,73.4,73.4,73.4,73.4,40,0
MLG,5,20251002,162500,73.6,73.6,73.6,73.6,88,0
MLG,5,20251002,163000,73.6,73.6,73.6,73.6,25,0
MLG,5,20251002,164000,73.6,73.6,73.6,73.6,44,0
MLG,5,20251002,164500,73.6,73.6,73.6,73.6,25,0
MLG,5,20251003,090000,73.4,73.4,73.4,73.4,45,0
MLG,5,20251003,091000,73.4,73.4,73,73,33,0
MLG,5,20251003,091500,73,73,73,73,52,0
MLG,5,20251003,092000,73.6,73.6,73.6,73.6,11,0
MLG,5,20251003,093500,73,73,73,73,7,0
MLG,5,20251003,102000,73.6,73.6,73.6,73.6,128,0
MLG,5,20251003,123000,73.6,73.6,73.6,73.6,1,0
MLG,5,20251003,124500,73.2,73.6,73,73.6,301,0
MLG,5,20251003,163000,72.8,72.8,72.8,72.8,1,0
MLG,5,20251003,163500,72.8,73.6,72.8,73.6,3,0
MLG,5,20251006,090000,73.6,73.6,73.6,73.6,50,0
MLG,5,20251006,095500,73,73,72.6,72.6,199,0
MLG,5,20251006,103000,73.4,73.4,73.4,73.4,111,0
MLG,5,20251006,143000,72.8,72.8,72.6,72.6,85,0
MLG,5,20251006,143500,73.4,73.4,73.4,73.4,9,0
MLG,5,20251007,090000,73.6,73.6,73.6,73.6,3,0
MLG,5,20251007,094000,73.6,73.6,73.6,73.6,50,0
MLG,5,20251007,095500,73.6,73.6,73.6,73.6,31,0
MLG,5,20251007,101500,72.8,72.8,72.6,72.6,25,0
MLG,5,20251007,102500,72.6,72.6,72.6,72.6,2,0
MLG,5,20251007,112000,73.6,73.6,73.6,73.6,40,0
MLG,5,20251007,113000,72.8,72.8,72.8,72.8,30,0
MLG,5,20251007,115000,72.8,72.8,72.8,72.8,30,0
MLG,5,20251007,121000,73.6,73.6,73.6,73.6,10,0
MLG,5,20251007,124000,72.8,72.8,72.8,72.8,16,0
MLG,5,20251007,125500,73.6,73.6,73.6,73.6,30,0
MLG,5,20251007,154000,73.4,73.4,73,73,20,0
MLG,5,20251007,155000,73,73,73,73,3,0
MLG,5,20251007,163500,72.8,72.8,72.6,72.6,120,0
MLG,5,20251007,164000,73.6,73.6,73.6,73.6,30,0
MLG,5,20251008,090000,73.6,73.6,73.6,73.6,3,0
MLG,5,20251008,094000,72.6,72.6,72.6,72.6,104,0
MLG,5,20251008,095500,73.4,73.4,73.4,73.4,11,0
MLG,5,20251008,102000,72.8,73.4,72.8,73.4,40,0
MLG,5,20251008,113000,72.8,72.8,72.8,72.8,10000,0
MLG,5,20251008,115000,72.8,72.8,72.8,72.8,98,0
MLG,5,20251008,115500,72.8,72.8,72.8,72.8,3402,0
MLG,5,20251008,120000,72.8,72.8,72.8,72.8,1603,0
MLG,5,20251008,120500,72.8,72.8,72.8,72.8,383,0
MLG,5,20251008,121500,72.8,72.8,72.8,72.8,3,0
MLG,5,20251008,123500,73,73,73,73,118,0
MLG,5,20251008,125000,72.8,72.8,72.8,72.8,3,0
MLG,5,20251008,125500,72.8,72.8,72.8,72.8,3,0
MLG,5,20251008,130000,72.8,72.8,72.8,72.8,3,0
MLG,5,20251008,134500,73.4,73.4,73.4,73.4,1,0
MLG,5,20251008,142500,72.8,72.8,72.8,72.8,3,0
MLG,5,20251008,153000,73,73,73,73,113,0
MLG,5,20251008,164000,73.2,73.2,73.2,73.2,20,0
MLG,5,20251009,090000,73.2,73.2,73.2,73.2,30,0
MLG,5,20251009,092500,73,73,72.8,72.8,214,0
MLG,5,20251009,093500,73.2,73.2,73.2,73.2,58,0
MLG,5,20251009,094000,73.4,73.6,73.4,73.6,165,0
MLG,5,20251009,095500,72.8,72.8,72.8,72.8,90,0
MLG,5,20251009,100000,72.8,72.8,72.8,72.8,5,0
MLG,5,20251009,102000,73.2,73.2,73.2,73.2,66,0
MLG,5,20251009,112500,73.2,73.2,73.2,73.2,1,0
MLG,5,20251010,093500,73.4,73.4,73.4,73.4,101,0
MLG,5,20251010,130000,72.8,72.8,72.8,72.8,9,0
MLG,5,20251010,134000,73.4,73.4,73.4,73.4,114,0
MLG,5,20251010,141000,73,73,73,73,20,0
MLG,5,20251010,154000,73,73,72.8,72.8,143,0
MLG,5,20251010,161500,73.2,73.2,73.2,73.2,3,0
MLG,5,20251010,164500,73.2,73.2,73.2,73.2,6,0
MLG,5,20251013,090500,73.6,73.6,72.4,72.4,164,0
MLG,5,20251013,091000,73.6,73.6,73.6,73.6,4,0
MLG,5,20251013,101000,73.6,73.6,73.6,73.6,68,0
MLG,5,20251013,105500,73.6,73.6,73.6,73.6,100,0
MLG,5,20251013,110000,73.6,73.8,73.6,73.8,415,0
MLG,5,20251013,112500,74.6,74.6,74.6,74.6,1,0
MLG,5,20251013,113000,74.6,75,74.6,75,92,0
MLG,5,20251013,113500,75,75,75,75,115,0
MLG,5,20251013,115000,75,75,75,75,5,0
MLG,5,20251013,141500,73.2,73.4,73.2,73.4,27,0
MLG,5,20251013,142000,74.6,74.8,74.6,74.8,3,0
MLG,5,20251013,143500,74.8,74.8,74.8,74.8,25,0
MLG,5,20251013,152500,73.4,73.4,73.2,73.2,70,0
MLG,5,20251013,153000,74.8,74.8,74.8,74.8,2,0
MLG,5,20251013,162500,74.8,74.8,74.8,74.8,190,0
MLG,5,20251013,163000,74.8,74.8,74.8,74.8,8,0
MLG,5,20251013,164000,74.2,74.2,74.2,74.2,10,0
MLG,5,20251013,164500,74.8,75.2,74.6,75,39,0
MLG,5,20251014,090000,75.2,75.2,75.2,75.2,2,0
MLG,5,20251014,091500,75,75.2,75,75.2,30,0
MLG,5,20251014,093000,75.2,75.2,74.2,74.2,56,0
MLG,5,20251014,093500,74.2,74.2,74.2,74.2,44,0
MLG,5,20251014,094000,75.2,75.2,75.2,75.2,5,0
MLG,5,20251014,094500,74.2,74.2,74.2,74.2,150,0
MLG,5,20251014,095000,75.2,75.2,75.2,75.2,8,0
MLG,5,20251014,102500,74.2,74.2,74.2,74.2,1,0
MLG,5,20251014,103000,74.2,74.2,74.2,74.2,22,0
MLG,5,20251014,104500,75,75,75,75,80,0
MLG,5,20251014,111000,75,75,75,75,10,0
MLG,5,20251014,113000,74.4,74.4,74.4,74.4,2,0
MLG,5,20251014,121000,74.4,74.4,74.4,74.4,15,0
MLG,5,20251014,123000,74.4,74.4,74.4,74.4,11,0
MLG,5,20251014,123500,74.2,74.4,74.2,74.4,17,0
MLG,5,20251014,125000,74.2,74.2,74.2,74.2,40,0
MLG,5,20251014,142000,74.4,74.4,74.4,74.4,20,0
MLG,5,20251014,164500,74.6,75,74.6,75,115,0
MLG,5,20251015,090000,75,75,75,75,17,0
MLG,5,20251015,092000,75,75,75,75,5,0
MLG,5,20251015,092500,75,75,75,75,25,0
MLG,5,20251015,093000,75,75,75,75,20,0
MLG,5,20251015,094000,75,75,75,75,20,0
MLG,5,20251015,101500,75,75,75,75,40,0
MLG,5,20251015,104500,75,75,75,75,30,0
MLG,5,20251015,111000,75,75,75,75,150,0
MLG,5,20251015,112500,75,75,74.4,74.4,131,0
MLG,5,20251015,113000,75,75,75,75,41,0
MLG,5,20251015,120000,74.8,74.8,74.8,74.8,1,0
MLG,5,20251015,130500,74.8,74.8,74.8,74.8,24,0
MLG,5,20251015,133500,75,75,75,75,20,0
MLG,5,20251015,142000,74.8,74.8,74.8,74.8,50,0
MLG,5,20251015,161000,74.8,74.8,74.8,74.8,11,0
MLG,5,20251015,163000,74.8,74.8,74.8,74.8,17,0
MLG,5,20251015,164500,74.6,74.6,74,74,230,0
MLG,5,20251016,090000,75,75.2,75,75.2,143,0
MLG,5,20251016,090500,75.4,75.4,75,75,141,0
MLG,5,20251016,093000,75,75,75,75,7,0
MLG,5,20251016,094000,74.2,74.2,74.2,74.2,20,0
MLG,5,20251016,105000,75,75,75,75,33,0
MLG,5,20251016,113500,75.4,75.4,75,75,144,0
MLG,5,20251016,121000,75.2,75.2,75.2,75.2,10,0
MLG,5,20251016,130500,75.2,75.4,75.2,75.4,50,0
MLG,5,20251016,143500,75.2,75.4,75.2,75.4,20,0
MLG,5,20251016,150000,75.2,75.2,75,75,102,0
MLG,5,20251016,153000,75,75,75,75,63,0
MLG,5,20251016,162500,74.8,74.8,74.2,74.2,3394,0
MLG,5,20251016,163000,74.4,74.4,74.2,74.2,6893,0
MLG,5,20251016,164500,75,75,75,75,2,0
MLG,5,20251017,090000,75,75,75,75,3,0
MLG,5,20251017,092000,75.2,75.2,74,74,41,0
MLG,5,20251017,093000,75,75,75,75,100,0
MLG,5,20251017,103000,74.4,74.4,74.4,74.4,14,0
MLG,5,20251017,110000,75,75,75,75,66,0
MLG,5,20251017,114000,75.8,75.8,75.8,75.8,95,0
MLG,5,20251017,121000,75,75,75,75,41,0
MLG,5,20251017,133000,75.8,75.8,75.8,75.8,75,0
MLG,5,20251017,143000,75.8,76,75.8,76,209,0
MLG,5,20251017,144000,76.8,76.8,76.8,76.8,12,0
MLG,5,20251017,152000,76.4,77.8,76.4,77.8,902,0
MLG,5,20251020,090000,77.6,77.6,77.6,77.6,23,0
MLG,5,20251020,090500,77.6,77.6,77.6,77.6,450,0
MLG,5,20251020,100500,77.6,77.6,77.6,77.6,20,0
MLG,5,20251020,101000,77.6,77.6,77.6,77.6,47,0
MLG,5,20251020,101500,77.6,77.8,77.6,77.8,39,0
MLG,5,20251020,103500,77.8,77.8,77.8,77.8,80,0
MLG,5,20251020,105000,77.6,77.6,77.6,77.6,70,0
MLG,5,20251020,110500,77.6,77.6,77.6,77.6,50,0
MLG,5,20251020,111500,77.8,77.8,77.8,77.8,130,0
MLG,5,20251020,115000,77.6,77.6,77.6,77.6,21,0
MLG,5,20251020,121500,77.6,77.6,77.6,77.6,73,0
MLG,5,20251020,122000,77.4,77.4,77.4,77.4,17,0
MLG,5,20251020,125500,77.6,77.6,77.6,77.6,1,0
MLG,5,20251020,130000,77.6,77.8,77.6,77.8,1037,0
MLG,5,20251020,130500,77.8,77.8,77.8,77.8,520,0
MLG,5,20251020,131000,77.8,77.8,77.6,77.6,395,0
MLG,5,20251020,133500,77.6,77.6,77.6,77.6,60,0
MLG,5,20251020,134500,77.6,77.6,77.6,77.6,79,0
MLG,5,20251020,135000,77.6,77.6,77.6,77.6,131,0
MLG,5,20251020,140000,77.6,77.6,77.6,77.6,50,0
MLG,5,20251020,142500,77.6,77.6,77.6,77.6,100,0
MLG,5,20251020,151500,77.4,77.4,77.4,77.4,170,0
MLG,5,20251020,164500,77.4,77.4,77.4,77.4,30,0
MLG,5,20251021,090000,77.4,77.4,77.4,77.4,3,0
MLG,5,20251021,091000,78,78,78,78,33,0
MLG,5,20251021,091500,78,78,78,78,3,0
MLG,5,20251021,105000,78,78,78,78,45,0
MLG,5,20251021,112500,78,78,78,78,22,0
MLG,5,20251021,114500,78,78,78,78,200,0
MLG,5,20251021,121000,77.8,77.8,77.8,77.8,78,0
MLG,5,20251021,122500,77.8,77.8,77.8,77.8,72,0
MLG,5,20251021,132000,77.8,77.8,77.8,77.8,30,0
MLG,5,20251021,162500,78,78,78,78,100,0
MLG,5,20251022,090000,78.4,78.4,78.4,78.4,20,0
MLG,5,20251022,090500,79,79,79,79,1,0
MLG,5,20251022,093500,78.4,78.4,78.4,78.4,50,0
MLG,5,20251022,102500,79,79,79,79,201,0
MLG,5,20251022,103500,79,79,79,79,30,0
MLG,5,20251022,104500,79,79,79,79,95,0
MLG,5,20251022,110500,79,79,79,79,6,0
MLG,5,20251022,125500,79,79,79,79,89,0
MLG,5,20251023,090000,79.6,79.6,79.6,79.6,15,0
MLG,5,20251023,091500,79.6,79.6,79.6,79.6,11,0
MLG,5,20251023,092500,80,80,79.8,79.8,32,0
MLG,5,20251023,093000,80,80,80,80,473,0
MLG,5,20251023,094000,80,80,80,80,50,0
MLG,5,20251023,101500,80,80,80,80,50,0
MLG,5,20251023,102000,80,80,80,80,29,0
MLG,5,20251023,110000,80,80,80,80,25,0
MLG,5,20251023,111500,79.8,79.8,79.6,79.6,68,0
MLG,5,20251023,164500,79.6,79.6,78.6,79.6,11,0
MLG,5,20251024,090000,80,80,80,80,96,0
MLG,5,20251024,095500,79.8,79.8,79.8,79.8,13,0
MLG,5,20251024,101500,79.6,79.6,79,79,35,0
MLG,5,20251024,102000,79,79,79,79,24,0
MLG,5,20251024,110500,79,79,78.8,78.8,81,0
MLG,5,20251024,120500,79,79,79,79,100,0
MLG,5,20251024,122000,79,79,79,79,56,0
MLG,5,20251024,123000,79,79,79,79,53,0
MLG,5,20251024,140500,79.6,79.6,79.6,79.6,78,0
MLG,5,20251024,155500,79,79,79,79,42,0
MLG,5,20251024,160000,79,79,79,79,65,0
MLG,5,20251024,160500,79,79,79,79,8,0
MLG,5,20251024,162500,79,79,79,79,20,0
MLG,5,20251024,163000,79,79,79,79,1,0
MLG,5,20251024,164500,79.4,79.4,79.4,79.4,2,0
MLG,5,20251027,090000,79.4,79.4,79.4,79.4,73,0
MLG,5,20251027,091500,79.8,79.8,79.8,79.8,127,0
MLG,5,20251027,092000,79.8,79.8,79.8,79.8,88,0
MLG,5,20251027,092500,79.8,79.8,79.8,79.8,4,0
MLG,5,20251027,093000,79.8,79.8,79.8,79.8,3,0
MLG,5,20251027,093500,79.8,79.8,79.8,79.8,233,0
MLG,5,20251027,094000,79.8,79.8,79.8,79.8,2,0
MLG,5,20251027,094500,79.6,79.6,79.2,79.2,200,0
MLG,5,20251027,112000,79.8,79.8,79.8,79.8,100,0
MLG,5,20251027,133500,79.8,79.8,79.8,79.8,120,0
MLG,5,20251027,142500,79.8,79.8,79.8,79.8,400,0
MLG,5,20251027,143000,79.8,79.8,79.8,79.8,65,0
MLG,5,20251027,143500,79.8,79.8,79.8,79.8,136,0
MLG,5,20251027,164500,80,80,80,80,12,0
MLG,5,20251028,090000,80,80,80,80,3,0
MLG,5,20251028,095000,79.8,79.8,79.8,79.8,35,0
MLG,5,20251028,100500,79.8,79.8,79.8,79.8,250,0
MLG,5,20251028,102000,79.4,79.4,79,79,179,0
MLG,5,20251028,110000,78.8,78.8,78.6,78.6,13,0
MLG,5,20251028,115000,79.6,79.8,79.6,79.8,42,0
MLG,5,20251028,121500,79.2,79.2,79.2,79.2,30,0
MLG,5,20251028,122000,78.6,78.6,78.6,78.6,28,0
MLG,5,20251028,131500,79,79,79,79,538,0
MLG,5,20251028,132500,79,79.8,79,79.8,76,0
MLG,5,20251028,134500,79.8,79.8,79.8,79.8,4,0
MLG,5,20251028,141000,79,79,79,79,30,0
MLG,5,20251028,143500,78.8,78.8,78.8,78.8,140,0
MLG,5,20251028,151000,79.8,79.8,79.8,79.8,80,0
MLG,5,20251028,152500,78.8,78.8,78.8,78.8,30,0
MLG,5,20251028,153000,78.8,78.8,78.8,78.8,20,0
MLG,5,20251028,160000,78.8,79,78.8,79,77,0
MLG,5,20251028,160500,78.8,78.8,78.8,78.8,25,0
MLG,5,20251028,162000,78.8,78.8,78.8,78.8,287,0
MLG,5,20251028,162500,78.8,78.8,78.8,78.8,103,0
MLG,5,20251028,164500,79.8,79.8,79.8,79.8,17,0
MLG,5,20251029,090000,80,80,80,80,134,0
MLG,5,20251029,090500,80.8,80.8,80.8,80.8,7,0
MLG,5,20251029,091000,81.4,83,81.4,82.8,97,0
MLG,5,20251029,091500,82,82,80,80,124,0
MLG,5,20251029,092500,81,81,80,80,233,0
MLG,5,20251029,093000,82.2,82.2,82.2,82.2,100,0
MLG,5,20251029,093500,80,80,80,80,9,0
MLG,5,20251029,094000,80,80,80,80,20,0
MLG,5,20251029,095500,80,80,80,80,5,0
MLG,5,20251029,102000,80,80,80,80,80,0
MLG,5,20251029,103000,80,80,80,80,100,0
MLG,5,20251029,105000,79.8,79.8,79.8,79.8,80,0
MLG,5,20251029,105500,80,80,80,80,420,0
MLG,5,20251029,112000,80.2,80.2,80.2,80.2,6,0
MLG,5,20251029,113000,79.8,79.8,79.8,79.8,73,0
MLG,5,20251029,121500,79.8,79.8,79.8,79.8,10,0
MLG,5,20251029,122000,79.8,79.8,79.8,79.8,81,0
MLG,5,20251029,122500,79.8,79.8,79.8,79.8,10,0
MLG,5,20251029,125000,79.8,79.8,79.8,79.8,130,0
MLG,5,20251029,125500,79.8,79.8,79.8,79.8,1,0
MLG,5,20251029,132500,79.6,79.6,79.6,79.6,75,0
MLG,5,20251029,140000,79.6,79.6,79.6,79.6,65,0
MLG,5,20251029,145500,79.6,79.8,79.6,79.8,90,0
MLG,5,20251029,153500,79.8,79.8,79.8,79.8,500,0
MLG,5,20251029,163000,79.6,79.6,79.6,79.6,30,0
MLG,5,20251030,090000,81.8,81.8,81.8,81.8,3,0
MLG,5,20251030,094000,80.8,80.8,80.8,80.8,15,0
MLG,5,20251030,094500,80,80.2,80,80,239,0
MLG,5,20251030,101000,80.4,80.4,80.2,80.2,115,0
MLG,5,20251030,101500,80.8,80.8,80.8,80.8,32,0
MLG,5,20251030,102500,80,80,80,80,97,0
MLG,5,20251030,105500,80,80,79.6,79.6,839,0
MLG,5,20251030,111500,79.8,79.8,79.8,79.8,30,0
MLG,5,20251030,112500,79.8,79.8,79.8,79.8,17,0
MLG,5,20251030,115000,79.6,79.6,79.6,79.6,366,0
MLG,5,20251030,115500,79.6,79.6,79.6,79.6,15,0
MLG,5,20251030,120500,79.6,79.6,79.6,79.6,90,0
MLG,5,20251030,122000,79.6,79.6,79.6,79.6,200,0
MLG,5,20251030,123500,79.6,79.6,79.6,79.6,73,0
MLG,5,20251030,133500,79.4,79.4,79.4,79.4,145,0
MLG,5,20251030,134000,79.4,79.4,79.4,79.4,90,0
MLG,5,20251030,145000,79.2,79.2,79,79,25,0
MLG,5,20251030,150500,79.4,79.4,79.4,79.4,25,0
MLG,5,20251030,152500,79.4,79.4,79.4,79.4,52,0
MLG,5,20251030,161500,79.4,79.4,79.4,79.4,25,0
MLG,5,20251030,164000,79.4,79.6,79.4,79.6,98,0
MLG,5,20251030,164500,81,81,81,81,2,0
MLG,5,20251031,090000,81.4,81.4,81.4,81.4,3,0
MLG,5,20251031,090500,80,80,79.8,79.8,233,0
MLG,5,20251031,091000,80,80,80,80,4,0
MLG,5,20251031,093000,81,81,80,80,21,0
MLG,5,20251031,100000,80,80,80,80,27,0
MLG,5,20251031,110500,80,80,80,80,27,0
MLG,5,20251031,113500,80,80,80,80,18,0
MLG,5,20251031,114500,80,80,80,80,24,0
MLG,5,20251031,120500,80,80,80,80,150,0
MLG,5,20251031,125000,80,80,80,80,2,0
MLG,5,20251031,130500,80,80,80,80,291,0
MLG,5,20251031,131000,80,80,80,80,98,0
MLG,5,20251031,155500,81,81,80,80,99,0
MLG,5,20251031,160000,80,80.4,80,80.2,42,0
MLG,5,20251031,160500,80.6,80.6,80.4,80.4,20,0
MLG,5,20251031,161500,80.2,80.2,80,80,10,0
MLG,5,20251031,164000,80,80,80,80,50,0
MLG,5,20251031,164500,80,80,80,80,120,0
MLG,5,20251103,090000,80,80,80,80,3,0
MLG,5,20251103,111000,81.4,82,81.4,82,60,0
MLG,5,20251103,122000,81.6,81.6,81.6,81.6,35,0
MLG,5,20251103,125000,81.6,81.6,81.6,81.6,20,0
MLG,5,20251103,135000,80.6,80.6,80.6,80.6,44,0
MLG,5,20251103,135500,80.2,80.2,80.2,80.2,1,0
MLG,5,20251104,090000,80.8,80.8,80.8,80.8,28,0
MLG,5,20251104,090500,80.6,80.6,80.6,80.6,1,0
MLG,5,20251104,092500,80.4,80.4,80.4,80.4,20,0
MLG,5,20251104,095500,80.6,80.6,80.6,80.6,55,0
MLG,5,20251104,121000,80.6,80.6,80.6,80.6,10,0
MLG,5,20251104,122000,80.6,80.6,80.6,80.6,15,0
MLG,5,20251104,132000,80.4,80.4,80.4,80.4,8,0
MLG,5,20251104,154000,80.6,81.4,80.6,81.4,41,0
MLG,5,20251104,161500,81,81,81,81,4,0
MLG,5,20251104,163000,81.4,81.4,81.4,81.4,150,0
MLG,5,20251104,164500,81.2,81.4,81.2,81.4,105,0
MLG,5,20251105,090000,81.4,81.4,81.4,81.4,3,0
MLG,5,20251105,091000,81.2,81.2,80.2,80.2,195,0
MLG,5,20251105,092500,81,81,81,81,28,0
MLG,5,20251105,095000,80.2,80.2,80,80,268,0
MLG,5,20251105,122000,79.8,79.8,79.8,79.8,5,0
MLG,5,20251105,123500,80,80,80,80,1,0
MLG,5,20251105,130000,79.8,79.8,79.8,79.8,5,0
MLG,5,20251105,130500,79.8,79.8,79.8,79.8,12,0
MLG,5,20251105,155500,80,80,80,80,13,0
MLG,5,20251105,160000,80.2,80.2,80.2,80.2,17,0
MLG,5,20251105,164500,80,80,80,80,8,0
MLG,5,20251106,090000,80,80,80,80,3,0
MLG,5,20251106,100000,80,80,80,80,5,0
MLG,5,20251106,100500,80.2,80.2,80.2,80.2,23,0
MLG,5,20251106,121500,80.4,80.4,80.4,80.4,80,0
MLG,5,20251106,125500,80.4,80.6,80.4,80.6,35,0
MLG,5,20251106,135000,80.6,80.6,80.6,80.6,45,0
MLG,5,20251106,151500,80.4,80.4,80.4,80.4,10,0
MLG,5,20251106,155500,80,80,80,80,54,0
MLG,5,20251106,160000,80,80,80,80,76,0
MLG,5,20251106,161000,80,80,80,80,35,0
MLG,5,20251106,162500,80,80.4,80,80.4,25,0
MLG,5,20251106,163000,80.8,80.8,80.8,80.8,25,0
MLG,5,20251107,090000,81.4,81.4,81.4,81.4,3,0
MLG,5,20251107,104000,80,80,80,80,40,0
MLG,5,20251107,125500,80,80,80,80,7,0
MLG,5,20251107,152000,80.4,80.4,80,80,36,0
MLG,5,20251110,090000,80.8,80.8,80.8,80.8,3,0
MLG,5,20251110,092000,81.2,81.4,81.2,81.4,20,0
MLG,5,20251110,092500,81.6,81.6,81.4,81.4,51,0
MLG,5,20251110,093000,81.4,81.4,81.4,81.4,10,0
MLG,5,20251110,093500,81.4,81.4,81.4,81.4,5,0
MLG,5,20251110,094000,81.4,81.4,81.4,81.4,51,0
MLG,5,20251110,121000,80.8,80.8,80.8,80.8,220,0
MLG,5,20251110,161500,81.4,81.4,81.4,81.4,20,0
MLG,5,20251112,090000,81.4,81.4,81.4,81.4,3,0
MLG,5,20251112,115500,80.4,80.4,80.4,80.4,2,0
MLG,5,20251112,132500,81.2,81.2,81.2,81.2,14,0
MLG,5,20251112,133500,81.2,81.6,81.2,81.6,190,0
MLG,5,20251112,145500,81.2,81.2,81.2,81.2,28,0
MLG,5,20251112,163500,81.4,81.6,81.4,81.6,170,0
MLG,5,20251113,090000,81.4,82,81.4,82,73,0
MLG,5,20251113,092500,82,82.6,82,82.6,140,0
MLG,5,20251113,093500,82.6,83,82.6,83,30,0
MLG,5,20251113,101000,82.2,82.2,82.2,82.2,10,0
MLG,5,20251113,104000,81.4,81.4,81.2,81.2,130,0
MLG,5,20251113,105500,81.2,81.2,81.2,81.2,870,0
MLG,5,20251113,131000,81.8,81.8,81.8,81.8,36,0
MLG,5,20251113,143500,81.4,81.4,81.4,81.4,5,0
MLG,5,20251113,144000,81.4,81.4,81.4,81.4,5,0
MLG,5,20251113,151500,81.4,81.4,81.4,81.4,112,0
MLG,5,20251113,153500,81.2,81.2,81.2,81.2,20,0
MLG,5,20251113,154500,81.2,81.2,81.2,81.2,2553,0
MLG,5,20251113,155000,81.4,81.4,81.4,81.4,20,0
MLG,5,20251114,090000,81.6,82,81.6,82,17,0
MLG,5,20251114,091500,81.6,81.8,81.6,81.8,93,0
MLG,5,20251114,095500,81.8,82.4,81.8,82.4,72,0
MLG,5,20251114,112000,82,82,82,82,20,0
MLG,5,20251114,112500,82.2,82.4,82.2,82.4,24,0
MLG,5,20251114,113000,82.4,82.4,82.4,82.4,107,0
MLG,5,20251114,113500,82.6,82.6,82.6,82.6,64,0
MLG,5,20251114,114500,82.6,82.6,82.6,82.6,116,0
MLG,5,20251114,121000,82.4,82.4,81.4,81.4,293,0
MLG,5,20251114,122000,81.4,81.4,81.2,81.2,285,0
MLG,5,20251114,122500,81.2,81.4,80,81.4,233,0
MLG,5,20251114,131500,79.8,79.8,79.8,79.8,51,0
MLG,5,20251114,132000,81,81,81,81,2,0
MLG,5,20251114,150500,80.8,80.8,80.8,80.8,5,0
MLG,5,20251114,151000,80,80.8,80,80.8,28,0
MLG,5,20251114,152000,80.2,80.2,80,80,15,0
MLG,5,20251114,153000,79.8,79.8,79.8,79.8,35,0
MLG,5,20251114,153500,81,81,81,81,5,0
MLG,5,20251114,164500,80.8,80.8,80.8,80.8,1,0
MLG,5,20251117,090000,80.8,80.8,80.8,80.8,4,0
MLG,5,20251117,091000,80.8,80.8,80.8,80.8,6,0
MLG,5,20251117,091500,81,82.2,81,82.2,95,0
MLG,5,20251117,092000,81.2,81.2,81.2,81.2,31,0
MLG,5,20251117,105000,81,81,81,81,6,0
MLG,5,20251117,110000,80.8,80.8,80.8,80.8,23,0
MLG,5,20251117,111000,79.6,79.6,79,79,244,0
MLG,5,20251117,120500,79.2,79.2,79.2,79.2,20,0
MLG,5,20251117,121000,79,79,79,79,76,0
MLG,5,20251117,161000,80.2,80.2,80.2,80.2,1,0
MLG,5,20251118,090000,80.2,80.2,79,79,213,0
MLG,5,20251118,100500,79.6,79.6,79,79,277,0
MLG,5,20251118,121500,79,79,79,79,1,0
MLG,5,20251118,122000,78.6,78.6,77.4,78,164,0
MLG,5,20251118,123000,77.4,77.4,77.4,77.4,112,0
MLG,5,20251118,131000,78.8,78.8,78.8,78.8,10,0
MLG,5,20251118,131500,78.8,78.8,78.8,78.8,20,0
MLG,5,20251118,143000,78.2,78.2,78.2,78.2,20,0
MLG,5,20251118,150500,78,78,78,78,78,0
MLG,5,20251118,153000,78,78,78,78,22,0
MLG,5,20251118,160000,77.4,77.4,77.4,77.4,217,0
MLG,5,20251118,162500,77.4,77.4,77.4,77.4,12,0
MLG,5,20251118,163500,77,77,76.2,76.2,120,0
MLG,5,20251118,164500,77.4,77.4,77.4,77.4,35,0
MLG,5,20251119,090000,78.2,78.2,78.2,78.2,3,0
MLG,5,20251119,092000,76.4,76.4,76.4,76.4,11,0
MLG,5,20251119,093000,77.8,77.8,77.8,77.8,2,0
MLG,5,20251119,094000,77,77,77,77,680,0
MLG,5,20251119,110500,77,77,77,77,5,0
MLG,5,20251119,112000,77,77,77,77,29,0
MLG,5,20251119,112500,77,77,77,77,16,0
MLG,5,20251119,113500,76.6,76.6,76.2,76.2,116,0
MLG,5,20251119,115500,76.8,76.8,76.8,76.8,12,0
MLG,5,20251119,120000,77.4,77.4,77.4,77.4,8,0
MLG,5,20251119,122500,77.4,77.4,77,77,484,0
MLG,5,20251119,161000,77,77.8,77,77.8,16,0
MLG,5,20251119,161500,77.8,77.8,77.8,77.8,21,0
MLG,5,20251119,164500,78,78,78,78,19,0
MLG,5,20251120,090000,78,78.8,78,78.2,113,0
MLG,5,20251120,093000,78.8,78.8,78.8,78.8,33,0
MLG,5,20251120,094000,79,79,79,79,27,0
MLG,5,20251120,123500,79,79,79,79,75,0
MLG,5,20251120,125500,78,78,78,78,2,0
MLG,5,20251120,160000,79.6,79.6,79.6,79.6,2,0
MLG,5,20251120,162000,78,78,78,78,17,0
MLG,5,20251120,162500,78,78,78,78,153,0
MLG,5,20251120,164500,79.6,79.6,79.6,79.6,2,0
MLG,5,20251121,090000,79.6,79.6,78.2,78.2,203,0
MLG,5,20251121,093000,79.4,79.4,79.4,79.4,1,0
MLG,5,20251121,113000,78,78,78,78,50,0
MLG,5,20251121,125000,78,78,78,78,36,0
MLG,5,20251121,160500,78,78,77.8,77.8,21,0
MLG,5,20251121,164500,79.2,79.2,79.2,79.2,4,0
MLG,5,20251124,090000,79,79,79,79,101,0
MLG,5,20251124,093000,79,79,79,79,50,0
MLG,5,20251124,105000,78.4,78.4,78.2,78.4,25,0
MLG,5,20251124,112000,78.2,78.2,78.2,78.2,890,0
MLG,5,20251124,112500,78,78,78,78,20,0
MLG,5,20251124,160500,78.6,78.6,78.6,78.6,1,0
MLG,5,20251124,164500,79,79,79,79,30,0
MLG,5,20251125,090000,78.8,78.8,78.8,78.8,1,0
MLG,5,20251125,092500,78.8,78.8,78.8,78.8,100,0
MLG,5,20251125,094000,78.8,78.8,78.8,78.8,143,0
MLG,5,20251125,095500,79,79,79,79,100,0
MLG,5,20251125,100000,78.8,78.8,78.8,78.8,156,0
MLG,5,20251125,103500,78.6,78.6,78.4,78.4,228,0
MLG,5,20251125,132000,78.6,78.6,78.6,78.6,10,0
MLG,5,20251125,140000,78.6,78.6,78.6,78.6,9,0
MLG,5,20251125,143000,78.6,79,78.6,79,20,0
MLG,5,20251126,090000,78.6,78.6,78.6,78.6,100,0
MLG,5,20251126,094000,78.6,78.6,78.6,78.6,110,0
MLG,5,20251126,105500,78.6,78.6,78.4,78.4,138,0
MLG,5,20251126,110000,78.4,78.4,78.4,78.4,1,0
MLG,5,20251126,110500,78.4,78.4,78.4,78.4,6,0
MLG,5,20251126,113000,78.4,78.4,78.4,78.4,1,0
MLG,5,20251126,115500,78.2,78.2,78,78,160,0
MLG,5,20251126,145500,78.2,78.2,78.2,78.2,156,0
MLG,5,20251126,162500,78.4,78.4,78.4,78.4,4,0
MLG,5,20251126,163500,78.4,78.4,78.4,78.4,2,0
MLG,5,20251126,164000,78.2,79,78.2,79,3,0
MLG,5,20251127,090000,79,79,77.8,77.8,153,0
MLG,5,20251127,110000,79,79,79,79,466,0
MLG,5,20251127,111000,79,79,79,79,278,0
MLG,5,20251127,165500,78.6,78.6,78.6,78.6,520,0
MLG,5,20251128,090000,79.6,79.6,79.6,79.6,3,0
MLG,5,20251128,094500,79.2,79.2,79.2,79.2,50,0
MLG,5,20251128,100000,79.2,79.4,79.2,79.4,100,0
MLG,5,20251128,130000,78.4,78.4,78.4,78.4,20,0
MLG,5,20251128,140000,78.6,78.6,78.6,78.6,13,0
MLG,5,20251128,151000,79.4,79.4,79.4,79.4,50,0
MLG,5,20251128,152000,79.4,79.4,79.4,79.4,14,0
MLG,5,20251128,155000,78.8,78.8,78.8,78.8,180,0
MLG,5,20251128,160500,79.4,79.4,79.4,79.4,10,0
MLG,5,20251128,163000,79.4,79.4,79.4,79.4,74,0
MLG,5,20251201,090000,79.6,80.8,79.6,80.8,391,0
MLG,5,20251201,090500,82.2,82.2,82.2,82.2,10,0
MLG,5,20251201,092500,81.2,81.2,81.2,81.2,2,0
MLG,5,20251201,124500,81,81,81,81,100,0
MLG,5,20251201,130000,80.2,80.2,80.2,80.2,15,0
MLG,5,20251201,150500,80.4,80.4,80.4,80.4,1,0
MLG,5,20251201,162000,81,81,81,81,32,0
MLG,5,20251201,164500,81,81,81,81,25,0
MLG,5,20251201,165500,81,81,81,81,43,0
MLG,5,20251202,090000,82,82,82,82,58,0
MLG,5,20251202,092000,81,81,81,81,1,0
MLG,5,20251202,092500,81,81,81,81,30,0
MLG,5,20251202,093000,81,81,81,81,4,0
MLG,5,20251202,094500,81,81,81,81,6,0
MLG,5,20251202,103500,81,81,81,81,10,0
MLG,5,20251202,104000,81,81,81,81,125,0
MLG,5,20251202,114000,81,81,81,81,50,0
MLG,5,20251202,125500,81,81,81,81,176,0
MLG,5,20251202,130500,81.2,81.2,81.2,81.2,10,0
MLG,5,20251202,131000,81.2,81.2,81.2,81.2,250,0
MLG,5,20251202,131500,81.4,81.8,81.4,81.8,15,0
MLG,5,20251202,134500,81.8,81.8,81.8,81.8,22,0
MLG,5,20251202,135500,82,82,82,82,65,0
MLG,5,20251202,140000,82,82,82,82,722,0
MLG,5,20251202,164500,81.8,81.8,81.8,81.8,103,0
