<TICKER>,<PER>,<DATE>,<TIME>,<OPEN>,<HIGH>,<LOW>,<CLOSE>,<VOL>,<OPENINT>
VGO,5,20250707,114500,512,512,512,512,2,0
VGO,5,20250707,150500,512,512,512,512,2,0
VGO,5,20250707,151000,510,510,510,510,12,0
VGO,5,20250707,160000,510,510,510,510,3,0
VGO,5,20250707,162000,510,510,510,510,3,0
VGO,5,20250707,162500,508,508,508,508,11,0
VGO,5,20250707,163000,508,508,508,508,60,0
VGO,5,20250707,164000,508,508,508,508,3,0
VGO,5,20250708,090000,508,508,508,508,11,0
VGO,5,20250708,091000,510,510,510,510,5,0
VGO,5,20250708,092000,510,510,510,510,45,0
VGO,5,20250708,093000,508,508,508,508,1,0
VGO,5,20250708,102000,512,512,512,512,2,0
VGO,5,20250708,104000,512,512,512,512,2,0
VGO,5,20250708,113500,508,508,508,508,4,0
VGO,5,20250708,115000,508,508,506,506,5,0
VGO,5,20250708,123000,510,510,510,510,50,0
VGO,5,20250708,123500,510,510,510,510,12,0
VGO,5,20250708,131500,510,510,510,510,1,0
VGO,5,20250708,143500,512,512,512,512,6,0
VGO,5,20250708,145000,510,510,510,510,7,0
VGO,5,20250708,152500,508,508,508,508,41,0
VGO,5,20250708,164500,508,508,508,508,9,0
VGO,5,20250709,090000,506,506,506,506,8,0
VGO,5,20250709,093000,506,506,506,506,3,0
VGO,5,20250709,093500,506,506,506,506,65,0
VGO,5,20250709,094000,512,512,512,512,1,0
VGO,5,20250709,103500,506,506,506,506,4,0
VGO,5,20250709,110500,506,506,506,506,4,0
VGO,5,20250709,125000,506,506,506,506,34,0
VGO,5,20250709,125500,508,508,508,508,5,0
VGO,5,20250709,134000,508,508,508,508,4,0
VGO,5,20250709,134500,506,506,506,506,20,0
VGO,5,20250709,141000,508,508,508,508,4,0
VGO,5,20250709,141500,508,508,508,508,1,0
VGO,5,20250709,142000,508,508,508,508,9,0
VGO,5,20250709,142500,506,506,502,502,200,0
VGO,5,20250709,144500,510,510,510,510,1,0
VGO,5,20250710,090000,510,510,510,510,3,0
VGO,5,20250710,103500,510,510,510,510,1,0
VGO,5,20250710,112000,508,508,504,504,6,0
VGO,5,20250710,114500,502,510,502,510,7,0
VGO,5,20250710,133500,510,510,510,510,20,0
VGO,5,20250710,161000,506,506,506,506,1,0
VGO,5,20250710,162000,506,506,506,506,2,0
VGO,5,20250710,164000,506,506,506,506,10,0
VGO,5,20250711,094000,504,510,504,510,5,0
VGO,5,20250711,104500,510,510,510,510,2,0
VGO,5,20250711,115000,508,508,508,508,50,0
VGO,5,20250711,115500,510,516,510,516,128,0
VGO,5,20250711,153000,514,514,514,514,2,0
VGO,5,20250711,154000,508,508,508,508,30,0
VGO,5,20250711,155000,508,508,508,508,5,0
VGO,5,20250711,160000,508,508,508,508,3,0
VGO,5,20250711,160500,508,508,508,508,2,0
VGO,5,20250711,164500,504,504,504,504,15,0
VGO,5,20250714,090000,504,504,504,504,17,0
VGO,5,20250714,090500,512,512,512,512,30,0
VGO,5,20250714,094500,510,510,510,510,1,0
VGO,5,20250714,101500,506,506,504,504,35,0
VGO,5,20250714,103500,506,506,506,506,1,0
VGO,5,20250714,110500,502,504,502,504,12,0
VGO,5,20250714,111500,506,506,502,502,17,0
VGO,5,20250714,112500,502,502,502,502,30,0
VGO,5,20250714,115000,502,502,502,502,5,0
VGO,5,20250714,121500,500,500,500,500,26,0
VGO,5,20250714,122500,502,502,500,500,114,0
VGO,5,20250714,123500,498,498,494,495,47,0
VGO,5,20250714,124000,500,500,497,497,30,0
VGO,5,20250714,125000,498,498,498,498,5,0
VGO,5,20250714,130000,499,499,496,496,103,0
VGO,5,20250714,133000,498,498,498,498,3,0
VGO,5,20250714,142500,498,498,498,498,2,0
VGO,5,20250714,143500,497,497,497,497,24,0
VGO,5,20250714,144000,497,497,482,482,221,0
VGO,5,20250714,150500,491,491,491,491,4,0
VGO,5,20250714,151000,489,489,489,489,33,0
VGO,5,20250714,151500,489,489,488,488,16,0
VGO,5,20250714,152000,490,490,490,490,23,0
VGO,5,20250714,153500,497,497,497,497,3,0
VGO,5,20250714,154000,498,498,490,490,6,0
VGO,5,20250714,155500,490,490,490,490,91,0
VGO,5,20250714,160500,488,488,485,485,11,0
VGO,5,20250714,161000,485,485,485,485,4,0
VGO,5,20250714,162000,487,487,487,487,4,0
VGO,5,20250714,164000,488,490,485,490,93,0
VGO,5,20250714,164500,490,490,490,490,64,0
VGO,5,20250715,090000,490,490,490,490,6,0
VGO,5,20250715,092000,490,490,490,490,4,0
VGO,5,20250715,092500,490,490,490,490,10,0
VGO,5,20250715,093000,488,488,487,487,50,0
VGO,5,20250715,094000,487,487,487,487,2,0
VGO,5,20250715,095000,487,487,485,485,24,0
VGO,5,20250715,095500,485,485,485,485,76,0
VGO,5,20250715,101500,484,484,484,484,25,0
VGO,5,20250715,102500,485,488,485,488,12,0
VGO,5,20250715,104000,485,485,485,485,2,0
VGO,5,20250715,110000,485,485,485,485,3,0
VGO,5,20250715,112000,485,485,485,485,10,0
VGO,5,20250715,112500,488,489,488,489,11,0
VGO,5,20250715,114500,485,485,485,485,10,0
VGO,5,20250715,115000,485,485,485,485,1,0
VGO,5,20250715,115500,485,485,485,485,1,0
VGO,5,20250715,120000,485,485,485,485,10,0
VGO,5,20250715,123000,485,485,485,485,1,0
VGO,5,20250715,130000,485,485,485,485,7,0
VGO,5,20250715,133500,486,486,486,486,25,0
VGO,5,20250715,135000,487,487,487,487,1,0
VGO,5,20250715,143000,487,487,487,487,1,0
VGO,5,20250715,151000,487,487,487,487,4,0
VGO,5,20250715,154500,486,487,485,485,41,0
VGO,5,20250715,160000,485,485,485,485,3,0
VGO,5,20250715,164500,485,485,485,485,10,0
VGO,5,20250716,090000,486,489,486,486,12,0
VGO,5,20250716,090500,485,485,484,484,63,0
VGO,5,20250716,091000,483,483,483,483,3,0
VGO,5,20250716,092500,484,484,484,484,7,0
VGO,5,20250716,093000,484,484,484,484,4,0
VGO,5,20250716,094500,484,484,484,484,2,0
VGO,5,20250716,095500,484,484,483,483,38,0
VGO,5,20250716,100500,483,483,480,480,106,0
VGO,5,20250716,101500,480,480,480,480,30,0
VGO,5,20250716,102000,483,483,483,483,10,0
VGO,5,20250716,102500,484,484,484,484,33,0
VGO,5,20250716,103000,481,481,480,480,82,0
VGO,5,20250716,103500,479,479,479,479,2,0
VGO,5,20250716,104000,478,479,470,470,45,0
VGO,5,20250716,105000,472,473,470,472,42,0
VGO,5,20250716,110000,469,469,464,464,44,0
VGO,5,20250716,112000,468,478,467,467,10,0
VGO,5,20250716,112500,466,466,461,461,96,0
VGO,5,20250716,113000,461,466,461,466,23,0
VGO,5,20250716,113500,466,466,463,463,16,0
VGO,5,20250716,114500,464,476,464,466,13,0
VGO,5,20250716,120000,470,476,470,476,10,0
VGO,5,20250716,121000,474,474,474,474,10,0
VGO,5,20250716,122000,472,472,472,472,5,0
VGO,5,20250716,122500,474,474,474,474,2,0
VGO,5,20250716,123000,476,476,470,470,4,0
VGO,5,20250716,123500,469,469,468,468,2,0
VGO,5,20250716,124500,473,473,473,473,19,0
VGO,5,20250716,125000,473,473,473,473,26,0
VGO,5,20250716,130500,473,473,473,473,41,0
VGO,5,20250716,131000,476,476,476,476,11,0
VGO,5,20250716,131500,476,476,476,476,4,0
VGO,5,20250716,132500,470,470,470,470,1,0
VGO,5,20250716,133000,470,470,470,470,34,0
VGO,5,20250716,133500,470,475,470,475,9,0
VGO,5,20250716,134000,475,475,475,475,8,0
VGO,5,20250716,134500,471,471,471,471,10,0
VGO,5,20250716,141000,471,471,471,471,10,0
VGO,5,20250716,144000,475,476,470,470,40,0
VGO,5,20250716,144500,470,470,470,470,7,0
VGO,5,20250716,145000,470,476,470,476,2,0
VGO,5,20250716,150500,475,475,475,475,1,0
VGO,5,20250716,152000,470,470,470,470,10,0
VGO,5,20250716,152500,474,474,474,474,6,0
VGO,5,20250716,153000,474,474,474,474,2,0
VGO,5,20250716,153500,469,469,468,468,27,0
VGO,5,20250716,154000,466,468,466,466,20,0
VGO,5,20250716,161500,467,473,466,466,18,0
VGO,5,20250716,163500,467,467,467,467,47,0
VGO,5,20250716,164000,473,473,473,473,1,0
VGO,5,20250716,164500,474,474,474,474,11,0
VGO,5,20250717,090000,474,474,474,474,23,0
VGO,5,20250717,090500,467,467,467,467,13,0
VGO,5,20250717,091000,467,467,467,467,3,0
VGO,5,20250717,095500,473,473,473,473,1,0
VGO,5,20250717,101000,473,473,469,469,7,0
VGO,5,20250717,102000,474,474,474,474,1,0
VGO,5,20250717,105500,474,474,474,474,5,0
VGO,5,20250717,112000,474,474,474,474,5,0
VGO,5,20250717,112500,474,474,474,474,5,0
VGO,5,20250717,120000,474,474,474,474,10,0
VGO,5,20250717,125000,475,475,474,474,10,0
VGO,5,20250717,125500,475,475,475,475,4,0
VGO,5,20250717,130000,476,476,476,476,3,0
VGO,5,20250717,131000,475,475,475,475,3,0
VGO,5,20250717,132000,475,475,475,475,6,0
VGO,5,20250717,142500,475,475,473,473,8,0
VGO,5,20250717,152000,472,472,470,470,63,0
VGO,5,20250717,153500,469,469,469,469,3,0
VGO,5,20250717,155000,469,469,469,469,6,0
VGO,5,20250717,155500,469,469,469,469,20,0
VGO,5,20250717,161500,468,468,465,465,31,0
VGO,5,20250717,162500,466,468,466,468,4,0
VGO,5,20250717,163000,465,465,458,458,267,0
VGO,5,20250717,164000,468,468,468,468,2,0
VGO,5,20250718,090000,468,468,468,468,5,0
VGO,5,20250718,090500,467,467,462,467,11,0
VGO,5,20250718,091000,467,467,467,467,10,0
VGO,5,20250718,092000,468,470,467,469,50,0
VGO,5,20250718,092500,469,469,469,469,7,0
VGO,5,20250718,093000,465,465,460,460,252,0
VGO,5,20250718,094500,458,458,458,458,16,0
VGO,5,20250718,095500,460,460,460,460,11,0
VGO,5,20250718,100000,460,460,460,460,13,0
VGO,5,20250718,100500,460,460,460,460,3,0
VGO,5,20250718,101000,458,460,458,460,7,0
VGO,5,20250718,101500,460,460,460,460,5,0
VGO,5,20250718,102000,458,458,458,458,2,0
VGO,5,20250718,103000,458,458,458,458,2,0
VGO,5,20250718,104000,458,458,458,458,5,0
VGO,5,20250718,105500,458,458,458,458,2,0
VGO,5,20250718,110000,458,458,458,458,3,0
VGO,5,20250718,112000,458,458,458,458,1,0
VGO,5,20250718,113000,458,458,458,458,4,0
VGO,5,20250718,113500,458,458,458,458,59,0
VGO,5,20250718,115000,460,460,460,460,100,0
VGO,5,20250718,115500,457,458,456,456,51,0
VGO,5,20250718,120000,456,456,456,456,40,0
VGO,5,20250718,121000,456,460,456,460,36,0
VGO,5,20250718,121500,455,455,455,455,5,0
VGO,5,20250718,122000,455,455,452,452,10,0
VGO,5,20250718,122500,453,453,453,453,6,0
VGO,5,20250718,125000,454,454,450,450,330,0
VGO,5,20250718,130000,454,454,454,454,1,0
VGO,5,20250718,130500,454,454,454,454,4,0
VGO,5,20250718,131000,459,459,459,459,3,0
VGO,5,20250718,132000,459,459,459,459,1,0
VGO,5,20250718,132500,459,459,459,459,5,0
VGO,5,20250718,134000,451,451,446,446,65,0
VGO,5,20250718,135000,450,450,450,450,3,0
VGO,5,20250718,140500,458,458,458,458,4,0
VGO,5,20250718,141500,450,450,450,450,30,0
VGO,5,20250718,143000,450,450,450,450,7,0
VGO,5,20250718,143500,450,450,450,450,10,0
VGO,5,20250718,150000,450,451,450,451,22,0
VGO,5,20250718,150500,452,452,452,452,5,0
VGO,5,20250718,151000,451,451,451,451,12,0
VGO,5,20250718,151500,450,450,450,450,5,0
VGO,5,20250718,152000,449,452,449,449,58,0
VGO,5,20250718,153000,449,452,449,451,38,0
VGO,5,20250718,154000,451,453,451,453,21,0
VGO,5,20250718,155000,450,450,450,450,5,0
VGO,5,20250718,161000,449,454,449,454,71,0
VGO,5,20250718,162000,458,458,450,450,9,0
VGO,5,20250718,164000,450,457,450,457,24,0
VGO,5,20250718,164500,450,457,450,457,25,0
VGO,5,20250721,092500,454,454,450,450,46,0
VGO,5,20250721,093000,449,449,449,449,3,0
VGO,5,20250721,094000,449,449,447,447,29,0
VGO,5,20250721,102000,455,455,455,455,17,0
VGO,5,20250721,102500,448,448,448,448,4,0
VGO,5,20250721,110500,450,450,450,450,4,0
VGO,5,20250721,113000,455,455,450,450,35,0
VGO,5,20250721,115000,450,450,450,450,25,0
VGO,5,20250721,115500,450,450,450,450,6,0
VGO,5,20250721,120000,450,450,450,450,40,0
VGO,5,20250721,121500,450,450,450,450,4,0
VGO,5,20250721,122000,455,455,455,455,1,0
VGO,5,20250721,123000,449,449,449,449,5,0
VGO,5,20250721,124500,450,450,450,450,7,0
VGO,5,20250721,125000,450,450,450,450,4,0
VGO,5,20250721,130500,450,450,450,450,3,0
VGO,5,20250721,131500,455,455,455,455,20,0
VGO,5,20250721,133000,450,455,447,447,132,0
VGO,5,20250721,134000,455,455,455,455,4,0
VGO,5,20250721,135000,447,447,447,447,12,0
VGO,5,20250721,135500,446,446,446,446,5,0
VGO,5,20250721,140000,453,453,453,453,2,0
VGO,5,20250721,140500,447,447,447,447,1,0
VGO,5,20250721,141500,453,453,453,453,10,0
VGO,5,20250721,143500,447,447,447,447,6,0
VGO,5,20250721,144000,447,447,447,447,58,0
VGO,5,20250721,151000,447,447,445,445,38,0
VGO,5,20250721,152000,445,445,445,445,30,0
VGO,5,20250721,153500,446,446,445,445,7,0
VGO,5,20250721,155000,445,445,445,445,20,0
VGO,5,20250721,160000,451,451,451,451,7,0
VGO,5,20250721,161000,446,446,445,445,73,0
VGO,5,20250721,162500,450,451,450,451,4,0
VGO,5,20250721,163000,445,445,445,445,24,0
VGO,5,20250721,163500,444,444,444,444,3,0
VGO,5,20250721,164000,450,450,450,450,1,0
VGO,5,20250721,164500,450,451,450,451,26,0
VGO,5,20250722,090000,451,451,451,451,14,0
VGO,5,20250722,091000,451,451,451,451,1,0
VGO,5,20250722,092500,451,451,451,451,6,0
VGO,5,20250722,093000,451,451,450,450,28,0
VGO,5,20250722,093500,450,450,450,450,15,0
VGO,5,20250722,095000,450,452,450,450,578,0
VGO,5,20250722,101000,454,454,454,454,4,0
VGO,5,20250722,102500,454,454,454,454,16,0
VGO,5,20250722,103500,455,455,455,455,30,0
VGO,5,20250722,105500,455,455,455,455,10,0
VGO,5,20250722,112000,452,452,450,450,623,0
VGO,5,20250722,113000,450,450,450,450,52,0
VGO,5,20250722,115000,449,449,449,449,3,0
VGO,5,20250722,123500,452,452,452,452,3,0
VGO,5,20250722,131000,452,454,452,454,25,0
VGO,5,20250722,134500,452,452,450,450,12,0
VGO,5,20250722,135000,450,450,450,450,3,0
VGO,5,20250722,135500,453,454,453,454,45,0
VGO,5,20250722,140000,454,454,454,454,2,0
VGO,5,20250722,140500,450,450,450,450,5,0
VGO,5,20250722,142500,453,453,453,453,2,0
VGO,5,20250722,143000,451,451,450,450,7,0
VGO,5,20250722,145500,450,450,450,450,10,0
VGO,5,20250722,152000,453,454,453,454,20,0
VGO,5,20250722,153500,450,450,450,450,10,0
VGO,5,20250722,154000,449,449,449,449,6,0
VGO,5,20250722,160000,450,450,450,450,62,0
VGO,5,20250722,160500,450,450,450,450,3,0
VGO,5,20250722,161000,449,449,449,449,170,0
VGO,5,20250722,162000,449,449,449,449,10,0
VGO,5,20250722,163000,452,453,452,453,6,0
VGO,5,20250722,163500,449,449,449,449,197,0
VGO,5,20250722,164000,451,454,449,454,107,0
VGO,5,20250722,164500,453,453,449,453,15,0
VGO,5,20250723,090000,453,453,450,450,31,0
VGO,5,20250723,091500,453,453,453,453,1,0
VGO,5,20250723,092000,453,453,453,453,10,0
VGO,5,20250723,094000,450,450,448,448,27,0
VGO,5,20250723,101000,450,450,450,450,10,0
VGO,5,20250723,102000,453,454,450,453,74,0
VGO,5,20250723,111500,454,454,454,454,1,0
VGO,5,20250723,113000,454,454,454,454,4,0
VGO,5,20250723,113500,454,454,454,454,3,0
VGO,5,20250723,114000,455,455,455,455,19,0
VGO,5,20250723,114500,455,455,455,455,2,0
VGO,5,20250723,115000,454,454,454,454,1000,0
VGO,5,20250723,120500,455,455,455,455,1,0
VGO,5,20250723,121500,455,455,455,455,1,0
VGO,5,20250723,122000,454,454,454,454,4,0
VGO,5,20250723,123000,455,455,455,455,16,0
VGO,5,20250723,130500,457,457,457,457,1,0
VGO,5,20250723,133000,455,455,455,455,6,0
VGO,5,20250723,133500,455,455,455,455,3,0
VGO,5,20250723,134000,457,457,457,457,1,0
VGO,5,20250723,142000,457,457,457,457,5,0
VGO,5,20250723,145500,455,455,455,455,10,0
VGO,5,20250723,150000,457,457,457,457,5,0
VGO,5,20250723,150500,458,458,458,458,34,0
VGO,5,20250723,151000,459,459,459,459,4,0
VGO,5,20250723,151500,459,459,459,459,4,0
VGO,5,20250723,153000,459,459,459,459,1,0
VGO,5,20250723,154000,459,459,459,459,22,0
VGO,5,20250723,155000,460,460,459,459,19,0
VGO,5,20250723,155500,460,460,460,460,27,0
VGO,5,20250723,160000,460,460,460,460,40,0
VGO,5,20250723,160500,460,460,460,460,40,0
VGO,5,20250723,161000,459,459,457,457,69,0
VGO,5,20250723,162000,457,460,457,460,10,0
VGO,5,20250723,162500,455,455,455,455,10,0
VGO,5,20250723,164000,454,454,454,454,1,0
VGO,5,20250723,164500,458,458,458,458,125,0
VGO,5,20250724,090000,460,460,458,458,35,0
VGO,5,20250724,090500,459,459,459,459,5,0
VGO,5,20250724,091000,455,455,455,455,5,0
VGO,5,20250724,093000,458,458,458,458,4,0
VGO,5,20250724,095000,455,455,455,455,5,0
VGO,5,20250724,101500,455,455,455,455,2,0
VGO,5,20250724,104500,455,455,455,455,1,0
VGO,5,20250724,105500,458,458,455,455,4,0
VGO,5,20250724,115000,458,458,454,454,1004,0
VGO,5,20250724,120000,454,454,454,454,11,0
VGO,5,20250724,120500,458,458,458,458,4,0
VGO,5,20250724,125500,458,458,458,458,33,0
VGO,5,20250724,131000,459,459,459,459,2,0
VGO,5,20250724,132000,459,459,459,459,1,0
VGO,5,20250724,132500,458,458,458,458,27,0
VGO,5,20250724,133000,455,455,455,455,10,0
VGO,5,20250724,150000,455,455,455,455,10,0
VGO,5,20250724,155500,455,455,455,455,16,0
VGO,5,20250724,160000,455,455,455,455,5,0
VGO,5,20250724,162500,455,455,455,455,23,0
VGO,5,20250724,163500,456,456,455,455,30,0
VGO,5,20250724,164000,455,455,455,455,32,0
VGO,5,20250724,164500,454,454,454,454,17,0
VGO,5,20250725,090000,455,455,455,455,3,0
VGO,5,20250725,093500,456,456,456,456,6,0
VGO,5,20250725,094000,462,462,462,462,1,0
VGO,5,20250725,095000,462,462,462,462,10,0
VGO,5,20250725,095500,457,457,456,456,10,0
VGO,5,20250725,100500,461,461,461,461,4,0
VGO,5,20250725,102000,462,462,462,462,1,0
VGO,5,20250725,102500,462,464,462,464,6,0
VGO,5,20250725,103000,464,464,464,464,17,0
VGO,5,20250725,103500,464,464,464,464,1,0
VGO,5,20250725,113000,464,464,464,464,6,0
VGO,5,20250725,113500,465,465,465,465,10,0
VGO,5,20250725,114000,465,465,465,465,85,0
VGO,5,20250725,122500,465,465,465,465,5,0
VGO,5,20250725,125500,465,465,465,465,47,0
VGO,5,20250725,131000,469,469,465,465,15,0
VGO,5,20250725,131500,465,465,465,465,14,0
VGO,5,20250725,132000,465,465,465,465,4,0
VGO,5,20250725,132500,462,462,461,461,15,0
VGO,5,20250725,133000,461,461,461,461,15,0
VGO,5,20250725,133500,464,468,460,468,29,0
VGO,5,20250725,134000,467,470,467,470,36,0
VGO,5,20250725,134500,472,472,472,472,4,0
VGO,5,20250725,135000,471,471,470,470,50,0
VGO,5,20250725,135500,470,470,470,470,52,0
VGO,5,20250725,141000,467,467,467,467,22,0
VGO,5,20250725,141500,466,466,465,465,23,0
VGO,5,20250725,143500,469,469,469,469,4,0
VGO,5,20250725,150000,465,466,465,465,15,0
VGO,5,20250725,150500,465,465,465,465,15,0
VGO,5,20250725,151000,464,464,460,460,50,0
VGO,5,20250725,151500,461,461,460,460,10,0
VGO,5,20250725,152000,460,466,460,466,19,0
VGO,5,20250725,154000,459,459,458,458,30,0
VGO,5,20250725,154500,460,460,460,460,97,0
VGO,5,20250725,155500,458,458,458,458,22,0
VGO,5,20250725,160000,458,458,450,450,118,0
VGO,5,20250725,162500,458,458,458,458,1,0
VGO,5,20250725,164500,455,455,455,455,22,0
VGO,5,20250728,090000,458,458,458,458,11,0
VGO,5,20250728,091500,458,463,458,463,2,0
VGO,5,20250728,093500,458,458,458,458,4,0
VGO,5,20250728,094000,457,457,457,457,20,0
VGO,5,20250728,095000,458,460,458,460,21,0
VGO,5,20250728,095500,460,460,458,458,9,0
VGO,5,20250728,100000,458,458,458,458,3,0
VGO,5,20250728,101500,458,458,458,458,6,0
VGO,5,20250728,103000,459,459,459,459,5,0
VGO,5,20250728,103500,459,459,459,459,7,0
VGO,5,20250728,104500,459,459,459,459,5,0
VGO,5,20250728,105000,457,457,457,457,17,0
VGO,5,20250728,105500,458,458,458,458,10,0
VGO,5,20250728,110000,458,458,458,458,4,0
VGO,5,20250728,111500,457,457,455,455,79,0
VGO,5,20250728,112000,454,454,454,454,13,0
VGO,5,20250728,113000,454,455,454,455,33,0
VGO,5,20250728,114000,452,452,452,452,1,0
VGO,5,20250728,121000,455,455,455,455,30,0
VGO,5,20250728,122000,455,455,455,455,2,0
VGO,5,20250728,122500,455,455,455,455,3,0
VGO,5,20250728,123000,455,455,455,455,52,0
VGO,5,20250728,123500,455,455,455,455,43,0
VGO,5,20250728,130000,455,455,455,455,48,0
VGO,5,20250728,131000,455,455,455,455,5,0
VGO,5,20250728,133000,453,453,453,453,1,0
VGO,5,20250728,135500,453,453,453,453,6,0
VGO,5,20250728,142000,453,453,453,453,1,0
VGO,5,20250728,142500,453,453,453,453,2,0
VGO,5,20250728,145000,454,454,454,454,4,0
VGO,5,20250728,150000,453,453,453,453,1,0
VGO,5,20250728,153500,453,453,453,453,4,0
VGO,5,20250728,155000,452,452,452,452,66,0
VGO,5,20250728,155500,450,450,450,450,1,0
VGO,5,20250728,162000,451,451,450,450,23,0
VGO,5,20250729,090000,453,453,453,453,1,0
VGO,5,20250729,090500,450,450,450,450,5,0
VGO,5,20250729,091500,450,450,450,450,1,0
VGO,5,20250729,093500,449,449,449,449,8,0
VGO,5,20250729,094000,450,453,450,453,78,0
VGO,5,20250729,095500,450,450,450,450,9,0
VGO,5,20250729,102500,450,453,450,453,23,0
VGO,5,20250729,103000,455,455,455,455,6,0
VGO,5,20250729,104000,451,451,450,450,9,0
VGO,5,20250729,111500,450,450,450,450,1,0
VGO,5,20250729,120000,450,450,450,450,7,0
VGO,5,20250729,122000,450,450,450,450,21,0
VGO,5,20250729,123500,450,450,450,450,10,0
VGO,5,20250729,124500,450,450,450,450,5,0
VGO,5,20250729,131500,450,450,450,450,2,0
VGO,5,20250729,134000,460,460,460,460,2,0
VGO,5,20250729,135000,460,460,460,460,4,0
VGO,5,20250729,140500,450,458,450,458,11,0
VGO,5,20250729,141500,450,450,450,450,10,0
VGO,5,20250729,144500,454,454,454,454,1,0
VGO,5,20250729,150000,451,451,451,451,2,0
VGO,5,20250729,150500,450,451,450,451,3,0
VGO,5,20250729,151000,450,450,450,450,4,0
VGO,5,20250729,151500,450,450,450,450,1,0
VGO,5,20250729,153500,449,449,449,449,5,0
VGO,5,20250729,154000,449,450,449,450,11,0
VGO,5,20250729,161000,449,449,449,449,2,0
VGO,5,20250729,163500,454,454,454,454,6,0
VGO,5,20250730,090500,454,454,454,454,10,0
VGO,5,20250730,091500,450,450,450,450,10,0
VGO,5,20250730,093000,450,450,450,450,3,0
VGO,5,20250730,093500,450,450,450,450,3,0
VGO,5,20250730,094500,450,450,450,450,4,0
VGO,5,20250730,095000,450,450,450,450,1,0
VGO,5,20250730,111000,450,450,450,450,67,0
VGO,5,20250730,112000,450,450,450,450,6,0
VGO,5,20250730,113500,450,450,450,450,1,0
VGO,5,20250730,115000,450,450,450,450,1,0
VGO,5,20250730,115500,450,450,450,450,4,0
VGO,5,20250730,132500,450,450,450,450,50,0
VGO,5,20250730,151000,450,450,450,450,13,0
VGO,5,20250730,151500,449,449,449,449,10,0
VGO,5,20250730,152000,450,450,450,450,34,0
VGO,5,20250730,152500,450,450,450,450,49,0
VGO,5,20250730,153000,453,453,453,453,5,0
VGO,5,20250730,154500,453,453,453,453,1,0
VGO,5,20250730,160500,450,450,450,450,907,0
VGO,5,20250730,161500,453,453,453,453,2,0
VGO,5,20250730,162000,450,450,450,450,29,0
VGO,5,20250730,164500,450,450,450,450,10,0
VGO,5,20250731,090000,448,448,447,448,9,0
VGO,5,20250731,090500,447,447,446,446,34,0
VGO,5,20250731,091500,446,446,446,446,5,0
VGO,5,20250731,092000,446,446,446,446,2,0
VGO,5,20250731,093000,446,446,446,446,5,0
VGO,5,20250731,094000,446,446,446,446,3,0
VGO,5,20250731,100500,446,446,446,446,79,0
VGO,5,20250731,101500,450,450,450,450,2,0
VGO,5,20250731,120500,447,447,447,447,1,0
VGO,5,20250731,122000,448,448,448,448,1000,0
VGO,5,20250731,123500,447,447,447,447,13,0
VGO,5,20250731,130500,450,450,447,447,6,0
VGO,5,20250731,135500,450,450,450,450,1,0
VGO,5,20250731,145000,447,447,447,447,1,0
VGO,5,20250731,162500,447,447,447,447,1,0
VGO,5,20250731,164500,447,447,447,447,5,0
VGO,5,20250801,100500,450,454,450,454,10,0
VGO,5,20250801,101500,450,450,450,450,4,0
VGO,5,20250801,102500,450,450,450,450,20,0
VGO,5,20250801,103000,450,450,450,450,10,0
VGO,5,20250801,104500,450,450,450,450,1,0
VGO,5,20250801,120000,450,450,450,450,22,0
VGO,5,20250801,130500,448,448,448,448,1,0
VGO,5,20250801,141000,450,450,450,450,18,0
VGO,5,20250801,145000,451,451,451,451,4,0
VGO,5,20250801,151500,453,454,453,454,10,0
VGO,5,20250801,154500,452,452,452,452,4,0
VGO,5,20250801,155000,451,451,447,447,91,0
VGO,5,20250801,155500,447,447,447,447,8,0
VGO,5,20250801,160000,446,446,440,440,99,0
VGO,5,20250801,164000,447,447,447,447,5,0
VGO,5,20250801,164500,447,447,447,447,3,0
VGO,5,20250804,100000,449,450,449,450,6,0
VGO,5,20250804,101000,447,447,446,446,2,0
VGO,5,20250804,101500,446,446,443,443,39,0
VGO,5,20250804,103000,443,443,443,443,5,0
VGO,5,20250804,103500,443,443,443,443,12,0
VGO,5,20250804,104500,444,444,444,444,2,0
VGO,5,20250804,120500,444,444,443,443,10,0
VGO,5,20250804,122000,449,449,449,449,3,0
VGO,5,20250804,123500,450,450,450,450,2,0
VGO,5,20250804,124500,450,450,450,450,7,0
VGO,5,20250804,130000,455,455,455,455,1,0
VGO,5,20250804,130500,450,450,450,450,7,0
VGO,5,20250804,134500,450,450,450,450,5,0
VGO,5,20250804,152000,450,450,450,450,8,0
VGO,5,20250804,155500,445,445,445,445,6,0
VGO,5,20250804,162500,445,445,445,445,9,0
VGO,5,20250804,163000,445,445,445,445,2,0
VGO,5,20250804,163500,444,444,443,443,20,0
VGO,5,20250804,164000,445,445,445,445,4,0
VGO,5,20250804,164500,445,445,445,445,7,0
VGO,5,20250805,090000,445,445,445,445,50,0
VGO,5,20250805,095000,445,445,445,445,10,0
VGO,5,20250805,101000,445,445,445,445,20,0
VGO,5,20250805,102000,443,443,443,443,5,0
VGO,5,20250805,105000,443,443,443,443,3,0
VGO,5,20250805,110000,443,443,443,443,8,0
VGO,5,20250805,112000,443,443,443,443,10,0
VGO,5,20250805,115500,443,443,443,443,4,0
VGO,5,20250805,120500,442,442,442,442,5,0
VGO,5,20250805,122500,443,443,443,443,2,0
VGO,5,20250805,124000,443,449,443,449,38,0
VGO,5,20250805,124500,450,450,450,450,20,0
VGO,5,20250805,125000,450,450,450,450,2,0
VGO,5,20250805,130500,444,444,444,444,3,0
VGO,5,20250805,142500,445,445,445,445,4,0
VGO,5,20250805,144500,444,444,444,444,3,0
VGO,5,20250805,151500,444,444,444,444,10,0
VGO,5,20250805,154500,443,443,443,443,8,0
VGO,5,20250805,155000,443,447,443,447,28,0
VGO,5,20250805,163500,442,445,442,445,11,0
VGO,5,20250805,164000,445,445,445,445,1,0
VGO,5,20250805,164500,442,442,441,441,15,0
VGO,5,20250806,090000,448,448,448,448,2,0
VGO,5,20250806,091500,447,448,447,448,5,0
VGO,5,20250806,094500,447,448,446,446,20,0
VGO,5,20250806,101000,445,445,445,445,3,0
VGO,5,20250806,102500,446,449,446,449,25,0
VGO,5,20250806,103000,449,452,449,452,16,0
VGO,5,20250806,104500,450,450,450,450,3,0
VGO,5,20250806,110000,450,450,450,450,15,0
VGO,5,20250806,130000,444,444,444,444,1,0
VGO,5,20250806,142000,447,452,447,452,32,0
VGO,5,20250806,144000,450,450,450,450,5,0
VGO,5,20250806,144500,446,446,444,444,17,0
VGO,5,20250806,145500,445,445,445,445,1,0
VGO,5,20250806,153000,445,445,445,445,1,0
VGO,5,20250806,164500,444,447,444,447,12,0
VGO,5,20250807,090000,447,447,447,447,9,0
VGO,5,20250807,092000,448,448,448,448,4,0
VGO,5,20250807,093500,448,448,448,448,5,0
VGO,5,20250807,094000,450,450,450,450,7,0
VGO,5,20250807,101500,447,447,445,445,3,0
VGO,5,20250807,102000,448,448,448,448,2,0
VGO,5,20250807,111000,448,448,448,448,5,0
VGO,5,20250807,113000,446,446,446,446,1,0
VGO,5,20250807,120500,450,450,450,450,9,0
VGO,5,20250807,123000,448,448,448,448,13,0
VGO,5,20250807,130000,453,454,453,454,6,0
VGO,5,20250807,131000,454,454,454,454,10,0
VGO,5,20250807,133500,454,454,454,454,2,0
VGO,5,20250807,134000,455,455,455,455,9,0
VGO,5,20250807,142000,456,456,456,456,2,0
VGO,5,20250807,160500,450,450,450,450,5,0
VGO,5,20250807,162000,450,450,450,450,10,0
VGO,5,20250807,164500,455,455,455,455,29,0
VGO,5,20250808,090000,454,454,454,454,10,0
VGO,5,20250808,093000,453,456,453,456,11,0
VGO,5,20250808,101500,456,456,456,456,2,0
VGO,5,20250808,102500,454,454,454,454,6,0
VGO,5,20250808,105000,455,455,455,455,10,0
VGO,5,20250808,105500,455,455,455,455,9,0
VGO,5,20250808,111000,456,457,456,457,10,0
VGO,5,20250808,111500,454,454,454,454,1,0
VGO,5,20250808,123500,457,457,457,457,1,0
VGO,5,20250808,125500,455,455,454,454,15,0
VGO,5,20250808,132500,455,455,454,454,4,0
VGO,5,20250808,141000,455,455,455,455,6,0
VGO,5,20250808,145500,454,454,454,454,4,0
VGO,5,20250808,151500,454,454,454,454,6,0
VGO,5,20250808,152000,454,454,454,454,8,0
VGO,5,20250808,152500,454,454,453,453,9,0
VGO,5,20250808,154500,453,453,453,453,8,0
VGO,5,20250808,155500,453,453,453,453,1,0
VGO,5,20250808,162500,453,453,450,451,33,0
VGO,5,20250808,163500,450,450,450,450,75,0
VGO,5,20250808,164500,449,449,449,449,10,0
VGO,5,20250811,094500,448,448,447,447,5,0
VGO,5,20250811,103000,452,452,452,452,3,0
VGO,5,20250811,104500,452,453,452,453,5,0
VGO,5,20250811,123000,453,453,453,453,1,0
VGO,5,20250811,130000,447,447,446,446,4,0
VGO,5,20250811,133000,446,446,445,445,15,0
VGO,5,20250811,141500,445,445,445,445,2,0
VGO,5,20250811,142000,445,445,445,445,1,0
VGO,5,20250811,143000,445,445,445,445,4,0
VGO,5,20250811,154000,446,446,446,446,3,0
VGO,5,20250811,155500,445,445,444,444,11,0
VGO,5,20250811,161500,444,444,440,440,40,0
VGO,5,20250811,162500,441,441,440,440,10,0
VGO,5,20250811,164000,441,441,441,441,1,0
VGO,5,20250812,090000,441,441,441,441,2,0
VGO,5,20250812,092500,441,441,441,441,2,0
VGO,5,20250812,093000,441,441,441,441,3,0
VGO,5,20250812,095000,441,441,441,441,7,0
VGO,5,20250812,100500,440,440,440,440,23,0
VGO,5,20250812,101500,440,441,440,441,98,0
VGO,5,20250812,102500,445,447,445,447,14,0
VGO,5,20250812,104500,450,450,450,450,12,0
VGO,5,20250812,112000,450,450,450,450,4,0
VGO,5,20250812,120500,449,449,449,449,3,0
VGO,5,20250812,122000,447,447,447,447,1,0
VGO,5,20250812,123500,444,444,444,444,34,0
VGO,5,20250812,124000,445,445,445,445,35,0
VGO,5,20250812,125500,447,447,447,447,6,0
VGO,5,20250812,131500,450,450,450,450,4,0
VGO,5,20250812,141000,450,450,450,450,3,0
VGO,5,20250812,150000,447,447,447,447,3,0
VGO,5,20250812,151500,446,446,445,445,177,0
VGO,5,20250812,153000,443,443,440,440,38,0
VGO,5,20250812,153500,439,439,439,439,10,0
VGO,5,20250812,154500,440,440,439,439,9,0
VGO,5,20250812,155000,439,439,439,439,5,0
VGO,5,20250812,161500,439,440,439,440,11,0
VGO,5,20250812,164000,441,441,441,441,20,0
VGO,5,20250812,164500,440,440,440,440,488,0
VGO,5,20250813,090000,439,439,439,439,10,0
VGO,5,20250813,090500,439,439,439,439,5,0
VGO,5,20250813,091000,440,440,440,440,70,0
VGO,5,20250813,091500,439,439,439,439,2,0
VGO,5,20250813,092000,440,440,440,440,2,0
VGO,5,20250813,093000,440,440,440,440,2,0
VGO,5,20250813,093500,440,440,440,440,30,0
VGO,5,20250813,094000,440,440,440,440,4,0
VGO,5,20250813,103000,440,440,440,440,10,0
VGO,5,20250813,103500,440,440,440,440,10,0
VGO,5,20250813,105000,440,440,440,440,5,0
VGO,5,20250813,110500,440,440,440,440,4,0
VGO,5,20250813,111500,440,440,440,440,20,0
VGO,5,20250813,112000,440,440,440,440,204,0
VGO,5,20250813,112500,440,440,440,440,10,0
VGO,5,20250813,115000,440,440,440,440,42,0
VGO,5,20250813,121500,440,450,440,450,1008,0
VGO,5,20250813,122000,450,450,450,450,49,0
VGO,5,20250813,125500,450,450,450,450,1,0
VGO,5,20250813,141500,450,450,450,450,1,0
VGO,5,20250813,143000,442,442,441,441,3,0
VGO,5,20250813,161000,441,441,441,441,2,0
VGO,5,20250813,164500,442,442,442,442,13,0
VGO,5,20250814,090000,446,446,446,446,3,0
VGO,5,20250814,093000,449,449,449,449,17,0
VGO,5,20250814,095500,450,450,450,450,3,0
VGO,5,20250814,102000,450,450,450,450,7,0
VGO,5,20250814,103000,450,450,450,450,5,0
VGO,5,20250814,120000,450,450,450,450,2,0
VGO,5,20250814,121000,450,450,450,450,8,0
VGO,5,20250814,131000,451,451,451,451,2,0
VGO,5,20250814,134500,448,448,447,447,10,0
VGO,5,20250814,143500,451,452,451,452,14,0
VGO,5,20250814,144000,453,454,453,454,24,0
VGO,5,20250814,152500,451,451,451,451,2,0
VGO,5,20250814,154000,451,451,451,451,3,0
VGO,5,20250814,164500,450,450,450,450,15,0
VGO,5,20250818,090000,452,452,452,452,1,0
VGO,5,20250818,102000,452,455,452,455,21,0
VGO,5,20250818,104500,455,455,455,455,1,0
VGO,5,20250818,110500,455,455,455,455,2,0
VGO,5,20250818,111500,455,455,455,455,3,0
VGO,5,20250818,152000,454,454,454,454,10,0
VGO,5,20250818,154000,455,455,455,455,10,0
VGO,5,20250819,105000,455,455,455,455,25,0
VGO,5,20250819,121000,455,455,455,455,10,0
VGO,5,20250819,122000,455,470,455,470,40,0
VGO,5,20250819,122500,474,474,474,474,13,0
VGO,5,20250819,133500,470,470,470,470,1,0
VGO,5,20250819,135000,458,458,458,458,4,0
VGO,5,20250819,135500,457,457,457,457,10,0
VGO,5,20250819,141000,462,462,457,457,20,0
VGO,5,20250819,143000,464,466,464,466,2,0
VGO,5,20250819,153500,468,468,468,468,5,0
VGO,5,20250819,155000,461,461,461,461,1,0
VGO,5,20250819,155500,467,467,467,467,2,0
VGO,5,20250819,163000,467,467,467,467,1,0
VGO,5,20250819,164500,467,467,467,467,14,0
VGO,5,20250820,090000,461,461,461,461,2,0
VGO,5,20250820,102500,465,465,461,461,12,0
VGO,5,20250820,103500,461,461,461,461,15,0
VGO,5,20250820,125500,461,461,461,461,10,0
VGO,5,20250820,135500,467,467,467,467,2,0
VGO,5,20250820,152500,467,467,467,467,1,0
VGO,5,20250820,154000,467,468,467,468,10,0
VGO,5,20250820,160000,461,461,461,461,6,0
VGO,5,20250821,101000,468,474,468,474,15,0
VGO,5,20250821,103000,474,474,474,474,1,0
VGO,5,20250821,121000,473,473,473,473,1,0
VGO,5,20250821,133500,466,466,466,466,2,0
VGO,5,20250821,135500,466,466,466,466,7,0
VGO,5,20250821,141500,468,468,468,468,1,0
VGO,5,20250821,145000,468,468,468,468,1,0
VGO,5,20250821,154000,468,468,468,468,3,0
VGO,5,20250821,161000,468,468,468,468,10,0
VGO,5,20250821,161500,468,468,468,468,3,0
VGO,5,20250821,162500,468,468,466,466,18,0
VGO,5,20250821,164000,466,468,466,468,9,0
VGO,5,20250821,164500,467,467,467,467,5,0
VGO,5,20250822,090000,468,469,468,469,15,0
VGO,5,20250822,091500,468,468,468,468,2,0
VGO,5,20250822,094500,468,468,468,468,5,0
VGO,5,20250822,095000,469,469,469,469,10,0
VGO,5,20250822,101500,469,475,469,475,50,0
VGO,5,20250822,102500,475,475,475,475,4,0
VGO,5,20250822,103500,475,475,475,475,40,0
VGO,5,20250822,104000,475,475,475,475,69,0
VGO,5,20250822,105500,475,475,475,475,1,0
VGO,5,20250822,111000,474,475,474,475,6,0
VGO,5,20250822,111500,471,471,470,470,5,0
VGO,5,20250822,113000,472,472,472,472,2,0
VGO,5,20250822,120000,471,477,471,476,42,0
VGO,5,20250822,120500,477,477,477,477,4,0
VGO,5,20250822,121500,477,477,477,477,3,0
VGO,5,20250822,122000,477,477,477,477,19,0
VGO,5,20250822,122500,478,478,478,478,5,0
VGO,5,20250822,123500,478,478,478,478,3,0
VGO,5,20250822,125000,478,478,478,478,2,0
VGO,5,20250822,130500,479,479,479,479,1,0
VGO,5,20250822,131000,477,477,477,477,1,0
VGO,5,20250822,131500,472,472,470,470,62,0
VGO,5,20250822,132000,469,469,469,469,4,0
VGO,5,20250822,133000,468,468,468,468,10,0
VGO,5,20250822,135000,467,467,467,467,1,0
VGO,5,20250822,135500,470,470,470,470,6,0
VGO,5,20250822,152500,470,470,470,470,10,0
VGO,5,20250822,153500,470,470,470,470,10,0
VGO,5,20250822,161500,470,470,470,470,11,0
VGO,5,20250822,162000,471,471,471,471,1,0
VGO,5,20250822,163500,471,471,471,471,2,0
VGO,5,20250822,164500,471,476,471,476,16,0
VGO,5,20250825,090500,471,471,471,471,8,0
VGO,5,20250825,095500,471,478,471,478,10,0
VGO,5,20250825,110000,477,477,477,477,4,0
VGO,5,20250825,111000,477,477,477,477,6,0
VGO,5,20250825,135000,471,471,471,471,5,0
VGO,5,20250825,151000,472,472,469,469,17,0
VGO,5,20250825,153500,474,477,474,477,29,0
VGO,5,20250825,164500,477,477,477,477,5,0
VGO,5,20250826,090000,478,478,478,478,4,0
VGO,5,20250826,092000,470,470,464,464,40,0
VGO,5,20250826,094000,475,476,474,476,10,0
VGO,5,20250826,103500,476,476,476,476,6,0
VGO,5,20250826,104000,476,476,476,476,4,0
VGO,5,20250826,105500,478,479,477,479,50,0
VGO,5,20250826,110000,479,479,479,479,4,0
VGO,5,20250826,160000,476,476,476,476,1,0
VGO,5,20250826,162500,476,476,476,476,2,0
VGO,5,20250827,093000,470,470,470,470,6,0
VGO,5,20250827,102500,471,471,471,471,1,0
VGO,5,20250827,103000,475,479,475,479,20,0
VGO,5,20250827,112500,479,479,479,479,21,0
VGO,5,20250827,113000,479,479,479,479,4,0
VGO,5,20250827,113500,480,480,480,480,7,0
VGO,5,20250827,115000,479,479,479,479,10,0
VGO,5,20250827,115500,481,483,481,483,80,0
VGO,5,20250827,121500,483,483,483,483,50,0
VGO,5,20250827,132500,483,483,483,483,1,0
VGO,5,20250827,133500,482,482,482,482,2,0
VGO,5,20250827,141500,479,479,479,479,60,0
VGO,5,20250827,142000,479,479,479,479,4,0
VGO,5,20250827,164500,472,472,472,472,2,0
VGO,5,20250828,095000,472,472,471,471,8,0
VGO,5,20250828,100000,471,471,471,471,3,0
VGO,5,20250828,111500,471,471,471,471,7,0
VGO,5,20250828,112000,468,468,466,466,72,0
VGO,5,20250828,112500,463,463,460,463,23,0
VGO,5,20250828,113500,460,460,460,460,1,0
VGO,5,20250828,115500,460,460,460,460,3,0
VGO,5,20250828,120000,458,458,458,458,5,0
VGO,5,20250828,121000,471,471,471,471,1,0
VGO,5,20250828,134500,470,471,470,471,10,0
VGO,5,20250828,152000,465,475,465,475,40,0
VGO,5,20250829,093500,465,465,465,465,3,0
VGO,5,20250829,094500,465,465,465,465,1,0
VGO,5,20250829,123000,470,470,470,470,10,0
VGO,5,20250829,125000,466,466,466,466,10,0
VGO,5,20250829,125500,466,466,466,466,7,0
VGO,5,20250829,130000,466,466,466,466,1,0
VGO,5,20250829,130500,466,466,465,465,20,0
VGO,5,20250901,090000,470,470,470,470,4,0
VGO,5,20250901,091500,470,470,464,464,20,0
VGO,5,20250901,092500,464,464,464,464,16,0
VGO,5,20250901,095000,464,464,464,464,1,0
VGO,5,20250901,105500,457,457,450,450,26,0
VGO,5,20250901,110500,467,468,467,468,10,0
VGO,5,20250901,120500,466,466,466,466,1,0
VGO,5,20250901,121000,466,466,466,466,1,0
VGO,5,20250901,123500,466,466,466,466,3,0
VGO,5,20250901,134000,460,460,460,460,2,0
VGO,5,20250901,142000,466,475,466,475,50,0
VGO,5,20250901,145000,459,459,459,459,1,0
VGO,5,20250901,161000,473,475,473,475,27,0
VGO,5,20250901,162500,475,475,475,475,10,0
VGO,5,20250901,164500,477,477,477,477,5,0
VGO,5,20250902,093500,470,470,470,470,56,0
VGO,5,20250902,101000,462,462,462,462,3,0
VGO,5,20250902,101500,460,460,460,460,1,0
VGO,5,20250902,105500,476,476,476,476,1,0
VGO,5,20250902,112500,465,465,465,465,1,0
VGO,5,20250902,133500,474,475,474,475,17,0
VGO,5,20250902,140500,475,475,475,475,15,0
VGO,5,20250902,144500,475,477,475,477,25,0
VGO,5,20250902,163000,477,477,477,477,3,0
VGO,5,20250902,163500,477,477,477,477,2,0
VGO,5,20250903,090000,478,478,478,478,30,0
VGO,5,20250903,093500,466,466,466,466,1,0
VGO,5,20250903,094000,466,466,462,462,25,0
VGO,5,20250903,102500,470,470,470,470,1,0
VGO,5,20250903,103500,469,469,469,469,6,0
VGO,5,20250903,113000,463,463,461,461,25,0
VGO,5,20250903,124000,469,469,469,469,5,0
VGO,5,20250903,125000,469,469,469,469,5,0
VGO,5,20250903,131500,470,470,470,470,10,0
VGO,5,20250903,133000,468,468,468,468,8,0
VGO,5,20250903,133500,466,466,465,465,42,0
VGO,5,20250903,143500,466,466,465,465,7,0
VGO,5,20250903,153000,465,465,465,465,15,0
VGO,5,20250903,160000,470,470,470,470,5,0
VGO,5,20250903,160500,465,465,465,465,1,0
VGO,5,20250903,163500,465,465,465,465,50,0
VGO,5,20250904,091500,470,470,470,470,2,0
VGO,5,20250904,112500,466,466,465,465,20,0
VGO,5,20250904,113000,465,465,465,465,10,0
VGO,5,20250904,121500,465,465,464,464,28,0
VGO,5,20250904,131000,464,464,464,464,1,0
VGO,5,20250904,142000,462,462,461,461,26,0
VGO,5,20250904,142500,464,464,464,464,31,0
VGO,5,20250904,161000,463,463,461,461,6,0
VGO,5,20250904,164500,468,468,468,468,2,0
VGO,5,20250905,091000,463,463,461,461,40,0
VGO,5,20250905,093500,461,461,461,461,2,0
VGO,5,20250905,095500,461,461,459,459,27,0
VGO,5,20250905,104000,465,465,465,465,9,0
VGO,5,20250905,105500,465,487,465,487,341,0
VGO,5,20250905,110000,488,489,484,484,29,0
VGO,5,20250905,110500,484,489,484,489,35,0
VGO,5,20250905,111000,486,486,476,484,113,0
VGO,5,20250905,111500,484,487,484,487,45,0
VGO,5,20250905,112000,488,491,488,491,100,0
VGO,5,20250905,112500,497,500,497,499,129,0
VGO,5,20250905,113000,499,499,490,490,5,0
VGO,5,20250905,113500,492,492,492,492,12,0
VGO,5,20250905,114000,499,499,499,499,23,0
VGO,5,20250905,114500,499,499,499,499,2,0
VGO,5,20250905,115000,499,500,499,500,13,0
VGO,5,20250905,115500,492,492,491,492,6,0
VGO,5,20250905,120000,491,491,491,491,5,0
VGO,5,20250905,121500,493,493,493,493,5,0
VGO,5,20250905,122000,493,493,493,493,10,0
VGO,5,20250905,122500,493,493,493,493,4,0
VGO,5,20250905,124500,497,497,497,497,2,0
VGO,5,20250905,125500,497,497,497,497,3,0
VGO,5,20250905,132000,490,490,490,490,2,0
VGO,5,20250905,133000,495,495,495,495,18,0
VGO,5,20250905,134500,494,495,494,495,10,0
VGO,5,20250905,135500,494,495,494,495,5,0
VGO,5,20250905,143500,493,493,493,493,4,0
VGO,5,20250905,145000,492,492,492,492,10,0
VGO,5,20250905,145500,492,492,492,492,10,0
VGO,5,20250905,150500,486,486,485,485,77,0
VGO,5,20250905,152000,492,493,492,493,5,0
VGO,5,20250905,153500,491,491,491,491,5,0
VGO,5,20250905,160500,489,489,489,489,1,0
VGO,5,20250905,162500,490,491,490,491,10,0
VGO,5,20250905,163000,491,491,491,491,44,0
VGO,5,20250905,163500,493,493,493,493,10,0
VGO,5,20250905,164500,489,490,488,490,115,0
VGO,5,20250908,090000,491,491,472,472,60,0
VGO,5,20250908,090500,480,480,472,472,19,0
VGO,5,20250908,094500,479,479,479,479,26,0
VGO,5,20250908,095000,480,480,480,480,39,0
VGO,5,20250908,095500,480,489,480,489,9,0
VGO,5,20250908,101500,489,489,489,489,3,0
VGO,5,20250908,102000,477,477,477,477,2,0
VGO,5,20250908,111500,488,489,488,489,10,0
VGO,5,20250908,122000,488,488,488,488,2,0
VGO,5,20250908,124500,488,488,488,488,3,0
VGO,5,20250908,131000,488,488,488,488,4,0
VGO,5,20250908,131500,488,488,488,488,1,0
VGO,5,20250908,134000,489,489,489,489,3,0
VGO,5,20250908,151000,489,489,489,489,6,0
VGO,5,20250908,155500,483,483,483,483,1,0
VGO,5,20250908,160000,483,483,483,483,3,0
VGO,5,20250908,162000,481,481,481,481,5,0
VGO,5,20250908,164000,478,480,477,477,35,0
VGO,5,20250908,164500,477,477,474,474,80,0
VGO,5,20250909,090000,475,475,475,475,2,0
VGO,5,20250909,101500,475,475,475,475,18,0
VGO,5,20250909,104000,487,487,487,487,2,0
VGO,5,20250909,120500,487,487,487,487,2,0
VGO,5,20250909,130500,487,487,487,487,3,0
VGO,5,20250909,135500,487,487,487,487,1,0
VGO,5,20250909,141000,487,487,487,487,10,0
VGO,5,20250909,141500,488,488,488,488,10,0
VGO,5,20250909,161500,488,488,488,488,8,0
VGO,5,20250909,162000,488,488,488,488,1,0
VGO,5,20250909,164500,489,490,489,490,35,0
VGO,5,20250910,090000,492,494,484,484,47,0
VGO,5,20250910,090500,493,494,493,494,10,0
VGO,5,20250910,091500,493,493,493,493,3,0
VGO,5,20250910,092500,492,493,492,493,16,0
VGO,5,20250910,094000,489,489,489,489,1,0
VGO,5,20250910,094500,489,493,489,493,7,0
VGO,5,20250910,095000,489,489,489,489,1,0
VGO,5,20250910,100000,489,489,489,489,7,0
VGO,5,20250910,102500,482,482,482,482,1,0
VGO,5,20250910,103000,482,482,482,482,1,0
VGO,5,20250910,104000,485,485,485,485,4,0
VGO,5,20250910,104500,486,486,486,486,2,0
VGO,5,20250910,105000,485,485,478,478,5,0
VGO,5,20250910,111000,480,480,480,480,2,0
VGO,5,20250910,112000,478,478,478,478,26,0
VGO,5,20250910,123000,484,486,484,486,5,0
VGO,5,20250910,124000,484,484,484,484,2,0
VGO,5,20250910,132000,487,487,487,487,3,0
VGO,5,20250910,132500,488,488,488,488,6,0
VGO,5,20250910,134000,488,488,488,488,2,0
VGO,5,20250910,135000,485,485,480,480,5,0
VGO,5,20250910,140500,488,488,488,488,1,0
VGO,5,20250910,145500,487,487,487,487,3,0
VGO,5,20250910,152000,487,487,487,487,2,0
VGO,5,20250910,152500,487,487,487,487,2,0
VGO,5,20250910,153000,487,487,487,487,4,0
VGO,5,20250910,154000,487,487,487,487,4,0
VGO,5,20250910,155000,488,488,488,488,1,0
VGO,5,20250910,161000,484,484,484,484,2,0
VGO,5,20250910,164500,489,489,489,489,30,0
VGO,5,20250911,090000,491,492,491,492,12,0
VGO,5,20250911,090500,492,492,490,490,10,0
VGO,5,20250911,092500,490,490,490,490,3,0
VGO,5,20250911,095000,493,493,493,493,1,0
VGO,5,20250911,100000,493,493,493,493,1,0
VGO,5,20250911,101500,493,493,493,493,1,0
VGO,5,20250911,102500,490,490,490,490,1,0
VGO,5,20250911,104000,493,494,493,494,20,0
VGO,5,20250911,105500,493,493,493,493,3,0
VGO,5,20250911,111000,493,493,493,493,12,0
VGO,5,20250911,113000,493,493,493,493,1,0
VGO,5,20250911,114500,493,494,493,494,20,0
VGO,5,20250911,115000,491,491,490,490,10,0
VGO,5,20250911,123500,494,494,494,494,4,0
VGO,5,20250911,125500,490,490,490,490,1,0
VGO,5,20250911,142500,491,491,491,491,3,0
VGO,5,20250911,145500,491,491,491,491,2,0
VGO,5,20250911,155000,493,493,493,493,10,0
VGO,5,20250911,162000,493,494,493,494,10,0
VGO,5,20250911,164500,494,494,494,494,2,0
VGO,5,20250912,090000,494,494,491,491,7,0
VGO,5,20250912,091000,490,494,490,494,24,0
VGO,5,20250912,091500,494,498,494,498,18,0
VGO,5,20250912,092000,498,498,498,498,6,0
VGO,5,20250912,092500,497,497,497,497,19,0
VGO,5,20250912,093000,497,498,497,498,6,0
VGO,5,20250912,093500,498,498,498,498,25,0
VGO,5,20250912,094000,498,498,498,498,12,0
VGO,5,20250912,094500,498,498,498,498,6,0
VGO,5,20250912,095000,498,498,498,498,5,0
VGO,5,20250912,101000,497,497,497,497,6,0
VGO,5,20250912,101500,497,497,497,497,4,0
VGO,5,20250912,102000,498,498,498,498,5,0
VGO,5,20250912,104000,497,498,497,498,10,0
VGO,5,20250912,110000,498,498,498,498,4,0
VGO,5,20250912,111500,498,498,498,498,5,0
VGO,5,20250912,113500,495,495,495,495,12,0
VGO,5,20250912,114000,497,498,497,498,60,0
VGO,5,20250912,114500,498,498,495,495,8,0
VGO,5,20250912,121500,498,498,498,498,2,0
VGO,5,20250912,122000,498,498,498,498,8,0
VGO,5,20250912,123000,498,498,498,498,1,0
VGO,5,20250912,125500,495,495,491,491,10,0
VGO,5,20250912,151500,491,491,491,491,1,0
VGO,5,20250912,154000,497,497,497,497,1,0
VGO,5,20250912,160500,497,497,497,497,2,0
VGO,5,20250912,161500,498,498,498,498,1,0
VGO,5,20250912,163500,498,499,498,499,94,0
VGO,5,20250912,164500,498,499,498,499,89,0
VGO,5,20250915,090000,499,499,499,499,3,0
VGO,5,20250915,091500,499,499,499,499,3,0
VGO,5,20250915,094000,499,499,499,499,1,0
VGO,5,20250915,103500,499,499,499,499,3,0
VGO,5,20250915,104000,499,499,499,499,8,0
VGO,5,20250915,112500,499,499,499,499,9,0
VGO,5,20250915,114500,493,493,493,493,5,0
VGO,5,20250915,122000,495,495,495,495,2,0
VGO,5,20250915,123000,494,494,494,494,4,0
VGO,5,20250915,124000,494,494,494,494,1,0
VGO,5,20250915,133500,494,494,494,494,2,0
VGO,5,20250915,134500,494,494,494,494,15,0
VGO,5,20250915,135000,494,494,494,494,1,0
VGO,5,20250915,140000,494,494,494,494,4,0
VGO,5,20250915,142000,494,494,494,494,10,0
VGO,5,20250915,144000,494,494,494,494,10,0
VGO,5,20250915,161500,495,497,495,497,13,0
VGO,5,20250915,162500,494,494,494,494,1,0
VGO,5,20250915,163500,494,494,494,494,10,0
VGO,5,20250915,164500,497,497,497,497,6,0
VGO,5,20250916,090000,497,497,497,497,4,0
VGO,5,20250916,091000,498,498,498,498,1,0
VGO,5,20250916,100000,498,498,495,495,3,0
VGO,5,20250916,100500,492,492,492,492,3,0
VGO,5,20250916,115000,492,494,492,494,10,0
VGO,5,20250916,120500,489,489,489,489,5,0
VGO,5,20250916,122500,492,492,492,492,3,0
VGO,5,20250916,123500,487,487,487,487,10,0
VGO,5,20250916,130500,494,494,494,494,3,0
VGO,5,20250916,134500,487,487,487,487,5,0
VGO,5,20250916,151000,489,489,487,487,4,0
VGO,5,20250916,155500,487,487,487,487,14,0
VGO,5,20250916,160500,486,486,486,486,1,0
VGO,5,20250916,162500,493,493,493,493,12,0
VGO,5,20250916,164500,488,488,488,488,10,0
VGO,5,20250917,090000,487,487,487,487,4,0
VGO,5,20250917,093500,488,488,488,488,1,0
VGO,5,20250917,100000,488,488,488,488,1,0
VGO,5,20250917,105500,488,488,485,485,7,0
VGO,5,20250917,130000,485,485,485,485,10,0
VGO,5,20250917,131000,485,485,485,485,1,0
VGO,5,20250917,132000,482,482,482,482,2,0
VGO,5,20250917,141000,485,485,485,485,4,0
VGO,5,20250917,145000,485,485,485,485,1,0
VGO,5,20250917,150000,491,491,485,485,11,0
VGO,5,20250917,151500,483,483,483,483,19,0
VGO,5,20250917,164500,491,491,491,491,10,0
VGO,5,20250918,090000,483,483,483,483,4,0
VGO,5,20250918,090500,482,482,482,482,4,0
VGO,5,20250918,091000,481,481,481,481,11,0
VGO,5,20250918,111500,485,485,485,485,1,0
VGO,5,20250918,114000,483,492,483,491,27,0
VGO,5,20250918,114500,481,481,481,481,1,0
VGO,5,20250918,122000,492,492,492,492,1,0
VGO,5,20250918,122500,492,492,492,492,1,0
VGO,5,20250918,124000,487,487,483,483,9,0
VGO,5,20250918,134500,491,495,491,495,54,0
VGO,5,20250918,135000,498,499,498,499,457,0
VGO,5,20250918,143500,490,490,490,490,5,0
VGO,5,20250918,145000,495,495,495,495,2,0
VGO,5,20250918,151500,486,486,486,486,12,0
VGO,5,20250918,154500,486,486,486,486,34,0
VGO,5,20250918,161000,487,487,487,487,1,0
VGO,5,20250918,161500,486,497,486,497,20,0
VGO,5,20250918,165500,496,496,496,496,6,0
VGO,5,20250919,090000,496,497,496,497,6,0
VGO,5,20250919,092000,497,497,497,497,11,0
VGO,5,20250919,094000,496,496,496,496,1,0
VGO,5,20250919,094500,493,496,493,496,3,0
VGO,5,20250919,095000,496,496,496,496,2,0
VGO,5,20250919,100000,496,496,496,496,3,0
VGO,5,20250919,103500,497,497,497,497,3,0
VGO,5,20250919,105500,496,496,496,496,3,0
VGO,5,20250919,114000,493,493,493,493,1,0
VGO,5,20250919,121000,496,496,496,496,2,0
VGO,5,20250919,122000,493,493,493,493,4,0
VGO,5,20250919,132000,493,493,493,493,2,0
VGO,5,20250919,141500,493,493,493,493,2,0
VGO,5,20250919,143500,496,496,496,496,5,0
VGO,5,20250919,152000,494,494,493,493,9,0
VGO,5,20250919,164500,494,494,494,494,5,0
VGO,5,20250922,090000,497,497,497,497,1,0
VGO,5,20250922,092000,494,494,494,494,6,0
VGO,5,20250922,094000,494,494,494,494,1,0
VGO,5,20250922,103000,495,496,495,496,46,0
VGO,5,20250922,122500,496,496,496,496,10,0
VGO,5,20250922,123000,497,497,497,497,10,0
VGO,5,20250922,133000,498,498,498,498,5,0
VGO,5,20250922,140500,498,498,498,498,33,0
VGO,5,20250922,141500,498,498,498,498,3,0
VGO,5,20250922,150000,498,498,498,498,14,0
VGO,5,20250922,153500,498,498,498,498,6,0
VGO,5,20250922,162000,495,495,495,495,200,0
VGO,5,20250922,163000,495,495,495,495,110,0
VGO,5,20250922,164000,495,499,495,499,30,0
VGO,5,20250922,164500,493,493,493,493,8,0
VGO,5,20250923,091500,498,498,498,498,20,0
VGO,5,20250923,092000,495,495,495,495,1,0
VGO,5,20250923,094500,495,495,495,495,4,0
VGO,5,20250923,103500,495,495,493,493,13,0
VGO,5,20250923,105500,498,498,498,498,1,0
VGO,5,20250923,110000,498,498,498,498,2,0
VGO,5,20250923,113000,498,498,498,498,1,0
VGO,5,20250923,131500,497,497,497,497,3,0
VGO,5,20250923,150000,497,497,497,497,2,0
VGO,5,20250923,151500,497,497,497,497,8,0
VGO,5,20250924,090000,494,494,494,494,17,0
VGO,5,20250924,090500,498,498,498,498,1,0
VGO,5,20250924,092000,494,494,494,494,20,0
VGO,5,20250924,094000,493,493,493,493,20,0
VGO,5,20250924,100000,493,493,493,493,20,0
VGO,5,20250924,101000,493,493,493,493,16,0
VGO,5,20250924,130500,493,493,493,493,5,0
VGO,5,20250924,131500,495,495,492,492,57,0
VGO,5,20250924,132000,492,492,490,490,9,0
VGO,5,20250924,134500,496,496,496,496,2,0
VGO,5,20250924,143000,495,495,495,495,8,0
VGO,5,20250924,143500,495,495,495,495,5,0
VGO,5,20250924,145000,495,495,495,495,10,0
VGO,5,20250924,150000,495,495,495,495,2,0
VGO,5,20250924,153500,495,495,495,495,6,0
VGO,5,20250924,164500,499,499,499,499,120,0
VGO,5,20250925,091000,498,498,498,498,4,0
VGO,5,20250925,091500,495,495,494,494,16,0
VGO,5,20250925,093000,494,495,494,495,9,0
VGO,5,20250925,094500,495,495,495,495,3,0
VGO,5,20250925,095000,493,494,493,494,15,0
VGO,5,20250925,095500,494,494,494,494,1,0
VGO,5,20250925,100500,494,494,493,493,168,0
VGO,5,20250925,101000,492,492,490,490,10,0
VGO,5,20250925,103000,495,495,495,495,1,0
VGO,5,20250925,105000,495,495,495,495,1,0
VGO,5,20250925,113500,495,498,495,498,100,0
VGO,5,20250925,124000,498,499,498,499,5,0
VGO,5,20250925,125000,495,495,495,495,4,0
VGO,5,20250925,131500,495,495,495,495,24,0
VGO,5,20250925,132000,495,495,492,492,3,0
VGO,5,20250925,135000,499,499,499,499,1,0
VGO,5,20250925,150500,498,498,498,498,5,0
VGO,5,20250925,151500,498,498,498,498,2,0
VGO,5,20250925,152500,498,498,498,498,1,0
VGO,5,20250925,155500,492,492,491,491,18,0
VGO,5,20250925,160000,490,490,490,490,1,0
VGO,5,20250925,164500,497,498,497,498,11,0
VGO,5,20250926,090000,487,487,487,487,43,0
VGO,5,20250926,090500,487,487,487,487,1,0
VGO,5,20250926,093500,488,488,487,487,30,0
VGO,5,20250926,094000,487,495,485,495,15,0
VGO,5,20250926,102500,493,495,493,495,80,0
VGO,5,20250926,104000,495,495,495,495,1,0
VGO,5,20250926,104500,495,495,495,495,761,0
VGO,5,20250926,105500,497,497,497,497,1,0
VGO,5,20250926,110500,497,498,497,498,13,0
VGO,5,20250926,111500,499,499,499,499,150,0
VGO,5,20250926,112000,494,494,494,494,5,0
VGO,5,20250926,113500,499,499,498,499,373,0
VGO,5,20250926,114000,499,500,499,500,76,0
VGO,5,20250926,114500,500,500,500,500,55,0
VGO,5,20250926,115000,500,504,500,504,81,0
VGO,5,20250926,115500,506,506,506,506,6,0
VGO,5,20250926,120000,506,508,506,506,15,0
VGO,5,20250926,120500,506,506,506,506,30,0
VGO,5,20250926,121500,508,508,508,508,4,0
VGO,5,20250926,124500,506,506,506,506,5,0
VGO,5,20250926,125000,506,506,506,506,3,0
VGO,5,20250926,131000,500,500,500,500,6,0
VGO,5,20250926,131500,494,494,494,494,2,0
VGO,5,20250926,133500,494,494,494,494,10,0
VGO,5,20250926,134000,494,494,494,494,14,0
VGO,5,20250926,142000,494,494,494,494,4,0
VGO,5,20250926,142500,494,494,494,494,1,0
VGO,5,20250926,144500,499,499,499,499,2,0
VGO,5,20250926,145000,499,499,499,499,7,0
VGO,5,20250926,151000,499,500,499,500,12,0
VGO,5,20250926,151500,504,504,504,504,1,0
VGO,5,20250926,152500,504,504,504,504,7,0
VGO,5,20250926,154000,504,504,504,504,9,0
VGO,5,20250926,154500,504,504,504,504,2,0
VGO,5,20250926,155000,504,504,504,504,1,0
VGO,5,20250926,161000,500,500,500,500,2,0
VGO,5,20250926,163000,497,497,496,496,4,0
VGO,5,20250926,163500,500,500,500,500,2,0
VGO,5,20250926,164000,502,502,502,502,2,0
VGO,5,20250926,164500,502,506,502,506,38,0
VGO,5,20250929,090000,510,510,506,506,39,0
VGO,5,20250929,090500,508,508,500,500,6,0
VGO,5,20250929,092500,498,498,498,498,2,0
VGO,5,20250929,095000,500,500,500,500,7,0
VGO,5,20250929,095500,502,506,502,506,8,0
VGO,5,20250929,100000,502,502,502,502,1,0
VGO,5,20250929,101500,506,506,506,506,5,0
VGO,5,20250929,104000,506,506,506,506,6,0
VGO,5,20250929,105500,504,504,500,500,10,0
VGO,5,20250929,113000,504,504,504,504,4,0
VGO,5,20250929,123500,500,500,500,500,12,0
VGO,5,20250929,142000,502,502,502,502,2,0
VGO,5,20250929,151000,506,506,506,506,2,0
VGO,5,20250929,160000,502,502,502,502,1,0
VGO,5,20250929,160500,502,508,502,508,15,0
VGO,5,20250929,162000,500,500,500,500,14,0
VGO,5,20250929,164500,508,508,508,508,1,0
VGO,5,20250930,090000,502,502,502,502,100,0
VGO,5,20250930,090500,502,502,502,502,1,0
VGO,5,20250930,091000,502,502,502,502,42,0
VGO,5,20250930,095500,504,504,504,504,3,0
VGO,5,20250930,100500,506,506,506,506,10,0
VGO,5,20250930,103500,504,504,502,502,3,0
VGO,5,20250930,105000,506,506,506,506,6,0
VGO,5,20250930,105500,506,510,506,510,23,0
VGO,5,20250930,111500,508,508,508,508,15,0
VGO,5,20250930,112000,508,508,508,508,7,0
VGO,5,20250930,113000,510,510,510,510,6,0
VGO,5,20250930,114000,508,508,508,508,5,0
VGO,5,20250930,123500,510,512,510,512,45,0
VGO,5,20250930,124000,512,512,512,512,8,0
VGO,5,20250930,130000,512,520,512,520,761,0
VGO,5,20250930,130500,522,522,522,522,3,0
VGO,5,20250930,131500,520,522,520,522,5,0
VGO,5,20250930,132500,516,516,516,516,20,0
VGO,5,20250930,133500,512,512,512,512,1,0
VGO,5,20250930,135500,520,520,512,512,19,0
VGO,5,20250930,141000,512,512,512,512,1,0
VGO,5,20250930,142500,512,520,508,520,9,0
VGO,5,20250930,150500,510,510,510,510,4,0
VGO,5,20250930,153000,510,510,510,510,10,0
VGO,5,20250930,154000,514,520,514,520,20,0
VGO,5,20250930,162500,520,520,520,520,20,0
VGO,5,20250930,163500,520,520,520,520,2,0
VGO,5,20250930,164500,512,512,510,510,4,0
VGO,5,20250930,165500,518,518,518,518,1,0
VGO,5,20251001,090000,520,520,520,520,5,0
VGO,5,20251001,090500,512,512,512,512,10,0
VGO,5,20251001,091000,512,512,512,512,10,0
VGO,5,20251001,094000,518,518,518,518,2,0
VGO,5,20251001,110000,516,516,516,516,1,0
VGO,5,20251001,113000,516,516,516,516,8,0
VGO,5,20251001,113500,512,512,512,512,5,0
VGO,5,20251001,121500,516,516,516,516,2,0
VGO,5,20251001,134000,512,512,512,512,9,0
VGO,5,20251001,134500,512,512,512,512,11,0
VGO,5,20251001,161500,516,516,516,516,13,0
VGO,5,20251001,162000,514,514,514,514,2,0
VGO,5,20251001,162500,514,514,514,514,3,0
VGO,5,20251001,163000,514,514,514,514,2,0
VGO,5,20251001,164500,514,514,514,514,5,0
VGO,5,20251002,090000,514,518,514,518,6,0
VGO,5,20251002,091000,512,512,510,510,2,0
VGO,5,20251002,094500,518,518,518,518,5,0
VGO,5,20251002,100000,516,518,516,518,20,0
VGO,5,20251002,100500,518,518,518,518,18,0
VGO,5,20251002,101000,518,518,518,518,2,0
VGO,5,20251002,103000,520,520,520,520,3,0
VGO,5,20251002,105000,514,514,514,514,3,0
VGO,5,20251002,110000,518,520,518,520,114,0
VGO,5,20251002,111000,520,520,520,520,20,0
VGO,5,20251002,112500,518,518,518,518,3,0
VGO,5,20251002,114500,522,522,522,522,12,0
VGO,5,20251002,121000,522,524,522,524,115,0
VGO,5,20251002,121500,524,524,524,524,3,0
VGO,5,20251002,124000,518,518,518,518,1,0
VGO,5,20251002,130000,522,522,522,522,1,0
VGO,5,20251002,131000,526,528,526,528,30,0
VGO,5,20251002,131500,528,530,528,530,5,0
VGO,5,20251002,143000,528,528,528,528,10,0
VGO,5,20251002,143500,528,530,528,530,15,0
VGO,5,20251002,144000,530,530,530,530,97,0
VGO,5,20251002,150000,528,528,528,528,12,0
VGO,5,20251002,150500,528,528,528,528,14,0
VGO,5,20251002,151000,528,528,528,528,3,0
VGO,5,20251002,152000,528,528,528,528,3,0
VGO,5,20251002,154500,528,528,528,528,4,0
VGO,5,20251002,155000,528,528,528,528,6,0
VGO,5,20251002,155500,530,530,530,530,10,0
VGO,5,20251002,164000,528,528,528,528,3,0
VGO,5,20251002,164500,530,530,530,530,11,0
VGO,5,20251003,090000,534,534,534,534,37,0
VGO,5,20251003,090500,534,534,534,534,10,0
VGO,5,20251003,092000,530,530,530,530,5,0
VGO,5,20251003,094000,532,532,532,532,3,0
VGO,5,20251003,100000,532,532,532,532,1,0
VGO,5,20251003,105000,526,526,526,526,3,0
VGO,5,20251003,113500,530,530,526,526,12,0
VGO,5,20251003,115000,530,530,530,530,7,0
VGO,5,20251003,120000,530,530,530,530,7,0
VGO,5,20251003,123500,524,524,524,524,1,0
VGO,5,20251003,124500,524,524,524,524,2,0
VGO,5,20251003,131000,524,524,524,524,11,0
VGO,5,20251003,143000,530,530,530,530,1,0
VGO,5,20251003,152000,524,524,524,524,21,0
VGO,5,20251003,161000,526,526,526,526,11,0
VGO,5,20251003,162500,530,530,528,530,20,0
VGO,5,20251003,164500,530,530,530,530,127,0
VGO,5,20251006,090000,526,526,526,526,2,0
VGO,5,20251006,090500,526,526,526,526,14,0
VGO,5,20251006,091000,522,522,522,522,1,0
VGO,5,20251006,091500,522,522,500,504,115,0
VGO,5,20251006,092000,506,506,506,506,2,0
VGO,5,20251006,093000,512,512,512,512,2,0
VGO,5,20251006,093500,510,512,510,512,10,0
VGO,5,20251006,094000,518,518,518,518,2,0
VGO,5,20251006,094500,516,522,516,522,32,0
VGO,5,20251006,095500,524,524,524,524,9,0
VGO,5,20251006,100000,524,524,524,524,1,0
VGO,5,20251006,100500,524,524,524,524,5,0
VGO,5,20251006,101000,522,522,522,522,7,0
VGO,5,20251006,102000,524,524,524,524,1,0
VGO,5,20251006,103000,524,526,524,526,8,0
VGO,5,20251006,105500,526,526,526,526,3,0
VGO,5,20251006,113000,524,524,524,524,2,0
VGO,5,20251006,120000,524,524,524,524,9,0
VGO,5,20251006,120500,524,524,524,524,6,0
VGO,5,20251006,121500,524,524,524,524,1,0
VGO,5,20251006,131000,512,512,512,512,3,0
VGO,5,20251006,150500,520,520,520,520,3,0
VGO,5,20251006,153000,524,526,524,526,71,0
VGO,5,20251006,155000,528,530,528,530,89,0
VGO,5,20251006,155500,532,532,532,532,16,0
VGO,5,20251006,162000,530,532,530,532,9,0
VGO,5,20251006,163000,526,526,526,526,3,0
VGO,5,20251006,163500,532,534,532,534,43,0
VGO,5,20251006,164500,534,534,534,534,10,0
VGO,5,20251007,090000,534,534,524,524,39,0
VGO,5,20251007,091000,534,534,534,534,9,0
VGO,5,20251007,094500,532,532,532,532,5,0
VGO,5,20251007,100500,530,530,530,530,4,0
VGO,5,20251007,102500,530,532,530,532,9,0
VGO,5,20251007,113500,532,532,532,532,37,0
VGO,5,20251007,114500,526,526,526,526,3,0
VGO,5,20251007,123000,534,534,534,534,80,0
VGO,5,20251007,130500,526,526,526,526,2,0
VGO,5,20251007,131000,536,538,536,538,21,0
VGO,5,20251007,131500,538,538,538,538,10,0
VGO,5,20251007,132000,538,540,538,538,65,0
VGO,5,20251007,132500,538,538,538,538,5,0
VGO,5,20251007,135500,532,532,532,532,16,0
VGO,5,20251007,153500,530,536,530,536,7,0
VGO,5,20251008,090000,536,536,536,536,1,0
VGO,5,20251008,101500,524,524,520,522,40,0
VGO,5,20251008,102000,522,522,522,522,2,0
VGO,5,20251008,105500,532,532,532,532,1,0
VGO,5,20251008,113500,528,528,528,528,10,0
VGO,5,20251008,121000,528,528,528,528,30,0
VGO,5,20251008,124000,528,528,528,528,16,0
VGO,5,20251008,131500,526,526,526,526,31,0
VGO,5,20251008,132000,526,526,526,526,4,0
VGO,5,20251008,144000,532,532,532,532,7,0
VGO,5,20251008,150000,526,526,526,526,1,0
VGO,5,20251008,155000,526,526,526,526,18,0
VGO,5,20251008,162500,530,530,530,530,21,0
VGO,5,20251009,090000,526,526,526,526,6,0
VGO,5,20251009,090500,524,524,524,524,4,0
VGO,5,20251009,100500,526,526,526,526,4,0
VGO,5,20251009,102500,524,524,524,524,69,0
VGO,5,20251009,121000,524,524,524,524,1,0
VGO,5,20251009,123000,524,524,524,524,10,0
VGO,5,20251009,130500,520,522,520,520,29,0
VGO,5,20251009,150000,522,522,522,522,10,0
VGO,5,20251009,153000,524,524,524,524,1,0
VGO,5,20251009,153500,524,524,524,524,20,0
VGO,5,20251009,154000,524,524,524,524,1,0
VGO,5,20251009,162500,524,524,524,524,3,0
VGO,5,20251009,164500,530,530,530,530,78,0
VGO,5,20251010,090000,530,530,530,530,3,0
VGO,5,20251010,095500,528,530,528,530,14,0
VGO,5,20251010,100500,520,520,520,520,2,0
VGO,5,20251010,104500,520,520,520,520,1,0
VGO,5,20251010,105500,520,520,520,520,2,0
VGO,5,20251010,115500,522,522,522,522,10,0
VGO,5,20251010,120000,522,522,522,522,1,0
VGO,5,20251010,120500,520,520,520,520,7,0
VGO,5,20251010,131000,522,530,522,530,29,0
VGO,5,20251010,132000,530,530,530,530,15,0
VGO,5,20251010,133000,530,530,530,530,5,0
VGO,5,20251010,134000,530,530,530,530,6,0
VGO,5,20251010,141500,526,526,526,526,1,0
VGO,5,20251010,142500,526,526,522,522,25,0
VGO,5,20251010,150500,534,534,534,534,5,0
VGO,5,20251010,153500,522,522,522,522,8,0
VGO,5,20251010,164500,532,532,532,532,5,0
VGO,5,20251013,090000,520,520,510,520,55,0
VGO,5,20251013,092000,518,518,516,516,15,0
VGO,5,20251013,092500,518,518,518,518,4,0
VGO,5,20251013,093000,510,510,510,510,1,0
VGO,5,20251013,093500,518,518,518,518,4,0
VGO,5,20251013,105000,512,512,512,512,24,0
VGO,5,20251013,114000,518,518,518,518,39,0
VGO,5,20251013,132500,516,516,516,516,116,0
VGO,5,20251013,133000,516,516,516,516,11,0
VGO,5,20251013,135000,516,516,516,516,10,0
VGO,5,20251013,143500,514,514,514,514,20,0
VGO,5,20251013,144000,516,516,516,516,6,0
VGO,5,20251013,145000,514,514,514,514,7,0
VGO,5,20251013,163500,520,520,520,520,1,0
VGO,5,20251013,164500,520,520,520,520,20,0
VGO,5,20251014,090000,514,514,514,514,30,0
VGO,5,20251014,092000,512,512,512,512,20,0
VGO,5,20251014,092500,512,512,506,506,53,0
VGO,5,20251014,093000,506,506,506,506,7,0
VGO,5,20251014,094000,506,506,506,506,1,0
VGO,5,20251014,100500,506,506,506,506,1,0
VGO,5,20251014,102500,506,506,506,506,60,0
VGO,5,20251014,104500,506,506,502,502,70,0
VGO,5,20251014,105000,504,504,504,504,20,0
VGO,5,20251014,110000,504,504,504,504,2,0
VGO,5,20251014,111500,504,504,504,504,11,0
VGO,5,20251014,112000,506,506,506,506,20,0
VGO,5,20251014,113000,510,510,510,510,50,0
VGO,5,20251014,121500,506,506,506,506,33,0
VGO,5,20251014,123000,506,510,506,510,34,0
VGO,5,20251014,130500,510,510,510,510,26,0
VGO,5,20251014,150500,506,506,506,506,10,0
VGO,5,20251014,151000,510,510,506,506,77,0
VGO,5,20251014,151500,506,506,506,506,113,0
VGO,5,20251014,152000,508,508,508,508,4,0
VGO,5,20251014,155500,506,506,506,506,4,0
VGO,5,20251014,162000,508,508,506,506,13,0
VGO,5,20251014,164500,510,510,510,510,20,0
VGO,5,20251015,090000,520,528,520,528,40,0
VGO,5,20251015,091000,520,520,520,520,3,0
VGO,5,20251015,093500,528,530,528,530,27,0
VGO,5,20251015,095000,530,530,530,530,12,0
VGO,5,20251015,095500,530,530,530,530,2,0
VGO,5,20251015,100000,530,530,530,530,7,0
VGO,5,20251015,101000,530,530,530,530,7,0
VGO,5,20251015,104500,526,526,526,526,101,0
VGO,5,20251015,105000,526,526,526,526,1,0
VGO,5,20251015,121500,522,522,522,522,30,0
VGO,5,20251015,122000,522,522,522,522,5,0
VGO,5,20251015,124500,524,524,524,524,13,0
VGO,5,20251015,125500,526,526,526,526,80,0
VGO,5,20251015,140000,524,524,522,522,14,0
VGO,5,20251015,154000,526,526,526,526,9,0
VGO,5,20251015,154500,528,528,528,528,8,0
VGO,5,20251015,164500,522,522,522,522,4,0
VGO,5,20251016,090000,526,526,526,526,3,0
VGO,5,20251016,090500,526,526,526,526,55,0
VGO,5,20251016,091000,524,524,524,524,5,0
VGO,5,20251016,092500,524,524,524,524,4,0
VGO,5,20251016,093000,526,526,526,526,1,0
VGO,5,20251016,093500,526,526,526,526,2,0
VGO,5,20251016,094000,524,524,524,524,6,0
VGO,5,20251016,095000,524,526,524,526,6,0
VGO,5,20251016,100500,526,526,526,526,1,0
VGO,5,20251016,102500,518,520,518,518,130,0
VGO,5,20251016,105500,518,518,518,518,1,0
VGO,5,20251016,121000,518,518,518,518,3,0
VGO,5,20251016,121500,514,514,514,514,5,0
VGO,5,20251016,122500,512,512,512,512,18,0
VGO,5,20251016,155500,522,522,522,522,4,0
VGO,5,20251016,164500,516,516,516,516,46,0
VGO,5,20251017,090000,520,520,516,516,15,0
VGO,5,20251017,090500,516,516,506,506,85,0
VGO,5,20251017,091000,504,504,498,500,55,0
VGO,5,20251017,091500,500,504,500,500,18,0
VGO,5,20251017,092000,504,506,500,500,53,0
VGO,5,20251017,092500,504,504,504,504,8,0
VGO,5,20251017,093500,504,504,485,485,139,0
VGO,5,20251017,094000,491,491,491,491,5,0
VGO,5,20251017,094500,499,499,499,499,5,0
VGO,5,20251017,095000,500,502,500,502,8,0
VGO,5,20251017,095500,499,499,499,499,6,0
VGO,5,20251017,100500,502,502,502,502,2,0
VGO,5,20251017,102500,500,500,500,500,2,0
VGO,5,20251017,103000,495,495,495,495,1,0
VGO,5,20251017,105500,500,514,500,512,222,0
VGO,5,20251017,113000,504,504,504,504,10,0
VGO,5,20251017,125000,510,510,510,510,12,0
VGO,5,20251017,131000,510,510,510,510,10,0
VGO,5,20251017,153000,514,518,514,518,20,0
VGO,5,20251017,153500,518,518,518,518,1,0
VGO,5,20251017,164500,510,516,510,516,6,0
VGO,5,20251020,090000,508,512,508,512,71,0
VGO,5,20251020,091000,508,508,504,504,24,0
VGO,5,20251020,092500,510,510,510,510,9,0
VGO,5,20251020,093000,512,512,512,512,3,0
VGO,5,20251020,111000,512,512,512,512,10,0
VGO,5,20251020,112000,512,514,512,514,9,0
VGO,5,20251020,114500,516,516,516,516,10,0
VGO,5,20251020,115000,514,514,514,514,12,0
VGO,5,20251020,120000,514,514,514,514,2,0
VGO,5,20251020,122500,514,514,514,514,4,0
VGO,5,20251020,124500,516,516,516,516,10,0
VGO,5,20251020,125500,516,520,516,520,148,0
VGO,5,20251020,143000,520,520,520,520,1,0
VGO,5,20251020,143500,520,520,520,520,3,0
VGO,5,20251020,144500,522,522,522,522,1,0
VGO,5,20251020,154000,520,520,520,520,3,0
VGO,5,20251020,155500,520,520,520,520,1,0
VGO,5,20251020,161000,520,520,520,520,4,0
VGO,5,20251020,163500,518,518,518,518,1,0
VGO,5,20251020,164500,518,518,518,518,59,0
VGO,5,20251021,090000,520,520,520,520,10,0
VGO,5,20251021,093500,516,516,508,508,10,0
VGO,5,20251021,094000,518,520,518,520,99,0
VGO,5,20251021,113500,520,520,520,520,1,0
VGO,5,20251021,115500,520,520,520,520,14,0
VGO,5,20251021,122500,512,512,506,506,8,0
VGO,5,20251021,123500,520,520,520,520,3,0
VGO,5,20251021,135000,518,518,518,518,1,0
VGO,5,20251021,151500,518,518,518,518,7,0
VGO,5,20251021,162000,518,518,518,518,2,0
VGO,5,20251021,162500,510,510,508,508,40,0
VGO,5,20251021,163000,508,508,504,504,45,0
VGO,5,20251021,164500,508,508,508,508,5,0
VGO,5,20251022,090000,506,506,506,506,16,0
VGO,5,20251022,090500,514,514,514,514,1,0
VGO,5,20251022,110000,508,508,508,508,5,0
VGO,5,20251022,122500,510,510,510,510,2000,0
VGO,5,20251022,123500,512,516,512,516,58,0
VGO,5,20251022,125000,516,518,516,518,5,0
VGO,5,20251022,125500,516,516,516,516,5,0
VGO,5,20251022,131500,518,518,518,518,5,0
VGO,5,20251022,132000,518,520,518,520,76,0
VGO,5,20251022,151000,520,520,520,520,4,0
VGO,5,20251022,153000,514,514,514,514,2,0
VGO,5,20251023,090000,518,518,518,518,1,0
VGO,5,20251023,100500,510,510,508,508,46,0
VGO,5,20251023,104000,518,518,518,518,10,0
VGO,5,20251023,105500,518,518,518,518,2,0
VGO,5,20251023,112000,512,512,512,512,8,0
VGO,5,20251023,115000,510,510,510,510,7,0
VGO,5,20251023,124500,518,518,518,518,10,0
VGO,5,20251023,125500,518,518,518,518,2,0
VGO,5,20251023,135000,518,518,518,518,6,0
VGO,5,20251023,160000,518,520,518,520,21,0
VGO,5,20251023,161500,520,520,520,520,1,0
VGO,5,20251023,162500,518,518,518,518,4,0
VGO,5,20251024,090000,518,518,518,518,3,0
VGO,5,20251024,094000,518,520,518,520,5,0
VGO,5,20251024,102500,512,512,512,512,5,0
VGO,5,20251024,103000,512,512,512,512,5,0
VGO,5,20251024,114000,512,512,512,512,2,0
VGO,5,20251024,132000,516,516,516,516,1,0
VGO,5,20251024,140000,516,516,516,516,9,0
VGO,5,20251024,141000,516,516,510,510,2,0
VGO,5,20251024,151000,510,510,510,510,1,0
VGO,5,20251024,152000,510,510,510,510,4,0
VGO,5,20251024,160000,510,510,510,510,5,0
VGO,5,20251024,161500,510,510,510,510,2,0
VGO,5,20251024,162000,510,510,510,510,5,0
VGO,5,20251024,163000,506,506,506,506,1,0
VGO,5,20251024,164000,506,506,506,506,1,0
VGO,5,20251024,164500,510,510,510,510,6,0
VGO,5,20251027,090000,512,516,512,516,22,0
VGO,5,20251027,091500,512,512,512,512,2,0
VGO,5,20251027,093000,512,512,512,512,3,0
VGO,5,20251027,094500,512,512,512,512,23,0
VGO,5,20251027,095500,508,512,508,512,7,0
VGO,5,20251027,100500,514,518,514,518,8,0
VGO,5,20251027,104000,518,520,516,520,70,0
VGO,5,20251027,104500,520,520,520,520,10,0
VGO,5,20251027,130000,518,518,518,518,5,0
VGO,5,20251027,131000,518,520,518,520,44,0
VGO,5,20251027,132500,520,520,520,520,60,0
VGO,5,20251027,133000,512,512,512,512,10,0
VGO,5,20251027,153500,512,512,512,512,2,0
VGO,5,20251027,164500,518,518,518,518,5,0
VGO,5,20251028,094500,520,524,520,524,26,0
VGO,5,20251028,102000,524,524,524,524,90,0
VGO,5,20251028,105000,514,514,514,514,55,0
VGO,5,20251028,122500,516,516,514,514,3,0
VGO,5,20251028,125000,516,516,516,516,7,0
VGO,5,20251028,131000,514,514,514,514,6,0
VGO,5,20251028,140500,516,516,516,516,10,0
VGO,5,20251028,141000,514,514,514,514,15,0
VGO,5,20251028,145500,514,514,514,514,10,0
VGO,5,20251028,151500,514,514,514,514,2,0
VGO,5,20251028,152500,514,514,514,514,16,0
VGO,5,20251028,153000,512,512,512,512,2,0
VGO,5,20251028,161000,514,514,514,514,18,0
VGO,5,20251028,161500,514,514,512,512,6,0
VGO,5,20251028,162000,518,520,518,520,44,0
VGO,5,20251028,163500,512,512,512,512,12,0
VGO,5,20251028,165500,518,518,518,518,35,0
VGO,5,20251029,090000,522,522,522,522,14,0
VGO,5,20251029,092500,518,520,512,520,7,0
VGO,5,20251029,095500,518,518,518,518,8,0
VGO,5,20251029,102000,518,518,518,518,7,0
VGO,5,20251029,103000,518,518,518,518,3,0
VGO,5,20251029,103500,518,518,518,518,2,0
VGO,5,20251029,105500,516,516,516,516,1,0
VGO,5,20251029,112500,512,512,512,512,3,0
VGO,5,20251029,120000,512,512,512,512,1,0
VGO,5,20251029,122500,512,512,512,512,6,0
VGO,5,20251029,130000,514,514,514,514,1,0
VGO,5,20251029,131000,514,514,514,514,1,0
VGO,5,20251029,152500,512,512,512,512,10,0
VGO,5,20251029,155000,514,514,514,514,10,0
VGO,5,20251029,160000,514,514,514,514,4,0
VGO,5,20251029,165500,514,514,514,514,15,0
VGO,5,20251030,090000,516,516,516,516,2,0
VGO,5,20251030,112000,510,510,510,510,2,0
VGO,5,20251030,113500,516,516,516,516,8,0
VGO,5,20251030,114000,518,518,518,518,5,0
VGO,5,20251030,120000,520,520,520,520,5,0
VGO,5,20251030,123000,520,520,520,520,13,0
VGO,5,20251030,125500,520,520,520,520,10,0
VGO,5,20251030,135000,518,518,518,518,1,0
VGO,5,20251030,144000,518,518,518,518,167,0
VGO,5,20251030,145500,518,518,518,518,19,0
VGO,5,20251030,151000,518,518,518,518,24,0
VGO,5,20251030,162500,520,520,520,520,5,0
VGO,5,20251030,163000,520,520,520,520,9,0
VGO,5,20251030,163500,520,520,520,520,5,0
VGO,5,20251030,164500,518,520,518,520,12,0
VGO,5,20251031,090000,520,520,520,520,17,0
VGO,5,20251031,092000,512,512,512,512,1,0
VGO,5,20251031,130000,514,514,514,514,3,0
VGO,5,20251031,135000,514,514,514,514,2,0
VGO,5,20251031,142000,514,514,514,514,3,0
VGO,5,20251031,143500,514,514,514,514,3,0
VGO,5,20251031,144000,514,514,514,514,5,0
VGO,5,20251031,153000,516,516,516,516,9,0
VGO,5,20251031,155000,514,514,514,514,10,0
VGO,5,20251031,164500,514,514,514,514,9,0
VGO,5,20251103,090000,520,520,520,520,1,0
VGO,5,20251103,100000,518,518,518,518,1,0
VGO,5,20251103,101000,518,518,518,518,2,0
VGO,5,20251103,104500,518,518,518,518,18,0
VGO,5,20251103,110000,518,518,518,518,9,0
VGO,5,20251103,112500,514,514,514,514,13,0
VGO,5,20251103,122500,514,514,514,514,3,0
VGO,5,20251103,125500,514,514,508,508,70,0
VGO,5,20251103,134500,510,510,510,510,17,0
VGO,5,20251103,141000,508,508,508,508,1,0
VGO,5,20251104,090000,510,510,510,510,24,0
VGO,5,20251104,093000,510,510,504,504,77,0
VGO,5,20251104,100000,504,504,504,504,2,0
VGO,5,20251104,111000,508,508,508,508,7,0
VGO,5,20251104,114000,512,512,512,512,41,0
VGO,5,20251104,122000,504,504,504,504,5,0
VGO,5,20251104,150500,510,510,510,510,10,0
VGO,5,20251104,151500,510,510,510,510,5,0
VGO,5,20251104,161500,506,506,506,506,1,0
VGO,5,20251104,163000,510,514,510,514,154,0
VGO,5,20251104,163500,510,510,510,510,6,0
VGO,5,20251104,164500,516,518,516,518,96,0
VGO,5,20251105,090000,518,518,518,518,3,0
VGO,5,20251105,122000,510,510,510,510,2,0
VGO,5,20251105,125000,518,518,518,518,1,0
VGO,5,20251105,131000,512,512,512,512,1,0
VGO,5,20251105,134500,512,512,510,510,17,0
VGO,5,20251105,145000,518,518,518,518,1,0
VGO,5,20251105,162500,508,508,508,508,1,0
VGO,5,20251105,164000,518,518,518,518,1,0
VGO,5,20251105,164500,518,518,518,518,4,0
VGO,5,20251106,090000,518,518,518,518,1,0
VGO,5,20251106,091000,510,510,510,510,15,0
VGO,5,20251106,092500,508,508,508,508,10,0
VGO,5,20251106,093000,510,510,510,510,1,0
VGO,5,20251106,100500,508,508,508,508,74,0
VGO,5,20251106,103500,510,510,510,510,10,0
VGO,5,20251106,114000,510,510,510,510,1,0
VGO,5,20251106,120000,510,510,510,510,1,0
VGO,5,20251106,122000,510,510,510,510,55,0
VGO,5,20251106,123000,508,508,508,508,4,0
VGO,5,20251106,124000,512,512,512,512,2,0
VGO,5,20251106,124500,512,512,512,512,2,0
VGO,5,20251106,164500,508,508,508,508,70,0
VGO,5,20251107,093000,510,510,510,510,11,0
VGO,5,20251107,093500,506,506,506,506,6,0
VGO,5,20251107,094000,506,506,506,506,2,0
VGO,5,20251107,094500,506,506,506,506,9,0
VGO,5,20251107,095000,508,508,508,508,40,0
VGO,5,20251107,101000,508,508,508,508,1,0
VGO,5,20251107,103000,506,506,506,506,2,0
VGO,5,20251107,103500,504,504,502,502,51,0
VGO,5,20251107,104500,502,502,502,502,2,0
VGO,5,20251107,105000,508,508,508,508,10,0
VGO,5,20251107,114000,508,508,508,508,1,0
VGO,5,20251107,131500,504,504,504,504,4,0
VGO,5,20251107,140500,504,504,504,504,1,0
VGO,5,20251107,141000,504,504,504,504,7,0
VGO,5,20251107,163000,504,504,504,504,5,0
VGO,5,20251107,164500,504,504,504,504,31,0
VGO,5,20251110,090000,504,504,504,504,13,0
VGO,5,20251110,091500,504,504,504,504,5,0
VGO,5,20251110,102000,504,504,504,504,1,0
VGO,5,20251110,105500,504,504,504,504,25,0
VGO,5,20251110,112000,504,504,504,504,4,0
VGO,5,20251110,112500,504,504,504,504,5,0
VGO,5,20251110,113000,504,504,504,504,1,0
VGO,5,20251110,123500,504,504,504,504,4,0
VGO,5,20251110,135500,504,504,504,504,2,0
VGO,5,20251110,150500,502,504,500,504,113,0
VGO,5,20251112,090000,504,504,504,504,44,0
VGO,5,20251112,090500,504,504,504,504,15,0
VGO,5,20251112,094000,500,500,500,500,14,0
VGO,5,20251112,095500,500,500,500,500,9,0
VGO,5,20251112,100000,499,499,498,498,28,0
VGO,5,20251112,100500,498,500,498,500,5,0
VGO,5,20251112,101000,496,496,496,496,1,0
VGO,5,20251112,102500,496,496,496,496,3,0
VGO,5,20251112,105500,497,497,497,497,2,0
VGO,5,20251112,110000,497,497,497,497,3,0
VGO,5,20251112,111500,497,497,497,497,11,0
VGO,5,20251112,113500,500,500,500,500,2,0
VGO,5,20251112,123500,500,500,500,500,35,0
VGO,5,20251112,125000,500,500,500,500,3,0
VGO,5,20251112,130000,504,504,504,504,2,0
VGO,5,20251112,132000,500,500,500,500,10,0
VGO,5,20251112,154000,500,500,500,500,17,0
VGO,5,20251112,154500,496,497,495,497,11,0
VGO,5,20251112,161500,504,504,504,504,15,0
VGO,5,20251112,163500,500,500,500,500,10,0
VGO,5,20251112,164500,500,500,500,500,15,0
VGO,5,20251113,090000,500,500,500,500,1,0
VGO,5,20251113,092000,500,500,500,500,16,0
VGO,5,20251113,103500,497,497,497,497,15,0
VGO,5,20251113,113500,497,497,496,496,10,0
VGO,5,20251113,120000,496,496,496,496,13,0
VGO,5,20251113,132000,496,496,493,493,6,0
VGO,5,20251113,133000,493,493,493,493,15,0
VGO,5,20251113,135000,499,499,499,499,15,0
VGO,5,20251113,151500,494,494,494,494,6,0
VGO,5,20251113,160500,494,494,494,494,17,0
VGO,5,20251113,161000,493,493,493,493,30,0
VGO,5,20251113,164500,497,497,497,497,6,0
VGO,5,20251114,090000,494,494,494,494,1,0
VGO,5,20251114,092000,495,495,492,492,68,0
VGO,5,20251114,102500,492,492,492,492,1,0
VGO,5,20251114,110500,492,492,490,490,54,0
VGO,5,20251114,112500,490,490,490,490,5,0
VGO,5,20251114,113500,490,490,490,490,6,0
VGO,5,20251114,115500,492,492,492,492,1,0
VGO,5,20251114,120000,492,492,492,492,10,0
VGO,5,20251114,131500,489,489,487,487,62,0
VGO,5,20251114,140500,490,490,490,490,10,0
VGO,5,20251114,141000,487,487,480,480,51,0
VGO,5,20251114,142000,481,481,480,480,150,0
VGO,5,20251114,151000,490,490,482,482,2,0
VGO,5,20251114,154500,489,489,489,489,5,0
VGO,5,20251114,155500,489,489,489,489,5,0
VGO,5,20251114,164500,489,489,489,489,7,0
VGO,5,20251117,090000,491,491,491,491,11,0
VGO,5,20251117,092500,489,489,489,489,4,0
VGO,5,20251117,093500,487,487,487,487,6,0
VGO,5,20251117,131500,489,490,489,490,30,0
VGO,5,20251117,132000,490,490,490,490,30,0
VGO,5,20251117,141000,490,490,490,490,26,0
VGO,5,20251117,155000,488,488,488,488,3,0
VGO,5,20251117,155500,487,487,485,485,17,0
VGO,5,20251117,161000,488,488,488,488,1,0
VGO,5,20251117,162000,481,481,481,481,1,0
VGO,5,20251117,163000,487,488,487,488,10,0
VGO,5,20251118,090000,488,488,488,488,3,0
VGO,5,20251118,090500,488,488,477,477,51,0
VGO,5,20251118,092500,488,488,488,488,1,0
VGO,5,20251118,110000,480,480,480,480,1,0
VGO,5,20251118,114500,480,480,480,480,4,0
VGO,5,20251118,121500,480,480,477,477,21,0
VGO,5,20251118,123500,477,477,477,477,5,0
VGO,5,20251118,134500,477,477,477,477,1,0
VGO,5,20251118,144000,477,477,476,476,10,0
VGO,5,20251118,161000,480,480,480,480,1,0
VGO,5,20251118,162500,480,480,480,480,10,0
VGO,5,20251118,163500,475,475,472,472,15,0
VGO,5,20251119,090000,473,473,473,473,1,0
VGO,5,20251119,091500,472,472,472,472,25,0
VGO,5,20251119,093500,480,480,480,480,1,0
VGO,5,20251119,104000,472,472,472,472,23,0
VGO,5,20251119,110500,472,472,472,472,29,0
VGO,5,20251119,113000,472,472,472,472,5,0
VGO,5,20251119,120500,470,470,465,465,15,0
VGO,5,20251119,131500,470,470,470,470,1,0
VGO,5,20251119,132000,470,471,470,471,14,0
VGO,5,20251119,132500,471,471,471,471,13,0
VGO,5,20251119,153500,471,471,471,471,6,0
VGO,5,20251119,154000,468,468,468,468,15,0
VGO,5,20251119,160000,475,476,475,476,60,0
VGO,5,20251119,160500,468,468,467,467,18,0
VGO,5,20251119,161500,467,467,467,467,20,0
VGO,5,20251119,165500,477,477,477,477,1,0
VGO,5,20251120,090000,476,476,470,470,61,0
VGO,5,20251120,090500,469,469,469,469,5,0
VGO,5,20251120,091000,468,468,468,468,40,0
VGO,5,20251120,102500,468,468,468,468,17,0
VGO,5,20251120,115500,470,470,470,470,27,0
VGO,5,20251120,121000,470,470,470,470,5,0
VGO,5,20251120,132000,470,470,470,470,1,0
VGO,5,20251120,135500,470,470,470,470,10,0
VGO,5,20251120,150000,470,470,470,470,13,0
VGO,5,20251120,151500,467,467,466,466,16,0
VGO,5,20251120,162500,468,468,468,468,10,0
VGO,5,20251120,163500,466,466,465,465,30,0
VGO,5,20251120,164500,465,465,465,465,18,0
VGO,5,20251121,090000,464,464,464,464,3,0
VGO,5,20251121,091000,462,462,462,462,3,0
VGO,5,20251121,091500,461,461,460,460,4,0
VGO,5,20251121,092000,460,460,460,460,15,0
VGO,5,20251121,093000,460,460,460,460,1,0
VGO,5,20251121,093500,460,460,460,460,5,0
VGO,5,20251121,100000,464,464,464,464,5,0
VGO,5,20251121,100500,464,468,464,468,10,0
VGO,5,20251121,101500,468,468,468,468,10,0
VGO,5,20251121,102000,468,468,468,468,2,0
VGO,5,20251121,102500,473,473,473,473,3,0
VGO,5,20251121,105000,474,477,474,477,34,0
VGO,5,20251121,111500,468,468,468,468,11,0
VGO,5,20251121,112000,462,462,462,462,3,0
VGO,5,20251121,145500,470,470,470,470,1,0
VGO,5,20251121,164000,470,470,470,470,5,0
VGO,5,20251121,164500,470,470,470,470,1,0
VGO,5,20251124,090000,480,480,480,480,5,0
VGO,5,20251124,092000,470,470,470,470,3,0
VGO,5,20251124,093500,470,470,470,470,2,0
VGO,5,20251124,094000,470,470,470,470,15,0
VGO,5,20251124,105000,470,470,470,470,6,0
VGO,5,20251124,110000,466,466,466,466,4,0
VGO,5,20251124,114500,466,466,466,466,7,0
VGO,5,20251124,123000,468,468,468,468,5,0
VGO,5,20251125,091500,472,472,472,472,5,0
VGO,5,20251125,094500,475,475,475,475,1,0
VGO,5,20251125,110000,474,474,472,472,35,0
VGO,5,20251125,144000,470,470,470,470,6,0
VGO,5,20251125,151000,470,470,470,470,10,0
VGO,5,20251125,151500,470,470,470,470,20,0
VGO,5,20251125,155500,469,469,469,469,5,0
VGO,5,20251125,161500,468,468,468,468,5,0
VGO,5,20251125,162000,470,470,470,470,4,0
VGO,5,20251125,163000,470,470,470,470,5,0
VGO,5,20251125,164000,470,470,470,470,9,0
VGO,5,20251125,164500,470,470,470,470,1,0
VGO,5,20251126,090000,470,470,470,470,4,0
VGO,5,20251126,093000,470,470,470,470,6,0
VGO,5,20251126,102500,468,468,468,468,15,0
VGO,5,20251126,112000,470,470,470,470,20,0
VGO,5,20251126,114500,470,470,470,470,5,0
VGO,5,20251126,125000,470,470,470,470,5,0
VGO,5,20251126,125500,468,468,468,468,4,0
VGO,5,20251126,143500,468,468,468,468,5,0
VGO,5,20251126,145000,468,468,468,468,1,0
VGO,5,20251126,145500,470,470,470,470,34,0
VGO,5,20251126,153000,470,470,470,470,5,0
VGO,5,20251126,153500,470,470,470,470,2,0
VGO,5,20251126,154500,470,470,470,470,1,0
VGO,5,20251126,161000,470,470,470,470,5,0
VGO,5,20251126,162500,470,470,470,470,7,0
VGO,5,20251126,164500,475,475,475,475,1,0
VGO,5,20251127,090000,475,475,475,475,2,0
VGO,5,20251127,091000,470,470,467,467,10,0
VGO,5,20251127,094500,475,475,475,475,35,0
VGO,5,20251127,111500,475,475,475,475,5,0
VGO,5,20251127,125000,477,477,477,477,9,0
VGO,5,20251127,134000,477,477,477,477,50,0
VGO,5,20251127,151000,470,470,456,456,122,0
VGO,5,20251127,163000,469,469,469,469,4,0
VGO,5,20251127,163500,465,465,465,465,5,0
VGO,5,20251127,165500,470,470,470,470,12,0
VGO,5,20251128,090000,462,462,462,462,45,0
VGO,5,20251128,091000,472,473,472,473,9,0
VGO,5,20251128,092000,470,470,470,470,10,0
VGO,5,20251128,094000,470,471,470,471,8,0
VGO,5,20251128,095000,470,470,470,470,4,0
VGO,5,20251128,101500,470,472,470,472,20,0
VGO,5,20251128,102000,473,473,473,473,10,0
VGO,5,20251128,104000,475,475,470,470,5,0
VGO,5,20251128,113000,470,470,468,468,8,0
VGO,5,20251128,113500,475,475,475,475,1,0
VGO,5,20251128,123000,475,475,475,475,1,0
VGO,5,20251128,123500,471,471,470,470,25,0
VGO,5,20251128,124500,470,470,470,470,14,0
VGO,5,20251128,125000,475,475,468,468,14,0
VGO,5,20251128,130000,475,475,475,475,3,0
VGO,5,20251128,133000,469,469,469,469,5,0
VGO,5,20251128,133500,469,469,465,465,21,0
VGO,5,20251128,141000,465,465,460,462,60,0
VGO,5,20251128,142500,470,470,470,470,15,0
VGO,5,20251128,150500,474,474,474,474,2,0
VGO,5,20251128,151000,474,474,474,474,10,0
VGO,5,20251128,151500,467,467,467,467,190,0
VGO,5,20251128,152000,467,467,467,467,200,0
VGO,5,20251128,164500,467,467,467,467,35,0
VGO,5,20251201,090000,476,476,476,476,11,0
VGO,5,20251201,092500,473,473,473,473,5,0
VGO,5,20251201,093000,475,475,475,475,20,0
VGO,5,20251201,095500,470,470,465,465,30,0
VGO,5,20251201,100500,463,463,445,445,320,0
VGO,5,20251201,102000,450,458,450,458,18,0
VGO,5,20251201,102500,450,459,450,459,17,0
VGO,5,20251201,103500,450,450,450,450,1,0
VGO,5,20251201,105500,453,453,453,453,10,0
VGO,5,20251201,110000,451,451,451,451,8,0
VGO,5,20251201,110500,451,451,447,447,48,0
VGO,5,20251201,111000,450,450,450,450,5,0
VGO,5,20251201,112000,456,456,456,456,4,0
VGO,5,20251201,112500,450,450,447,447,23,0
VGO,5,20251201,113000,455,460,455,460,100,0
VGO,5,20251201,113500,462,462,462,462,14,0
VGO,5,20251201,114000,462,462,462,462,6,0
VGO,5,20251201,114500,462,462,462,462,4,0
VGO,5,20251201,115000,453,453,453,453,1,0
VGO,5,20251201,115500,454,454,451,451,109,0
VGO,5,20251201,120000,447,447,444,444,31,0
VGO,5,20251201,122000,454,455,454,455,31,0
VGO,5,20251201,124000,455,455,455,455,10,0
VGO,5,20251201,124500,457,458,457,458,16,0
VGO,5,20251201,130500,458,458,458,458,3,0
VGO,5,20251201,131000,459,459,459,459,9,0
VGO,5,20251201,132500,458,458,458,458,20,0
VGO,5,20251201,142000,463,463,463,463,1,0
VGO,5,20251201,145500,463,464,463,464,5,0
VGO,5,20251201,153500,464,464,464,464,7,0
VGO,5,20251201,161500,460,460,460,460,3,0
VGO,5,20251201,165500,459,459,459,459,11,0
VGO,5,20251202,090500,459,459,459,459,1,0
VGO,5,20251202,091000,458,458,458,458,10,0
VGO,5,20251202,091500,459,459,458,458,2,0
VGO,5,20251202,092000,459,459,459,459,18,0
VGO,5,20251202,095500,467,467,467,467,1,0
VGO,5,20251202,100500,467,467,467,467,2,0
VGO,5,20251202,112500,467,467,467,467,1,0
VGO,5,20251202,122500,467,467,467,467,1,0
VGO,5,20251202,130000,460,460,460,460,2,0
VGO,5,20251202,131000,460,460,460,460,8,0
VGO,5,20251202,132500,459,459,459,459,3,0
VGO,5,20251202,133500,459,459,459,459,12,0
VGO,5,20251202,134000,459,459,459,459,5,0
VGO,5,20251202,144000,459,459,459,459,2,0
VGO,5,20251202,145000,459,459,458,458,20,0
